0 6.715886128669904e-13
1 6.713364835938031e-13
2 6.611154837968399e-13
3 6.946800168859799e-13
4 6.56267534715429e-13
5 6.894213034825494e-13
6 7.032143428040153e-13
7 6.843802579238793e-13
8 7.003954820068732e-13
9 6.87780218408942e-13
10 6.751748519508627e-13
11 6.664612957187027e-13
12 6.653698031882303e-13
13 6.95726805265378e-13
14 6.802664237879954e-13
15 6.84511163901714e-13
16 6.757369697349421e-13
17 7.083983616737503e-13
18 6.827775051437917e-13
19 6.714039533049855e-13
20 6.883298232927181e-13
21 6.908019534806757e-13
22 7.109318998779378e-13
23 6.930506607070779e-13
24 6.821153535653791e-13
25 6.941917349573195e-13
26 6.663175445945972e-13
27 6.98857776689029e-13
28 6.750413116965894e-13
29 6.9010204197593e-13
30 7.021797511233332e-13
31 6.872711489353583e-13
32 6.531167344510702e-13
33 6.99322783777046e-13
34 6.863894000868127e-13
35 6.692129876512527e-13
36 6.758603784687751e-13
37 7.16475073554554e-13
38 6.701955851675929e-13
39 6.950863274332005e-13
40 6.664914879141518e-13
41 6.915568415945503e-13
42 6.860824615315348e-13
43 6.499898348633858e-13
44 6.992806184946279e-13
45 6.72442628625875e-13
46 6.538321902590102e-13
47 6.688503781412913e-13
48 6.735398700421273e-13
49 6.524317653002485e-13
50 6.864848806511743e-13
51 7.014495232411514e-13
52 6.737986987788949e-13
53 6.711235747345143e-13
54 6.783419131793689e-13
55 6.91988709650557e-13
56 6.836535965002022e-13
57 6.830623552794362e-13
58 6.718679042856357e-13
59 6.872867079365289e-13
60 6.722812493288467e-13
61 6.761251147877848e-13
62 7.013797434341737e-13
63 6.776777862116146e-13
64 6.708651812123266e-13
65 6.766285581387294e-13
66 7.022459284627231e-13
67 6.772763350972444e-13
68 6.318818646085003e-13
69 6.901067491233192e-13
70 6.727423231907485e-13
71 6.94788628408542e-13
72 7.010465206000738e-13
73 6.501482855319197e-13
74 6.746732286933887e-13
75 6.719353935071394e-13
76 6.474500324897399e-13
77 6.959453715485876e-13
78 6.795032521096889e-13
79 6.824897010563495e-13
80 6.850663180310301e-13
81 6.685570229916258e-13
82 6.656992885269016e-13
83 6.782217590505917e-13
84 7.078345226869379e-13
85 6.796460803302566e-13
86 6.782294308787224e-13
87 6.791396177658066e-13
88 6.858179201864737e-13
89 7.029339261986179e-13
90 7.087900538701672e-13
91 6.809198398037714e-13
92 6.552643082992034e-13
93 6.879484443207361e-13
94 6.864557375352194e-13
95 6.711374763214106e-13
96 6.914475247011795e-13
97 7.295862386496831e-13
98 7.01979961682617e-13
99 7.17561736566073e-13
100 6.828758823075909e-13
101 7.11775055366463e-13
102 7.030809070857569e-13
103 6.799956883038885e-13
104 6.506466327969987e-13
105 7.079934401120889e-13
106 6.61026352082129e-13
107 6.711523980106318e-13
108 6.553889663252014e-13
109 6.914551139045336e-13
110 6.72735385432803e-13
111 7.001328751429524e-13
112 6.583122589423829e-13
113 6.928543850712738e-13
114 6.885506588451327e-13
115 7.11787464921541e-13
116 6.919816021281483e-13
117 6.873453422110816e-13
118 6.917178322604933e-13
119 6.881615387277209e-13
120 7.173663378361271e-13
121 6.98503976661696e-13
122 6.803799432695638e-13
123 6.973540609176001e-13
124 6.575989477128504e-13
125 7.007705928568324e-13
126 6.61497976182541e-13
127 6.500657878109867e-13
128 7.107812673019217e-13
129 6.686821603967439e-13
130 6.90743922592869e-13
131 6.96450210718188e-13
132 6.774936799117252e-13
133 6.746128072621035e-13
134 6.929899328801046e-13
135 7.015429849466818e-13
136 6.891070759635674e-13
137 6.676682913165049e-13
138 6.55077063824287e-13
139 7.129817656088805e-13
140 6.599013965993351e-13
141 6.875213517872433e-13
142 6.911676015076639e-13
143 6.99478110134513e-13
144 6.709877513473542e-13
145 6.871200312545997e-13
146 7.043101612593904e-13
147 6.595123751853242e-13
148 6.744640194123769e-13
149 6.626138239844868e-13
150 6.994546335583721e-13
151 6.626717894012136e-13
152 6.832051667925124e-13
153 6.713416791411224e-13
154 6.690482003428713e-13
155 6.791794063849142e-13
156 6.906424252952136e-13
157 6.827511072324907e-13
158 6.910310044393451e-13
159 7.003546790745243e-13
160 7.006171712066395e-13
161 6.898670093693881e-13
162 7.08951540195842e-13
163 6.947116239311874e-13
164 6.739859623564427e-13
165 6.924904526386089e-13
166 6.936609639808906e-13
167 6.482765824464725e-13
168 6.883747492398185e-13
169 6.876142914179662e-13
170 6.995108663716464e-13
171 6.768396722561101e-13
172 7.104080203394564e-13
173 6.933242478751353e-13
174 6.661284515572696e-13
175 6.843524722110744e-13
176 6.947800806687004e-13
177 6.843696799433474e-13
178 6.754620098973472e-13
179 6.791107748214991e-13
180 7.072734927448104e-13
181 6.780085888408823e-13
182 6.926985167556532e-13
183 6.751525396567782e-13
184 6.687767683455922e-13
185 6.919528990571284e-13
186 6.7177907002348e-13
187 6.936480097248925e-13
188 6.738879146115446e-13
189 6.71537488361893e-13
190 6.939435779311589e-13
191 6.973573361830555e-13
192 6.768045710654707e-13
193 6.754353054480394e-13
194 6.693589586343314e-13
195 6.775200367441907e-13
196 6.981242840392275e-13
197 6.821587127457272e-13
198 6.890610225673119e-13
199 6.718913270006015e-13
200 6.683474565822456e-13
201 6.760835148765651e-13
202 6.80922696492782e-13
203 6.939209839776061e-13
204 6.741432984058592e-13
205 6.601083212641338e-13
206 7.071030082479787e-13
207 6.941427401759081e-13
208 7.2005302843466e-13
209 6.68195172299329e-13
210 7.06879337318252e-13
211 6.938290785104272e-13
212 6.423942069739656e-13
213 7.067705086422e-13
214 7.233298677766246e-13
215 6.700484331345248e-13
216 6.822035045331127e-13
217 6.767304252605012e-13
218 6.911951519604475e-13
219 6.651083390811678e-13
220 6.830625576363361e-13
221 6.680222957010273e-13
222 6.347791556178919e-13
223 6.744764020484394e-13
224 6.891994649444274e-13
225 6.783252114560802e-13
226 6.675192287398978e-13
227 6.757909722870629e-13
228 7.305493503876763e-13
229 6.956950319560349e-13
230 6.947356597851452e-13
231 6.668805699764621e-13
232 6.856300497215005e-13
233 6.937676951153965e-13
234 6.763515892092179e-13
235 6.836315469780867e-13
236 6.926565859149193e-13
237 6.688435738867609e-13
238 6.831609212144614e-13
239 6.864688854500004e-13
240 6.620689407614438e-13
241 6.781450234678298e-13
242 6.486414347038047e-13
243 6.8080823757777e-13
244 7.127778262159081e-13
245 6.935111666300263e-13
246 6.573106932424282e-13
247 6.988860180924748e-13
248 6.940724223116832e-13
249 6.964098472744888e-13
250 7.042084541953839e-13
251 7.067387447355103e-13
252 6.687961450665512e-13
253 7.056848480916971e-13
254 6.774662820090448e-13
255 6.574880255126296e-13
256 6.661578361532971e-13
257 6.909800026324474e-13
258 6.666322813557547e-13
259 7.05414256099103e-13
260 6.872576977598363e-13
261 6.685337637576124e-13
262 7.020877709536003e-13
263 7.014557006733124e-13
264 6.529592641530496e-13
265 6.914317589702217e-13
266 6.932210355381507e-13
267 6.726624893498553e-13
268 6.818994699157313e-13
269 6.767904215882697e-13
270 6.802674088997546e-13
271 6.965990247397825e-13
272 6.227945809676056e-13
273 6.901428584250307e-13
274 6.829192513957387e-13
275 6.666940865774105e-13
276 6.878484055227363e-13
277 6.618014307011624e-13
278 6.926089908228882e-13
279 6.894020097986588e-13
280 6.940233482158407e-13
281 7.123520523909468e-13
282 7.052658968951056e-13
283 6.871713167469365e-13
284 6.817883742705365e-13
285 7.020521213689758e-13
286 6.89505753530505e-13
287 6.608039031993432e-13
288 6.64926755109392e-13
289 6.755735141225833e-13
290 6.874787182576191e-13
291 6.736596652233956e-13
292 6.691706661477664e-13
293 7.00467629075664e-13
294 6.871328193430415e-13
295 6.800572716308748e-13
296 6.730245414806235e-13
297 6.829320621386393e-13
298 6.80797820208213e-13
299 6.589117244850678e-13
300 6.847255180908394e-13
301 6.7593505755215e-13
302 6.764872555853191e-13
303 6.799916208863323e-13
304 7.14691452424326e-13
305 7.013243529698177e-13
306 6.855897929597195e-13
307 6.747634124883773e-13
308 6.881052837952149e-13
309 6.863019021983294e-13
310 6.791092364023103e-13
311 6.542415693837418e-13
312 6.722864601381882e-13
313 6.679278960419947e-13
314 6.78241931847114e-13
315 6.754069175513259e-13
316 7.188140042783079e-13
317 6.770111562629304e-13
318 6.954037097207035e-13
319 6.713174312404081e-13
320 6.861134736773193e-13
321 6.782960754406215e-13
322 6.88354123137347e-13
323 6.833374068641147e-13
324 7.077190131127905e-13
325 6.999093256536678e-13
326 6.663497394576287e-13
327 6.701446362421034e-13
328 6.695655385334599e-13
329 6.887903980131489e-13
330 6.981299807146427e-13
331 6.798601199755242e-13
332 6.836725444317114e-13
333 6.863699696419491e-13
334 6.891883816882076e-13
335 6.921528242461861e-13
336 6.661084439174131e-13
337 6.694166528814631e-13
338 6.8523334308101e-13
339 6.909569838104596e-13
340 6.81080003834257e-13
341 6.639344464690578e-13
342 6.474733905790253e-13
343 7.09768584880532e-13
344 6.885938198155123e-13
345 7.013796351265042e-13
346 6.569001367343683e-13
347 6.565240463731148e-13
348 6.793153777143743e-13
349 7.046364832448464e-13
350 6.804938053230144e-13
351 6.853379309797658e-13
352 6.753734607240705e-13
353 6.749538653607879e-13
354 7.324482130220472e-13
355 7.078933796381214e-13
356 6.978217550006688e-13
357 7.085199059752793e-13
358 6.563020961428845e-13
359 7.081958763545631e-13
360 6.784003089197397e-13
361 7.106561266732139e-13
362 6.51470383554361e-13
363 6.772476467911562e-13
364 6.944397634419288e-13
365 7.011563336540376e-13
366 6.730922665417508e-13
367 7.00643506393958e-13
368 6.563814708292888e-13
369 6.794796060887043e-13
370 6.795291564844514e-13
371 7.1059346823753e-13
372 6.847667940621749e-13
373 6.781217465288184e-13
374 6.830075843649621e-13
375 6.452733306458987e-13
376 6.492547076631994e-13
377 6.923329243276512e-13
378 6.675143014193467e-13
379 6.930893633049186e-13
380 6.90814584924061e-13
381 7.186143484683156e-13
382 6.878434448431087e-13
383 7.0061872207693e-13
384 6.70325696030442e-13
385 6.73190979968724e-13
386 6.921323224809574e-13
387 6.93007354870661e-13
388 6.710640090238978e-13
389 6.558766970585072e-13
390 7.069904116627146e-13
391 6.806848563275921e-13
392 6.99883240500177e-13
393 6.731453915530977e-13
394 7.063236924439713e-13
395 6.79608491683749e-13
396 6.732862390845272e-13
397 6.832636234959358e-13
398 7.080200729503126e-13
399 7.05677874299793e-13
400 6.848584347073624e-13
401 6.436117985406729e-13
402 6.927638486713293e-13
403 7.131379874795254e-13
404 6.734450242431915e-13
405 6.886310869199817e-13
406 6.546213668357675e-13
407 6.597879221404748e-13
408 6.558326579991049e-13
409 7.016853973263629e-13
410 7.27921539513577e-13
411 6.812302002542208e-13
412 6.465165078945181e-13
413 6.778421675457006e-13
414 6.836452371752058e-13
415 6.892532285714618e-13
416 6.989873223389712e-13
417 7.10438348430936e-13
418 7.035645581390787e-13
419 6.751727881124648e-13
420 6.864241993899442e-13
421 6.998882338304776e-13
422 6.904010246361145e-13
423 6.953433521879212e-13
424 6.948347788266309e-13
425 7.055264597772197e-13
426 7.089056193749221e-13
427 6.910347769617664e-13
428 6.292456114639264e-13
429 7.01854130095497e-13
430 6.76411246977302e-13
431 6.632901849573763e-13
432 6.702777736767622e-13
433 6.710379279875161e-13
434 6.674563783186415e-13
435 6.964668545264753e-13
436 6.923173615080857e-13
437 6.988842008511265e-13
438 7.216502693528407e-13
439 6.948148472656259e-13
440 6.617459606360783e-13
441 6.639977729139005e-13
442 6.934657386625294e-13
443 7.076534575589392e-13
444 6.567830284804089e-13
445 7.026125811404157e-13
446 6.851962422865763e-13
447 7.170027863677275e-13
448 6.671022944875233e-13
449 6.629566113200361e-13
450 7.161940467942538e-13
451 6.650079883693234e-13
452 6.709280281580824e-13
453 6.829071087120732e-13
454 6.787154934410878e-13
455 7.205748952985524e-13
456 6.95763928093409e-13
457 6.836284781220432e-13
458 6.798693247828413e-13
459 6.860040767054776e-13
460 6.789372867573147e-13
461 6.800788096212615e-13
462 6.798711334629479e-13
463 6.863279002053027e-13
464 6.771328519677377e-13
465 7.103200893972941e-13
466 6.904340732211996e-13
467 6.834701641933578e-13
468 6.875672715315416e-13
469 7.150028245189724e-13
470 6.990119900863129e-13
471 6.902259444049307e-13
472 6.820449144176096e-13
473 6.814468378164666e-13
474 6.78476825314451e-13
475 7.059337489694684e-13
476 6.925072926618468e-13
477 6.922444459862484e-13
478 6.835614091045421e-13
479 7.190349821194547e-13
480 6.883957162680377e-13
481 6.677775972429201e-13
482 6.871683950909352e-13
483 6.96604619755871e-13
484 6.963740620566855e-13
485 6.72900106433978e-13
486 6.820141195721925e-13
487 6.813620454430343e-13
488 7.053730893609896e-13
489 7.031117727546478e-13
490 6.998670697225647e-13
491 6.861869554493108e-13
492 6.632536826411154e-13
493 7.068263514998626e-13
494 6.666752354092777e-13
495 6.528041453962406e-13
496 7.136714884363684e-13
497 6.98881279691958e-13
498 6.725527101733933e-13
499 6.574854775395505e-13
500 6.607272157427161e-13
501 6.998489404624921e-13
502 7.104838927389819e-13
503 6.810881579590496e-13
504 6.971187095662722e-13
505 6.654845545054516e-13
506 6.855994762032714e-13
507 6.579158099720949e-13
508 6.902457861780312e-13
509 6.498653240861293e-13
510 6.705426350399623e-13
511 6.944557988278673e-13
512 7.055033187945436e-13
513 6.847234369304715e-13
514 6.942289507605145e-13
515 6.639513097018549e-13
516 6.774192524149797e-13
517 6.778944773000356e-13
518 6.71801281677689e-13
519 6.762488309083786e-13
520 7.043587229555324e-13
521 6.922354851797092e-13
522 6.954754788691283e-13
523 6.361920010938458e-13
524 6.720913926150552e-13
525 6.568974286236971e-13
526 6.680649764081305e-13
527 6.895689287929857e-13
528 6.833585620340613e-13
529 6.933442105074508e-13
530 6.997488625169501e-13
531 6.935520831876132e-13
532 7.164955772550445e-13
533 6.816477444445465e-13
534 6.880439570613067e-13
535 6.993644261934748e-13
536 6.992930243459172e-13
537 7.062833036271813e-13
538 7.006296529919721e-13
539 6.693452504718408e-13
540 7.130560883862679e-13
541 6.723647693952135e-13
542 6.686367456222799e-13
543 6.966761723390069e-13
544 6.849425262595926e-13
545 7.066827548769211e-13
546 6.906898359491939e-13
547 6.764296386532981e-13
548 6.550367806932814e-13
549 6.584666964238953e-13
550 7.00275237931783e-13
551 7.0051962372498e-13
552 6.540426912729605e-13
553 6.699567655910451e-13
554 6.923833222432551e-13
555 6.81926857620391e-13
556 6.873379554495498e-13
557 6.75926382505156e-13
558 6.692415776656538e-13
559 6.852989066711091e-13
560 6.692113736353352e-13
561 6.578505241576968e-13
562 6.609902032227473e-13
563 6.506797648190048e-13
564 6.786478320425127e-13
565 6.667090701937045e-13
566 6.837267287366374e-13
567 7.021525305405194e-13
568 7.005345747732405e-13
569 6.797722390117317e-13
570 7.245274011424126e-13
571 6.752520420461354e-13
572 6.86788380597948e-13
573 6.805160685207929e-13
574 6.896251628951909e-13
575 6.834771346272594e-13
576 6.890025314912679e-13
577 6.902653356689394e-13
578 6.614573727231836e-13
579 7.136844372406038e-13
580 6.813241543302143e-13
581 7.052546829019008e-13
582 6.860087639409501e-13
583 6.809269052518506e-13
584 6.889092624701947e-13
585 6.966859346614312e-13
586 6.747114616334008e-13
587 6.517363283842206e-13
588 6.467121867290837e-13
589 7.041788057112448e-13
590 7.164534562971702e-13
591 6.773072186167658e-13
592 6.928294690294635e-13
593 7.394207572096927e-13
594 6.618068106735977e-13
595 6.891315241518714e-13
596 6.875924440212606e-13
597 6.733007597522827e-13
598 7.123256969214871e-13
599 6.650087457632587e-13
600 6.835457653857736e-13
601 6.77645124501094e-13
602 6.867359292828293e-13
603 6.940571181539385e-13
604 7.002149979415562e-13
605 6.58233637408918e-13
606 7.03984326007661e-13
607 6.591063454085859e-13
608 6.990700989317133e-13
609 6.941671514094964e-13
610 7.204627313443943e-13
611 6.901307723816704e-13
612 6.949737441143862e-13
613 6.926781441927882e-13
614 6.988463023252001e-13
615 7.100002656955442e-13
616 6.841140479969269e-13
617 6.639839823433332e-13
618 6.708183684791114e-13
619 6.90118061161621e-13
620 6.935694599396243e-13
621 6.662286390447062e-13
622 7.037167872183355e-13
623 6.793990356809416e-13
624 6.836259911643526e-13
625 7.093879281218567e-13
626 6.810056974856028e-13
627 6.878618076212178e-13
628 6.698979385206017e-13
629 6.753241628837266e-13
630 7.050681796638213e-13
631 6.677971048478836e-13
632 6.973032246169363e-13
633 6.778350093287326e-13
634 7.310369899821984e-13
635 6.705427075074598e-13
636 6.948469094603356e-13
637 6.736164437763327e-13
638 6.718252730960131e-13
639 7.061152753430375e-13
640 6.914462238441851e-13
641 6.898226879977334e-13
642 6.810546260970055e-13
643 6.806297321451062e-13
644 6.784316773820616e-13
645 6.928928895051388e-13
646 6.499936452418109e-13
647 6.967067806563322e-13
648 6.811667515206083e-13
649 6.923445413808513e-13
650 7.015183478596956e-13
651 6.94602161103187e-13
652 6.613101354261802e-13
653 6.94629064645842e-13
654 6.464117175446661e-13
655 6.828305357536084e-13
656 7.014564602938516e-13
657 6.807593152422149e-13
658 7.012301991382302e-13
659 6.75796399495202e-13
660 6.772269424776881e-13
661 6.653984186434542e-13
662 7.130480531562605e-13
663 7.141774834326281e-13
664 6.876443050804976e-13
665 7.063039111412142e-13
666 6.813723350684998e-13
667 6.979660797824604e-13
668 6.601916535843828e-13
669 7.144865919930017e-13
670 6.869234945250906e-13
671 6.639384835124496e-13
672 6.655970426165243e-13
673 7.106635420026971e-13
674 6.932277921985151e-13
675 6.859127403112886e-13
676 6.684721852855226e-13
677 6.803813122562612e-13
678 6.602457027884631e-13
679 7.110124781402408e-13
680 6.971225702645433e-13
681 6.980040052949435e-13
682 6.916889924127359e-13
683 6.873369469796489e-13
684 6.815577219288407e-13
685 6.861859231593119e-13
686 6.911190767026283e-13
687 6.619456230534589e-13
688 6.686565459979282e-13
689 6.738622822344087e-13
690 6.629304908897485e-13
691 6.842697280520767e-13
692 7.130460660892077e-13
693 6.79084816848371e-13
694 7.126011465177145e-13
695 6.722722287227536e-13
696 6.820873418069624e-13
697 6.813347975748528e-13
698 6.973806199737384e-13
699 6.862070563245786e-13
700 6.960885348950724e-13
701 6.68354808258211e-13
702 6.936761322003044e-13
703 6.788750474559879e-13
704 7.088431420047396e-13
705 6.962334456093251e-13
706 6.653307102838266e-13
707 6.955398370640797e-13
708 6.968186404964561e-13
709 6.675848047739e-13
710 6.51942979819453e-13
711 6.956376171524939e-13
712 6.724645725450093e-13
713 6.917164756451409e-13
714 6.691236474612348e-13
715 6.733678311883529e-13
716 6.778157512126237e-13
717 6.760516230628758e-13
718 6.691063700160218e-13
719 6.87051130689896e-13
720 6.948942154934172e-13
721 6.753770579572644e-13
722 7.221528953655934e-13
723 6.963623655107368e-13
724 7.17900900510467e-13
725 6.858978712916196e-13
726 6.905559046916461e-13
727 6.941046111872712e-13
728 6.773548040919022e-13
729 6.946213573140415e-13
730 6.772739822855841e-13
731 6.644135277802008e-13
732 6.752934238581944e-13
733 6.74136188103647e-13
734 6.822280788650409e-13
735 7.223961343853921e-13
736 6.663441209118907e-13
737 6.669948039337968e-13
738 7.045551382752747e-13
739 6.72551851377745e-13
740 6.58099920515917e-13
741 6.523591385477601e-13
742 6.730495301174132e-13
743 6.968576780932873e-13
744 6.766208663920929e-13
745 6.709043579126028e-13
746 6.741071539900522e-13
747 6.995969057801351e-13
748 6.983422514667162e-13
749 6.910690222360493e-13
750 6.8409831585838e-13
751 7.118551174371332e-13
752 6.706951464045213e-13
753 6.780067960512168e-13
754 6.774796347321927e-13
755 6.801778999367767e-13
756 7.140033425873059e-13
757 6.791913645126001e-13
758 6.921923701574368e-13
759 6.501439953112554e-13
760 6.934990320443024e-13
761 6.722968854152814e-13
762 6.627022825930015e-13
763 6.912613941108495e-13
764 6.787018454334623e-13
765 6.876418976270493e-13
766 6.90411761428409e-13
767 6.828044698365562e-13
768 6.767070781252226e-13
769 6.945827780133485e-13
770 6.757716195242404e-13
771 6.952173374050407e-13
772 7.133456978771298e-13
773 6.944989440256166e-13
774 7.189927659708613e-13
775 6.668235845713411e-13
776 6.979222265499321e-13
777 6.64540041185108e-13
778 6.845445779091652e-13
779 6.598664321590421e-13
780 6.599958952935957e-13
781 7.226464073099556e-13
782 7.018625433247435e-13
783 6.880318410372185e-13
784 6.907356307245479e-13
785 6.66277975129604e-13
786 6.731201002985458e-13
787 6.908542648153936e-13
788 6.676407507792277e-13
789 6.497893685860989e-13
790 6.800371849590968e-13
791 6.60126540915727e-13
792 6.801605953227238e-13
793 6.73250312724539e-13
794 7.030454092461166e-13
795 6.790749847685003e-13
796 6.895579207453201e-13
797 7.160202694010421e-13
798 6.933170512899619e-13
799 6.890030046237373e-13
800 6.675348230920115e-13
801 6.675165296945524e-13
802 6.69500710645799e-13
803 6.897282495150459e-13
804 6.26743346633296e-13
805 6.826781075510957e-13
806 6.727288948149028e-13
807 7.112712651085819e-13
808 6.681580910508795e-13
809 6.511540837126967e-13
810 7.35073691235381e-13
811 7.037919476585418e-13
812 6.708007360644256e-13
813 6.871551130919411e-13
814 6.42843007504741e-13
815 6.755193073716041e-13
816 6.833019574560465e-13
817 6.675291447326319e-13
818 6.981668113008445e-13
819 7.079163172619957e-13
820 6.604003226693144e-13
821 6.797690214806345e-13
822 6.50255499036592e-13
823 6.581949543329285e-13
824 7.039523266488408e-13
825 6.954938686721057e-13
826 6.856447301394664e-13
827 6.517555613972021e-13
828 6.759778893183538e-13
829 6.897888837541884e-13
830 6.855294655600283e-13
831 6.542442449583893e-13
832 7.219382908070274e-13
833 6.979207247752279e-13
834 6.987857661987749e-13
835 6.689171260599851e-13
836 6.737771042522112e-13
837 6.837557227149411e-13
838 6.789396698076951e-13
839 6.876215096201611e-13
840 6.843795458635627e-13
841 6.742268571518324e-13
842 6.852572969898418e-13
843 6.934256983011035e-13
844 6.933142732308306e-13
845 6.834224279071583e-13
846 6.370947056017446e-13
847 6.890334523467772e-13
848 7.028152359031645e-13
849 6.609264957705876e-13
850 6.854163392935054e-13
851 7.041005211923858e-13
852 7.002706236871125e-13
853 6.968705172281223e-13
854 6.865625511610134e-13
855 6.976974324274843e-13
856 6.683939159898396e-13
857 6.948683759544365e-13
858 6.723737961039372e-13
859 6.888616637907137e-13
860 6.674130931314797e-13
861 6.621505027071247e-13
862 6.758217158463137e-13
863 6.764660399593824e-13
864 7.045262510120655e-13
865 6.795099623430494e-13
866 6.541892433874542e-13
867 6.71645667979854e-13
868 6.781613544944436e-13
869 6.801615351834245e-13
870 6.920831371920778e-13
871 6.688978944009503e-13
872 6.962004405979368e-13
873 7.086959078085067e-13
874 6.646144549174214e-13
875 7.183114396437649e-13
876 6.794490959800919e-13
877 7.222666725784182e-13
878 6.776476531711804e-13
879 6.616920220392133e-13
880 6.888887062623395e-13
881 6.691087415996589e-13
882 6.863028350581552e-13
883 6.897378526232364e-13
884 7.140749873297722e-13
885 6.987104523059084e-13
886 6.975825077598412e-13
887 6.788830338106344e-13
888 6.785883383926982e-13
889 6.92568958201716e-13
890 7.208159191178981e-13
891 6.713715654999646e-13
892 6.641889860917034e-13
893 6.761975870039336e-13
894 6.860312649112439e-13
895 6.821916922529394e-13
896 6.8508602354534e-13
897 7.01513004567194e-13
898 7.280715628548828e-13
899 7.047024851776287e-13
900 6.671343202264639e-13
901 6.937890521946958e-13
902 6.724146748524062e-13
903 6.686158658394287e-13
904 6.800179908597488e-13
905 6.578179445434802e-13
906 6.636686726308702e-13
907 6.804636581264824e-13
908 6.430928602450834e-13
909 6.749258393666394e-13
910 6.799377403190439e-13
911 6.744502942706581e-13
912 6.838282561934989e-13
913 6.734864379633207e-13
914 7.248547592031474e-13
915 7.052505019729132e-13
916 7.021462476833666e-13
917 6.814349207970165e-13
918 6.994920708768417e-13
919 6.66869109355485e-13
920 6.726694681625008e-13
921 6.799670101718232e-13
922 6.827753469751966e-13
923 6.595913666210814e-13
924 6.886817480031394e-13
925 6.917703913377237e-13
926 6.818168059810554e-13
927 6.795482263960488e-13
928 6.910624502428483e-13
929 6.825849367877425e-13
930 6.864801327164744e-13
931 7.131501919533062e-13
932 6.967318756373928e-13
933 6.815012563735722e-13
934 6.687962910568218e-13
935 6.918488637535308e-13
936 6.420797690927189e-13
937 6.846961641094032e-13
938 7.178223890835727e-13
939 6.810127743221558e-13
940 6.71674638394914e-13
941 7.322942721027317e-13
942 6.913106269787951e-13
943 7.209209491933564e-13
944 7.233957722838773e-13
945 6.507923061372228e-13
946 6.641045184479327e-13
947 6.99999177958744e-13
948 6.786631534138834e-13
949 6.974891925428636e-13
950 6.776910932660763e-13
951 6.959400525652817e-13
952 7.001358904270575e-13
953 6.981299758193787e-13
954 6.946731040329907e-13
955 6.777243365038446e-13
956 6.951045154537303e-13
957 6.728975412903937e-13
958 7.361010520722628e-13
959 7.269816271055019e-13
960 6.858492053748378e-13
961 6.714396119930817e-13
962 7.370574182597308e-13
963 7.123678122464711e-13
964 6.914714903832411e-13
965 6.755683861130347e-13
966 6.875887326974459e-13
967 6.552896960443783e-13
968 6.790656514217376e-13
969 7.018877330340802e-13
970 6.742730252549176e-13
971 6.871972910961581e-13
972 7.143592382389808e-13
973 6.745964695921847e-13
974 6.689820371766125e-13
975 6.923424757470026e-13
976 6.674280751263678e-13
977 6.785636009505518e-13
978 6.840159793848836e-13
979 7.066600229602738e-13
980 6.974818648669953e-13
981 6.779458467107769e-13
982 6.646889087711376e-13
983 6.703537385772942e-13
984 7.08603621863389e-13
985 6.786888400046093e-13
986 6.702455381209241e-13
987 6.797289963518645e-13
988 7.035183387311474e-13
989 6.776775841058648e-13
990 6.860450616817161e-13
991 6.723406498414778e-13
992 6.673353830027436e-13
993 7.012974038707792e-13
994 6.908779723230955e-13
995 6.813227269927499e-13
996 6.778190502732089e-13
997 6.670329437052087e-13
998 6.757210806265916e-13
999 6.781503585806006e-13
