0 8.961352622942612e-13
1 8.880497243947486e-13
2 8.903029117601294e-13
3 9.142849715377472e-13
4 8.641930581913717e-13
5 9.032558478809014e-13
6 9.246358898434106e-13
7 9.22518009669323e-13
8 9.559047117236341e-13
9 9.167708929775788e-13
10 8.99289733590179e-13
11 8.923311016711046e-13
12 8.886296442190968e-13
13 9.299736248650336e-13
14 9.067230386279038e-13
15 9.065277174623414e-13
16 8.740974165366647e-13
17 9.604135270914169e-13
18 9.26529993260121e-13
19 8.90835422517781e-13
20 9.102307391856021e-13
21 9.224541365685715e-13
22 9.58430624274794e-13
23 8.842822759165983e-13
24 9.152237155127684e-13
25 9.195980732306168e-13
26 9.206948728871791e-13
27 9.200702630775967e-13
28 8.998533008896505e-13
29 9.33911362004519e-13
30 9.09968414686038e-13
31 9.029209462085305e-13
32 8.642114013721067e-13
33 9.44421849250036e-13
34 9.348795998595596e-13
35 8.938313883566341e-13
36 8.748206099773966e-13
37 9.747261317178728e-13
38 8.919073596715723e-13
39 9.199273501124903e-13
40 8.656574168809865e-13
41 9.191636044250265e-13
42 9.070810634894713e-13
43 8.747266161067242e-13
44 9.411116783372545e-13
45 9.178369328424664e-13
46 8.895970968580307e-13
47 8.921822767268145e-13
48 8.904217646037483e-13
49 8.656410545977972e-13
50 9.40819358040964e-13
51 9.119982404549914e-13
52 9.059415740363214e-13
53 8.980145860964549e-13
54 8.934436060805866e-13
55 9.134451017067692e-13
56 9.123075318628643e-13
57 8.968444453376198e-13
58 9.159544935798214e-13
59 9.184818362198085e-13
60 8.926262940288752e-13
61 9.064863393960938e-13
62 9.58032586362171e-13
63 9.154096781661308e-13
64 8.968558006905637e-13
65 9.035388629154384e-13
66 9.446808561831535e-13
67 8.774353035984149e-13
68 8.392591522182265e-13
69 9.386665884934596e-13
70 8.989662518881943e-13
71 9.290370231078776e-13
72 9.316481565955524e-13
73 8.601039295089992e-13
74 8.950459017127407e-13
75 9.044119111734129e-13
76 8.805229594514104e-13
77 9.424475534908152e-13
78 9.077850174862997e-13
79 9.036710028770825e-13
80 8.913679229188082e-13
81 8.797200660819789e-13
82 9.033589321452352e-13
83 9.088486167438598e-13
84 9.321100144170926e-13
85 9.042299942346587e-13
86 9.08188816691539e-13
87 8.962090682481718e-13
88 9.183619465924269e-13
89 9.42653003909612e-13
90 9.57277699003373e-13
91 9.042749076438482e-13
92 8.870122888403379e-13
93 9.303541072699651e-13
94 8.952448096476307e-13
95 8.805963708114212e-13
96 9.25263774732714e-13
97 9.656629361832289e-13
98 9.254634063137e-13
99 9.892497052184824e-13
100 9.012929207951301e-13
101 9.271910848981838e-13
102 9.401866317973437e-13
103 9.235301410827867e-13
104 8.897419023948261e-13
105 9.243101397945481e-13
106 8.985931460566753e-13
107 8.873340587171169e-13
108 8.745364362187965e-13
109 9.32463340046985e-13
110 8.987943063221117e-13
111 9.049706935967439e-13
112 8.827378465201826e-13
113 9.223533087529462e-13
114 9.440707975751635e-13
115 9.345435393910393e-13
116 9.14244126752058e-13
117 8.950291928977786e-13
118 9.281465849529573e-13
119 9.377870375647458e-13
120 9.377223226895092e-13
121 8.986612696492318e-13
122 9.20239556297245e-13
123 9.483363480939369e-13
124 8.964025874573118e-13
125 9.200828189738393e-13
126 8.838221233874077e-13
127 8.808646126752381e-13
128 9.390463765234527e-13
129 9.02634458883043e-13
130 9.067588281998221e-13
131 9.042888706453319e-13
132 9.163049517526443e-13
133 8.994841581986489e-13
134 9.265374752290803e-13
135 9.368140822425407e-13
136 9.001593006754953e-13
137 9.026367990132658e-13
138 8.853334984348832e-13
139 9.170120085617831e-13
140 8.86786103888114e-13
141 9.133939329919287e-13
142 9.168480193656277e-13
143 9.34615341583487e-13
144 8.920922530218373e-13
145 9.280719720438217e-13
146 9.353307922140864e-13
147 8.777456987782196e-13
148 9.16963825777205e-13
149 8.922178518205688e-13
150 9.293566114146411e-13
151 8.76882913341317e-13
152 9.285937069845888e-13
153 8.957688005282716e-13
154 8.906841961425732e-13
155 9.22490744582594e-13
156 9.103046472907885e-13
157 8.979513789440877e-13
158 9.218036446204814e-13
159 9.40643383098394e-13
160 9.285010156033265e-13
161 9.17500463829141e-13
162 9.400208516637213e-13
163 9.271248316193e-13
164 8.909152758374123e-13
165 9.340985122579438e-13
166 9.359518101001965e-13
167 8.692168320619604e-13
168 9.078054462387648e-13
169 9.065115043866552e-13
170 9.530833737256002e-13
171 9.143071058547835e-13
172 9.403905110159615e-13
173 9.005143131668909e-13
174 8.73182662600771e-13
175 9.066667699449708e-13
176 9.080476717379597e-13
177 8.988398051680522e-13
178 9.011693518055577e-13
179 9.066394829291359e-13
180 9.129893158656129e-13
181 8.984222991991949e-13
182 9.054399022242028e-13
183 9.013175316010722e-13
184 8.837855912554623e-13
185 9.114305695861803e-13
186 9.190715369203626e-13
187 9.126483924244138e-13
188 8.902942823758955e-13
189 8.966068805993964e-13
190 9.28834134699348e-13
191 9.277102387712872e-13
192 8.792527372858727e-13
193 8.911049714087929e-13
194 9.032367794046811e-13
195 9.03431660094857e-13
196 9.262194454034926e-13
197 9.129208778327632e-13
198 9.068976082762161e-13
199 8.804881935427335e-13
200 9.116766652287215e-13
201 9.28845113825404e-13
202 8.967181186826056e-13
203 9.682757502189851e-13
204 9.063514561991563e-13
205 8.687890291656201e-13
206 9.385986353820132e-13
207 9.297836372999955e-13
208 9.396293585933513e-13
209 9.007213274000106e-13
210 9.298873789354272e-13
211 9.336555852968498e-13
212 8.780449111415445e-13
213 9.413802188162907e-13
214 9.561630411487884e-13
215 9.054140772139768e-13
216 9.070405176505796e-13
217 9.151996319299459e-13
218 9.23198321516009e-13
219 8.922287214512219e-13
220 9.114000140004821e-13
221 8.950954940878685e-13
222 8.63066840858596e-13
223 8.87172965507773e-13
224 9.139728150871467e-13
225 9.352565280866513e-13
226 8.996041046066647e-13
227 9.193430187121994e-13
228 9.57375583720339e-13
229 9.43294635091002e-13
230 9.25527800046952e-13
231 8.690077969559965e-13
232 9.398043875097458e-13
233 9.237094377971186e-13
234 8.857317088731974e-13
235 9.030194817069488e-13
236 9.028999008682553e-13
237 8.951932806068943e-13
238 8.897143769094872e-13
239 9.259890132944234e-13
240 8.809508065812869e-13
241 9.006112252419041e-13
242 8.82006879077639e-13
243 9.065228500884728e-13
244 9.563427948294428e-13
245 9.38299760632363e-13
246 8.79202469827044e-13
247 9.24965791356985e-13
248 9.080519515182575e-13
249 9.380553056951707e-13
250 9.414901768545132e-13
251 9.43036762793977e-13
252 9.00433375732461e-13
253 9.628078697407083e-13
254 9.169841284205784e-13
255 8.902980589091588e-13
256 8.868140738746477e-13
257 9.043448991478371e-13
258 8.924963805576327e-13
259 9.475608021255966e-13
260 9.179730418399942e-13
261 8.970938894466367e-13
262 9.413118282155986e-13
263 9.528125397172446e-13
264 8.832914261685596e-13
265 9.20507473489404e-13
266 9.294163925293781e-13
267 9.157181386878814e-13
268 9.032367107987294e-13
269 9.228745522749612e-13
270 9.28331910832843e-13
271 9.343959001018272e-13
272 8.395637117268372e-13
273 9.247692429554361e-13
274 9.153024231737412e-13
275 8.888816065518472e-13
276 9.23711583698322e-13
277 8.709268290989903e-13
278 9.17077666202268e-13
279 9.529700830916215e-13
280 9.17088018033167e-13
281 9.655030690281793e-13
282 9.124885745245907e-13
283 9.12881922651633e-13
284 9.22418162615879e-13
285 9.011531746344026e-13
286 9.12543675414097e-13
287 8.726835818199959e-13
288 9.013076323778183e-13
289 8.987595598050612e-13
290 9.001406198935923e-13
291 8.909790850448218e-13
292 8.833738129257192e-13
293 9.31147917524134e-13
294 9.216454338472326e-13
295 9.283231309644008e-13
296 9.099814779310977e-13
297 9.217106806702275e-13
298 9.001233272576546e-13
299 8.985798425507391e-13
300 9.22269489423379e-13
301 9.032242557017805e-13
302 9.207333248611629e-13
303 8.984694183197233e-13
304 9.345331016670376e-13
305 9.149613088106122e-13
306 9.415909351318873e-13
307 9.024160298118849e-13
308 9.232265040010426e-13
309 8.73476214360197e-13
310 9.047267984107221e-13
311 8.676416291774126e-13
312 9.08084248555371e-13
313 8.862082015018389e-13
314 9.143767655739121e-13
315 9.26486173342295e-13
316 9.382589607465955e-13
317 9.000594906807891e-13
318 9.131925751477472e-13
319 9.107363299801044e-13
320 9.3879749512692e-13
321 9.35392025514406e-13
322 9.072177462088854e-13
323 9.113748043239892e-13
324 9.292116521628255e-13
325 9.244572616566955e-13
326 8.964286061159607e-13
327 8.938312293788647e-13
328 9.056686868644415e-13
329 9.203832451591282e-13
330 9.191539572237219e-13
331 8.8966125176877e-13
332 9.392703643548181e-13
333 9.555010906978893e-13
334 9.400260807023512e-13
335 9.349841520704958e-13
336 9.001297951672417e-13
337 8.767214767786407e-13
338 9.52476969207335e-13
339 9.062926377875785e-13
340 9.226773489548375e-13
341 8.914004793933915e-13
342 8.837970045570718e-13
343 9.450351875438386e-13
344 9.021082160626647e-13
345 9.57708018842529e-13
346 8.615654151161669e-13
347 8.715440069939095e-13
348 8.884491699073753e-13
349 9.415993574397747e-13
350 9.045353889406923e-13
351 8.898197381344117e-13
352 9.257747430195661e-13
353 9.017507720798418e-13
354 9.369248341740465e-13
355 9.409866297410041e-13
356 9.325378594718751e-13
357 9.33008892153612e-13
358 8.688221301489964e-13
359 9.241012281219208e-13
360 8.83254399584325e-13
361 9.389042083988625e-13
362 8.441496576888167e-13
363 9.154499058081388e-13
364 9.501329173155484e-13
365 9.305365721299638e-13
366 8.934697558947984e-13
367 9.02752064980193e-13
368 8.923771995519607e-13
369 9.118743442296722e-13
370 9.402465542879322e-13
371 9.401679676420637e-13
372 9.074126132446084e-13
373 9.072575692807671e-13
374 9.534037037438286e-13
375 8.590394362621236e-13
376 8.697444916823107e-13
377 8.980473450985878e-13
378 8.817615252977958e-13
379 9.325942811397473e-13
380 9.127182655790043e-13
381 9.46824025273308e-13
382 9.016352447531628e-13
383 9.235398203644857e-13
384 8.801249206524491e-13
385 8.912641842173965e-13
386 9.223383971009096e-13
387 9.238976028400458e-13
388 9.08995244479701e-13
389 8.987039796748904e-13
390 9.530498705147307e-13
391 9.175377847894704e-13
392 9.424174121956424e-13
393 8.715304517805368e-13
394 9.547196873876977e-13
395 8.950311057904737e-13
396 8.627613572674528e-13
397 9.098612097661192e-13
398 9.59025311814831e-13
399 9.233259156346265e-13
400 9.484605321903425e-13
401 8.732674454996209e-13
402 9.466180825427326e-13
403 9.248882157771901e-13
404 8.87738551436743e-13
405 9.033727535114582e-13
406 8.700615500693721e-13
407 8.573537838086796e-13
408 8.830608149810501e-13
409 9.10927294798325e-13
410 9.455396843870411e-13
411 9.249047133312797e-13
412 8.753089550497559e-13
413 8.89783472346184e-13
414 9.277724823353476e-13
415 9.251038522411542e-13
416 9.163593015024134e-13
417 9.448080936231417e-13
418 9.41356730586003e-13
419 9.102147024196993e-13
420 9.274158654941872e-13
421 9.196366711452079e-13
422 9.416813999793872e-13
423 9.28598394114405e-13
424 9.33240346261029e-13
425 9.316029562348037e-13
426 9.431899571389846e-13
427 9.507435131505758e-13
428 8.671746004251346e-13
429 9.480519905984143e-13
430 9.075948238707837e-13
431 9.087475716245393e-13
432 9.034891681393288e-13
433 9.13094208150325e-13
434 8.777216502368877e-13
435 9.361069170481841e-13
436 9.169978695907334e-13
437 9.220469474611954e-13
438 9.513026098170218e-13
439 9.256945409374206e-13
440 8.78807097592002e-13
441 8.783701461084227e-13
442 9.340809141494716e-13
443 9.132292234274387e-13
444 8.562856556999545e-13
445 9.322381767549166e-13
446 9.13547706085576e-13
447 9.426894977967873e-13
448 8.674405225714346e-13
449 8.888761968875672e-13
450 9.55427697788776e-13
451 8.883034338147377e-13
452 9.005957915577612e-13
453 8.968078770706173e-13
454 9.075060175017704e-13
455 9.61209191500783e-13
456 9.262053977972808e-13
457 8.981020310082179e-13
458 8.895943767553834e-13
459 9.109682454567641e-13
460 9.182570993712881e-13
461 9.27324338963447e-13
462 9.018451788875636e-13
463 9.060227950161533e-13
464 9.048363710956122e-13
465 9.35436985212116e-13
466 9.304771647822808e-13
467 9.150854653198877e-13
468 9.14725071526959e-13
469 9.447924345664686e-13
470 9.592591751731504e-13
471 9.196215666061605e-13
472 8.962466482063198e-13
473 8.981531369055912e-13
474 9.223395409222732e-13
475 9.147308054108856e-13
476 8.893980886506928e-13
477 9.33689069436352e-13
478 9.076469316077808e-13
479 9.76445664297062e-13
480 9.292757531488119e-13
481 9.054446064534259e-13
482 9.005006321396781e-13
483 9.343031822777392e-13
484 9.414325713623146e-13
485 9.053235949185664e-13
486 9.15313945557577e-13
487 8.966800145990112e-13
488 9.358182681578053e-13
489 9.433383601800643e-13
490 9.46995580074348e-13
491 9.303317598969136e-13
492 8.76787063289287e-13
493 9.398451935345077e-13
494 9.109182809533279e-13
495 8.884134178607283e-13
496 9.266986946492638e-13
497 9.362814123917627e-13
498 8.96146035489823e-13
499 8.882705354287261e-13
500 8.849607897467991e-13
501 9.263577441844528e-13
502 9.29327802644447e-13
503 8.979383954709235e-13
504 9.216972588321891e-13
505 8.599906193531194e-13
506 8.992599289675311e-13
507 8.916420644364926e-13
508 9.28065556174521e-13
509 8.739032520565788e-13
510 8.955048140155538e-13
511 9.296515065652508e-13
512 9.393950372206567e-13
513 9.158017364123041e-13
514 9.180165145257136e-13
515 8.89279124565684e-13
516 8.851021399414168e-13
517 8.981165742346687e-13
518 8.936174928944738e-13
519 9.014224424147607e-13
520 9.296423125934496e-13
521 8.996890899061547e-13
522 9.41100431139859e-13
523 8.583871429444539e-13
524 8.97891391144553e-13
525 8.341337364090352e-13
526 8.863585782341525e-13
527 9.115310033628753e-13
528 8.897524740441536e-13
529 9.265038579787513e-13
530 9.368956401305253e-13
531 9.348486984052988e-13
532 9.631065957087518e-13
533 9.507762171133601e-13
534 9.30747193468521e-13
535 9.240507680053734e-13
536 9.445576932034451e-13
537 9.265300329229786e-13
538 9.10982894262236e-13
539 8.873002500838883e-13
540 9.574825281609258e-13
541 9.129415401952002e-13
542 8.928320275868533e-13
543 9.328883954750518e-13
544 8.973181204602161e-13
545 9.544304524623245e-13
546 9.023154092835739e-13
547 9.249830080237098e-13
548 8.5296765603507e-13
549 9.03539220470141e-13
550 9.44833576827697e-13
551 9.614878479766412e-13
552 8.918171139787758e-13
553 9.003866009550203e-13
554 8.899160269718481e-13
555 9.181329268207909e-13
556 9.15753710515015e-13
557 9.066489984441464e-13
558 9.045838754222839e-13
559 9.053185635143171e-13
560 8.833998324981899e-13
561 8.871509191904682e-13
562 8.831691807059026e-13
563 8.641195633068243e-13
564 8.955770089140983e-13
565 9.008288008930968e-13
566 9.120529393589424e-13
567 9.301628702479342e-13
568 9.547424412241541e-13
569 9.248801874728374e-13
570 9.883118345946403e-13
571 9.017516614213087e-13
572 9.009875788596833e-13
573 9.094722305514364e-13
574 9.204136618512487e-13
575 8.805794456635871e-13
576 9.161964423122046e-13
577 9.14570114483871e-13
578 9.053746962815782e-13
579 9.477901177164015e-13
580 9.108153129821414e-13
581 9.516848834946895e-13
582 8.92270932077228e-13
583 9.175639822041276e-13
584 9.12186314983272e-13
585 9.198125788054862e-13
586 9.146620780553833e-13
587 8.925156941768982e-13
588 8.726440941367596e-13
589 9.572322784667176e-13
590 9.174800523119834e-13
591 8.904454108628479e-13
592 9.305933316479786e-13
593 9.66744455504299e-13
594 8.860761694757976e-13
595 8.967296342328598e-13
596 9.134753778655982e-13
597 8.977590665832014e-13
598 9.426316485727428e-13
599 8.812666875563019e-13
600 9.423639068866603e-13
601 9.017119067841322e-13
602 9.120630588672316e-13
603 9.320294080481328e-13
604 9.434893161261387e-13
605 8.807282631442509e-13
606 9.378661565149645e-13
607 8.711805568938031e-13
608 9.401439309145586e-13
609 9.28082778945737e-13
610 9.725023263569208e-13
611 9.265147706113024e-13
612 8.963822045096207e-13
613 8.969547797385411e-13
614 9.022490336412133e-13
615 9.190763280742453e-13
616 9.571119218768817e-13
617 8.893582653093572e-13
618 9.117323658112407e-13
619 9.054864164057158e-13
620 9.031782438754921e-13
621 8.697344887021984e-13
622 9.349016198862906e-13
623 8.876333655482578e-13
624 9.260629934331077e-13
625 9.510316279323564e-13
626 9.015894119131405e-13
627 9.134154961311906e-13
628 8.731463610056088e-13
629 9.057753665641834e-13
630 9.292063870727735e-13
631 8.937098700569718e-13
632 9.043702170260199e-13
633 9.016148694101965e-13
634 9.737825448894819e-13
635 8.680840807700433e-13
636 9.221458645314295e-13
637 8.776918405932183e-13
638 9.180055468963425e-13
639 9.447387306260828e-13
640 9.321676547225085e-13
641 9.26126744824298e-13
642 9.373195037610515e-13
643 8.928344700522431e-13
644 9.105423797363445e-13
645 9.0866355559271e-13
646 8.716440743319803e-13
647 9.024359746098612e-13
648 9.140399565011584e-13
649 9.082500429526963e-13
650 9.44429484240706e-13
651 9.371016575943992e-13
652 8.953466226068202e-13
653 9.058630393826063e-13
654 8.659617279146551e-13
655 9.361144966135271e-13
656 9.408307167285824e-13
657 9.111596866437252e-13
658 9.526011998728924e-13
659 8.976246471029745e-13
660 9.202177172915436e-13
661 9.066914985836743e-13
662 9.37440130688787e-13
663 9.510362802562956e-13
664 9.152138211889478e-13
665 9.502992699304411e-13
666 9.080696083776868e-13
667 9.24963420291365e-13
668 9.046512110635979e-13
669 9.548851795456913e-13
670 8.987467966180664e-13
671 8.986824483316467e-13
672 8.927394606262301e-13
673 9.194367908410775e-13
674 9.320715440195516e-13
675 9.430000549264972e-13
676 9.108116079438667e-13
677 9.313678632777906e-13
678 8.842963105657437e-13
679 9.75552964481705e-13
680 9.253529811109143e-13
681 9.449952579054552e-13
682 9.3950234614967e-13
683 8.934718438418079e-13
684 9.090363469826756e-13
685 9.213840692544812e-13
686 9.337985098735372e-13
687 8.837837523494954e-13
688 8.857447896105921e-13
689 8.872644330083758e-13
690 8.748237666990288e-13
691 9.269923283613365e-13
692 9.53660265288378e-13
693 9.152644168440289e-13
694 9.501666373204043e-13
695 8.888748122122585e-13
696 9.156912780829074e-13
697 8.844881575909864e-13
698 9.278120767593262e-13
699 9.158392529281378e-13
700 9.36572472074536e-13
701 9.255244922202571e-13
702 9.332109680123433e-13
703 9.191446480053708e-13
704 9.293948372394794e-13
705 9.090645524925007e-13
706 8.762621570663865e-13
707 9.189332191298028e-13
708 9.285517836511798e-13
709 8.776215641549196e-13
710 8.834862696442891e-13
711 9.160107291695498e-13
712 9.070729658643305e-13
713 8.992807236940841e-13
714 9.066453592753621e-13
715 9.05741085131577e-13
716 8.875720641004369e-13
717 8.908088818086558e-13
718 8.979263368731268e-13
719 9.224174196819379e-13
720 9.535589352936012e-13
721 9.178969611448274e-13
722 9.624349741352828e-13
723 9.18816877689202e-13
724 9.52634986156747e-13
725 9.14677042929196e-13
726 9.309485592489102e-13
727 9.09669149210348e-13
728 8.922144938647846e-13
729 9.24061372788381e-13
730 9.16244502740907e-13
731 8.932551477985941e-13
732 8.990409153951815e-13
733 8.92829338428656e-13
734 9.237394287393357e-13
735 9.624445909073804e-13
736 8.779995244910063e-13
737 9.179565043210022e-13
738 9.255304291821446e-13
739 9.030131521432541e-13
740 8.702403241592368e-13
741 9.12566629687498e-13
742 8.66786135271626e-13
743 9.488372255267618e-13
744 9.176780724525776e-13
745 8.929664902819084e-13
746 9.273117330495e-13
747 9.138530180012918e-13
748 9.092103666184613e-13
749 9.202027841089941e-13
750 9.063165675129772e-13
751 9.253429596929168e-13
752 8.939865789466098e-13
753 9.163081453845813e-13
754 9.057141964355423e-13
755 9.269275690283089e-13
756 9.401246289539955e-13
757 9.057526345786411e-13
758 8.982024424068918e-13
759 8.95525677697184e-13
760 9.435699297111207e-13
761 8.976056231720362e-13
762 8.901068606264578e-13
763 9.192274826679623e-13
764 9.154103431205269e-13
765 8.850003030515754e-13
766 9.311559554670733e-13
767 9.289412846666582e-13
768 8.99299069294356e-13
769 8.97966439339434e-13
770 9.278254450691928e-13
771 9.207106766989383e-13
772 9.21181850260748e-13
773 9.243366726656016e-13
774 9.534772566128935e-13
775 9.274044851795211e-13
776 8.992297295562001e-13
777 9.026381050002198e-13
778 9.15927180304467e-13
779 8.757863479964091e-13
780 8.800002811433309e-13
781 9.461495390475205e-13
782 9.371040297810317e-13
783 8.904007920746051e-13
784 8.997245987359378e-13
785 9.001057688302203e-13
786 9.147496478596642e-13
787 9.396213746682606e-13
788 8.801375106682531e-13
789 8.46035924932649e-13
790 9.058830063652981e-13
791 8.582968447723649e-13
792 8.922039546949767e-13
793 9.145915148966622e-13
794 9.365044086319359e-13
795 8.864638502228041e-13
796 9.146297070372962e-13
797 9.498146674747927e-13
798 9.10506654511481e-13
799 9.124983647261705e-13
800 8.861441500529005e-13
801 9.001563646817067e-13
802 9.072801826167119e-13
803 9.43907365790511e-13
804 8.303617021105457e-13
805 8.926659545723671e-13
806 8.970939824932546e-13
807 9.369063545620649e-13
808 9.203524679150135e-13
809 8.534743987455723e-13
810 9.902776429400641e-13
811 9.307057108926929e-13
812 9.29277712059129e-13
813 9.149376921551667e-13
814 9.12272074253366e-13
815 8.895209579214184e-13
816 9.372922585262137e-13
817 8.985966093597863e-13
818 9.146491446335907e-13
819 9.614427388880329e-13
820 8.971978515917018e-13
821 9.05413196074463e-13
822 8.958733662905848e-13
823 8.613103711981573e-13
824 9.366625829040109e-13
825 9.36143881283778e-13
826 9.249651246721473e-13
827 9.178743154432747e-13
828 9.000273603111376e-13
829 9.15410021890366e-13
830 9.089093904536987e-13
831 8.780562791424132e-13
832 9.470377154421016e-13
833 9.26649365731465e-13
834 9.36841482103681e-13
835 9.019224333107902e-13
836 9.039378463895963e-13
837 8.981286019680084e-13
838 8.797583296256008e-13
839 9.109083226932975e-13
840 9.217456659317501e-13
841 9.179846829530217e-13
842 9.089741402490101e-13
843 9.13718366256518e-13
844 9.634065734944912e-13
845 9.010987965058076e-13
846 8.657772877318486e-13
847 9.186799022685037e-13
848 9.382070328567355e-13
849 9.009046102641926e-13
850 9.226101480027534e-13
851 9.147518995383195e-13
852 9.276238082076687e-13
853 9.254746294746018e-13
854 9.000556872811632e-13
855 9.129029882889746e-13
856 8.813034859319726e-13
857 9.380191716012607e-13
858 8.959070624587619e-13
859 9.517278952525324e-13
860 8.963327770127317e-13
861 9.049828080665854e-13
862 9.226217306798217e-13
863 9.019475907213407e-13
864 9.413666465564622e-13
865 9.241092285271516e-13
866 8.894672354450252e-13
867 8.878100009900686e-13
868 9.231851955736763e-13
869 8.97627709231408e-13
870 9.071528772719678e-13
871 8.864962358984235e-13
872 9.258832942245793e-13
873 9.485218061411316e-13
874 8.796863483958261e-13
875 9.369627593602268e-13
876 9.011225961296951e-13
877 9.642056597557355e-13
878 9.081980809932002e-13
879 8.680026114447447e-13
880 9.168864643333246e-13
881 8.837017369117733e-13
882 9.166770147062169e-13
883 9.158130522317632e-13
884 9.420127038828243e-13
885 9.357749610080275e-13
886 9.193942524280538e-13
887 9.330764765073817e-13
888 9.212870009441446e-13
889 8.925029413402181e-13
890 9.527925688988855e-13
891 8.789937495060791e-13
892 9.071643625881191e-13
893 8.991978840168746e-13
894 9.105732277174382e-13
895 8.893167433098537e-13
896 9.115370875585968e-13
897 9.212446082283334e-13
898 9.650781978386077e-13
899 9.17887988441027e-13
900 8.85442115713661e-13
901 9.208199072732612e-13
902 8.864124787494841e-13
903 8.764480103033481e-13
904 9.003090166593934e-13
905 8.842373711180791e-13
906 8.757590823742404e-13
907 9.078659045326284e-13
908 8.636038277923118e-13
909 9.098526218505521e-13
910 8.787248696160947e-13
911 8.868614672176811e-13
912 9.206204476432552e-13
913 8.897113183339754e-13
914 9.333408104968947e-13
915 9.117330660557162e-13
916 9.446927665377994e-13
917 9.161308610212232e-13
918 9.352727939920312e-13
919 8.963339083599077e-13
920 8.945561804125136e-13
921 9.174230279690825e-13
922 9.072216160900131e-13
923 8.719877882498005e-13
924 9.081694940934819e-13
925 9.005069311443119e-13
926 8.922226153602691e-13
927 8.983030863718713e-13
928 9.142394152193664e-13
929 9.12098727980422e-13
930 9.44860454412151e-13
931 9.272498456071978e-13
932 9.229609075407051e-13
933 8.999079757106056e-13
934 8.846895480814227e-13
935 9.526689865937587e-13
936 8.63810434464063e-13
937 9.105497188154814e-13
938 9.343831361417907e-13
939 8.991495972615841e-13
940 8.753759419100012e-13
941 9.902127583431507e-13
942 9.234767050643405e-13
943 9.59682025022434e-13
944 9.44184662926128e-13
945 8.703667940873236e-13
946 8.840831439426808e-13
947 9.578456200980044e-13
948 9.38179381252465e-13
949 9.209476690165726e-13
950 8.77151147387088e-13
951 9.217989189114545e-13
952 9.116544658807441e-13
953 9.46474174994688e-13
954 9.362312517228632e-13
955 8.968888966775257e-13
956 9.217429815247207e-13
957 8.926144596425585e-13
958 9.988371408271026e-13
959 9.582639330591826e-13
960 9.267139612381308e-13
961 8.844114799154351e-13
962 9.662063027343316e-13
963 9.793682437435325e-13
964 9.278715955684516e-13
965 9.024345339542481e-13
966 9.535630759029934e-13
967 8.591761973334301e-13
968 9.2073097994443e-13
969 9.473330174973586e-13
970 9.143688997281791e-13
971 9.26487890701178e-13
972 9.418395419458295e-13
973 9.149152550402796e-13
974 8.926506986553035e-13
975 9.430220621818066e-13
976 9.046866622998006e-13
977 9.076475590773436e-13
978 9.133476072179386e-13
979 9.069448084656704e-13
980 9.169870072226602e-13
981 9.178553703036956e-13
982 8.902396904256203e-13
983 8.872649791443354e-13
984 9.655806703323436e-13
985 9.278214395954896e-13
986 9.020625498927054e-13
987 8.989138781286225e-13
988 9.289681099006188e-13
989 8.994809786820243e-13
990 9.306694242833722e-13
991 8.963104094805856e-13
992 9.10632626268754e-13
993 9.329973012828941e-13
994 9.3115499404919e-13
995 8.844837313960899e-13
996 9.049623754130029e-13
997 8.688835733337431e-13
998 8.964175972860572e-13
999 9.197607753788036e-13
