0 9.967108019071489e-13
1 9.843805790510139e-13
2 9.924546806586882e-13
3 1.0175639858633822e-12
4 9.640739253517442e-13
5 9.898975745703955e-13
6 1.031138038256199e-12
7 1.025006642069069e-12
8 1.103668202560711e-12
9 1.008360923881552e-12
10 1.0132879977142407e-12
11 1.014453208594021e-12
12 1.0074655961723205e-12
13 1.0341165616129208e-12
14 1.0127376810039482e-12
15 1.0086480463585024e-12
16 9.664623425215958e-13
17 1.0757471195511538e-12
18 1.0498441112814184e-12
19 9.934080174397756e-13
20 1.0077298738075676e-12
21 1.0130340299993004e-12
22 1.0482650864632672e-12
23 9.775690160022693e-13
24 1.0268335017258588e-12
25 1.038832248936046e-12
26 1.0452926091776442e-12
27 1.0153229204368693e-12
28 1.011691455717571e-12
29 1.0546645409906453e-12
30 9.843697228260244e-13
31 9.89536673139555e-13
32 9.689635941193594e-13
33 1.0480513286254102e-12
34 1.0445823583926118e-12
35 9.9754918571032e-13
36 9.563563795905116e-13
37 1.0853437385882458e-12
38 9.974095145382092e-13
39 1.0194675681087457e-12
40 9.587700633690332e-13
41 1.0307682975374628e-12
42 1.0140320645881244e-12
43 1.0029604186476855e-12
44 1.0446121253236511e-12
45 1.0298094672373423e-12
46 1.021754174553598e-12
47 9.948011522886549e-13
48 9.9780965310236e-13
49 9.670362570201081e-13
50 1.062092328615764e-12
51 9.938640129790824e-13
52 1.0301772624430895e-12
53 1.0146582233848222e-12
54 9.9881134184469e-13
55 1.0149901733881784e-12
56 1.0275823333848706e-12
57 9.7298747802185e-13
58 1.0265460082657142e-12
59 1.0441521033438548e-12
60 1.0131318253484286e-12
61 1.0170199758989002e-12
62 1.0705368620727941e-12
63 1.0358446520941067e-12
64 9.967814139796512e-13
65 1.0095427847949673e-12
66 1.0389300976394965e-12
67 9.552063804023802e-13
68 9.456593830284574e-13
69 1.0559946497289278e-12
70 1.0053790969839135e-12
71 1.0337953804399705e-12
72 1.0356427601205124e-12
73 9.7548260084631e-13
74 9.958329615904892e-13
75 1.0066091264656376e-12
76 9.965915827683645e-13
77 1.0446723326376587e-12
78 1.0074960195366357e-12
79 1.0016863632328385e-12
80 9.796701400887119e-13
81 9.707090606080324e-13
82 1.0154936442643777e-12
83 1.0259274359742962e-12
84 1.0157633323360684e-12
85 9.982338631321254e-13
86 1.0306593081234144e-12
87 9.94350322196713e-13
88 1.0272926034944708e-12
89 1.0322340715764362e-12
90 1.0643210832650005e-12
91 9.938916996156632e-13
92 9.998747768948773e-13
93 1.0417167932825712e-12
94 9.937748330219962e-13
95 9.938916292434659e-13
96 1.0187284598750752e-12
97 1.0526139038868182e-12
98 1.012290171170404e-12
99 1.082461166509949e-12
100 1.014611097786777e-12
101 1.0056725970202583e-12
102 1.0366323527958555e-12
103 1.0383043827838063e-12
104 1.0147845507650627e-12
105 1.0150492229220397e-12
106 1.0069752242343907e-12
107 9.883936233219816e-13
108 9.947654796719517e-13
109 1.0470168330997115e-12
110 1.0015114194919702e-12
111 9.831203933224114e-13
112 9.90968967693797e-13
113 1.0293410512372089e-12
114 1.0577484622676831e-12
115 1.0257181417850195e-12
116 1.0067230447802503e-12
117 9.862276350617232e-13
118 1.0259533172503005e-12
119 1.053869859371051e-12
120 1.0240664928474677e-12
121 9.867353107390167e-13
122 1.0272722351613395e-12
123 1.0643059020795339e-12
124 1.0104811118326262e-12
125 1.025550737915866e-12
126 9.880936339911137e-13
127 9.96571191534233e-13
128 1.0310212480292033e-12
129 1.0206831500329312e-12
130 9.943359816563586e-13
131 9.87533553415757e-13
132 1.032335452006368e-12
133 1.0073296490909817e-12
134 1.0281469050354091e-12
135 1.0433094784521692e-12
136 9.887544908512885e-13
137 1.017733748185041e-12
138 1.002398016009989e-12
139 9.952494487654124e-13
140 1.0104453548822827e-12
141 1.0111903166322791e-12
142 1.0251867606541755e-12
143 1.0451247124997122e-12
144 1.0026162658692758e-12
145 1.0437959137834302e-12
146 1.0228403394373464e-12
147 9.867851339475037e-13
148 1.0324079699470017e-12
149 1.0198268983512444e-12
150 1.0257136042722834e-12
151 9.858728268862504e-13
152 1.0537567915286567e-12
153 1.0054681165144776e-12
154 1.001478189763188e-12
155 1.0373893865561087e-12
156 9.947423868032126e-13
157 9.955516764904523e-13
158 1.0201917165234787e-12
159 1.0204766868516277e-12
160 1.0306098528420899e-12
161 1.0228562866065458e-12
162 1.0276702515070168e-12
163 1.0051657138830848e-12
164 9.891599222342951e-13
165 1.0445087297975747e-12
166 1.0568202836995426e-12
167 9.907553918199938e-13
168 1.0046165234965155e-12
169 9.98388277577465e-13
170 1.057591371270074e-12
171 1.0196011006428545e-12
172 1.0502724398681635e-12
173 9.857909994663162e-13
174 9.779230061359996e-13
175 9.947163118224473e-13
176 1.0087901757883256e-12
177 1.0046284060788883e-12
178 1.0056206566883345e-12
179 1.0204216572625332e-12
180 9.903308940166436e-13
181 1.0012677765591785e-12
182 9.975172617430195e-13
183 1.0125231253565092e-12
184 1.0026603306616772e-12
185 1.0119535280829748e-12
186 1.0345801261817106e-12
187 1.013585581617707e-12
188 9.83666026627724e-13
189 1.0025112345785078e-12
190 1.022117239063618e-12
191 1.0257480927011813e-12
192 9.892239851515373e-13
193 1.0051421867735904e-12
194 1.0076534280741855e-12
195 1.00208355903268e-12
196 1.0301253450828062e-12
197 1.0270335065772821e-12
198 1.0097299149185205e-12
199 9.795379280459366e-13
200 1.0448079680455365e-12
201 1.0545288269559426e-12
202 1.0122437552087158e-12
203 1.088714221319399e-12
204 1.0244332321451198e-12
205 9.782755023111777e-13
206 1.0414645507480805e-12
207 1.0273303051771746e-12
208 1.0315693908573975e-12
209 1.0165966692812154e-12
210 1.0343967539349746e-12
211 1.0435224351679157e-12
212 1.008803420705314e-12
213 1.042758299806248e-12
214 1.057352130016201e-12
215 1.0132604882476616e-12
216 1.0054052944105592e-12
217 1.0431411750134823e-12
218 1.0358376371183357e-12
219 1.0046756065343112e-12
220 1.0094197878796965e-12
221 9.94711439465295e-13
222 9.867547859758441e-13
223 9.912954047006206e-13
224 1.0043545855961593e-12
225 1.0445656029401183e-12
226 1.022823555254746e-12
227 1.044937642812662e-12
228 1.0397812967949108e-12
229 1.0589912541840145e-12
230 1.0348985366459224e-12
231 9.644584201414166e-13
232 1.0566482024696533e-12
233 1.040762548686799e-12
234 9.875646089928343e-13
235 1.01331106550652e-12
236 9.894403166596524e-13
237 1.0030478318468044e-12
238 9.801064253408034e-13
239 1.0293179857206367e-12
240 9.904549875161098e-13
241 1.0051970323303903e-12
242 1.0042392491350877e-12
243 1.0105073625500557e-12
244 1.0397806601871715e-12
245 1.0341488402381505e-12
246 9.976759255758218e-13
247 1.0224686768476121e-12
248 9.966779603739814e-13
249 1.0469593481423507e-12
250 1.0407044607578623e-12
251 1.04127868569576e-12
252 1.0180668595370697e-12
253 1.0884549696707864e-12
254 1.039213534054119e-12
255 1.005592982316349e-12
256 9.970892980598454e-13
257 9.908904932302358e-13
258 1.0082069591775227e-12
259 1.0586627113403964e-12
260 1.0357340147615439e-12
261 1.006179203674489e-12
262 1.0561769166110098e-12
263 1.0627308306553063e-12
264 9.844920334000536e-13
265 1.0338204288557576e-12
266 1.0372538085043037e-12
267 1.037561690066315e-12
268 1.010202283785718e-12
269 1.0445680217613217e-12
270 1.0371419835229763e-12
271 1.0428601051739949e-12
272 9.678963742480584e-13
273 1.0396658219263133e-12
274 1.0226518786803363e-12
275 9.817806653236322e-13
276 1.0258166195006206e-12
277 9.744819417395497e-13
278 1.0108329177137147e-12
279 1.0610712600048555e-12
280 1.0159996403946431e-12
281 1.0709657989492965e-12
282 9.905767029987526e-13
283 1.0179518367649638e-12
284 1.0309544894460881e-12
285 9.861083587138806e-13
286 1.0095282606844212e-12
287 9.85684236344175e-13
288 1.0181100235580073e-12
289 1.015097585271731e-12
290 9.920351534170093e-13
291 9.947324847412943e-13
292 9.742624059560198e-13
293 1.0287144191320784e-12
294 1.030743257130446e-12
295 1.0593556431425961e-12
296 1.0308465043605456e-12
297 1.0306103339726728e-12
298 1.0001521060112866e-12
299 1.0153013695553243e-12
300 1.0317291946898804e-12
301 1.0076089489439268e-12
302 1.03650110492253e-12
303 9.915623607339518e-13
304 1.036852695669628e-12
305 1.0082159569088274e-12
306 1.057901929621685e-12
307 1.0102003272706203e-12
308 1.0417708504573628e-12
309 9.353616927327316e-13
310 1.011430435567138e-12
311 9.717175064000466e-13
312 1.0260351876480076e-12
313 9.811649014935619e-13
314 1.0154977705266188e-12
315 1.0499193644368847e-12
316 1.026271570190239e-12
317 1.0138036350052569e-12
318 1.0076150858325684e-12
319 1.0228693762847572e-12
320 1.0770571707990026e-12
321 1.0834381577461565e-12
322 1.0153063520057807e-12
323 1.029801757837559e-12
324 1.0266350669550414e-12
325 1.0091816076155282e-12
326 1.0238253153326188e-12
327 9.990347880062365e-13
328 1.0239532842662212e-12
329 1.004317735186383e-12
330 1.0088618976386763e-12
331 9.86384263480916e-13
332 1.0546776790443114e-12
333 1.0874156525299795e-12
334 1.0573700153936535e-12
335 1.035671753808283e-12
336 1.009327604243341e-12
337 9.683089167504134e-13
338 1.077788119938958e-12
339 9.984052349179552e-13
340 1.038373762986083e-12
341 9.94912860615614e-13
342 9.96317303382251e-13
343 1.044935515120431e-12
344 1.0157153567495001e-12
345 1.0889203790997436e-12
346 9.736829573624534e-13
347 9.676756735023036e-13
348 9.804072822686088e-13
349 1.043341091129528e-12
350 1.0137635885837005e-12
351 9.738868239134756e-13
352 1.045402524728382e-12
353 1.0120420461141242e-12
354 1.011263712393941e-12
355 1.0353672498262334e-12
356 1.0296595774993505e-12
357 1.0225369618282187e-12
358 9.818887390333055e-13
359 1.0190830272413487e-12
360 9.815630543048968e-13
361 1.0293803774699942e-12
362 9.376507425365896e-13
363 1.0173648412693554e-12
364 1.0707728753396699e-12
365 1.050459459073003e-12
366 9.899624346899907e-13
367 9.968508797856004e-13
368 1.0082638024260918e-12
369 1.0216116563265854e-12
370 1.0578179297547122e-12
371 1.0259728488173245e-12
372 1.0084797612779612e-12
373 1.0195609472715941e-12
374 1.073116839972364e-12
375 9.690036543937024e-13
376 9.88363816191672e-13
377 9.813601481679562e-13
378 9.90061222267155e-13
379 1.0394346633939993e-12
380 1.0165889932336087e-12
381 1.0247346681742927e-12
382 9.807249398259044e-13
383 1.0148098194685252e-12
384 9.703250514392098e-13
385 1.0041597396044938e-12
386 1.0246407744885152e-12
387 1.0396754153949284e-12
388 1.0215630952008658e-12
389 1.0342730425968266e-12
390 1.0596653020260383e-12
391 1.027062116584948e-12
392 1.030757943785622e-12
393 9.59285720990072e-13
394 1.0559501604951124e-12
395 9.968245707836179e-13
396 9.50790023031236e-13
397 1.022976686404347e-12
398 1.0615402652802555e-12
399 1.0029635900785797e-12
400 1.0744799334675277e-12
401 9.971317367432606e-13
402 1.0620820163415183e-12
403 1.0132571023227129e-12
404 1.0039993586661305e-12
405 1.0063997950582703e-12
406 9.749637614958858e-13
407 9.413795548178829e-13
408 1.0144986123067766e-12
409 1.0067787313044578e-12
410 1.0135947359437653e-12
411 1.0469957501770139e-12
412 9.999467892592514e-13
413 9.866952590699075e-13
414 1.0631251061870736e-12
415 1.0253047821539505e-12
416 1.016235486699691e-12
417 1.0350601126259478e-12
418 1.0340710648114381e-12
419 1.0232485638503644e-12
420 1.031425170886634e-12
421 1.0242715411489208e-12
422 1.0636578181570055e-12
423 1.0208244317785058e-12
424 1.042704173444031e-12
425 1.023285576717628e-12
426 1.0365178520044738e-12
427 1.077160072525371e-12
428 1.003224376234729e-12
429 1.0623552112574917e-12
430 1.0125130926950911e-12
431 1.0384813846138606e-12
432 1.030263538721019e-12
433 1.0376520755465116e-12
434 9.744525042067936e-13
435 1.0507657983140926e-12
436 1.0102013184047299e-12
437 1.0171270501745483e-12
438 1.0403976549928882e-12
439 1.021742639240288e-12
440 1.0017210285991813e-12
441 9.983530513962712e-13
442 1.0373224145823448e-12
443 1.0106363707902242e-12
444 9.570834948553278e-13
445 1.0243662375876485e-12
446 1.0120996985174837e-12
447 1.0308632876082625e-12
448 9.75001035303003e-13
449 9.90391958282932e-13
450 1.0358733788687837e-12
451 9.947304729545472e-13
452 1.0131879433289417e-12
453 1.004777314871017e-12
454 1.0232769946703442e-12
455 1.0512991671444357e-12
456 1.0196255911410346e-12
457 9.909337140380804e-13
458 9.868111710012867e-13
459 1.005345130197771e-12
460 1.0317606164630193e-12
461 1.0377324361173669e-12
462 9.900368225307163e-13
463 1.014499935843656e-12
464 1.0111453177711425e-12
465 1.025192601303534e-12
466 1.0269361166049973e-12
467 1.0210222053976929e-12
468 1.0100327838920073e-12
469 1.037296690401711e-12
470 1.0634814388951872e-12
471 1.014878877473892e-12
472 9.998111808692807e-13
473 9.953835146598439e-13
474 1.042741590368258e-12
475 1.0056206776717585e-12
476 9.79671372833929e-13
477 1.04908929081002e-12
478 1.0160292327394092e-12
479 1.07774873129806e-12
480 1.0476098926599643e-12
481 1.0310876020617879e-12
482 9.904856005019725e-13
483 1.044018461565369e-12
484 1.0460165672775178e-12
485 1.011885017770385e-12
486 1.0143764192853106e-12
487 9.870555182569786e-13
488 1.0315795510902132e-12
489 1.0310030027669424e-12
490 1.0582252187181082e-12
491 1.0339566258145661e-12
492 9.67701045681054e-13
493 1.0358409327949073e-12
494 1.038741175454456e-12
495 1.0252145998777195e-12
496 9.99559480667345e-13
497 1.0427835770161752e-12
498 9.952651755725276e-13
499 1.0035103053943525e-12
500 1.0041841491718192e-12
501 1.025588008617777e-12
502 1.0132067096625102e-12
503 1.0026770962397927e-12
504 1.02006341966096e-12
505 9.59836514430569e-13
506 9.824046307435209e-13
507 1.0122375032290996e-12
508 1.0213345246305847e-12
509 9.874429600223036e-13
510 1.0099854680305886e-12
511 1.020946189401408e-12
512 1.0420380441757809e-12
513 1.0058043922001054e-12
514 1.020176718217348e-12
515 9.950972653320187e-13
516 9.757578876837212e-13
517 1.017546993096446e-12
518 1.004049123956435e-12
519 1.0072421241492949e-12
520 1.0417195772787807e-12
521 9.8113017971314e-13
522 1.0431701082359023e-12
523 9.788784051720581e-13
524 1.0085011365267492e-12
525 9.184099759743284e-13
526 9.836375080235494e-13
527 1.005083971118989e-12
528 9.704107710859507e-13
529 1.0245989591955444e-12
530 1.0323669402496663e-12
531 1.0454052991199024e-12
532 1.0500117725635352e-12
533 1.0793424067517797e-12
534 1.0466706538134008e-12
535 1.024262019889275e-12
536 1.0376143381891054e-12
537 1.0204489288641643e-12
538 1.0145406507573289e-12
539 9.905608385178745e-13
540 1.054595419345482e-12
541 1.0248950472024172e-12
542 9.946462611396985e-13
543 1.039281972330972e-12
544 9.890110620358209e-13
545 1.06472778958981e-12
546 9.985799168207389e-13
547 1.0480845048002318e-12
548 9.567969061134487e-13
549 1.0400695976368472e-12
550 1.0499025091086179e-12
551 1.069613224030706e-12
552 1.0138414534400898e-12
553 1.0091878444884265e-12
554 9.632861605579752e-13
555 1.0389097065534173e-12
556 1.0056089336543052e-12
557 1.0127166378996319e-12
558 1.015428164041594e-12
559 1.0020908407475875e-12
560 9.970435153429307e-13
561 9.971811935812744e-13
562 9.9545301027591e-13
563 9.797683298764908e-13
564 9.993685590913872e-13
565 1.0074820899671571e-12
566 1.0256607329321509e-12
567 1.020704491713029e-12
568 1.0668089261204407e-12
569 1.037024394031825e-12
570 1.106590066781722e-12
571 1.0054293526562596e-12
572 9.901928317061863e-13
573 1.0180679205190317e-12
574 1.0294359005588281e-12
575 9.599346962406206e-13
576 1.0146662634882064e-12
577 1.0179096188835649e-12
578 1.0219632035410661e-12
579 1.042989137850495e-12
580 1.017064430816465e-12
581 1.0671914099065493e-12
582 9.83304683015219e-13
583 1.0374141681571287e-12
584 1.0007442429276329e-12
585 1.026155844307789e-12
586 1.0340730629821427e-12
587 1.034138428042838e-12
588 9.882427084082586e-13
589 1.07461046709756e-12
590 1.0008864866378159e-12
591 9.910763986407136e-13
592 1.0405507731871663e-12
593 1.053734617438136e-12
594 1.001341463053304e-12
595 1.0007886366951151e-12
596 1.0092320128367704e-12
597 1.0138134557086568e-12
598 1.0311769085437826e-12
599 9.867996292870618e-13
600 1.0663306099746777e-12
601 9.962234131532262e-13
602 1.009028366366444e-12
603 1.047886506202852e-12
604 1.0410772665527099e-12
605 9.989148068915753e-13
606 1.0402872248108362e-12
607 9.719490720575402e-13
608 1.051679392740152e-12
609 1.02682516403182e-12
610 1.0689370488187402e-12
611 1.0224638186655648e-12
612 9.662962679621972e-13
613 9.788244333333576e-13
614 9.827355285723842e-13
615 9.824788697808973e-13
616 1.0843872955016226e-12
617 9.996496610883657e-13
618 1.0393970786218232e-12
619 1.0078088316332262e-12
620 1.0007996441547786e-12
621 9.6711305857904e-13
622 1.0368227590626255e-12
623 9.771163685154443e-13
624 1.0241005238299134e-12
625 1.060679743788909e-12
626 9.953286050161084e-13
627 1.0114793981408632e-12
628 9.691964809823452e-13
629 1.0028464159229758e-12
630 1.02749707574102e-12
631 1.001656177845279e-12
632 9.79720476894237e-13
633 9.913944066313927e-13
634 1.0584381385765915e-12
635 9.56046669842215e-13
636 1.0310759433006367e-12
637 9.762540457349755e-13
638 1.0470602727059955e-12
639 1.0512660890925616e-12
640 1.0384859890786884e-12
641 1.0223206340076467e-12
642 1.0555837540793088e-12
643 9.826494807973e-13
644 1.016602451062688e-12
645 1.0206136815875233e-12
646 9.9706090207123e-13
647 9.813110951163899e-13
648 1.0351952113893944e-12
649 9.95233906366597e-13
650 1.0342056428231417e-12
651 1.0478776757482536e-12
652 1.018207915509981e-12
653 9.969405782003809e-13
654 9.826301049959468e-13
655 1.0546955006803025e-12
656 1.0386561185016228e-12
657 1.0082821374646048e-12
658 1.0763525177454356e-12
659 9.842738857441605e-13
660 1.0433621421741457e-12
661 1.0128017251407365e-12
662 1.0419860464113513e-12
663 1.0739164026287237e-12
664 1.0229926160309026e-12
665 1.052849695210254e-12
666 1.0085298733427344e-12
667 1.0264171896213303e-12
668 1.0297231859867688e-12
669 1.0507777239235304e-12
670 9.918621317944987e-13
671 9.977183197791584e-13
672 9.89584721547749e-13
673 1.007316619011715e-12
674 1.029449769114487e-12
675 1.0622355543694935e-12
676 1.0229461805195816e-12
677 1.0587719779373938e-12
678 1.0056000221762416e-12
679 1.0868835117557173e-12
680 1.0339842727490108e-12
681 1.046572747515736e-12
682 1.0618479594340797e-12
683 9.901636863820361e-13
684 1.0122820582948448e-12
685 1.0297343091481716e-12
686 1.0440964163664424e-12
687 9.91520712995651e-13
688 1.0043904299444404e-12
689 9.90469966052843e-13
690 9.814802361845079e-13
691 1.0297721550488928e-12
692 1.051808710985773e-12
693 1.0311554735016946e-12
694 1.0317236485851018e-12
695 9.854018848775865e-13
696 1.0116416190806344e-12
697 9.84012559940599e-13
698 1.0315930028836414e-12
699 1.0236496990250942e-12
700 1.0362433246583146e-12
701 1.043185418454256e-12
702 1.0331581855358376e-12
703 1.0198839875362392e-12
704 1.0130763627198274e-12
705 9.895655654024868e-13
706 9.821092149001614e-13
707 1.0069296789125211e-12
708 1.0214924093907786e-12
709 9.850438043248157e-13
710 1.007206919912217e-12
711 1.0181170343359786e-12
712 1.0229796395612963e-12
713 9.836374937234876e-13
714 1.0154777258851375e-12
715 1.0002242207459276e-12
716 9.929370197725945e-13
717 1.003695217625383e-12
718 1.0023126833345415e-12
719 1.024859786039093e-12
720 1.067629617338815e-12
721 1.0352348176091566e-12
722 1.0549442276606864e-12
723 1.0155533699900667e-12
724 1.0460790962427607e-12
725 1.0200798977591493e-12
726 1.0260698003711807e-12
727 1.0053829417784412e-12
728 9.812047036196676e-13
729 1.0211973788217124e-12
730 1.0254441805393225e-12
731 9.998425743596731e-13
732 1.0096640016229932e-12
733 9.802473057446297e-13
734 1.0357720076850512e-12
735 1.0585355868599318e-12
736 9.896974661850224e-13
737 1.0523773240667701e-12
738 1.0068030218620064e-12
739 1.0140805466369465e-12
740 9.749463329377577e-13
741 1.0402316291656521e-12
742 9.634543017692012e-13
743 1.0571566386213772e-12
744 1.0409515175113584e-12
745 1.0130162257731549e-12
746 1.0554262126899037e-12
747 1.0183727787650955e-12
748 9.933199109616286e-13
749 1.017033460804958e-12
750 1.006419632950904e-12
751 1.014235184770213e-12
752 9.971853528105346e-13
753 1.038934518596265e-12
754 1.0077675323402184e-12
755 1.0479488772676934e-12
756 1.0278885283604698e-12
757 1.0040558801498489e-12
758 9.889337951685666e-13
759 1.0100558031342169e-12
760 1.068228385833957e-12
761 9.8782456551286e-13
762 1.0032519501050823e-12
763 1.0114611621662933e-12
764 1.029305793183616e-12
765 9.80573578756023e-13
766 1.0425857227334923e-12
767 1.0396885899920528e-12
768 9.987745365959158e-13
769 9.96204215983344e-13
770 1.0382478333992833e-12
771 1.0186503745061008e-12
772 9.927820411085299e-13
773 1.0213282303707577e-12
774 1.0492652520537413e-12
775 1.0549287437923198e-12
776 9.792111415076257e-13
777 1.0262097253057115e-12
778 1.0340977705805064e-12
779 9.919200028242041e-13
780 9.931203401991098e-13
781 1.0268036182567668e-12
782 1.0254624669093795e-12
783 9.899493736828012e-13
784 9.889287278951335e-13
785 1.0017472066031012e-12
786 1.0434120117127067e-12
787 1.0577983236022189e-12
788 9.858845682516154e-13
789 9.496826029701357e-13
790 1.0030123213509736e-12
791 9.63139825242313e-13
792 9.893950795346968e-13
793 1.0319020246473151e-12
794 1.035289483217333e-12
795 9.703005979502032e-13
796 1.0188838545485165e-12
797 1.0483293022336145e-12
798 1.0086554703960834e-12
799 1.0098924363780138e-12
800 9.888365188205524e-13
801 1.012190368895561e-12
802 1.0327583763458786e-12
803 1.0690660010592465e-12
804 9.364041254275141e-13
805 9.916465603432224e-13
806 1.0116074033315827e-12
807 1.0066458778444296e-12
808 1.0364950183709564e-12
809 9.472418147124522e-13
810 1.0872641970627394e-12
811 1.031936432099499e-12
812 1.0567188710275155e-12
813 1.0236241889553005e-12
814 1.0484221828945923e-12
815 1.0014029088228423e-12
816 1.0408174370684102e-12
817 1.0018782686011317e-12
818 1.0001090182090886e-12
819 1.0718634062672403e-12
820 1.0312283108435917e-12
821 1.0308860722839274e-12
822 1.025316118803072e-12
823 9.623015267584777e-13
824 1.040118365440854e-12
825 1.0575785879612913e-12
826 1.0375639821832275e-12
827 1.055107880853947e-12
828 1.0064588306636841e-12
829 1.0179710191687623e-12
830 1.0110806445909415e-12
831 9.953362713120311e-13
832 1.0308650857713295e-12
833 1.0118268960058487e-12
834 1.0375535587694865e-12
835 1.0117821234026847e-12
836 1.0226658164258516e-12
837 9.909374667777187e-13
838 9.81158033235182e-13
839 1.0133096995048818e-12
840 1.032643035540645e-12
841 1.0527114626530814e-12
842 9.979784010008763e-13
843 1.0061674728605158e-12
844 1.0933873492012363e-12
845 1.0060048722325745e-12
846 9.962733885156117e-13
847 1.0076195476299676e-12
848 1.0430655453560226e-12
849 1.025982575259073e-12
850 1.0276500930158518e-12
851 1.0108477308712367e-12
852 1.0197235617510096e-12
853 1.0161426153896275e-12
854 9.97313641867805e-13
855 9.894415987380606e-13
856 9.827818294207913e-13
857 1.0376027177007399e-12
858 1.0076737523972092e-12
859 1.0817632328376998e-12
860 1.0108406476307887e-12
861 1.0333200580884874e-12
862 1.0409335187898857e-12
863 1.0058816449804042e-12
864 1.0427913437600833e-12
865 1.030376502826134e-12
866 1.0193933492481604e-12
867 9.947838118860425e-13
868 1.0368512147874596e-12
869 9.992840453494875e-13
870 1.003673770204348e-12
871 9.885355747404971e-13
872 1.0336634315409142e-12
873 1.0542587411888013e-12
874 9.851450889780289e-13
875 1.0218290251369628e-12
876 9.979959989574387e-13
877 1.0631507231519965e-12
878 1.019010494143545e-12
879 9.744885317839788e-13
880 1.0174717943804265e-12
881 1.0029833874792587e-12
882 1.0046503845048604e-12
883 1.02326334002199e-12
884 1.0333280451968704e-12
885 1.0399273840071827e-12
886 1.004760194318018e-12
887 1.0510340228775195e-12
888 1.0428433968149356e-12
889 9.793675786486728e-13
890 1.0479746378661624e-12
891 9.793174679116277e-13
892 1.0312631488377234e-12
893 1.0057887125525954e-12
894 9.942327291879196e-13
895 9.905084182645525e-13
896 1.0185727024009048e-12
897 1.015130302300537e-12
898 1.0513718379349676e-12
899 1.0210152917795804e-12
900 9.96883649116189e-13
901 1.0254358457274392e-12
902 9.90637388232097e-13
903 9.671697759910131e-13
904 9.970393497623025e-13
905 1.0121860163902685e-12
906 9.824296927728758e-13
907 1.0011192138977256e-12
908 9.812677294743973e-13
909 1.0144339746156159e-12
910 9.655897263310897e-13
911 9.661483736152618e-13
912 1.026068565579503e-12
913 9.877903561144912e-13
914 1.001718799052439e-12
915 9.964536951860174e-13
916 1.0394253306597183e-12
917 1.0230244952407913e-12
918 1.0449485366727567e-12
919 1.0009818585118352e-12
920 1.0044742124569334e-12
921 1.0282679170999068e-12
922 1.0051204009023463e-12
923 9.700007178699268e-13
924 1.0030606533251147e-12
925 9.955298787565226e-13
926 9.944548282918673e-13
927 9.859536967951668e-13
928 1.0057851766043482e-12
929 1.024422808069331e-12
930 1.0711083292360562e-12
931 1.0143200210685607e-12
932 1.0369080647629753e-12
933 9.904757815419455e-13
934 9.85861322402814e-13
935 1.0701438844426315e-12
936 9.79354457668414e-13
937 1.0020512042513398e-12
938 1.01724581811681e-12
939 1.0039114687814387e-12
940 9.75627268282758e-13
941 1.0961676848969574e-12
942 1.026598838612248e-12
943 1.0592144650133845e-12
944 1.0222539950462636e-12
945 9.831011372087185e-13
946 9.927342899972007e-13
947 1.0659437206386548e-12
948 1.064510916476015e-12
949 1.0082056355990967e-12
950 9.70737485554967e-13
951 1.0319867086526481e-12
952 1.0107344880386855e-12
953 1.0775165275998982e-12
954 1.0432010913484631e-12
955 1.0054406261918677e-12
956 1.0206387959679593e-12
957 1.0032068023916076e-12
958 1.0922469932596937e-12
959 1.0522345092572032e-12
960 1.0460775890003781e-12
961 9.965030620638206e-13
962 1.0461733685738367e-12
963 1.0994262255687957e-12
964 1.0284930894661479e-12
965 9.945619440737268e-13
966 1.0793962505070771e-12
967 9.468828348158259e-13
968 1.0322903773093199e-12
969 1.052339558227297e-12
970 1.0221420097347167e-12
971 1.0471042167830157e-12
972 1.0363135824834128e-12
973 1.0382102147632455e-12
974 9.847803995950046e-13
975 1.0600135676870314e-12
976 1.0256113763964064e-12
977 1.019058200459138e-12
978 1.0160361795703266e-12
979 9.735810937290085e-13
980 1.0023437889230864e-12
981 1.0273453417468418e-12
982 9.985411965920504e-13
983 9.868368418233389e-13
984 1.0701742456413607e-12
985 1.0445279320830525e-12
986 1.0166821094922712e-12
987 9.80918960194989e-13
988 1.0336267395494083e-12
989 1.004844283569199e-12
990 1.030852325637187e-12
991 9.99585017182681e-13
992 1.0363596910885493e-12
993 1.027262741153276e-12
994 1.0300510790448957e-12
995 9.773975423370661e-13
996 1.0188260821981755e-12
997 9.597094343947941e-13
998 1.0019985646350498e-12
999 1.0360909670827204e-12
