0 2.1981824412850176e-07
1 1.6317978751900668e-07
2 1.1603539906033408e-07
3 1.0278937677505343e-07
4 2.2506203553168317e-07
5 1.5781507726401186e-07
6 2.234926325366073e-07
7 1.1045423931713878e-07
8 1.411608192782443e-07
9 1.6865115481878445e-07
10 2.1136394738618533e-07
11 1.3563869926219652e-07
12 2.183610441603932e-07
13 1.0580045651676467e-07
14 1.1595237983876494e-07
15 1.3089745276288674e-07
16 2.2850557318683006e-07
17 1.1995063312576055e-07
18 1.3552758770968778e-07
19 1.7681222915547715e-07
20 1.0402889734631655e-07
21 1.3018947694173614e-07
22 8.99423897774111e-08
23 1.9612268644714762e-07
24 1.6242936724897116e-07
25 1.1885655775629512e-07
26 1.238095376935507e-07
27 1.4086053661554143e-07
28 2.0947574908029058e-07
29 1.556284606836247e-07
30 1.8087156342421235e-07
31 1.8236955204993738e-07
32 1.5912782480472184e-07
33 1.7031048513658772e-07
34 1.3536345851004326e-07
35 1.3416683999271603e-07
36 1.5554165602644506e-07
37 1.6476307495828862e-07
38 1.290655302497832e-07
39 1.219515050932806e-07
40 1.3677534834256185e-07
41 2.014975607932386e-07
42 1.5127880074333407e-07
43 2.4095087025679543e-07
44 1.303934979253652e-07
45 2.042952234667247e-07
46 1.527724431683893e-07
47 2.1826817028804363e-07
48 1.1659123463225877e-07
49 1.5855580733716172e-07
50 1.5316767875731848e-07
51 1.0807519996401978e-07
52 1.3829477265200893e-07
53 2.1975744155663957e-07
54 1.1125602738157765e-07
55 1.1811224918647652e-07
56 1.4141570287865293e-07
57 1.2592444328455876e-07
58 1.0584722748967201e-07
59 1.7129930881305823e-07
60 1.3610276172721825e-07
61 1.86092626676047e-07
62 1.469225314026394e-07
63 1.852954550901861e-07
64 1.1133151999283656e-07
65 1.1617324453283604e-07
66 1.299172245463587e-07
67 1.1784034359601307e-07
68 1.3486719234066725e-07
69 1.4932659576059224e-07
70 1.7637481498786896e-07
71 1.618886190643451e-07
72 1.2963954904413057e-07
73 2.1191257126382168e-07
74 1.667040890851888e-07
75 1.192841416224353e-07
76 1.4270785216057185e-07
77 1.1375676848269738e-07
78 1.978834473233166e-07
79 2.267843892991304e-07
80 1.2313925364193026e-07
81 1.4492541569942513e-07
82 2.07435652273973e-07
83 1.9801899661387133e-07
84 1.2750113667574702e-07
85 1.6064762117086346e-07
86 2.392171622172986e-07
87 1.1871811196518961e-07
88 1.3582092171389195e-07
89 1.321300055178537e-07
90 1.772656427461026e-07
91 1.653622603499901e-07
92 1.691046142093316e-07
93 6.265315951129387e-08
94 1.7673790063795518e-07
95 1.637647240521211e-07
96 1.1736775281604701e-07
97 9.780173963120417e-08
98 4.2892385882916265e-08
99 1.1576091882958601e-07
100 1.3289382854320933e-07
101 1.0418227949392044e-07
102 1.702582188181687e-07
103 1.7740410300528815e-07
104 1.6524341682457897e-07
105 1.1321508956123842e-07
106 1.1155075491273439e-07
107 1.1231380601172435e-07
108 1.59162538334073e-07
109 1.6128786761123618e-07
110 1.291087508228347e-07
111 1.8740572924011036e-07
112 9.526666897359604e-08
113 1.2364215859036736e-07
114 1.4269616233700773e-07
115 1.806463444755806e-07
116 1.495995982143555e-07
117 1.2919789760119533e-07
118 1.4796290174273635e-07
119 1.718029949158691e-07
120 1.0839921569254947e-07
121 2.064127295817424e-07
122 1.7415516481955046e-07
123 1.5618353542965672e-07
124 1.6524189213974868e-07
125 1.5478800931583447e-07
126 1.818586308166187e-07
127 1.717338077892641e-07
128 1.976789047283236e-07
129 1.6068772330563457e-07
130 1.3902932192729855e-07
131 1.8498978279729657e-07
132 1.4913610040298536e-07
133 4.3295759374700786e-08
134 1.69072279547533e-07
135 1.7970596135319876e-07
136 5.493324724995435e-08
137 1.85789061178367e-07
138 1.0496089992801345e-07
139 1.9322358310469825e-07
140 1.227103624483337e-07
141 1.0473840094766545e-07
142 1.4587269574139537e-07
143 7.875103716645456e-08
144 1.1485201367879743e-07
145 1.2398910485611848e-07
146 1.2525676173083657e-07
147 1.4494356872685504e-07
148 1.1028089669715669e-07
149 1.256569486006451e-07
150 1.7648739611645948e-07
151 1.638608525146855e-07
152 2.202434655564829e-07
153 2.2084370626121782e-07
154 1.6883653580478612e-07
155 1.9736677786338948e-07
156 1.707806441335286e-07
157 1.5288234887690163e-07
158 1.711734289306341e-07
159 2.1592201576468599e-07
160 1.526741764553914e-07
161 1.6039611949590948e-07
162 1.7840762881589008e-07
163 9.534988111212908e-08
164 1.2145586889840557e-07
165 1.2821180268338166e-07
166 1.8253362267868887e-07
167 1.4129233561609983e-07
168 1.2929004585554597e-07
169 1.0776562694738885e-07
170 1.5909721821931153e-07
171 1.1023875977099341e-07
172 1.7619332831924126e-07
173 1.7021511533474484e-07
174 1.264214619890139e-07
175 8.637217686979279e-08
176 1.861785449929334e-07
177 1.4919443226301028e-07
178 1.1839555093828522e-07
179 1.8395116312838781e-07
180 1.3697821595383915e-07
181 1.113958138634817e-07
182 1.6355061477354554e-07
183 8.680594186243623e-08
184 1.4760240449062714e-07
185 1.397944121915066e-07
186 1.740638527287576e-07
187 2.0071117458205788e-07
188 1.434854501395318e-07
189 1.4724578029857124e-07
190 1.360672087394809e-07
191 1.3025037924967187e-07
192 1.5539607026203932e-07
193 1.2023746618679402e-07
194 1.901232096782944e-07
195 1.8678793841082676e-07
196 1.6612190193014802e-07
197 1.3876266022816574e-07
198 1.942821382161572e-07
199 1.2634371477091664e-07
200 1.2566197085728004e-07
201 1.0911551651221701e-07
202 1.7230438432094398e-07
203 1.1857177915751522e-07
204 1.5170402921918816e-07
205 1.6662702701663895e-07
206 2.054504841873965e-07
207 1.153694342946991e-07
208 6.906738749166007e-08
209 1.4758954012923098e-07
210 1.7173171718587418e-07
211 1.3118077060835053e-07
212 1.3593672402744992e-07
213 1.7217710649270134e-07
214 9.995467903906039e-08
215 1.4665446464371735e-07
216 1.3889516710069858e-07
217 1.9365490344203292e-07
218 1.0435528426095504e-07
219 2.0870382898192617e-07
220 9.141236737548268e-08
221 1.4789187979611644e-07
222 1.7430356880740196e-07
223 1.3545654170947823e-07
224 1.578064043989135e-07
225 1.9403918961916836e-07
226 1.474492117661268e-07
227 8.30763898564312e-08
228 1.6800626453311315e-07
229 1.6289085156453374e-07
230 1.0917157964785788e-07
231 1.271536587244056e-07
232 9.679149817234012e-08
233 1.1799071341278351e-07
234 1.0142079753125399e-07
235 1.0007551980716765e-07
236 2.0601413522499174e-07
237 1.4992641954560195e-07
238 1.0917835572999902e-07
239 1.9805523906768958e-07
240 2.3526668495783947e-07
241 1.0246053008777736e-07
242 1.380764976841477e-07
243 1.0137438116091516e-07
244 1.0168427330812534e-07
245 1.507212868336158e-07
246 1.0696044534095445e-07
247 1.4051371685778925e-07
248 1.3649569800694604e-07
249 1.6657333353023324e-07
250 1.3521254279251871e-07
251 2.1531559613759464e-07
252 2.0342389420515722e-07
253 1.2625456548481667e-07
254 1.6109142787529416e-07
255 1.3801030602157128e-07
256 1.2335878534127527e-07
257 1.7357545059407943e-07
258 4.941702011261566e-08
259 1.2298910403820775e-07
260 1.6927583476445348e-07
261 9.64161665071705e-08
262 1.4577199199398822e-07
263 1.9052921237843632e-07
264 1.1325511742732646e-07
265 2.2749894786991807e-07
266 8.486615745262256e-08
267 1.529082957585622e-07
268 1.6569480576982077e-07
269 1.2524996580743346e-07
270 1.8490279143320357e-07
271 1.367489641500279e-07
272 1.1396941062373956e-07
273 1.3200012755561894e-07
274 1.077891268627311e-07
275 1.5870021105366487e-07
276 1.120869335384606e-07
277 1.9435154198388827e-07
278 1.6739657879875205e-07
279 1.7820907585479652e-07
280 2.1891700333930577e-07
281 6.905972263092956e-08
282 7.379740772119178e-08
283 1.39799516839584e-07
284 1.377541365745228e-07
285 2.0526634867975736e-07
286 1.472898189277069e-07
287 1.5000511585693957e-07
288 9.490885898821314e-08
289 1.428462465203362e-07
290 1.1027540005652029e-07
291 2.1579169832754062e-07
292 1.2001871224416114e-07
293 1.5887663537500158e-07
294 1.2741147792615364e-07
295 1.907766282007218e-07
296 1.8077682625157213e-07
297 1.4675835180353735e-07
298 1.6819490135394287e-07
299 1.6395597801956544e-07
300 1.3128690728372664e-07
301 1.947316466978613e-07
302 1.7906816449119706e-07
303 1.7790740059776637e-07
304 2.1395468760703361e-07
305 2.0270473543448447e-07
306 2.1666327325051796e-07
307 8.609867336446348e-08
308 1.5045454399536214e-07
309 2.0674462843293666e-07
310 1.3125634425826468e-07
311 1.2530930144512318e-07
312 1.7266147632711927e-07
313 1.9240258956946607e-07
314 1.985602379738626e-07
315 1.3324782233231058e-07
316 1.313480970880535e-07
317 1.196590276572533e-07
318 1.3666151430811638e-07
319 1.6159069057078651e-07
320 1.9068316409711527e-07
321 1.1861843370702766e-07
322 1.1258144247767592e-07
323 2.5043807381088265e-07
324 1.745033768862463e-07
325 1.864909822267476e-07
326 1.5741797678130068e-07
327 9.997973401552666e-08
328 2.1710862016835512e-07
329 1.3956503528640247e-07
330 1.7680841362318881e-07
331 1.3336154696990508e-07
332 2.2149331523496653e-07
333 1.0154655029642045e-07
334 1.0577757939725052e-07
335 1.853379580882581e-07
336 1.1500284818522021e-07
337 1.2814931453137259e-07
338 1.831664907717619e-07
339 1.7049679521269036e-07
340 1.727554065051168e-07
341 1.4021326735004801e-07
342 2.0005154361661956e-07
343 2.4048679049506255e-07
344 1.273885420323901e-07
345 1.2790350215539732e-07
346 1.3541689954108693e-07
347 1.3704875977388546e-07
348 1.6080400351406924e-07
349 1.2564697469850455e-07
350 1.4507840064806535e-07
351 1.580274469201536e-07
352 1.033041775083345e-07
353 1.4335633159218015e-07
354 9.09442578787099e-08
355 1.9325348275629837e-07
356 1.604406477363483e-07
357 1.9290821696266696e-07
358 1.5371667287159547e-07
359 1.91731851853209e-07
360 1.6467448576267767e-07
361 2.1211203134042087e-07
362 1.0778612101126735e-07
363 9.005508652233903e-08
364 1.5063264234958929e-07
365 1.0918413464519552e-07
366 1.9843438471116776e-07
367 1.89202006384783e-07
368 1.8671132946741164e-07
369 1.3424648453168632e-07
370 1.5153824593906335e-07
371 1.126239792306565e-07
372 1.0858786577708205e-07
373 1.4728448779063107e-07
374 1.705256533483998e-07
375 1.1367432888314219e-07
376 1.450088136529602e-07
377 1.4561925130851834e-07
378 1.511435570890073e-07
379 1.4821617893336516e-07
380 2.1346591261049774e-07
381 9.711727038642204e-08
382 1.249207854422667e-07
383 1.3235430159727848e-07
384 2.1474606685632573e-07
385 9.910491583524115e-08
386 2.3805550789793847e-07
387 1.0688394210672196e-07
388 9.125575961263964e-08
389 9.088422134091004e-08
390 1.4120120809339878e-07
391 1.0311573553609845e-07
392 1.3343716054369968e-07
393 1.34305045653744e-07
394 1.747205808987073e-07
395 1.606290620222703e-07
396 1.7128834728765703e-07
397 1.1277787970957389e-07
398 1.7926529961220517e-07
399 1.960352269592966e-07
400 2.12692032977569e-07
401 1.6992981355549185e-07
402 1.6597575041801118e-07
403 1.3312614152705043e-07
404 2.0231857186659817e-07
405 1.8201065574338726e-07
406 1.3284707569165024e-07
407 1.48443029988635e-07
408 1.472061169549215e-07
409 8.195286166065667e-08
410 9.658052534327714e-08
411 1.08516505150878e-07
412 1.1225130402420923e-07
413 1.8518309396456974e-07
414 8.268679769771393e-08
415 1.7288540787795624e-07
416 9.970679450875228e-08
417 1.293204654383191e-07
418 1.891130581127069e-07
419 1.3226710824976503e-07
420 1.4349989697644524e-07
421 1.580481988330201e-07
422 1.9949218731831275e-07
423 1.7573464279177107e-07
424 7.55114856777516e-08
425 2.4677011596066747e-07
426 1.234116472262779e-07
427 1.3749533311042532e-07
428 1.4922965966777113e-07
429 1.7716880075854522e-07
430 2.3369808524204038e-07
431 9.36906246774665e-08
432 9.274542394602301e-08
433 1.195620249622538e-07
434 1.762627763714327e-07
435 2.1569543841948724e-07
436 1.1902066476233873e-07
437 2.0109341815849606e-07
438 1.8684833981917657e-07
439 1.2322698778837372e-07
440 1.4304471120115453e-07
441 1.911182888636901e-07
442 1.7879936734945516e-07
443 6.230275430906343e-08
444 1.9849658782545192e-07
445 1.819282713080887e-07
446 7.922893730681745e-08
447 1.0112769657904444e-07
448 1.7943437283694798e-07
449 1.5736159075234406e-07
450 1.5010908575447205e-07
451 7.974654606965102e-08
452 1.9365667512595752e-07
453 1.3227660583625613e-07
454 1.8264879333286576e-07
455 1.6092087999294668e-07
456 1.8776530454731717e-07
457 1.364025369110605e-07
458 9.617481919462296e-08
459 1.5573173249165296e-07
460 1.0557551575198488e-07
461 9.286431185033423e-08
462 1.8921736286124387e-07
463 1.416954991939535e-07
464 1.4284532416563538e-07
465 2.243421251289032e-07
466 1.3180484383302442e-07
467 1.542999921543225e-07
468 1.2948129421590184e-07
469 2.0802185082912873e-07
470 1.6520520826065122e-07
471 1.3539204397520973e-07
472 2.1420061672387196e-07
473 1.6314905871021648e-07
474 1.7538570467079217e-07
475 1.704933853316022e-07
476 1.0538344694721118e-07
477 1.6751850551932253e-07
478 1.445334764318261e-07
479 1.4215003193824158e-07
480 1.6400803126875985e-07
481 9.712500677803391e-08
482 9.406812787570815e-08
483 1.0451445280812759e-07
484 2.7335212087111738e-08
485 1.9384929702242353e-07
486 1.7347459249496117e-07
487 1.7720144397952075e-07
488 1.6835473362364438e-07
489 1.36883950622781e-07
490 1.5840552776742741e-07
491 1.2984162902274393e-07
492 1.0747178287278612e-07
493 1.2112085115307577e-07
494 1.4582245581869321e-07
495 1.258244621657974e-07
496 1.5899552449119853e-07
497 1.3811612710896118e-07
498 2.3111114349112341e-07
499 2.2358313235786128e-07
500 1.1993832889951905e-07
501 1.415116361815721e-07
502 1.1401974581421738e-07
503 1.6433981190427676e-07
504 1.5559076359873818e-07
505 1.5266004818774224e-07
506 1.3646657203277476e-07
507 1.5579558051494318e-07
508 6.137958094916896e-08
509 1.433957350046137e-07
510 1.8971567006797055e-07
511 1.924158972480715e-07
512 1.6550083293738994e-07
513 7.221463691094521e-08
514 2.366546641011774e-07
515 1.8936837841337542e-07
516 1.5307670550545267e-07
517 9.33103889885976e-08
518 1.708228750233599e-07
519 1.1566234101979552e-07
520 1.231594736292564e-07
521 1.486391299020708e-07
522 1.0545739320684423e-07
523 1.4591015636640279e-07
524 1.494472585127157e-07
525 1.3397705027215963e-07
526 1.8328221883951488e-07
527 2.1645401428867027e-07
528 1.3036659011354557e-07
529 1.137723517377648e-07
530 1.2864859222713906e-07
531 1.684121849285064e-07
532 1.2708184765108257e-07
533 1.3878227105299494e-07
534 1.3102335327175184e-07
535 1.0205946058020812e-07
536 1.085978056949815e-07
537 1.5493456142621258e-07
538 1.5911989474281928e-07
539 9.094378419145692e-08
540 2.0753527730782976e-07
541 1.4408805193470968e-07
542 1.9978112946751822e-07
543 1.323165584502925e-07
544 1.5261299675256773e-07
545 1.9278741222890536e-07
546 1.784271311097152e-07
547 1.65330625318852e-07
548 8.039007083783863e-08
549 1.3556927577810803e-07
550 1.9144965681026577e-07
551 1.712225219385211e-07
552 1.7988327089282148e-07
553 1.8151398548366126e-07
554 1.984821136260624e-07
555 2.004352886975465e-07
556 1.2632852528106164e-07
557 2.0253636297676231e-07
558 1.4267335405236957e-07
559 6.916729094698776e-08
560 1.3017683877368025e-07
561 1.456881926001926e-07
562 1.0187987070678156e-07
563 1.1370576056298725e-07
564 1.0657621551847793e-07
565 2.4891871268774906e-07
566 2.017491172565914e-07
567 8.089672647533886e-08
568 1.148245278740393e-07
569 1.4139953517794515e-07
570 1.3716319657098255e-07
571 1.9624162159486776e-07
572 1.5773340691094012e-07
573 1.6372829645994806e-07
574 1.6105233821205106e-07
575 1.5419157192463068e-07
576 1.1849665304297374e-07
577 2.0100659232522806e-07
578 1.468205450760378e-07
579 9.181684862275322e-08
580 1.2713773262915007e-07
581 1.4170322627234762e-07
582 1.231180059886713e-07
583 4.92640391879718e-08
584 2.040148769560726e-07
585 6.44123025359583e-08
586 1.734768794110089e-07
587 1.811033622255734e-07
588 1.679350283311447e-07
589 2.0983173836365242e-07
590 2.032152198338951e-07
591 1.8667643183593636e-07
592 6.82179474458167e-08
593 1.8779273645269892e-07
594 1.0896656138282647e-07
595 2.3432623020823356e-07
596 2.092301050812893e-07
597 1.6222064543921942e-07
598 1.58014909394836e-07
599 1.3887540869627564e-07
600 2.4416363847656583e-07
601 2.0117884062930226e-07
602 1.2416022438272634e-07
603 1.5688185298624393e-07
604 1.4253071728938529e-07
605 1.3905231297977332e-07
606 1.4296638218045703e-07
607 1.5605838796008769e-07
608 1.7574491215373705e-07
609 2.233834625423959e-07
610 1.4897240273940968e-07
611 1.1584160996631473e-07
612 1.2091062289219663e-07
613 1.820603404359822e-07
614 1.4551405787329392e-07
615 1.0972716103496143e-07
616 1.4032985801911804e-07
617 1.475922540394296e-07
618 1.2821841690611722e-07
619 2.060157547302764e-07
620 1.8108269267113706e-07
621 1.4924575403525112e-07
622 8.765963090801452e-08
623 1.1135246555626072e-07
624 1.075097170594835e-07
625 1.2474406337308404e-07
626 1.0377315165507829e-07
627 1.7100296021444746e-07
628 1.7145483375973463e-07
629 2.0812467913287172e-07
630 1.5765262578460546e-07
631 2.2370260298939953e-07
632 1.6278388287956688e-07
633 1.4412843673823006e-07
634 1.4070170057987323e-07
635 1.331090771007836e-07
636 1.3328369903927153e-07
637 1.266403982552756e-07
638 1.9066915671201905e-07
639 1.3621807742178072e-07
640 1.467317199269694e-07
641 1.1700082043477242e-07
642 1.25218084853126e-07
643 1.5897626395224684e-07
644 1.5761453922935132e-07
645 1.7737234257116417e-07
646 2.1327550572084252e-07
647 8.816498403005652e-08
648 1.3389011510080365e-07
649 1.5230535392672906e-07
650 9.630624009647361e-08
651 1.389918719869725e-07
652 1.9517055676932972e-07
653 1.3793695311378746e-07
654 1.6133248673598073e-07
655 1.2274612258071843e-07
656 9.65049577485163e-08
657 1.9008113586533622e-07
658 1.6673548696053076e-07
659 1.7348514692229063e-07
660 1.3940731641418996e-07
661 1.5057053345110604e-07
662 1.404277029761012e-07
663 1.543389232214026e-07
664 1.1484825584385687e-07
665 1.2217957647828898e-07
666 1.546557565717825e-07
667 1.2057391732648252e-07
668 1.501329514365471e-07
669 1.9333069360418778e-07
670 2.00437272178821e-07
671 7.050176013310046e-08
672 1.717466219408914e-07
673 1.0422855443429089e-07
674 1.1713147178712016e-07
675 1.5996740794139407e-07
676 1.2050908740862302e-07
677 1.3196964733453222e-07
678 1.3131659377310912e-07
679 1.764576039915302e-07
680 8.033930395919339e-08
681 1.4230941213527915e-07
682 1.9917393879220805e-07
683 7.594133470098677e-08
684 1.68357593766892e-07
685 1.7991839865175784e-07
686 2.0769720329300061e-07
687 1.2257376687620296e-07
688 1.3249829988291236e-07
689 2.3573167886076622e-07
690 1.3018674622301105e-07
691 2.0725684390154264e-07
692 1.1619887043674336e-07
693 9.544409888273567e-08
694 8.86646802310864e-08
695 1.327263342256852e-07
696 1.8926637204807669e-07
697 1.4877917278355167e-07
698 1.5778330430973504e-07
699 1.9340926710152193e-07
700 1.632477498155918e-07
701 1.7397629422346365e-07
702 1.0216929873361971e-07
703 1.947092208696894e-07
704 8.797454445282398e-08
705 1.8355356552242699e-07
706 1.329033452152598e-07
707 1.8427442678701498e-07
708 1.2290061294152508e-07
709 1.2871006981915419e-07
710 1.6988618248202585e-07
711 1.7338934973089003e-07
712 1.5194642225895168e-07
713 1.686461732797023e-07
714 1.5762655359576455e-07
715 1.2343782230884593e-07
716 1.325144265517611e-07
717 2.038208066657476e-07
718 1.2627991024511448e-07
719 1.3242687075070553e-07
720 1.5568208708822195e-07
721 1.4809397334867755e-07
722 8.670036158464858e-08
723 7.084392480190355e-08
724 1.1037787478436797e-07
725 1.368078334178136e-07
726 1.6371651757635166e-07
727 1.4666576045094435e-07
728 2.017165358062871e-07
729 1.7930284068978396e-07
730 1.8973112179385633e-07
731 9.50042770094305e-08
732 1.3332203256046306e-07
733 9.18935136672181e-08
734 9.963673762647913e-08
735 1.936797655953679e-07
736 1.508939059363024e-07
737 1.6274593988054478e-07
738 1.0719768139402588e-07
739 1.209907205280994e-07
740 1.5089520733879694e-07
741 2.0455816492646392e-07
742 1.1273474365461306e-07
743 1.153787015749743e-07
744 9.005726241695531e-08
745 1.5790282490858808e-07
746 1.827352522491891e-07
747 1.6939119026255217e-07
748 2.3932380745554956e-07
749 1.4813988053211128e-07
750 1.4760970758250917e-07
751 1.3739748283606858e-07
752 1.464890862530735e-07
753 1.4630548103561282e-07
754 1.4685605292766583e-07
755 1.5023629962754736e-07
756 1.9466978270162662e-07
757 1.0822763733196146e-07
758 1.522406386217359e-07
759 1.1099147482061738e-07
760 2.024636468298293e-07
761 1.62086154579323e-07
762 1.8019750032737008e-07
763 1.2436132915780204e-07
764 1.8622843589512452e-07
765 1.6314432377577532e-07
766 2.1023779714330809e-07
767 1.783596554392497e-07
768 1.1523618066621181e-07
769 1.3800893067753044e-07
770 1.857128777213479e-07
771 1.3779547954305597e-07
772 2.1567050258687294e-07
773 9.604017146169125e-08
774 1.680370540801488e-07
775 1.1755740940319667e-07
776 1.636493429527531e-07
777 1.2144321196196765e-07
778 1.9601513231592317e-07
779 1.5409435089084613e-07
780 1.1106018741649912e-07
781 1.1212630585372941e-07
782 1.553343614667794e-07
783 1.848441705565166e-07
784 5.7921814343712776e-08
785 6.455870129367474e-08
786 2.3408298991812464e-07
787 1.1075554310037163e-07
788 1.6409848347431312e-07
789 1.4501708928989963e-07
790 2.1966328171092342e-07
791 1.1863373653577445e-07
792 2.0208496338611285e-07
793 1.6288364905770223e-07
794 2.201715051725602e-07
795 2.071184234509654e-07
796 1.8138291624054885e-07
797 1.5722907999580556e-07
798 1.219592238518519e-07
799 1.5499696679078766e-07
800 1.3759413584318477e-07
801 1.713386358295369e-07
802 1.6727723762432057e-07
803 1.7290866841913447e-07
804 1.520254800160626e-07
805 1.0296778525084407e-07
806 1.898054417013677e-07
807 1.5484713490368886e-07
808 1.2503357643186486e-07
809 1.8975434034715088e-07
810 1.3249053317170826e-07
811 1.467629890928158e-07
812 1.5423417276765317e-07
813 1.6779863747595174e-07
814 1.284999960971958e-07
815 9.342590242958754e-08
816 2.1795323414940136e-07
817 1.5638527091336532e-07
818 1.4266308644504213e-07
819 1.7041181847081798e-07
820 5.053167213870048e-08
821 1.6732638725049165e-07
822 2.010181052337643e-07
823 1.1338590779620593e-07
824 9.539846786282114e-08
825 1.3547156236147045e-07
826 1.7835801312596257e-07
827 1.5192752281178938e-07
828 1.9963834190208318e-07
829 2.1607271182441888e-07
830 1.1316523525386561e-07
831 8.84470959058811e-08
832 2.2992456806804807e-07
833 1.870234164901493e-07
834 1.411599806039708e-07
835 1.3519890453508619e-07
836 1.4795674538715105e-07
837 1.5969825016172727e-07
838 1.0733785920814322e-07
839 2.3754754286927226e-07
840 1.5533680958113917e-07
841 1.3544149957055873e-07
842 1.2049469756922415e-07
843 1.8094607625041727e-07
844 2.0620543426983023e-07
845 1.5931399305564193e-07
846 1.1776999950511118e-07
847 1.0744271076077767e-07
848 1.5358653021074783e-07
849 1.471365463837679e-07
850 1.9893910295915097e-07
851 1.5586400687243678e-07
852 6.953203517152156e-08
853 2.1217812777251596e-07
854 1.9101921479596417e-07
855 1.4442488363325932e-07
856 9.979261513299453e-08
857 1.3290362527052112e-07
858 1.2579602542614753e-07
859 8.806390026859999e-08
860 1.7621718029985926e-07
861 1.8367136923194459e-07
862 1.9281078284685226e-07
863 1.407068641906515e-07
864 1.2794091096461596e-07
865 9.642730008413692e-08
866 1.2188426418852432e-07
867 1.2617514160285345e-07
868 2.08702121423458e-07
869 1.7902028684777418e-07
870 1.6301817381961733e-07
871 1.5684508435302408e-07
872 1.356268175747305e-07
873 1.8999701350268666e-07
874 2.213837710534776e-07
875 1.5132542486894764e-07
876 1.4340730724981528e-07
877 1.6306746289465663e-07
878 1.6664412067556768e-07
879 8.048028117631821e-08
880 2.0072672658968208e-07
881 1.2171103424631225e-07
882 9.937308895423009e-08
883 1.340708233731492e-07
884 1.1717603820602639e-07
885 1.1844310950213498e-07
886 1.6895549210832932e-07
887 1.7709497040301664e-07
888 1.5630763351762233e-07
889 1.855649760575271e-07
890 1.4601477185926595e-07
891 1.4197411132907257e-07
892 1.2438693012111772e-07
893 2.1600662171076844e-07
894 1.007819153379298e-07
895 1.0111760290992732e-07
896 8.348536506056452e-08
897 1.6543636685813303e-07
898 1.333977316624728e-07
899 1.915225911158617e-07
900 1.5753876652962328e-07
901 1.0867009175285643e-07
902 2.345511247497573e-07
903 2.1075562272104057e-07
904 1.0999599000557966e-07
905 1.268776884789355e-07
906 1.7149743479533498e-07
907 1.706926671821365e-07
908 1.2946258050329981e-07
909 2.2997661462736657e-07
910 1.1035642053921861e-07
911 1.7983124604199982e-07
912 2.1295288028515235e-07
913 1.2098154376451095e-07
914 1.3693008249847662e-07
915 1.7309592302558462e-07
916 1.4421664312669556e-07
917 1.3903081323725634e-07
918 1.6060784826859095e-07
919 1.5912213391479007e-07
920 1.280413840847302e-07
921 1.686763101649175e-07
922 1.5278243835779145e-07
923 1.7060895359951118e-07
924 2.0472351588614114e-07
925 2.0757222797719902e-07
926 1.1230638114405158e-07
927 1.9209831534994976e-07
928 1.4904457175243064e-07
929 1.309838902046911e-07
930 2.048196979258166e-07
931 1.1223359365274599e-07
932 1.388372559711141e-07
933 1.238755230877647e-07
934 1.042313879743016e-07
935 1.661006609834625e-07
936 2.146140987487725e-07
937 1.285709287184043e-07
938 1.540847103125699e-07
939 1.4071816378189943e-07
940 8.764009654473937e-08
941 1.3237830618374675e-07
942 1.451191997394252e-07
943 1.7327393276010506e-07
944 1.7776772289267143e-07
945 1.8078687720606e-07
946 1.9642825256177224e-07
947 1.639094469303181e-07
948 2.005786916434379e-07
949 1.6301488792912912e-07
950 1.6369931522334816e-07
951 1.885760694364195e-07
952 1.2054279790400761e-07
953 1.412777181804529e-07
954 1.3519889961409724e-07
955 9.521000372736019e-08
956 1.8212924699340693e-07
957 1.4525593497018708e-07
958 1.7951572850302362e-07
959 1.3550324719780624e-07
960 1.2474589772092146e-07
961 7.706864204375053e-08
962 1.2222155254092544e-07
963 1.712285287129968e-07
964 1.6941972403007017e-07
965 1.7481197198594613e-07
966 1.392111382238611e-07
967 1.64862428376827e-07
968 1.793604116584257e-07
969 1.310110870948518e-07
970 1.8224769511789786e-07
971 1.7630294632733313e-07
972 2.080439152029676e-07
973 1.3247951765864853e-07
974 1.7498172928439454e-07
975 1.6113354503145728e-07
976 1.6978325015385442e-07
977 9.767957994289019e-08
978 1.59514058565296e-07
979 1.7665809841717085e-07
980 1.857440482953581e-07
981 1.0564917197445375e-07
982 1.4493538725893892e-07
983 1.567446196668905e-07
984 2.3213337089134452e-07
985 1.8123987847050177e-07
986 1.1363644341084e-07
987 1.604898485847026e-07
988 1.143131014498991e-07
989 1.7000553659228843e-07
990 1.6534700011248868e-07
991 1.3483617048326603e-07
992 1.4486687005398742e-07
993 1.249146530424717e-07
994 1.4074798760420392e-07
995 1.9034601879275194e-07
996 1.6326764898783674e-07
997 1.5846162150985571e-07
998 2.1579258629360792e-07
999 1.3941132910913859e-07
