0 2.2951860466988265e-07
1 1.7690601819299156e-07
2 1.6183564523001971e-07
3 1.8558123935453598e-07
4 2.0326660781366432e-07
5 9.472349635036664e-08
6 2.110787347611446e-07
7 1.5500831179461328e-07
8 9.226212693839936e-08
9 1.7602919765152683e-07
10 2.060955561467076e-07
11 1.5297621768843458e-07
12 1.9273492614945445e-07
13 1.2200152340525328e-07
14 1.286719736883384e-07
15 1.5386211296107584e-07
16 2.0834485551143175e-07
17 1.5920056467109878e-07
18 1.4513738049291464e-07
19 1.810850348549713e-07
20 1.5927051281201782e-07
21 1.5583628759566062e-07
22 1.5300138045755998e-07
23 1.8471027417803323e-07
24 1.7370509078786795e-07
25 1.3149331757895733e-07
26 1.983468422398114e-07
27 1.536903843760655e-07
28 1.7522271310859092e-07
29 1.4789894443346115e-07
30 1.8723580800088178e-07
31 1.6877655633288716e-07
32 1.7391525039964175e-07
33 1.2173721420340092e-07
34 1.2946748052828524e-07
35 1.2524598596884932e-07
36 1.8473668473887374e-07
37 1.6221854858730928e-07
38 1.4873913934278028e-07
39 1.1511032997642241e-07
40 1.551892782381937e-07
41 2.2242370522899369e-07
42 1.537105845858409e-07
43 1.9622503420085858e-07
44 1.3233922066309065e-07
45 2.1196942518058021e-07
46 1.1818211488102461e-07
47 1.3691556229664344e-07
48 1.6643678688365096e-07
49 1.5863597538273266e-07
50 1.1090748081805965e-07
51 1.7287305230676216e-07
52 1.530763066613279e-07
53 2.0295278803131052e-07
54 1.613852083673688e-07
55 1.5821120816848793e-07
56 1.7062255201342565e-07
57 1.3178890684837983e-07
58 1.4806153034868996e-07
59 1.7871854166069992e-07
60 1.6299054664109182e-07
61 1.6763095000450913e-07
62 1.5115812371468935e-07
63 1.4921394830679155e-07
64 1.4154044400596674e-07
65 1.411029089322566e-07
66 1.497070900796303e-07
67 1.2672704309079832e-07
68 1.6294225794827113e-07
69 1.9003137781745983e-07
70 1.9093627818848724e-07
71 1.5272252646465044e-07
72 1.754853035926436e-07
73 1.8504886330172466e-07
74 1.706097642522803e-07
75 9.281886502326347e-08
76 1.6138464733792822e-07
77 1.3180022302628938e-07
78 2.126576678983824e-07
79 1.601005649580818e-07
80 1.6454562768757655e-07
81 1.5593783958294282e-07
82 1.998536737922588e-07
83 2.4392373000614163e-07
84 1.4234376206836949e-07
85 1.77022322737341e-07
86 1.902559563215051e-07
87 1.246938012923271e-07
88 1.726739467402678e-07
89 1.686629901286082e-07
90 1.7623210890770664e-07
91 2.2415089098651336e-07
92 1.8040186603121917e-07
93 1.1402889025535764e-07
94 1.95969339465973e-07
95 1.7681592040547426e-07
96 1.428961579133539e-07
97 1.3070467751656481e-07
98 1.429198536892765e-07
99 1.2271120446704647e-07
100 1.919451711318083e-07
101 1.449404395626147e-07
102 1.9329989984672002e-07
103 1.7440163834164895e-07
104 2.2797425815794958e-07
105 1.5172807314157342e-07
106 1.3784844554458597e-07
107 1.8852372019428839e-07
108 1.329358836666601e-07
109 1.706573780999639e-07
110 1.5536271927470422e-07
111 1.759301508456173e-07
112 1.662858824759148e-07
113 7.22566839196481e-08
114 2.0373136209811543e-07
115 1.624898039786386e-07
116 1.4801887336161373e-07
117 1.5477913476365896e-07
118 1.9394657676623255e-07
119 1.5258576238967293e-07
120 1.2434183389400875e-07
121 1.8938107038172147e-07
122 1.377073248666032e-07
123 1.6170940986932014e-07
124 1.7054733680027686e-07
125 2.1568835508040964e-07
126 1.4725004305083637e-07
127 1.418876863077374e-07
128 2.0314471725323886e-07
129 1.8003881432965675e-07
130 1.3553393088242642e-07
131 1.456051646847328e-07
132 1.8615712689245027e-07
133 1.1727986215103557e-07
134 1.276477077480973e-07
135 1.7036247179446557e-07
136 1.766310522588782e-07
137 2.0818096301177008e-07
138 1.7996474283860293e-07
139 1.6853690976452387e-07
140 1.535529424043262e-07
141 1.404101715677407e-07
142 1.6569855899884316e-07
143 1.3073027495096502e-07
144 1.7908647901397322e-07
145 1.7129445551946162e-07
146 1.1089455325468123e-07
147 1.41016849996545e-07
148 1.1371977925801328e-07
149 1.554879383503813e-07
150 1.7993886344109782e-07
151 1.7390781657373932e-07
152 1.7828118265914807e-07
153 1.9302286822755698e-07
154 1.4824003765545962e-07
155 1.655283181283692e-07
156 1.570145254542604e-07
157 1.8592081512865452e-07
158 1.8904715089592726e-07
159 1.861072131567466e-07
160 1.6982660889656128e-07
161 1.609591100877182e-07
162 1.9107462178407273e-07
163 1.174112082388266e-07
164 1.4519043839976865e-07
165 1.203940543701332e-07
166 1.73129868776304e-07
167 1.6003190935234173e-07
168 2.1847869559703105e-07
169 1.5102936827267558e-07
170 1.9523470634304629e-07
171 1.2855654287271576e-07
172 1.4560830913450886e-07
173 1.6840535717099158e-07
174 1.3228663812756685e-07
175 1.6294836270499518e-07
176 1.766077205547158e-07
177 1.351678790465061e-07
178 1.3292089970858822e-07
179 1.650888372993454e-07
180 1.455029822532744e-07
181 1.9997896369560738e-07
182 1.809914210512275e-07
183 1.4028947934426917e-07
184 1.8254166913692376e-07
185 1.723279351773132e-07
186 1.6223469605313827e-07
187 1.879992653236735e-07
188 1.2355299230793313e-07
189 1.2594677519800246e-07
190 1.8226263191496206e-07
191 1.574396785157027e-07
192 1.2527514256254762e-07
193 1.1064632272079132e-07
194 1.6366596480154355e-07
195 1.6263870040036384e-07
196 2.2973505595833178e-07
197 1.5133416493339093e-07
198 1.678353464081182e-07
199 1.8605884660261726e-07
200 1.6073389402682823e-07
201 1.700655944070958e-07
202 1.823421943685322e-07
203 1.6897261286981756e-07
204 2.1487914710929894e-07
205 2.3256154617819488e-07
206 2.0427967635845716e-07
207 1.6457765276321966e-07
208 1.0884152830578428e-07
209 1.317642467137752e-07
210 1.895439743819336e-07
211 1.6808748360524844e-07
212 1.6713393544767208e-07
213 1.458920161101969e-07
214 1.243938458469534e-07
215 1.4414081832134278e-07
216 1.9672951111308852e-07
217 2.221241475822546e-07
218 1.224801418045767e-07
219 2.27340376844517e-07
220 1.3491282982697889e-07
221 1.9232473188771782e-07
222 2.0891199043523126e-07
223 1.9995282021439333e-07
224 1.7684189447093227e-07
225 2.011438785958291e-07
226 1.8097547162981741e-07
227 8.474693190867783e-08
228 1.672484330654166e-07
229 1.5369519898349907e-07
230 1.469406136175173e-07
231 1.650149731505017e-07
232 1.2775458598801994e-07
233 1.6709678184082274e-07
234 1.540609048856204e-07
235 1.2515878286956979e-07
236 2.1406055220322037e-07
237 1.6155135788916713e-07
238 1.6784541282721906e-07
239 1.8223098433150186e-07
240 2.0096144222688128e-07
241 1.1306365201259896e-07
242 1.3788635499293067e-07
243 1.414939799559647e-07
244 1.1433485824038915e-07
245 1.350322039594317e-07
246 1.4160966060210608e-07
247 1.8918063101110467e-07
248 1.913784463192884e-07
249 1.259278080974365e-07
250 1.952938515010374e-07
251 2.3559741616744186e-07
252 1.8198349687925834e-07
253 1.3995280480280993e-07
254 1.2417807272896287e-07
255 1.5941548167671537e-07
256 1.6026456954239285e-07
257 1.6480831843236672e-07
258 1.2240688045631315e-07
259 1.260075751903103e-07
260 1.6736736701155821e-07
261 1.514007088563905e-07
262 1.3320551282944837e-07
263 1.5870150267481043e-07
264 7.498554323609301e-08
265 1.9803327731644646e-07
266 1.4178819049788454e-07
267 1.8962853305268676e-07
268 2.197273019259082e-07
269 1.8104606717334632e-07
270 2.1552298226126046e-07
271 1.5760290929134355e-07
272 1.8370469225514857e-07
273 1.8410048125502244e-07
274 1.243682290541976e-07
275 1.2404233882131682e-07
276 1.3489636332204318e-07
277 1.3738067609074727e-07
278 1.7878391237245462e-07
279 1.5954991147559274e-07
280 2.1411601648692884e-07
281 1.3770449455727054e-07
282 1.459942930525428e-07
283 1.5874253036586076e-07
284 1.342846807553716e-07
285 1.6038362364299287e-07
286 1.7546108881129571e-07
287 1.8479028658847128e-07
288 1.6057500332170621e-07
289 2.0225309531897798e-07
290 1.613180360623478e-07
291 1.8073100393845318e-07
292 1.4689702604578476e-07
293 1.783404832250318e-07
294 1.5114828258725878e-07
295 2.09660508507392e-07
296 1.0625810376659176e-07
297 1.8071933802464244e-07
298 1.7895408376707466e-07
299 1.4906827031125742e-07
300 1.670942185516719e-07
301 1.881671421877927e-07
302 1.9756409252237962e-07
303 1.6172186889392612e-07
304 2.0034133654576266e-07
305 2.3460367486868127e-07
306 1.9527526636295642e-07
307 1.2266507845918377e-07
308 1.5318969428104504e-07
309 1.8104850009336996e-07
310 1.554483619733325e-07
311 9.366008983656965e-08
312 1.8274262782882617e-07
313 1.6535933726593e-07
314 1.9139106381700135e-07
315 1.267473005956512e-07
316 1.6255069524532334e-07
317 1.6990404258644014e-07
318 1.5387374809136958e-07
319 1.444140880156701e-07
320 2.1988494785912472e-07
321 1.2460109116779535e-07
322 1.4750474256486204e-07
323 1.7984085629775726e-07
324 1.4291241508435027e-07
325 1.956788893796099e-07
326 1.6162101686344325e-07
327 1.2573949895166769e-07
328 1.8416124119866936e-07
329 2.1352396874328652e-07
330 1.7790076357442213e-07
331 1.58265325888715e-07
332 1.9462218536080304e-07
333 1.7289350811800432e-07
334 8.293834294643705e-08
335 1.720097845816814e-07
336 1.7353281715576602e-07
337 1.3620151305591468e-07
338 1.6858350595995043e-07
339 1.3236856168040543e-07
340 1.8764026554988414e-07
341 1.6869787128475143e-07
342 1.2521577422791994e-07
343 2.149747428937867e-07
344 1.41921438903081e-07
345 1.582749956629814e-07
346 1.5528982724600554e-07
347 1.6688098813751004e-07
348 1.6412804821351206e-07
349 1.1862932299050146e-07
350 1.8924241906882416e-07
351 1.7037093926991541e-07
352 1.840618876886664e-07
353 1.6193284941528464e-07
354 1.314459597844214e-07
355 1.906176266147779e-07
356 1.9892524290510298e-07
357 2.1225851752932885e-07
358 1.507610748104237e-07
359 1.850442508604375e-07
360 1.7065493494937513e-07
361 2.09958331362906e-07
362 1.6190174852922322e-07
363 1.6216407048863603e-07
364 1.752352936782977e-07
365 1.6969906585420683e-07
366 1.4279143196062218e-07
367 2.0148692045609938e-07
368 1.4253853039849607e-07
369 1.334886375865403e-07
370 1.6210255742685038e-07
371 1.5857840800487095e-07
372 1.7148826888398362e-07
373 1.185368176350858e-07
374 1.8194373179430346e-07
375 1.3180218149929633e-07
376 1.9562670068920403e-07
377 1.8688968481061997e-07
378 2.3219523192661147e-07
379 9.302802569558613e-08
380 2.0078360907846134e-07
381 1.4324862995785587e-07
382 1.3947435949380314e-07
383 1.4687472141294631e-07
384 1.5130129722801275e-07
385 1.4662656688134243e-07
386 1.9880319128423934e-07
387 1.5641779319406936e-07
388 1.0047055769876116e-07
389 1.8955160125454307e-07
390 1.8902495727865374e-07
391 1.2340989665494664e-07
392 1.5880071765679993e-07
393 1.8071204833617192e-07
394 2.0499782396700388e-07
395 1.7677299563072567e-07
396 1.4104089088475524e-07
397 1.45939830763295e-07
398 1.8302071878292731e-07
399 1.5101764265218917e-07
400 1.979993389723857e-07
401 2.048542276826998e-07
402 1.7404275017498505e-07
403 1.572762049177259e-07
404 2.1265497280256634e-07
405 1.289087330261641e-07
406 1.443700838965452e-07
407 1.3371018290600086e-07
408 1.7521592859686624e-07
409 1.7668076381388178e-07
410 1.2186762747316903e-07
411 1.7289859402240924e-07
412 1.304943323227389e-07
413 1.290174507954852e-07
414 1.2885367527342722e-07
415 1.8394556980096753e-07
416 1.6112938512339317e-07
417 1.6371872375872768e-07
418 1.9496691797550735e-07
419 1.6414689311330673e-07
420 1.7269602121638176e-07
421 1.3306322965815414e-07
422 2.010308071667556e-07
423 1.4985423121270814e-07
424 8.196592836488195e-08
425 2.0837211179440516e-07
426 1.6359719554172948e-07
427 1.708719442894985e-07
428 1.2613207849926454e-07
429 1.9590934023993354e-07
430 2.0609994978479778e-07
431 1.395748635751564e-07
432 1.6851117623557196e-07
433 1.1355087320623009e-07
434 1.7759476119410737e-07
435 2.223960686721944e-07
436 2.2165530502804905e-07
437 2.119583836433126e-07
438 1.6306041797986935e-07
439 1.537868683206801e-07
440 2.1348239555644467e-07
441 2.1176508727518686e-07
442 1.602625429126709e-07
443 1.101922833002475e-07
444 1.8236236502658823e-07
445 1.9630750504773702e-07
446 9.714106738250322e-08
447 1.2622606435838824e-07
448 1.7612116935061208e-07
449 1.4077227943565852e-07
450 1.7034612314345321e-07
451 1.0804963453706627e-07
452 2.102099274392996e-07
453 1.2940073666098854e-07
454 1.7962578714127243e-07
455 1.6633626743872922e-07
456 1.50217299540809e-07
457 1.6586612847117288e-07
458 1.2412544652059035e-07
459 1.5240739978654054e-07
460 1.506195054608688e-07
461 1.3385729425635615e-07
462 1.8479611976136334e-07
463 1.582645219133999e-07
464 1.3206683921760362e-07
465 2.192469419328418e-07
466 1.267750413826551e-07
467 1.68150467168543e-07
468 1.442045556686262e-07
469 1.5417223135022624e-07
470 2.036390407437396e-07
471 1.636083363410035e-07
472 1.7431813083417875e-07
473 1.4851121341016075e-07
474 1.819591755118456e-07
475 1.8507947010682845e-07
476 7.875028946993278e-08
477 1.7214929741711019e-07
478 1.273262089340873e-07
479 1.2640010461111e-07
480 1.724601728142785e-07
481 1.0850516438388555e-07
482 1.611999857236319e-07
483 1.8310237586775432e-07
484 7.230675119150323e-08
485 1.932977176857702e-07
486 1.6606092130964202e-07
487 2.204578440403088e-07
488 1.7306998437088973e-07
489 1.6694359484200964e-07
490 1.6622829523126245e-07
491 1.6277512102234117e-07
492 1.358854811709384e-07
493 1.9824097440846408e-07
494 1.6010591767408982e-07
495 1.6320674865281824e-07
496 1.3812970366085634e-07
497 1.5982502603271144e-07
498 2.0767657052432294e-07
499 1.745682773344779e-07
500 1.3084713023277966e-07
501 2.1159946445192506e-07
502 1.3843852546131742e-07
503 1.6913204753569018e-07
504 1.2835371446694434e-07
505 2.0793994311227734e-07
506 1.7681525570428443e-07
507 1.5907945372214084e-07
508 1.1876701615852358e-07
509 1.235449321777135e-07
510 1.992463120837345e-07
511 1.6462307588367388e-07
512 1.9685236784218284e-07
513 1.3908250625047843e-07
514 1.4880948781828752e-07
515 1.80779184274043e-07
516 1.8758594225517926e-07
517 1.4648260080926336e-07
518 1.8213974604371912e-07
519 1.7852871125004543e-07
520 1.3741245161445213e-07
521 1.7007980401945558e-07
522 1.2263599245935635e-07
523 1.8768223345656124e-07
524 1.2844645847199434e-07
525 1.4280215797104042e-07
526 1.9381231134501037e-07
527 2.0474581483699303e-07
528 1.371192231944953e-07
529 1.4207924585057008e-07
530 1.3828859571427156e-07
531 1.1758162506963224e-07
532 1.3189837044529343e-07
533 1.223759752928492e-07
534 1.361305390595551e-07
535 1.6420045799072011e-07
536 1.2406563369192905e-07
537 2.1217524154240547e-07
538 1.7763386568975222e-07
539 1.2924817245373714e-07
540 2.0566393978717715e-07
541 1.1646250721489066e-07
542 1.6245589640759194e-07
543 1.250325248095048e-07
544 1.5617015364758983e-07
545 2.0688685653337154e-07
546 1.8663652293691433e-07
547 1.8592777739065584e-07
548 1.211475117624564e-07
549 1.5045504913524424e-07
550 1.5490968591164062e-07
551 1.7129412037004422e-07
552 1.2434852227683563e-07
553 1.6162884190937307e-07
554 1.418190084620179e-07
555 1.9493137702599465e-07
556 2.012550795750482e-07
557 1.809414157640584e-07
558 1.326489405487563e-07
559 1.3388246494667282e-07
560 1.657736095357665e-07
561 1.7413363305592306e-07
562 1.395022690001302e-07
563 8.977089105794722e-08
564 1.6291537153863164e-07
565 2.2172069203110509e-07
566 1.6061929152385553e-07
567 1.0061048032520661e-07
568 1.725937907643992e-07
569 1.1535586389221422e-07
570 1.8994371640723904e-07
571 1.6569176317723234e-07
572 1.473058156637102e-07
573 1.7753190493850512e-07
574 1.5446832748485614e-07
575 1.6471444139213344e-07
576 1.3959445685261898e-07
577 1.8140127115262517e-07
578 1.3360461782778735e-07
579 1.1635675998665916e-07
580 1.1313272328211679e-07
581 1.2521623760663146e-07
582 1.388777463606797e-07
583 1.1188067892803743e-07
584 1.5315616930886755e-07
585 1.4396944729740895e-07
586 2.034176612200957e-07
587 1.6946591239769453e-07
588 1.6027890904221429e-07
589 1.9724825482839098e-07
590 1.786189453032564e-07
591 1.811121027614995e-07
592 1.213632444142589e-07
593 1.6366452810287648e-07
594 1.2958625856778433e-07
595 2.1676242918380855e-07
596 1.6638741654364316e-07
597 1.7502219164829426e-07
598 1.3351409885249067e-07
599 1.769741756135669e-07
600 2.004803633097631e-07
601 1.3901040656686189e-07
602 1.8227805919123332e-07
603 1.9439099860658018e-07
604 1.779608932244191e-07
605 1.5619874870018395e-07
606 1.2266633578544393e-07
607 1.84760766269169e-07
608 2.1941472174086277e-07
609 1.3404413919987008e-07
610 1.346134284345539e-07
611 1.2719303336829343e-07
612 1.1349441812222695e-07
613 1.8137198131773352e-07
614 1.677357993868582e-07
615 1.3713039206608583e-07
616 1.9315044156602206e-07
617 1.7904217426761762e-07
618 1.2469752128488858e-07
619 1.9261719783427402e-07
620 1.5445065307004292e-07
621 1.6716652774570817e-07
622 8.860900645377575e-08
623 1.327533380242716e-07
624 1.7101164559102249e-07
625 1.703855888260261e-07
626 1.4962826733166156e-07
627 1.4700010661894198e-07
628 1.7832156879162116e-07
629 1.806964961446287e-07
630 1.3658498350764055e-07
631 1.8734928734254605e-07
632 1.781053454871813e-07
633 1.4131568203563299e-07
634 1.4087940552420096e-07
635 1.468499600272554e-07
636 1.4016623154466752e-07
637 1.298053678543166e-07
638 1.9819706182563406e-07
639 1.723211486855163e-07
640 1.5969730395706937e-07
641 1.9382271910387386e-07
642 1.4293117486654e-07
643 1.6938467212787943e-07
644 1.4277874977241596e-07
645 1.5655665889680018e-07
646 1.8440571202974275e-07
647 1.3250972209028684e-07
648 1.0580328200505254e-07
649 1.4715346687864897e-07
650 1.1640928437542086e-07
651 1.5375806678494649e-07
652 1.7462254946300758e-07
653 1.58522602743637e-07
654 1.9425699476266968e-07
655 1.603793261874868e-07
656 1.1751472004138387e-07
657 1.4254159985353004e-07
658 1.4315805008075545e-07
659 1.8642778700741633e-07
660 1.7171523448801046e-07
661 1.9024110801488762e-07
662 1.5189350805377363e-07
663 1.7291706430428992e-07
664 1.0818342365337816e-07
665 1.2018412292517015e-07
666 1.8839379798631223e-07
667 1.6657470201401262e-07
668 1.5653402262686096e-07
669 1.7358005971813505e-07
670 1.9004319826422653e-07
671 1.5493919034696763e-07
672 1.462466821311053e-07
673 1.6938374744954475e-07
674 1.7233719349418478e-07
675 1.000314847383322e-07
676 1.44546126550544e-07
677 1.379651777511228e-07
678 1.6027519047930212e-07
679 1.3701426016000468e-07
680 9.445253273630347e-08
681 2.169664564287872e-07
682 1.7232196312406775e-07
683 1.1855989907113637e-07
684 1.1592149242193589e-07
685 1.1430543739826921e-07
686 2.199160911372448e-07
687 1.5084910096117767e-07
688 1.1930653489130103e-07
689 1.828640001913735e-07
690 1.4101318980035584e-07
691 2.211486652778723e-07
692 1.3659684971093955e-07
693 1.5872470586990403e-07
694 1.0659905618924994e-07
695 1.5505359518797426e-07
696 1.7117492304274293e-07
697 1.5391427895891365e-07
698 1.9818840588590005e-07
699 1.9478850600043955e-07
700 1.9478782541969584e-07
701 1.6850812569907344e-07
702 1.1469980096024644e-07
703 1.6250208343768513e-07
704 1.4122113953255253e-07
705 1.7076295981217253e-07
706 2.1481383332005202e-07
707 2.1481677770559776e-07
708 1.7546418165164138e-07
709 1.52878835406759e-07
710 1.1165826281713424e-07
711 2.0760644894063916e-07
712 1.895862446933378e-07
713 1.763804415471616e-07
714 2.0658474419683623e-07
715 1.123246322863405e-07
716 1.4946905693121054e-07
717 1.4146599974297344e-07
718 1.3380033288925588e-07
719 1.2854661611773073e-07
720 1.458376603076365e-07
721 1.395847850760589e-07
722 1.456797540741575e-07
723 1.3089759771408168e-07
724 1.7367611766755506e-07
725 1.8210572097093287e-07
726 1.596891464991355e-07
727 1.5389718874755863e-07
728 1.6821276118813688e-07
729 2.09545444113795e-07
730 1.9405872363412664e-07
731 1.5094106195121978e-07
732 1.7449948746746732e-07
733 1.2788650192954828e-07
734 1.3303696724629483e-07
735 1.4174817865720645e-07
736 1.6911333750643887e-07
737 1.5757547484056125e-07
738 1.3151551560998846e-07
739 1.2224336097111094e-07
740 1.337137343514743e-07
741 1.814151928749278e-07
742 1.584915284775139e-07
743 1.8496557158190417e-07
744 1.58198206961651e-07
745 1.5213577798546933e-07
746 1.7186510523043025e-07
747 1.6949561714810902e-07
748 1.6050437801362303e-07
749 1.8998486872455539e-07
750 1.690093594851394e-07
751 1.6907196519573153e-07
752 1.747322173706532e-07
753 1.9821943103244082e-07
754 1.3941510131477534e-07
755 2.1394431280472047e-07
756 1.7129725459835564e-07
757 1.5415098988820026e-07
758 1.8754174338135808e-07
759 1.7907955501009405e-07
760 1.5080495311419502e-07
761 2.0334585745521097e-07
762 2.0066073413563818e-07
763 1.4180304395083275e-07
764 1.8567536018516911e-07
765 1.787324655769237e-07
766 1.692991106704415e-07
767 1.6926862326302214e-07
768 1.231023567622346e-07
769 2.0564787203114683e-07
770 1.9709514501575524e-07
771 1.554207562063505e-07
772 1.9048179243767885e-07
773 1.2954967181790374e-07
774 1.654106797794527e-07
775 1.2480919702034397e-07
776 2.012924596570148e-07
777 1.2469797783324263e-07
778 1.8982663402834516e-07
779 1.6237048649160652e-07
780 9.532100774821846e-08
781 1.3949118295844307e-07
782 1.1840657661003634e-07
783 1.5373111404441158e-07
784 1.0709491410654724e-07
785 1.512293429245103e-07
786 1.949384905056135e-07
787 1.2648485084692428e-07
788 1.6484218295077938e-07
789 1.9169215848046614e-07
790 1.8281863368992574e-07
791 1.2474854443459526e-07
792 2.2074544927936634e-07
793 1.8043484509742362e-07
794 2.1005098254978245e-07
795 1.8393868146320322e-07
796 1.7920067341340883e-07
797 1.7982542423938473e-07
798 1.5923009567816015e-07
799 1.9320481988942125e-07
800 1.5437185052730992e-07
801 1.6874409214199193e-07
802 1.4025267595976797e-07
803 1.3202508070442248e-07
804 1.597715233896847e-07
805 1.5261161349335134e-07
806 1.785649935851265e-07
807 1.5004665034480448e-07
808 1.496983724946102e-07
809 1.5268748548691618e-07
810 2.065079199009506e-07
811 1.890486690714078e-07
812 1.925220175043037e-07
813 1.4987182192214224e-07
814 1.6197769941154611e-07
815 1.6434812293216693e-07
816 1.9717868515605676e-07
817 1.7665987739616133e-07
818 1.6250106329139429e-07
819 1.542849846952795e-07
820 8.849004709015179e-08
821 1.797950164986905e-07
822 1.7747031112868093e-07
823 1.0875457558796737e-07
824 1.3680445349702338e-07
825 1.3715232140678255e-07
826 1.834537885360459e-07
827 1.5490537075244863e-07
828 2.2176965260110833e-07
829 1.9560542622075422e-07
830 1.3086627290217043e-07
831 1.217252197580275e-07
832 1.8820929026574167e-07
833 1.803620067295722e-07
834 1.5204886562113323e-07
835 1.9151617047658464e-07
836 1.745748964546709e-07
837 2.112161650050253e-07
838 1.598258672584005e-07
839 2.1086229911275014e-07
840 1.7900286270855863e-07
841 1.6307772130143236e-07
842 1.3561645115500728e-07
843 1.6357729910322577e-07
844 1.8174370812377345e-07
845 1.5842505198504065e-07
846 1.4140360887093846e-07
847 1.6845482289152804e-07
848 1.8770559486628138e-07
849 1.723890762126747e-07
850 1.7278920570896343e-07
851 1.8252025730579986e-07
852 1.5130873228808684e-07
853 1.2258183531016654e-07
854 1.722747456505663e-07
855 2.0972032867567588e-07
856 9.532305934155477e-08
857 1.2573778762336353e-07
858 1.2249701143330587e-07
859 1.5067060773903849e-07
860 1.913627597923483e-07
861 1.4303400902721095e-07
862 2.0800034178746448e-07
863 1.5042071434141377e-07
864 1.7464038910731557e-07
865 9.585066705431926e-08
866 1.2757430214411e-07
867 1.821349217902304e-07
868 1.7629216723581077e-07
869 1.849802987072369e-07
870 1.5032011332436584e-07
871 1.4897593263592718e-07
872 1.593506635356601e-07
873 1.9319776205993977e-07
874 2.0174464551036927e-07
875 1.724153622461232e-07
876 1.5054911412014376e-07
877 1.9133041722576367e-07
878 1.420296124400876e-07
879 1.4246794450063785e-07
880 1.4088287727806552e-07
881 1.883277075561376e-07
882 1.68880768408681e-07
883 1.1708322393201725e-07
884 1.3669577515202436e-07
885 1.580680664039609e-07
886 1.728816066100369e-07
887 1.2866421076031135e-07
888 1.5386279750807073e-07
889 1.8363259675643457e-07
890 1.9166343696500222e-07
891 9.456837696551948e-08
892 1.8691551425608762e-07
893 1.9103535792214472e-07
894 9.227905615919854e-08
895 8.337168555484321e-08
896 1.4093389786369825e-07
897 1.5178814564576956e-07
898 1.522413690155229e-07
899 1.9363333389168407e-07
900 1.7971252042710829e-07
901 1.4279729206650715e-07
902 1.9917722395880453e-07
903 1.763596427183971e-07
904 1.5497934311504505e-07
905 1.3327905056653214e-07
906 1.4294058084827938e-07
907 1.402857985790448e-07
908 1.616081502649277e-07
909 2.3171610628621746e-07
910 1.295378330796234e-07
911 1.5312853226728476e-07
912 2.143137549584846e-07
913 1.2433957723502852e-07
914 1.554698344219056e-07
915 1.9241050234194313e-07
916 1.8240812898648026e-07
917 1.4982192470295285e-07
918 1.72978247482176e-07
919 1.5961294374161e-07
920 1.3912345026314371e-07
921 1.1508329443230338e-07
922 1.3179462483265206e-07
923 1.6694446271685486e-07
924 1.1615471961843773e-07
925 2.0104387122874968e-07
926 1.7059137069516009e-07
927 1.7294485147335095e-07
928 1.6391206870502862e-07
929 1.4662097915238607e-07
930 1.5872267884815781e-07
931 1.497013713780089e-07
932 1.901996678629635e-07
933 1.0410343151884691e-07
934 1.7564423302716028e-07
935 1.885306345968067e-07
936 1.6783455521000077e-07
937 1.753825446879051e-07
938 1.631241173851671e-07
939 1.5931237373540369e-07
940 1.4735301643862525e-07
941 1.5272745560562263e-07
942 1.6779557710658843e-07
943 2.0587850659783e-07
944 1.9050622377548422e-07
945 2.2920861683688224e-07
946 1.8442197402332471e-07
947 1.4771535973280412e-07
948 1.5281658107801377e-07
949 1.80981522826267e-07
950 1.1872994709529111e-07
951 1.7467436709488341e-07
952 1.514252516405478e-07
953 1.422268324409231e-07
954 1.6754612914927098e-07
955 1.610307563173513e-07
956 1.5885784076095802e-07
957 1.397467043441013e-07
958 1.5709871152290632e-07
959 1.6151618999919702e-07
960 1.551498802277068e-07
961 1.3984940723915426e-07
962 1.63213366216552e-07
963 1.9637519278678854e-07
964 1.983167939546885e-07
965 1.9615492846945496e-07
966 1.7011742489944125e-07
967 1.6264490410097488e-07
968 2.1598273590986606e-07
969 1.0890166019834706e-07
970 1.4964445632096945e-07
971 1.4885344486348372e-07
972 2.015429112172151e-07
973 1.498860433542896e-07
974 1.4220961552696787e-07
975 1.9064259033278417e-07
976 1.7552407423074658e-07
977 1.0195195888732522e-07
978 1.5710123126394448e-07
979 2.14791330575496e-07
980 2.1654888087868202e-07
981 1.5236519532712624e-07
982 1.866530285203789e-07
983 1.8453275076052984e-07
984 1.7758151546288074e-07
985 1.696272332199263e-07
986 1.6772055209082402e-07
987 1.845328488810898e-07
988 1.2502348674403682e-07
989 1.5912552817367407e-07
990 1.9613011209930258e-07
991 1.6487840358985144e-07
992 1.6105137252745385e-07
993 1.546075698911654e-07
994 1.1654736545630048e-07
995 1.7642526296248604e-07
996 1.7441588516803225e-07
997 1.4008482352793453e-07
998 1.7490779705691842e-07
999 1.897849681810527e-07
