0 1.548037167621866e-07
1 1.5018742836440851e-07
2 1.5702270647189607e-07
3 1.7499016889606814e-07
4 1.4185136170885782e-07
5 1.137596815085638e-07
6 1.445870647180706e-07
7 1.5310549644777726e-07
8 1.266041549536399e-07
9 1.4814188023497892e-07
10 1.523006157674767e-07
11 1.542930054416423e-07
12 1.3876607834190117e-07
13 1.399646115827549e-07
14 1.43788102734979e-07
15 1.5023304710774109e-07
16 1.3344848373442523e-07
17 1.5532391489429215e-07
18 1.4215315949407885e-07
19 1.4409298435552878e-07
20 1.6722799319672745e-07
21 1.4819815706995955e-07
22 1.6894409226460123e-07
23 1.425943597519376e-07
24 1.4756389018567032e-07
25 1.4949624330349038e-07
26 1.6939624200941082e-07
27 1.4337231572240613e-07
28 1.469110526802846e-07
29 1.3906027158516697e-07
30 1.5180730145990311e-07
31 1.4130951501100966e-07
32 1.5064934731356077e-07
33 1.254370907532662e-07
34 1.359931190864481e-07
35 1.2901803507554331e-07
36 1.4963025697144996e-07
37 1.3780465390685216e-07
38 1.4995472576068538e-07
39 1.3445805228317945e-07
40 1.4748138732568186e-07
41 1.5683228162895177e-07
42 1.40420619961597e-07
43 1.3348484653551456e-07
44 1.3366533163494226e-07
45 1.5745932588417362e-07
46 1.260428430775569e-07
47 1.1762382456473487e-07
48 1.5727841415856402e-07
49 1.4835420698650154e-07
50 1.2113610331111074e-07
51 1.6258157787615579e-07
52 1.483594011135897e-07
53 1.438593924511966e-07
54 1.5567271900575835e-07
55 1.5648927057129468e-07
56 1.5133383209051283e-07
57 1.3931135001530376e-07
58 1.4959370035827755e-07
59 1.525031771415457e-07
60 1.5339989878513777e-07
61 1.3639643731563973e-07
62 1.4111969277440758e-07
63 1.2837164909797723e-07
64 1.4602173040654642e-07
65 1.4855648660446107e-07
66 1.4704580122293401e-07
67 1.4140756045248708e-07
68 1.5053065249215015e-07
69 1.5400504100614668e-07
70 1.5131080799586898e-07
71 1.4041370077397273e-07
72 1.5921563556107406e-07
73 1.444772648908537e-07
74 1.5612266106129844e-07
75 1.2638059345219063e-07
76 1.4663338674995295e-07
77 1.468321727695407e-07
78 1.5691734929454273e-07
79 1.2072788140784055e-07
80 1.5969824453140117e-07
81 1.464251893970405e-07
82 1.4140274814856595e-07
83 1.6906196037956713e-07
84 1.4238266004624792e-07
85 1.5130002900440707e-07
86 1.3662743988917863e-07
87 1.4601677825226348e-07
88 1.5510575814129924e-07
89 1.580801523137645e-07
90 1.5065509545274824e-07
91 1.7192400687958203e-07
92 1.4898207114938114e-07
93 1.4898088297522063e-07
94 1.5337895477151827e-07
95 1.488702070331478e-07
96 1.5271256053928837e-07
97 1.458651321266455e-07
98 1.7202621271116654e-07
99 1.3734541791173443e-07
100 1.6725052891466112e-07
101 1.5026323018838713e-07
102 1.5045931373538385e-07
103 1.4803677198035115e-07
104 1.692221383089888e-07
105 1.5199526982989895e-07
106 1.4888377365004828e-07
107 1.7518850068850243e-07
108 1.2886891612489773e-07
109 1.433629593495063e-07
110 1.5550701177113544e-07
111 1.421682234372125e-07
112 1.5859055907492222e-07
113 1.1719277404375359e-07
114 1.627568460941184e-07
115 1.280377085174513e-07
116 1.3902765526844495e-07
117 1.5362148970293996e-07
118 1.6031669820032793e-07
119 1.3924191596850293e-07
120 1.4389218259944797e-07
121 1.360781640618869e-07
122 1.3290185193703657e-07
123 1.475209725483604e-07
124 1.483674205225817e-07
125 1.7532882128560382e-07
126 1.3542454058519747e-07
127 1.281898279544249e-07
128 1.5668276002646007e-07
129 1.4849389468603352e-07
130 1.3705857780131057e-07
131 1.3249701228697745e-07
132 1.569181403110855e-07
133 1.6012720707527677e-07
134 1.20422704827445e-07
135 1.4478747849061607e-07
136 1.864562073095706e-07
137 1.5288789540202407e-07
138 1.697118872624889e-07
139 1.3317676422518762e-07
140 1.5612163710013733e-07
141 1.5312772231351658e-07
142 1.5047504583110236e-07
143 1.5535824725970896e-07
144 1.6335069091003103e-07
145 1.5778044981935216e-07
146 1.2903776794006157e-07
147 1.416562214021229e-07
148 1.3022138704401237e-07
149 1.5288816893760315e-07
150 1.5385962700929256e-07
151 1.4979773289688378e-07
152 1.3720391522212414e-07
153 1.4300610300927928e-07
154 1.333112892280962e-07
155 1.359759882979722e-07
156 1.3723916432987988e-07
157 1.5776095001572356e-07
158 1.4466762954655146e-07
159 1.3506197599859103e-07
160 1.5150084753525127e-07
161 1.4450716090988608e-07
162 1.5191404894817372e-07
163 1.440238772676462e-07
164 1.484641532294674e-07
165 1.358490414139391e-07
166 1.3721908823308481e-07
167 1.47216430798183e-07
168 1.7590774278414417e-07
169 1.5748609198233645e-07
170 1.5537519119539018e-07
171 1.4611235422272106e-07
172 1.3352590393031997e-07
173 1.4282039148590066e-07
174 1.38421647934854e-07
175 1.6461995942581184e-07
176 1.4281891222281543e-07
177 1.3413255792795708e-07
178 1.4902254949138753e-07
179 1.4692286838782316e-07
180 1.4936362361535503e-07
181 1.7807573135520034e-07
182 1.5251580897562375e-07
183 1.5705742102863045e-07
184 1.602420441331928e-07
185 1.600294971601827e-07
186 1.44819588424056e-07
187 1.4242782537734072e-07
188 1.302515520773154e-07
189 1.3341234600448826e-07
190 1.5679890019684517e-07
191 1.4570231129514745e-07
192 1.3363589426760794e-07
193 1.3223436957850795e-07
194 1.3422416888449724e-07
195 1.3459557968457934e-07
196 1.6885237575589955e-07
197 1.4458928017767128e-07
198 1.420928433723779e-07
199 1.654264328295949e-07
200 1.5045362979964813e-07
201 1.6091190517861358e-07
202 1.480003805035015e-07
203 1.6611369078942374e-07
204 1.7000373934103426e-07
205 1.7279102062718165e-07
206 1.556489495430771e-07
207 1.5947676236588197e-07
208 1.4292135716693464e-07
209 1.34087999455785e-07
210 1.5527352527694713e-07
211 1.5584496115487616e-07
212 1.5102467413182948e-07
213 1.288203093452804e-07
214 1.4176593856897648e-07
215 1.3977360797690348e-07
216 1.6204572418156283e-07
217 1.6941617390080607e-07
218 1.4795560551676308e-07
219 1.601046003114565e-07
220 1.532222529400474e-07
221 1.6066749479102513e-07
222 1.5618165651947452e-07
223 1.6821520141479996e-07
224 1.4044523644707322e-07
225 1.4150858468749503e-07
226 1.605226877740811e-07
227 1.3500517768422272e-07
228 1.4662625000499584e-07
229 1.3700154276150822e-07
230 1.5288226156358245e-07
231 1.5940372384014622e-07
232 1.5141838566679668e-07
233 1.5838909402795e-07
234 1.5592197272747842e-07
235 1.5048111587842283e-07
236 1.584454337112911e-07
237 1.4724394887830259e-07
238 1.6435382044008944e-07
239 1.3719507080992268e-07
240 1.3813348075060016e-07
241 1.519853960354674e-07
242 1.4313708251647548e-07
243 1.581393988812873e-07
244 1.3482428440969034e-07
245 1.2955074190474793e-07
246 1.4775247116024127e-07
247 1.675471804045751e-07
248 1.6361925006225082e-07
249 1.2290697430350171e-07
250 1.682054666992269e-07
251 1.5442985420499366e-07
252 1.3544976141538818e-07
253 1.4910390460876592e-07
254 1.2992060818985888e-07
255 1.504179218716871e-07
256 1.5033726914040034e-07
257 1.4266010822766285e-07
258 1.5665814822567642e-07
259 1.3982967125027653e-07
260 1.4180422997618475e-07
261 1.6281716482386687e-07
262 1.3444885420311722e-07
263 1.2943762875108936e-07
264 1.1393110776311892e-07
265 1.3383800317850764e-07
266 1.596853658246563e-07
267 1.5156811460479546e-07
268 1.6650481897757965e-07
269 1.6287603960600693e-07
270 1.6200517926924905e-07
271 1.5038215359475808e-07
272 1.6572338815213023e-07
273 1.6367308701289397e-07
274 1.499263661402415e-07
275 1.2645729178460138e-07
276 1.4548280859386525e-07
277 1.2217744907337927e-07
278 1.5830915807804107e-07
279 1.4154198233144738e-07
280 1.4544008854890346e-07
281 1.615128608809086e-07
282 1.6383938738346215e-07
283 1.4698246719105584e-07
284 1.371937426546849e-07
285 1.2425002544061492e-07
286 1.504974729866415e-07
287 1.578604280202883e-07
288 1.6588434153837718e-07
289 1.6573256906509985e-07
290 1.565376900242309e-07
291 1.383284670383834e-07
292 1.4632162183593891e-07
293 1.5314716039528588e-07
294 1.555724108436086e-07
295 1.6349410221846342e-07
296 1.1750148858691569e-07
297 1.51495375984895e-07
298 1.5212241619595164e-07
299 1.4150245681163267e-07
300 1.5308313316882264e-07
301 1.4092625638452808e-07
302 1.568516187041224e-07
303 1.4571036424769768e-07
304 1.4560673662016085e-07
305 1.6274052745484962e-07
306 1.4585015141833715e-07
307 1.453131158368144e-07
308 1.4249330436519695e-07
309 1.4192880970019364e-07
310 1.5534961175157566e-07
311 1.212291985218447e-07
312 1.5108815118209088e-07
313 1.33543872591948e-07
314 1.504091069637327e-07
315 1.3480793148453155e-07
316 1.532804846939525e-07
317 1.5941231746709315e-07
318 1.4503700146077857e-07
319 1.3304057722327175e-07
320 1.5802239259021595e-07
321 1.3238981045128987e-07
322 1.6163838447981462e-07
323 1.2169472772005894e-07
324 1.262409230484978e-07
325 1.4686799958873751e-07
326 1.4299023172121243e-07
327 1.5096539829796792e-07
328 1.4167588406751552e-07
329 1.7513069419514796e-07
330 1.5272895400076679e-07
331 1.5395936348592435e-07
332 1.424659359698397e-07
333 1.642394513918049e-07
334 1.2757940415554788e-07
335 1.3870175587686315e-07
336 1.603600921617569e-07
337 1.409640152772855e-07
338 1.3230606210552975e-07
339 1.262772496008934e-07
340 1.5040870302590744e-07
341 1.5412655870188162e-07
342 1.1630921285699758e-07
343 1.4550949309513138e-07
344 1.4818816995535447e-07
345 1.5205269111977671e-07
346 1.4043136261452387e-07
347 1.5108235833821134e-07
348 1.4541993631350068e-07
349 1.3919566086705096e-07
350 1.6398140341406514e-07
351 1.4877234706512367e-07
352 1.7609740583863338e-07
353 1.4654381943768805e-07
354 1.5577430856073934e-07
355 1.440248906578822e-07
356 1.611570931635631e-07
357 1.5326730174162917e-07
358 1.395481065055739e-07
359 1.474422889900143e-07
360 1.5005082780598023e-07
361 1.491092311538136e-07
362 1.6383637738343202e-07
363 1.6491386457985004e-07
364 1.5048433041609593e-07
365 1.651430059935682e-07
366 1.1949940054486824e-07
367 1.5397845214785074e-07
368 1.3191045690805511e-07
369 1.3681348050480815e-07
370 1.4171176240875642e-07
371 1.5079772223874311e-07
372 1.7015051926403867e-07
373 1.2850148080870808e-07
374 1.4974959059228413e-07
375 1.3939115959265178e-07
376 1.6146958162924812e-07
377 1.5623820593544823e-07
378 1.815641351254552e-07
379 1.1587291400430854e-07
380 1.4872425382085862e-07
381 1.5810259401199206e-07
382 1.4750805022293507e-07
383 1.4323198435124727e-07
384 1.3027271464080037e-07
385 1.586007425515142e-07
386 1.3693828377584803e-07
387 1.5212289230449212e-07
388 1.3248557026154634e-07
389 1.7460924793619605e-07
390 1.66169492279904e-07
391 1.4626604385904937e-07
392 1.52190059108325e-07
393 1.6031949303666592e-07
394 1.6158919080970408e-07
395 1.434685745040924e-07
396 1.30546354767748e-07
397 1.4974052575002548e-07
398 1.4596414313411121e-07
399 1.3491211791544262e-07
400 1.47511630283415e-07
401 1.5659753911712417e-07
402 1.4827271309787078e-07
403 1.4975107420446714e-07
404 1.5513859482158673e-07
405 1.2247261750166003e-07
406 1.50699264657712e-07
407 1.3461564107817475e-07
408 1.5140903504222295e-07
409 1.8024173628130025e-07
410 1.485421016624992e-07
411 1.5660836249748594e-07
412 1.4424535222362558e-07
413 1.1966779147655976e-07
414 1.524688484442269e-07
415 1.5140493407588925e-07
416 1.6159119041164116e-07
417 1.545798627565594e-07
418 1.5365546807411897e-07
419 1.5675782935412192e-07
420 1.534602087856017e-07
421 1.3437209778982452e-07
422 1.4847931332960647e-07
423 1.3345893555455404e-07
424 1.3688246443120852e-07
425 1.3659864155507375e-07
426 1.6353744766225729e-07
427 1.490572858792473e-07
428 1.3096690961966304e-07
429 1.4890573379387253e-07
430 1.4276112397934393e-07
431 1.5687177741779086e-07
432 1.59078405388383e-07
433 1.37652670338143e-07
434 1.3884384713241666e-07
435 1.5339948132488172e-07
436 1.8201927117321423e-07
437 1.5848278013673716e-07
438 1.3281151294005798e-07
439 1.4674774762209508e-07
440 1.7039513862990509e-07
441 1.535040646337884e-07
442 1.415238419654996e-07
443 1.5497286570560505e-07
444 1.3726394518922882e-07
445 1.5341103016076145e-07
446 1.3832983908721575e-07
447 1.4557285217545535e-07
448 1.501877335535484e-07
449 1.4375796662959553e-07
450 1.5305533605931932e-07
451 1.3868515674959034e-07
452 1.613334141464277e-07
453 1.3944495222309434e-07
454 1.4406235057959337e-07
455 1.476414757323164e-07
456 1.2825852250027298e-07
457 1.5440823308679222e-07
458 1.4772078918301516e-07
459 1.3448011374651116e-07
460 1.5484780004056563e-07
461 1.5629036218120178e-07
462 1.4684240144389252e-07
463 1.52552873066165e-07
464 1.4033850969739792e-07
465 1.4498565299832818e-07
466 1.4270312898756502e-07
467 1.489553957411071e-07
468 1.40886122891281e-07
469 1.2477158578354466e-07
470 1.6838236038145603e-07
471 1.4908422771878132e-07
472 1.262810864830407e-07
473 1.3609473109712792e-07
474 1.5119548599632447e-07
475 1.5525647453200538e-07
476 1.3229829390209937e-07
477 1.447309393845364e-07
478 1.3626714173956905e-07
479 1.3132169562357697e-07
480 1.4650814199071452e-07
481 1.392579278340767e-07
482 1.741324467371602e-07
483 1.685307738755594e-07
484 1.3981344772534416e-07
485 1.5041007131418922e-07
486 1.4308964205206552e-07
487 1.6334179493162843e-07
488 1.4993477651521076e-07
489 1.475340497719352e-07
490 1.4042615300260777e-07
491 1.490281332682536e-07
492 1.506154712958807e-07
493 1.7260348059842004e-07
494 1.4544695149597366e-07
495 1.5627400773844919e-07
496 1.4087851908935017e-07
497 1.4861501890002073e-07
498 1.3662588274577957e-07
499 1.394678017181214e-07
500 1.475640834593486e-07
501 1.7029923400396322e-07
502 1.4238554508026427e-07
503 1.4557592214715865e-07
504 1.3240026326775947e-07
505 1.5865855760117772e-07
506 1.5377878500857645e-07
507 1.4116716024051504e-07
508 1.5493152993692812e-07
509 1.3623415067084775e-07
510 1.5207792281207423e-07
511 1.3210236583943424e-07
512 1.602078544121823e-07
513 1.627415845962489e-07
514 1.1798483933007259e-07
515 1.4332687806171588e-07
516 1.616836280825486e-07
517 1.6299389886606806e-07
518 1.512664739447628e-07
519 1.5755650759197706e-07
520 1.445497433010896e-07
521 1.517151908361467e-07
522 1.4446549447962117e-07
523 1.6906440297080316e-07
524 1.3451074370180004e-07
525 1.4407195482708152e-07
526 1.4776052213404483e-07
527 1.4822002973148623e-07
528 1.4789681153249027e-07
529 1.4780363172751962e-07
530 1.453500105439947e-07
531 1.2046703570282446e-07
532 1.453525347514136e-07
533 1.446084196342198e-07
534 1.3938139736789365e-07
535 1.5859319658022407e-07
536 1.3172607006714048e-07
537 1.6884424469155387e-07
538 1.4987880054396782e-07
539 1.5694666443749822e-07
540 1.486567097536159e-07
541 1.325736092969654e-07
542 1.2847708959395705e-07
543 1.3701370023408048e-07
544 1.4803423534172265e-07
545 1.5148572146830247e-07
546 1.4836196286156984e-07
547 1.5008806296508435e-07
548 1.4911303848561841e-07
549 1.4897079028865906e-07
550 1.3601826417960015e-07
551 1.3828364437720143e-07
552 1.2487454944994074e-07
553 1.4479122422343428e-07
554 1.3067042910310272e-07
555 1.454062907627985e-07
556 1.772529344499449e-07
557 1.393359266130485e-07
558 1.3556260923941293e-07
559 1.6955560544760705e-07
560 1.5353046501054378e-07
561 1.5905685848950416e-07
562 1.5912595490524826e-07
563 1.2767454750045336e-07
564 1.5970130104319835e-07
565 1.4538798627399584e-07
566 1.2784878681813958e-07
567 1.4199199887217128e-07
568 1.578587110350879e-07
569 1.2815993897347558e-07
570 1.6562433653453296e-07
571 1.3544267660118528e-07
572 1.3357229478034465e-07
573 1.5272073343918602e-07
574 1.3940702764414682e-07
575 1.4806428945246336e-07
576 1.4699943473423496e-07
577 1.3784662359558702e-07
578 1.263397221863329e-07
579 1.3756200734374833e-07
580 1.344527455790882e-07
581 1.297592013107232e-07
582 1.4594303118030534e-07
583 1.60437968838816e-07
584 1.2449195813717143e-07
585 1.5944548493769185e-07
586 1.5993095978501906e-07
587 1.4452475136607827e-07
588 1.3781416491726614e-07
589 1.4269636531826024e-07
590 1.461424344717523e-07
591 1.463767342050938e-07
592 1.545857595593499e-07
593 1.366057615050177e-07
594 1.4337654833801403e-07
595 1.4299416626278055e-07
596 1.2783513283626195e-07
597 1.5037887374110276e-07
598 1.268936807792503e-07
599 1.4678071825167912e-07
600 1.4204596638070506e-07
601 1.1899743330516966e-07
602 1.617153239341025e-07
603 1.590281616753668e-07
604 1.5958300541782674e-07
605 1.4234704625618316e-07
606 1.4281879485131478e-07
607 1.5357615898126288e-07
608 1.5716250732184078e-07
609 1.1739827030253657e-07
610 1.3757379548003198e-07
611 1.4456454550814305e-07
612 1.3164057454220312e-07
613 1.465455352032091e-07
614 1.5616934058686012e-07
615 1.495863463598641e-07
616 1.656313711223226e-07
617 1.5683454394399543e-07
618 1.3784191229291032e-07
619 1.4133195137925156e-07
620 1.2762971996052228e-07
621 1.4436577498569765e-07
622 1.3798358224541625e-07
623 1.3851827321751336e-07
624 1.6828657420495687e-07
625 1.5578164172169796e-07
626 1.5551757013208222e-07
627 1.3504171869685822e-07
628 1.4776931739096136e-07
629 1.3477018619200487e-07
630 1.318441238325738e-07
631 1.316861990359803e-07
632 1.4603993264073036e-07
633 1.4100863160320393e-07
634 1.4330092553732862e-07
635 1.4784169849867588e-07
636 1.4382729133523082e-07
637 1.4482868891077793e-07
638 1.5697648213107217e-07
639 1.4856261510631908e-07
640 1.5029852143378391e-07
641 1.6989732346094787e-07
642 1.4677636208991192e-07
643 1.4965342496888952e-07
644 1.340103812463863e-07
645 1.3697673934906254e-07
646 1.3806486333740323e-07
647 1.5165895618533922e-07
648 1.2568650999182912e-07
649 1.466214423120596e-07
650 1.3818701930476882e-07
651 1.454095393350558e-07
652 1.344805729245984e-07
653 1.5027180057800292e-07
654 1.56409852470894e-07
655 1.5328325412823256e-07
656 1.4066531313066645e-07
657 1.2696042658483427e-07
658 1.2688525025127947e-07
659 1.469775820646636e-07
660 1.5125617758188249e-07
661 1.5894289232993003e-07
662 1.400709353568985e-07
663 1.4622477956602478e-07
664 1.3421843102465553e-07
665 1.3613997112541548e-07
666 1.590870232245352e-07
667 1.5920902962311971e-07
668 1.3632307612660758e-07
669 1.4205007225010596e-07
670 1.503635696899721e-07
671 1.687425100745836e-07
672 1.3361308371154932e-07
673 1.6354062834179915e-07
674 1.6473975419333256e-07
675 1.1381482053212715e-07
676 1.5142785586130908e-07
677 1.4632070984443934e-07
678 1.5477278224203785e-07
679 1.2894192324669967e-07
680 1.353937209100414e-07
681 1.7649097033617926e-07
682 1.402306590949334e-07
683 1.582617653773659e-07
684 1.2432456843080018e-07
685 1.1848321080601089e-07
686 1.5628280025806303e-07
687 1.52211838418915e-07
688 1.3142219217595268e-07
689 1.291334530087909e-07
690 1.4841262052866923e-07
691 1.6223726644011616e-07
692 1.4770174371019655e-07
693 1.6890651707990765e-07
694 1.3276242300283587e-07
695 1.506401976533157e-07
696 1.391071982349205e-07
697 1.4538688561612958e-07
698 1.6406913138946475e-07
699 1.5011032005895893e-07
700 1.568304868452745e-07
701 1.4038108736780745e-07
702 1.436572287791103e-07
703 1.3268334626915717e-07
704 1.6013654278370104e-07
705 1.395132144462863e-07
706 1.7607035335121099e-07
707 1.6663624467998584e-07
708 1.5456631418447778e-07
709 1.5099282707717673e-07
710 1.2117733211812058e-07
711 1.6146665293523796e-07
712 1.5558766289805858e-07
713 1.5166852935127734e-07
714 1.6590093416453408e-07
715 1.300219247072259e-07
716 1.441303043446635e-07
717 1.0878891588318057e-07
718 1.4171309774843786e-07
719 1.4184278564295944e-07
720 1.4819477737791582e-07
721 1.3428797930926882e-07
722 1.583076890541767e-07
723 1.5361896801947399e-07
724 1.5947110051311472e-07
725 1.6375277166871058e-07
726 1.4481270452277857e-07
727 1.440719188230659e-07
728 1.2489820852588768e-07
729 1.600576697414165e-07
730 1.5148595567967984e-07
731 1.6851345475116258e-07
732 1.5051207802684402e-07
733 1.4786745647373406e-07
734 1.5316595164221497e-07
735 1.2643267903398956e-07
736 1.4723703325748216e-07
737 1.4397714858377786e-07
738 1.4730066687162447e-07
739 1.4202863810399835e-07
740 1.2621972020936465e-07
741 1.3443581590190582e-07
742 1.653477957379741e-07
743 1.6507637656266408e-07
744 1.6253045739543111e-07
745 1.3385123433700045e-07
746 1.37557104215018e-07
747 1.5115499788625435e-07
748 1.1782867061839469e-07
749 1.5615151889418683e-07
750 1.4311531455160807e-07
751 1.5877843411218145e-07
752 1.4922289752171757e-07
753 1.6430161392286003e-07
754 1.3938094506628968e-07
755 1.6162042155219031e-07
756 1.3375472685240643e-07
757 1.5485175257488694e-07
758 1.523794119906482e-07
759 1.6483089708121172e-07
760 1.28562865706684e-07
761 1.6281029857522445e-07
762 1.611954988168054e-07
763 1.5337890147711955e-07
764 1.4700237507124338e-07
765 1.4914828468614076e-07
766 1.3267715060536363e-07
767 1.3339747245920166e-07
768 1.4236539592431424e-07
769 1.7016396392727848e-07
770 1.4872797065966172e-07
771 1.4224178202926656e-07
772 1.4756748570495704e-07
773 1.4839233161156293e-07
774 1.339396032630011e-07
775 1.4626064060287944e-07
776 1.667636701066603e-07
777 1.372560563148445e-07
778 1.5138270964513682e-07
779 1.4530890964825621e-07
780 1.2661000971016672e-07
781 1.5166973811450349e-07
782 1.2547432024973964e-07
783 1.351006049813974e-07
784 1.5653013933496795e-07
785 1.7097199840966386e-07
786 1.2965218935404836e-07
787 1.3787251386574852e-07
788 1.4560413847789632e-07
789 1.5923974153430698e-07
790 1.3026828616397675e-07
791 1.4556747845432956e-07
792 1.5164585264625414e-07
793 1.4849586464947942e-07
794 1.4537779209444783e-07
795 1.300064559545018e-07
796 1.421634046651725e-07
797 1.5008160904602768e-07
798 1.5794959143441467e-07
799 1.6517033873163704e-07
800 1.4717118764449835e-07
801 1.4656391725614438e-07
802 1.339703453392243e-07
803 1.1946069277140318e-07
804 1.4468359920548133e-07
805 1.6493564915667628e-07
806 1.4851468621954536e-07
807 1.4140814061500902e-07
808 1.487574090293712e-07
809 1.2819721463260333e-07
810 1.8041592876511228e-07
811 1.5443071226655473e-07
812 1.5888425230829902e-07
813 1.306322641734292e-07
814 1.5611118777982989e-07
815 1.612932899212917e-07
816 1.396805181001643e-07
817 1.5661095141508834e-07
818 1.5139151678698498e-07
819 1.4165174245014229e-07
820 1.4839689712696068e-07
821 1.4643621397720077e-07
822 1.3983031652501665e-07
823 1.3867558088044316e-07
824 1.5248674298074197e-07
825 1.4113731456160532e-07
826 1.5100148513480561e-07
827 1.430484581415639e-07
828 1.5895556869165087e-07
829 1.4865052091616918e-07
830 1.4052591687577384e-07
831 1.537181144576409e-07
832 1.3414309013041543e-07
833 1.4059665816457985e-07
834 1.5066423674755138e-07
835 1.617970148210635e-07
836 1.4880960595757706e-07
837 1.6169573088512798e-07
838 1.5733414791801354e-07
839 1.4398577065126218e-07
840 1.4121617299646952e-07
841 1.5186212240067444e-07
842 1.4536468725720447e-07
843 1.401670921353552e-07
844 1.3300792321764094e-07
845 1.4530611957498846e-07
846 1.4619162909805205e-07
847 1.631708291131689e-07
848 1.5874958482321725e-07
849 1.5184580762047364e-07
850 1.3485868022109594e-07
851 1.4988547070357067e-07
852 1.6933969155838442e-07
853 1.0931768975637092e-07
854 1.344193210319191e-07
855 1.711681707358287e-07
856 1.3243297060010863e-07
857 1.4774682959246142e-07
858 1.4257642920197497e-07
859 1.573181226163277e-07
860 1.4816844488920235e-07
861 1.2621171972140402e-07
862 1.5552745664654464e-07
863 1.3457226366005931e-07
864 1.6405336906935742e-07
865 1.317773720607457e-07
866 1.3645443629312928e-07
867 1.5676006581868157e-07
868 1.3560443947426394e-07
869 1.4888495447923697e-07
870 1.4726325331468225e-07
871 1.303504736582628e-07
872 1.4903141771122242e-07
873 1.4880206044014692e-07
874 1.4950035315986767e-07
875 1.514997157025284e-07
876 1.4176213647417197e-07
877 1.5986406706650682e-07
878 1.3150756378134956e-07
879 1.5547439110940772e-07
880 1.2451145827841e-07
881 1.6623027372958062e-07
882 1.69601472010252e-07
883 1.3609151086045087e-07
884 1.466927210804917e-07
885 1.5920828723976007e-07
886 1.5325435837124068e-07
887 1.212917881445258e-07
888 1.4075391994280375e-07
889 1.3485872944734055e-07
890 1.505832689894733e-07
891 1.2323711299490956e-07
892 1.6543868525608516e-07
893 1.423404621153981e-07
894 1.3651687187672345e-07
895 1.2700858350498574e-07
896 1.605245536526686e-07
897 1.437557785751192e-07
898 1.461690080358463e-07
899 1.4859286712743635e-07
900 1.5328004723500844e-07
901 1.5752447057020028e-07
902 1.3267857047917903e-07
903 1.4058237943397795e-07
904 1.5760393233143815e-07
905 1.387782341476704e-07
906 1.3387143699425753e-07
907 1.3298159870575753e-07
908 1.5381255395215103e-07
909 1.532026568641939e-07
910 1.427335689921106e-07
911 1.3415889888622437e-07
912 1.54453970218676e-07
913 1.4104334899486896e-07
914 1.4673367196359555e-07
915 1.542116480803113e-07
916 1.5771272526576263e-07
917 1.4707542783337753e-07
918 1.4965054058547052e-07
919 1.4678419429757844e-07
920 1.4064728296239605e-07
921 1.2018455084348507e-07
922 1.2820820203252087e-07
923 1.4571389646242792e-07
924 1.0830456147694141e-07
925 1.5870959399460398e-07
926 1.6125225534683868e-07
927 1.3480527383311093e-07
928 1.4831930062216992e-07
929 1.488066513409318e-07
930 1.28909426522507e-07
931 1.500347549930935e-07
932 1.6567780070547516e-07
933 1.306832903404279e-07
934 1.6819026183184106e-07
935 1.5105495058776077e-07
936 1.3870940728344546e-07
937 1.567012770859133e-07
938 1.4452189163621995e-07
939 1.470966890468352e-07
940 1.6198430041720307e-07
941 1.4932259944098787e-07
942 1.5397820706569525e-07
943 1.5868063863469738e-07
944 1.5225016998715695e-07
945 1.606389742955977e-07
946 1.4090013124705436e-07
947 1.354102974240531e-07
948 1.2542146119872293e-07
949 1.4943988964183822e-07
950 1.2878323371103548e-07
951 1.4204040501193237e-07
952 1.6396061557933377e-07
953 1.3949785635565844e-07
954 1.4942747710003397e-07
955 1.6648171813664587e-07
956 1.3352600279249565e-07
957 1.3363144426587216e-07
958 1.3245895406041386e-07
959 1.5296412865189708e-07
960 1.485826829377655e-07
961 1.612659059516395e-07
962 1.5268288717613609e-07
963 1.610478425748277e-07
964 1.516634917386033e-07
965 1.5361462880387394e-07
966 1.5936229817943566e-07
967 1.4113708015921906e-07
968 1.649460296386228e-07
969 1.2397086761272422e-07
970 1.3606073072101217e-07
971 1.3345757648782435e-07
972 1.4412968463841786e-07
973 1.4091470148570912e-07
974 1.303551939406483e-07
975 1.5762413639463196e-07
976 1.4796241092683678e-07
977 1.392457789849545e-07
978 1.389168883844604e-07
979 1.6494495902122623e-07
980 1.593853382078564e-07
981 1.57175321211865e-07
982 1.5803824415462474e-07
983 1.5532352436805902e-07
984 1.2042546067443023e-07
985 1.4633516685063656e-07
986 1.5227613745578157e-07
987 1.5505801827202545e-07
988 1.4588857750706443e-07
989 1.4282381881536835e-07
990 1.5665789068513414e-07
991 1.5519925577879082e-07
992 1.4554865742141096e-07
993 1.4864902548722326e-07
994 1.2974189121380072e-07
995 1.423698236532058e-07
996 1.4543916073772518e-07
997 1.3770978221641436e-07
998 1.3460585843896148e-07
999 1.6642792029672405e-07
