0 2.4564824292856004e-07
1 1.7974564889893314e-07
2 1.4311587773540684e-07
3 1.48445340180073e-07
4 2.319423134694511e-07
5 1.2922322526388026e-07
6 2.355254602252142e-07
7 1.3645732709373043e-07
8 1.1785775698066839e-07
9 1.822344595352169e-07
10 2.2568712435191172e-07
11 1.494356538504259e-07
12 2.2186243622341492e-07
13 1.1337917042072e-07
14 1.2390302789488246e-07
15 1.463727930682141e-07
16 2.374037311004043e-07
17 1.438220230951103e-07
18 1.4622502532042847e-07
19 1.904487799602954e-07
20 1.3455678148161966e-07
21 1.4766606351054716e-07
22 1.2237987998777234e-07
23 2.05091478843566e-07
24 1.780669197004186e-07
25 1.2641376086783042e-07
26 1.682067547931242e-07
27 1.513414184141021e-07
28 2.053574730063813e-07
29 1.5780871606096687e-07
30 1.972805433446584e-07
31 1.8745991835042185e-07
32 1.7477902752933955e-07
33 1.529165846940543e-07
34 1.37931018263798e-07
35 1.3325826356736902e-07
36 1.806359392000656e-07
37 1.7301423888053832e-07
38 1.4142343424289286e-07
39 1.2003021794072929e-07
40 1.5360361276300593e-07
41 2.287198209075855e-07
42 1.6084233520443395e-07
43 2.385094231352505e-07
44 1.3477180455213714e-07
45 2.24001665877819e-07
46 1.3971859259214293e-07
47 1.911823329366207e-07
48 1.4398963671389934e-07
49 1.6556873563288916e-07
50 1.3641607683481776e-07
51 1.4562793564465072e-07
52 1.496512713371283e-07
53 2.2913605839564935e-07
54 1.402793075149654e-07
55 1.4214965314737653e-07
56 1.6341664486397296e-07
57 1.32478983511196e-07
58 1.2951947206864853e-07
59 1.867784256328847e-07
60 1.554057498787544e-07
61 1.8861596850189147e-07
62 1.568135328936414e-07
63 1.7896965416764525e-07
64 1.3126023501345901e-07
65 1.315335708200398e-07
66 1.440726518407182e-07
67 1.244755433871781e-07
68 1.543067552239596e-07
69 1.7957228895286138e-07
70 1.9546829036074875e-07
71 1.651319235565651e-07
72 1.591238962200485e-07
73 2.1345132706647495e-07
74 1.773702552509257e-07
75 1.0625409570500606e-07
76 1.5907209385689713e-07
77 1.2509278589764963e-07
78 2.212384168965052e-07
79 2.0833035022601556e-07
80 1.4800295140094306e-07
81 1.5709439782984781e-07
82 2.201997316596023e-07
83 2.3760054138199798e-07
84 1.405905620174736e-07
85 1.7937226131166934e-07
86 2.330968201513338e-07
87 1.2211904747959524e-07
88 1.6233684652880302e-07
89 1.5745110114826422e-07
90 1.8775641413575968e-07
91 2.0843755206480815e-07
92 1.8398230371843016e-07
93 8.242349628563199e-08
94 2.003089394850209e-07
95 1.8045513503926008e-07
96 1.3149848017504552e-07
97 1.1433710107071015e-07
98 8.732327985914866e-08
99 1.2065941713064332e-07
100 1.7033498123493796e-07
101 1.2783384346971767e-07
102 1.9379683552688134e-07
103 1.8810965622948616e-07
104 2.1084048962569922e-07
105 1.352445759535455e-07
106 1.256998496704685e-07
107 1.5584285387729793e-07
108 1.5233234432009213e-07
109 1.7603688270996684e-07
110 1.4801734453852004e-07
111 1.9225430132771848e-07
112 1.3322028817930876e-07
113 9.56950233675597e-08
114 1.835779520485317e-07
115 1.8159599215771135e-07
116 1.5454385364124378e-07
117 1.4787997444906977e-07
118 1.8170263047629568e-07
119 1.725429510478557e-07
120 1.1694856477702242e-07
121 2.1513741315928666e-07
122 1.6185767758343662e-07
123 1.6510753704722472e-07
124 1.7586287834889523e-07
125 1.9620742877983499e-07
126 1.7408946891191482e-07
127 1.6643232257879495e-07
128 2.1391115687704756e-07
129 1.798840576244893e-07
130 1.429580478413057e-07
131 1.765222570812514e-07
132 1.7690966970200214e-07
133 7.12063495717607e-08
134 1.5491510805538465e-07
135 1.8621555514965365e-07
136 1.1440533951942387e-07
137 2.1043790959875908e-07
138 1.462233264631388e-07
139 1.9211354720821493e-07
140 1.4377685003873078e-07
141 1.2489783302956363e-07
142 1.6393105694543592e-07
143 1.0278956677263972e-07
144 1.5025474867455213e-07
145 1.5424758071179006e-07
146 1.189152027975627e-07
147 1.492323237381077e-07
148 1.1177837149438741e-07
149 1.4590961173595713e-07
150 1.882986594731208e-07
151 1.791635250660905e-07
152 2.141383440026094e-07
153 2.2414308549905094e-07
154 1.6736120124114305e-07
155 1.9477255150410761e-07
156 1.7269269487561777e-07
157 1.7764775503412398e-07
158 1.9281128222717475e-07
159 2.1834601884397032e-07
160 1.7161265552417708e-07
161 1.692311539865711e-07
162 1.969550642446768e-07
163 1.0512878129259884e-07
164 1.362790719089256e-07
165 1.2506709722818588e-07
166 1.9045091388071346e-07
167 1.5806987004589642e-07
168 1.843019911301527e-07
169 1.3261437347028373e-07
170 1.886374304649643e-07
171 1.192626465958962e-07
172 1.705436297707248e-07
173 1.8067063607830792e-07
174 1.3349211748758175e-07
175 1.2590153726146594e-07
176 1.9282672184470205e-07
177 1.482635560979981e-07
178 1.2730108863031796e-07
179 1.8520026516430123e-07
180 1.4605267444915285e-07
181 1.6078801452010821e-07
182 1.8231978982060987e-07
183 1.1411391146206974e-07
184 1.7459112017828155e-07
185 1.6464330626415178e-07
186 1.7824573830811228e-07
187 2.089914978469947e-07
188 1.388192395475841e-07
189 1.403993137832258e-07
190 1.672922202196079e-07
191 1.5015297590345532e-07
192 1.467426148272952e-07
193 1.1666420256114834e-07
194 1.8865762759278152e-07
195 1.8564661723881812e-07
196 2.1152951072430805e-07
197 1.4896395729171578e-07
198 1.9119367474388857e-07
199 1.6152084696707777e-07
200 1.5106066327943614e-07
201 1.4499380992942006e-07
202 1.8809926683919057e-07
203 1.4872370061203543e-07
204 1.948905034841886e-07
205 2.1458088687154824e-07
206 2.2144273098044602e-07
207 1.4461797676469742e-07
208 8.703464434782958e-08
209 1.4385360060277196e-07
210 1.9187212761994571e-07
211 1.5557556931527576e-07
212 1.5727310051403362e-07
213 1.674092295772849e-07
214 1.1085343004226586e-07
215 1.5058467333874947e-07
216 1.776270044280174e-07
217 2.2438866678388129e-07
218 1.134492320920158e-07
219 2.3747258029448608e-07
220 1.1407716623154935e-07
221 1.7965245582947264e-07
222 2.0641910768077182e-07
223 1.760294598631879e-07
224 1.790260258181991e-07
225 2.144883554987656e-07
226 1.7300838495224243e-07
227 7.885271479444939e-08
228 1.7719016805528188e-07
229 1.6639225301161636e-07
230 1.3146361216220116e-07
231 1.5259990012073987e-07
232 1.1102819002723818e-07
233 1.4704557878363357e-07
234 1.296201043983709e-07
235 1.1247178951025725e-07
236 2.2596261377542372e-07
237 1.6210037529484112e-07
238 1.4263804805585433e-07
239 2.0347474925710672e-07
240 2.3710173793229052e-07
241 1.0598772147365876e-07
242 1.4256493914477225e-07
243 1.230106118503931e-07
244 1.0860334101845794e-07
245 1.4862019111881995e-07
246 1.2479488140562046e-07
247 1.72996739457033e-07
248 1.720776702164012e-07
249 1.5294765483589615e-07
250 1.7330553839703634e-07
251 2.455452854197483e-07
252 2.0666531081305665e-07
253 1.3632141363130653e-07
254 1.494328029726791e-07
255 1.5485546939095992e-07
256 1.4640189137031372e-07
257 1.8045778222022313e-07
258 8.041511006301376e-08
259 1.2711387036743706e-07
260 1.790321330038986e-07
261 1.2580756590183134e-07
262 1.4381109848228407e-07
263 1.849669457794233e-07
264 9.226436123147827e-08
265 2.3064589032150704e-07
266 1.1416318484515721e-07
267 1.8196880976296125e-07
268 2.0642244210933293e-07
269 1.5937990567851337e-07
270 2.1397405153368553e-07
271 1.5300554033723183e-07
272 1.552506074609375e-07
273 1.6598093265677924e-07
274 1.1676166739514806e-07
275 1.4783132226191503e-07
276 1.2455720430802353e-07
277 1.7635933894931046e-07
278 1.827083701726212e-07
279 1.7970294263242718e-07
280 2.3451808874240282e-07
281 1.0027667032593977e-07
282 1.0623653190417816e-07
283 1.55196734814421e-07
284 1.4084852059160775e-07
285 1.9456198914878995e-07
286 1.698777364182846e-07
287 1.7619183059990564e-07
288 1.308467690694573e-07
289 1.810752541475842e-07
290 1.38405912830417e-07
291 2.124153673585882e-07
292 1.3718567017661205e-07
293 1.7871057267117382e-07
294 1.4241492458516738e-07
295 2.145830247076776e-07
296 1.511893500984567e-07
297 1.7223512005627392e-07
298 1.849311182674668e-07
299 1.6494405592479373e-07
300 1.5599864544498585e-07
301 2.0561843300322975e-07
302 2.0190240481228124e-07
303 1.7979044675110337e-07
304 2.2508216429356935e-07
305 2.374943602550809e-07
306 2.2293440221697898e-07
307 1.0226892341786635e-07
308 1.590554030008664e-07
309 2.070688168868195e-07
310 1.4782886788693708e-07
311 1.0823706826856179e-07
312 1.8970748516411923e-07
313 1.9206328878538425e-07
314 2.0922863334788124e-07
315 1.3435125278651046e-07
316 1.512777845151846e-07
317 1.4912582458084043e-07
318 1.4971403501301567e-07
319 1.6145960837507016e-07
320 2.2265366777896637e-07
321 1.2295239687509405e-07
322 1.3287027343788528e-07
323 2.3485076447117985e-07
324 1.6764040577270803e-07
325 2.048182378713825e-07
326 1.6844360017898002e-07
327 1.1272287297633107e-07
328 2.171280799242884e-07
329 1.8618563312618156e-07
330 1.8641089401618757e-07
331 1.4997989744625078e-07
332 2.2467894412766635e-07
333 1.4186203490793975e-07
334 9.20821215862009e-08
335 1.9060506283425288e-07
336 1.5017925294383645e-07
337 1.3470552324417575e-07
338 1.8664589348277725e-07
339 1.5953195772926287e-07
340 1.9225149493776408e-07
341 1.6062614027973846e-07
342 1.7229576230318918e-07
343 2.473624986281423e-07
344 1.3807532788389796e-07
345 1.4880729844147337e-07
346 1.5226110675065275e-07
347 1.5888603204956974e-07
348 1.7024637106569757e-07
349 1.2313858722009949e-07
350 1.7766593090083397e-07
351 1.731966070375933e-07
352 1.4711069514096688e-07
353 1.5833659082833786e-07
354 1.0987234663113673e-07
355 2.05960289856581e-07
356 1.9108286562739675e-07
357 2.1840435266644992e-07
358 1.590351414061363e-07
359 2.0062731838206305e-07
360 1.7648422467010298e-07
361 2.2838095212915913e-07
362 1.3746943587613572e-07
363 1.2801244007887727e-07
364 1.728468548798613e-07
365 1.4528477179964718e-07
366 1.819650609452572e-07
367 2.0928611571109354e-07
368 1.736716465185553e-07
369 1.38653669451522e-07
370 1.6468041220342156e-07
371 1.402529891337115e-07
372 1.4225678857778502e-07
373 1.3573503362259328e-07
374 1.886242626458652e-07
375 1.235874131017682e-07
376 1.793502646463113e-07
377 1.738436437466791e-07
378 2.036536458796048e-07
379 1.2314555688842577e-07
380 2.2251265717531404e-07
381 1.203140800662016e-07
382 1.357948510657086e-07
383 1.4456444404228089e-07
384 1.9466545694060445e-07
385 1.2411998701680395e-07
386 2.357435006633374e-07
387 1.3544715655489072e-07
388 9.614413314546601e-08
389 1.4446270200990268e-07
390 1.7387425208853257e-07
391 1.1310824047118707e-07
392 1.5202580596196848e-07
393 1.6451060633755627e-07
394 2.022422100062686e-07
395 1.786854243769599e-07
396 1.6346544012716796e-07
397 1.3199761942128508e-07
398 1.9414240845291028e-07
399 1.8378889411511193e-07
400 2.2377661238682536e-07
401 2.0089817854958413e-07
402 1.8000447406873312e-07
403 1.5074612427289701e-07
404 2.2338345580116452e-07
405 1.6194092233539743e-07
406 1.4190914258564924e-07
407 1.4736005803225545e-07
408 1.7003352491974288e-07
409 1.3132009460982908e-07
410 1.062819522504646e-07
411 1.449567105362173e-07
412 1.2215285820788728e-07
413 1.645942657959781e-07
414 1.0428522651738748e-07
415 1.8892413554989188e-07
416 1.3300885442146665e-07
417 1.521448854558674e-07
418 2.0710475393230791e-07
419 1.5463175090247263e-07
420 1.647866164500347e-07
421 1.5162188706967375e-07
422 2.1557670714522348e-07
423 1.7232306758192628e-07
424 7.247208247393444e-08
425 2.4923809841064936e-07
426 1.4753759510083678e-07
427 1.5985338483101678e-07
428 1.413528289189167e-07
429 1.98539100210762e-07
430 2.387631597205665e-07
431 1.1685336082679936e-07
432 1.316424583999709e-07
433 1.1793367488227093e-07
434 1.883642593918457e-07
435 2.355687855956685e-07
436 1.7817752338619685e-07
437 2.21743531455829e-07
438 1.85585372940319e-07
439 1.4225665911589466e-07
440 1.8905164469160073e-07
441 2.1664874177169118e-07
442 1.807437351123967e-07
443 7.882389285537314e-08
444 2.0467224801339159e-07
445 2.0180859836984391e-07
446 8.43859056991932e-08
447 1.135895959761248e-07
448 1.8993860209329282e-07
449 1.5658473084975885e-07
450 1.6871574064175742e-07
451 9.09110644785355e-08
452 2.1655651198573414e-07
453 1.3397828600093495e-07
454 1.948967211581562e-07
455 1.7262074050217852e-07
456 1.7940239948580632e-07
457 1.5735636744164852e-07
458 1.1043303425145687e-07
459 1.6168375602505332e-07
460 1.3068554360969452e-07
461 1.1270614277579884e-07
462 2.0025062729210641e-07
463 1.54723604734682e-07
464 1.4090347848439891e-07
465 2.407845537934646e-07
466 1.32237388255715e-07
467 1.6992172907857917e-07
468 1.4058004702449393e-07
469 1.9374096647089314e-07
470 1.9707948591927287e-07
471 1.5654841237549814e-07
472 2.1001257528564996e-07
473 1.6236298759371722e-07
474 1.8986176354956845e-07
475 1.8965318665900124e-07
476 8.840671208787336e-08
477 1.7970636526185971e-07
478 1.389136111002914e-07
479 1.3892556346349763e-07
480 1.7762366211124382e-07
481 1.0027846776844309e-07
482 1.2892234100369072e-07
483 1.4920649001306437e-07
484 3.9780371305556275e-08
485 2.0706448158776302e-07
486 1.7871838345959882e-07
487 2.1503564335724948e-07
488 1.8126259132129468e-07
489 1.5880124689925627e-07
490 1.7236687704126546e-07
491 1.512971030908219e-07
492 1.229839280303045e-07
493 1.665052843054893e-07
494 1.593411162307037e-07
495 1.4961241337281342e-07
496 1.5589820111933656e-07
497 1.5494519563036108e-07
498 2.386037704937545e-07
499 2.1419965073900215e-07
500 1.2590962225448896e-07
501 1.8645542170493462e-07
502 1.292685872972295e-07
503 1.7619839307806562e-07
504 1.4597316644037537e-07
505 1.9172162787628168e-07
506 1.657155564105291e-07
507 1.64696679062347e-07
508 8.566500080043633e-08
509 1.3670179306784222e-07
510 2.0879510364939913e-07
511 1.9130384574321924e-07
512 1.948394533164941e-07
513 1.0334814213480488e-07
514 2.087355322490006e-07
515 1.9720979361978607e-07
516 1.8023389820627126e-07
517 1.203122010863333e-07
518 1.868789449071502e-07
519 1.5221615130552868e-07
520 1.3308238850624335e-07
521 1.6726978218339618e-07
522 1.1512528728391776e-07
523 1.7575934890693511e-07
524 1.4413030223710513e-07
525 1.431505287739508e-07
526 2.0271014099956312e-07
527 2.277611800511276e-07
528 1.36380878997141e-07
529 1.3139212414175516e-07
530 1.3694033929061946e-07
531 1.487508425023718e-07
532 1.3255145241147268e-07
533 1.340611666391632e-07
534 1.3819279633869782e-07
535 1.354791833945931e-07
536 1.175621029919372e-07
537 1.9466004216433764e-07
538 1.7888531196122992e-07
539 1.091275578495898e-07
540 2.222771235118498e-07
541 1.3287885915511087e-07
542 1.929227421037908e-07
543 1.3268266729033254e-07
544 1.6204422352444633e-07
545 2.142817009909044e-07
546 1.937560109450311e-07
547 1.865798913585258e-07
548 9.770702597896313e-08
549 1.4864620441422862e-07
550 1.8497610378071617e-07
551 1.8193466395890923e-07
552 1.597615848246667e-07
553 1.8265979366596675e-07
554 1.8063734512775998e-07
555 2.1324128764318934e-07
556 1.7105149888891774e-07
557 2.0707868610068842e-07
558 1.4301118288512966e-07
559 9.741207983336988e-08
560 1.5392432176089644e-07
561 1.6834501933114703e-07
562 1.218102293184994e-07
563 9.891790943993061e-08
564 1.3709547253128833e-07
565 2.569870938397622e-07
566 1.96407099550287e-07
567 8.729550473052336e-08
568 1.4821640285881614e-07
569 1.3120316549258413e-07
570 1.7222035650261695e-07
571 1.929090545767745e-07
572 1.5838007461577746e-07
573 1.806394746004364e-07
574 1.6665632775568084e-07
575 1.6782016368892515e-07
576 1.31966601026254e-07
577 2.064235515245164e-07
578 1.4421747405719394e-07
579 1.0435070364362548e-07
580 1.2255341509649118e-07
581 1.3859565224687565e-07
582 1.3292466548416592e-07
583 7.332093181743149e-08
584 1.915888792876024e-07
585 1.0180622477400307e-07
586 2.0177256216102302e-07
587 1.8666392297877518e-07
588 1.7507496043588854e-07
589 2.2083223905258266e-07
590 2.052555385461608e-07
591 1.9556053978235434e-07
592 9.131886313978883e-08
593 1.8675577882111466e-07
594 1.204955570334318e-07
595 2.4653515559459927e-07
596 2.013871096598605e-07
597 1.7635276418039788e-07
598 1.5253331190396957e-07
599 1.6635058761790126e-07
600 2.399946790224636e-07
601 1.8076326306250443e-07
602 1.5905171990620177e-07
603 1.8663455708300908e-07
604 1.6833386533569053e-07
605 1.549340519904932e-07
606 1.344589698316583e-07
607 1.8039882721798227e-07
608 2.134115287310337e-07
609 1.9081658761550572e-07
610 1.4824343806295283e-07
611 1.2383073423605297e-07
612 1.2013085671927276e-07
613 1.932291213391409e-07
614 1.660285993923113e-07
615 1.2448050088064663e-07
616 1.7445397846417578e-07
617 1.7238308928893548e-07
618 1.293160115049675e-07
619 2.1558458727232895e-07
620 1.7929424324732893e-07
621 1.6577965590267135e-07
622 8.275531653443615e-08
623 1.2311309785550392e-07
624 1.4196924720801963e-07
625 1.5296530332859072e-07
626 1.3031512384995493e-07
627 1.662466030003336e-07
628 1.8607312739599607e-07
629 2.0838418435447207e-07
630 1.5452650153023062e-07
631 2.2098361429146395e-07
632 1.8132024875959197e-07
633 1.4725464589062527e-07
634 1.4518215643271045e-07
635 1.4516729565415577e-07
636 1.397054224410628e-07
637 1.3137253133416e-07
638 2.0918301127301943e-07
639 1.61804529195168e-07
640 1.6027788853376746e-07
641 1.6322769268648455e-07
642 1.3839373188735512e-07
643 1.728330417064804e-07
644 1.568967953734404e-07
645 1.768037711596186e-07
646 2.1298109659685242e-07
647 1.0996405272371184e-07
648 1.2228392954259882e-07
649 1.5738568137813635e-07
650 1.0538620829350662e-07
651 1.52681152841769e-07
652 1.9862500432202028e-07
653 1.54831157477046e-07
654 1.9007105588258855e-07
655 1.477722485576881e-07
656 1.0670565252698762e-07
657 1.7523131830117088e-07
658 1.639505768337935e-07
659 1.912980871391768e-07
660 1.61327273967345e-07
661 1.7980525989279486e-07
662 1.5367394469830358e-07
663 1.7185649751029296e-07
664 1.1198755824930954e-07
665 1.2567614418562998e-07
666 1.8113886747286007e-07
667 1.4961492628958863e-07
668 1.6092420278200854e-07
669 1.9639946616934635e-07
670 2.0995728475422757e-07
671 1.1180741169218955e-07
672 1.691842708840085e-07
673 1.4096073402737518e-07
674 1.4901370265635897e-07
675 1.340964744554682e-07
676 1.351514488660104e-07
677 1.37706810685573e-07
678 1.5191097740127065e-07
679 1.6626424856928617e-07
680 8.325727428291528e-08
681 1.90203982016452e-07
682 1.9891934240310055e-07
683 9.374277608154746e-08
684 1.4743607580975257e-07
685 1.5505842437789635e-07
686 2.3304311194232e-07
687 1.4050710611751528e-07
688 1.2881453395692976e-07
689 2.2751276334804663e-07
690 1.3839885242421272e-07
691 2.3099498893453052e-07
692 1.28725565966212e-07
693 1.2821791243753676e-07
694 9.539051631400674e-08
695 1.4879547159276463e-07
696 1.9147990919230579e-07
697 1.5819801264886622e-07
698 1.896324410574231e-07
699 2.078393688076263e-07
700 1.90111369104326e-07
701 1.8148738810974378e-07
702 1.0765507543892246e-07
703 1.9264780353366077e-07
704 1.1206334315912863e-07
705 1.88479438496394e-07
706 1.8146634437545492e-07
707 2.140199324343709e-07
708 1.5514761535906202e-07
709 1.4560457211726025e-07
710 1.471626680848318e-07
711 2.043477278003293e-07
712 1.8144779199264448e-07
713 1.8420692094696328e-07
714 1.9251719961861925e-07
715 1.182360101584251e-07
716 1.460853331914085e-07
717 1.8359920868056185e-07
718 1.3541286695329184e-07
719 1.33549025964791e-07
720 1.5640069250915534e-07
721 1.502658730434829e-07
722 1.1747284398344972e-07
723 9.925493114489704e-08
724 1.477487867660259e-07
725 1.6622654984706286e-07
726 1.720463068921839e-07
727 1.5871648512545695e-07
728 1.9697242188878295e-07
729 2.0883116437571963e-07
730 2.0484140971507572e-07
731 1.2295712530028463e-07
732 1.6078122963934767e-07
733 1.0936612706796367e-07
734 1.1599144132198411e-07
735 1.7785925783647885e-07
736 1.6932557111350622e-07
737 1.6899217285223637e-07
738 1.2052168073744047e-07
739 1.2224451991795292e-07
740 1.4867060955753348e-07
741 2.079209967590037e-07
742 1.39642298781205e-07
743 1.5620753677611975e-07
744 1.2519593768906084e-07
745 1.6322489886747702e-07
746 1.8962154473773472e-07
747 1.8006426972521583e-07
748 2.175789587031381e-07
749 1.7953342894752765e-07
750 1.6672919540594308e-07
751 1.5910614716795957e-07
752 1.6959887448562075e-07
753 1.8207254771762848e-07
754 1.4891229876810406e-07
755 1.9328147661685699e-07
756 1.9513673838154383e-07
757 1.3397395324018934e-07
758 1.769825966711022e-07
759 1.4816338735240875e-07
760 1.883003019869389e-07
761 1.9419315258422207e-07
762 2.0185503989667878e-07
763 1.3511916237180663e-07
764 1.9901523034838526e-07
765 1.8224699432625878e-07
766 2.0203074367835672e-07
767 1.847413698251007e-07
768 1.2017354935728594e-07
769 1.8111311283020235e-07
770 2.046846714993846e-07
771 1.5273491507932035e-07
772 2.1853736210069857e-07
773 1.1372442248515007e-07
774 1.770751148498442e-07
775 1.2184057896868524e-07
776 1.9387522887481495e-07
777 1.2584526288714985e-07
778 2.063867765775438e-07
779 1.6743028659073252e-07
780 1.0246579458421667e-07
781 1.2784991109835264e-07
782 1.4225073908460747e-07
783 1.8023314866268084e-07
784 7.599491473425127e-08
785 1.0560661808089512e-07
786 2.315732457366294e-07
787 1.192176683779403e-07
788 1.7264218331596816e-07
789 1.7800257511714042e-07
790 2.1854169499721634e-07
791 1.236070382537777e-07
792 2.2812367070301544e-07
793 1.8107390030778766e-07
794 2.3205580154988404e-07
795 2.113594024089703e-07
796 1.921241105148753e-07
797 1.7745886050353242e-07
798 1.4495064047466027e-07
799 1.8480126663576194e-07
800 1.5153261111206582e-07
801 1.7983413405045582e-07
802 1.6025151758806103e-07
803 1.598214760030798e-07
804 1.6225278934640007e-07
805 1.2934135810835364e-07
806 1.959320104343065e-07
807 1.5946076179035245e-07
808 1.4110465362398636e-07
809 1.8135487311744126e-07
810 1.7830328227424322e-07
811 1.767244672056075e-07
812 1.8335245935844236e-07
813 1.6889931243865812e-07
814 1.497498737871936e-07
815 1.3063512422594898e-07
816 2.2413622005761472e-07
817 1.7657622587200983e-07
818 1.6197345095710192e-07
819 1.7077795705623835e-07
820 6.08008541883977e-08
821 1.8336994076177329e-07
822 2.0237015963166868e-07
823 1.1086753350546311e-07
824 1.16956694404947e-07
825 1.4081583528541976e-07
826 1.9398275714756861e-07
827 1.6130226445657165e-07
828 2.272312893131601e-07
829 2.220184414223978e-07
830 1.240078727861699e-07
831 1.0133944777445703e-07
832 2.2570217836699542e-07
833 1.9669082240008094e-07
834 1.5192192813040324e-07
835 1.6944905172975263e-07
836 1.692553430453167e-07
837 1.977056099682732e-07
838 1.3618484677249447e-07
839 2.441788300417337e-07
840 1.7759009459103785e-07
841 1.55304189675275e-07
842 1.3035892394031504e-07
843 1.8314217566666648e-07
844 2.0858529581805055e-07
845 1.6713435241826879e-07
846 1.3247743241907567e-07
847 1.415007766171987e-07
848 1.8025527673902343e-07
849 1.6897818114432998e-07
850 2.0064071048985462e-07
851 1.7808478217287614e-07
852 1.0819153742091175e-07
853 1.783401301481089e-07
854 1.9418061591146406e-07
855 1.880441019395526e-07
856 9.562110876009144e-08
857 1.3200962796811758e-07
858 1.2605494796079534e-07
859 1.1916457866698788e-07
860 1.9672741725975987e-07
861 1.7277596104403714e-07
862 2.16095095156499e-07
863 1.5187504669819532e-07
864 1.574666286286653e-07
865 9.419890727940054e-08
866 1.2656338959148292e-07
867 1.6085082528076478e-07
868 2.054328712513355e-07
869 1.9319236996377123e-07
870 1.6341895641487747e-07
871 1.614026423915101e-07
872 1.5491894694846713e-07
873 2.0634912862860624e-07
874 2.2978086305592518e-07
875 1.7171763384930278e-07
876 1.542686373696443e-07
877 1.8732269754620467e-07
878 1.61620371124015e-07
879 1.1177159765911485e-07
880 1.804067662145349e-07
881 1.6124445118332313e-07
882 1.3822252761405496e-07
883 1.29348243467227e-07
884 1.2951363115881178e-07
885 1.430660249789126e-07
886 1.7913339975554e-07
887 1.610516863200068e-07
888 1.629911995058102e-07
889 1.9754738697178895e-07
890 1.7851840881832254e-07
891 1.212565456125813e-07
892 1.6330299332714384e-07
893 2.200669249944518e-07
894 9.524744400143568e-08
895 8.985747334042669e-08
896 1.1002635912168391e-07
897 1.6694568507932552e-07
898 1.4901923301608165e-07
899 2.0674659049213801e-07
900 1.775030925701061e-07
901 1.2670530686219028e-07
902 2.3643249041962405e-07
903 2.0796869439385455e-07
904 1.3608197524894015e-07
905 1.3318939581153395e-07
906 1.6605385062298164e-07
907 1.6319097013316257e-07
908 1.5161632032436449e-07
909 2.524956299678993e-07
910 1.216008066022814e-07
911 1.7656643083165863e-07
912 2.3059676026026748e-07
913 1.2323705604757273e-07
914 1.5140225069669355e-07
915 1.957901530408828e-07
916 1.6962994510751342e-07
917 1.5058190361993993e-07
918 1.756105649547017e-07
919 1.6749336000690929e-07
920 1.379953482022978e-07
921 1.475581011687746e-07
922 1.485890609125741e-07
923 1.7711154756431283e-07
924 1.7163372730253227e-07
925 2.188411561440705e-07
926 1.458369165461123e-07
927 1.9489722535684712e-07
928 1.6455454852027324e-07
929 1.4150841956300984e-07
930 1.9600021539665742e-07
931 1.3451532761754573e-07
932 1.7291585124969793e-07
933 1.1393623973658646e-07
934 1.4399759885255125e-07
935 1.879779466189055e-07
936 2.0670319788422124e-07
937 1.589557221548645e-07
938 1.6784124829494545e-07
939 1.5569364892447824e-07
940 1.1838501128191781e-07
941 1.474680435761299e-07
942 1.6405639978553948e-07
943 2.0258601837047715e-07
944 1.975124590628637e-07
945 2.2091665857914456e-07
946 2.0316010138443712e-07
947 1.6425858092668644e-07
948 1.8770375728848525e-07
949 1.8215265669697555e-07
950 1.4651520635579216e-07
951 1.9350650272022392e-07
952 1.380450209495084e-07
953 1.4528677449442517e-07
954 1.5835234754495757e-07
955 1.3021929205858938e-07
956 1.8286177593662904e-07
957 1.487918410009669e-07
958 1.782413470679157e-07
959 1.5454490740433474e-07
960 1.4448266007839718e-07
961 1.0572455785037318e-07
962 1.4823938495629623e-07
963 1.9798922118652973e-07
964 1.964797330048807e-07
965 1.974107637600944e-07
966 1.6331444420098511e-07
967 1.7251581169584017e-07
968 2.1186298678479095e-07
969 1.2179559166995265e-07
970 1.7581396598300235e-07
971 1.7259214921855218e-07
972 2.205862327897423e-07
973 1.4625646983772839e-07
974 1.675255505467226e-07
975 1.8574151441008458e-07
976 1.8281567831468824e-07
977 9.784124449603604e-08
978 1.665556103076248e-07
979 2.100756898167863e-07
980 2.1708459933332405e-07
981 1.3177483143023026e-07
982 1.742026973108052e-07
983 1.8141093287558693e-07
984 2.2180557176288501e-07
985 1.8745363575148036e-07
986 1.4626110959521824e-07
987 1.8416823553452662e-07
988 1.2018328350872649e-07
989 1.753016014836375e-07
990 1.920516787684676e-07
991 1.5588147798875665e-07
992 1.604311394935812e-07
993 1.454813278500937e-07
994 1.3127874753616704e-07
995 1.9568085323782683e-07
996 1.7879928287172015e-07
997 1.552274230913659e-07
998 2.1039878155242785e-07
999 1.7239606331964066e-07
