0 1.7133477686982258e-07
1 1.5797258943877273e-07
2 1.6386905080069566e-07
3 1.916829053062026e-07
4 1.5081837943681359e-07
5 8.806580260528203e-08
6 1.583608237653667e-07
7 1.5691727301867513e-07
8 1.0813479106622567e-07
9 1.5298183036872806e-07
10 1.662416715867839e-07
11 1.579379828244986e-07
12 1.4371999022824638e-07
13 1.3279221221595774e-07
14 1.3625747891492715e-07
15 1.5534944680216913e-07
16 1.3960081010338686e-07
17 1.6056673030691578e-07
18 1.3760593372449099e-07
19 1.531494022372392e-07
20 1.7835793293731928e-07
21 1.5275004109818282e-07
22 1.7492342310108765e-07
23 1.4696562631252222e-07
24 1.485674749307967e-07
25 1.4597993302639112e-07
26 1.8840379900045505e-07
27 1.4731797173967975e-07
28 1.4766803632021686e-07
29 1.4192488400558584e-07
30 1.5731269551058832e-07
31 1.434727385277833e-07
32 1.606788517161791e-07
33 1.0954222214799811e-07
34 1.2374095154607563e-07
35 1.1773728157997072e-07
36 1.5975310885428144e-07
37 1.3673247320615443e-07
38 1.57339164721436e-07
39 1.228510447016121e-07
40 1.4633979495658305e-07
41 1.7935977853711622e-07
42 1.367832757889411e-07
43 1.3590074139794921e-07
44 1.244781900811694e-07
45 1.7448427038987231e-07
46 1.0938619987070897e-07
47 9.985626028178497e-08
48 1.6880606236145159e-07
49 1.4685242485239607e-07
50 1.0171792979576704e-07
51 1.7114395834237143e-07
52 1.532019187109603e-07
53 1.5166266566112412e-07
54 1.6081400389514424e-07
55 1.5964954036663922e-07
56 1.568765828216219e-07
57 1.3308916503682213e-07
58 1.506366679747311e-07
59 1.5454321080891213e-07
60 1.5863949735663928e-07
61 1.367957915195949e-07
62 1.368261558776371e-07
63 1.1670656150073655e-07
64 1.4117295623859292e-07
65 1.4985607480182708e-07
66 1.4640196993975736e-07
67 1.348845699731572e-07
68 1.5641907703877233e-07
69 1.6585276877431446e-07
70 1.6329079739730634e-07
71 1.3923095735437718e-07
72 1.69771051238823e-07
73 1.4839014305802182e-07
74 1.668670285019856e-07
75 1.0129200389097551e-07
76 1.4789538573329218e-07
77 1.4200335447696461e-07
78 1.7415810665034849e-07
79 1.1110994993814777e-07
80 1.6604466873834543e-07
81 1.4800310446567898e-07
82 1.4839798254661203e-07
83 2.0166371853979012e-07
84 1.3722778061518853e-07
85 1.5531667034671193e-07
86 1.3992776663334202e-07
87 1.4015880695858614e-07
88 1.5918431970695056e-07
89 1.6262199261982574e-07
90 1.5632764141014232e-07
91 1.970509136694905e-07
92 1.5914221800192412e-07
93 1.447748091303193e-07
94 1.5933337563534432e-07
95 1.5036417315921628e-07
96 1.5550572109323645e-07
97 1.4251816687768426e-07
98 1.8158122814621702e-07
99 1.2636520780620854e-07
100 1.848347018979016e-07
101 1.5139265770926162e-07
102 1.6132171775682545e-07
103 1.5460544183534787e-07
104 1.919132172363121e-07
105 1.547316597945205e-07
106 1.504738757327208e-07
107 1.9225820105455812e-07
108 1.170912063969186e-07
109 1.4515225727649872e-07
110 1.577477774148559e-07
111 1.4677249489642887e-07
112 1.6857666091995594e-07
113 9.009007878446326e-08
114 1.79954413706404e-07
115 1.259316532854261e-07
116 1.352959336327334e-07
117 1.5197594066314647e-07
118 1.7401603335889453e-07
119 1.3097521247455272e-07
120 1.364163045412655e-07
121 1.3549276457873587e-07
122 1.2859887221922686e-07
123 1.5516689978600854e-07
124 1.5237240445704717e-07
125 1.9646779362239182e-07
126 1.2741063497192446e-07
127 1.1730177115288625e-07
128 1.7515703838679565e-07
129 1.5780203518122886e-07
130 1.2730594560385005e-07
131 1.208315033046503e-07
132 1.7033768908671797e-07
133 1.6854423629718594e-07
134 1.0370426798018393e-07
135 1.4453952910244158e-07
136 2.0766424169401406e-07
137 1.6906354537729285e-07
138 1.8901623137355569e-07
139 1.3015231949710874e-07
140 1.5588094272207107e-07
141 1.5000736176155143e-07
142 1.5564824338516462e-07
143 1.523731368770722e-07
144 1.8012398669337432e-07
145 1.6089997001286414e-07
146 1.1782434648251556e-07
147 1.340449062653232e-07
148 1.198188340279026e-07
149 1.5477596590741794e-07
150 1.6010971450489425e-07
151 1.5473456070888932e-07
152 1.403793607378075e-07
153 1.4703823220755544e-07
154 1.2441732162817117e-07
155 1.314843753220573e-07
156 1.401873186710708e-07
157 1.7466122299946597e-07
158 1.5112449710167704e-07
159 1.3386858978761278e-07
160 1.517069549532914e-07
161 1.4261616909291106e-07
162 1.6208083886153365e-07
163 1.3339186663963486e-07
164 1.5031671050942921e-07
165 1.276138982922998e-07
166 1.3525409100155284e-07
167 1.4569158651326045e-07
168 2.026708651108805e-07
169 1.6232018370168266e-07
170 1.6572933790512227e-07
171 1.4473998195261968e-07
172 1.2433702643272507e-07
173 1.378750227892854e-07
174 1.3091269773326228e-07
175 1.7204858966521169e-07
176 1.4568846146216654e-07
177 1.2540977428842225e-07
178 1.4721731000357466e-07
179 1.4592785956761592e-07
180 1.4811151730851374e-07
181 2.031425268723354e-07
182 1.5708252066476812e-07
183 1.5879183646827817e-07
184 1.6826405033400907e-07
185 1.6965811476634958e-07
186 1.446217187573733e-07
187 1.4526924406916584e-07
188 1.17292852281685e-07
189 1.2347405917772627e-07
190 1.6366571937090158e-07
191 1.4556164537942298e-07
192 1.2101417258617066e-07
193 1.1701455204689575e-07
194 1.3108021303229153e-07
195 1.3114968659170488e-07
196 1.9638929690436502e-07
197 1.4566506913457102e-07
198 1.4544549216632305e-07
199 1.8209791178849732e-07
200 1.4964209526744542e-07
201 1.6727766074920602e-07
202 1.533884417134849e-07
203 1.7666951473928836e-07
204 1.949198797478775e-07
205 1.9823258934493904e-07
206 1.6656888283076016e-07
207 1.654964264291674e-07
208 1.2993301558056054e-07
209 1.2730316922777342e-07
210 1.6471281005878136e-07
211 1.607305764371148e-07
212 1.6246127402156975e-07
213 1.1803156691042532e-07
214 1.3729311928771877e-07
215 1.3799591539988822e-07
216 1.7653605797816027e-07
217 1.9545476357650763e-07
218 1.390623668356861e-07
219 1.7751978685190183e-07
220 1.5003528597492188e-07
221 1.756968025373138e-07
222 1.702031946962046e-07
223 1.8993721794030584e-07
224 1.4714991238255845e-07
225 1.4939019205463336e-07
226 1.722603550771777e-07
227 1.1981344056005291e-07
228 1.466323216932717e-07
229 1.3527760067854582e-07
230 1.5335770740218904e-07
231 1.6197005918580903e-07
232 1.495078938099148e-07
233 1.70192112412676e-07
234 1.6439597277304006e-07
235 1.4440551834501108e-07
236 1.7957358129856303e-07
237 1.509978258329718e-07
238 1.7204022683800622e-07
239 1.438178142273852e-07
240 1.4261242231000466e-07
241 1.435022885126096e-07
242 1.3945948367972894e-07
243 1.5935030933640238e-07
244 1.2044593484115416e-07
245 1.2075785403097782e-07
246 1.4793847047457493e-07
247 1.8203539848228702e-07
248 1.762951711500124e-07
249 1.0793215811687952e-07
250 1.8353827362468486e-07
251 1.748227225689124e-07
252 1.3914050215126755e-07
253 1.477250835962619e-07
254 1.1450682308931986e-07
255 1.510042427870636e-07
256 1.5459654893042969e-07
257 1.414862783744437e-07
258 1.5654594042541563e-07
259 1.3510910585111007e-07
260 1.3852831470912186e-07
261 1.638325873361208e-07
262 1.2655120866886525e-07
263 1.266911939092105e-07
264 8.661864866822062e-08
265 1.3953024328239648e-07
266 1.592549191047709e-07
267 1.6306797407369306e-07
268 1.920725211474808e-07
269 1.7822288797539368e-07
270 1.8050661036887991e-07
271 1.5281176150116548e-07
272 1.78848469862295e-07
273 1.7446705862153467e-07
274 1.426621740261447e-07
275 1.0924326938789433e-07
276 1.457113407701418e-07
277 1.0753851928029584e-07
278 1.6710863695010346e-07
279 1.4011077546117512e-07
280 1.6013328953598782e-07
281 1.6772286006224283e-07
282 1.7344934356272195e-07
283 1.4836955554004017e-07
284 1.3025930067850966e-07
285 1.2188426313611677e-07
286 1.593083679847795e-07
287 1.7204216177631795e-07
288 1.7384018075106111e-07
289 1.875053621168961e-07
290 1.6678369355837406e-07
291 1.4169644290493672e-07
292 1.4703642860335558e-07
293 1.577832988236712e-07
294 1.5961804327058369e-07
295 1.8149544812764287e-07
296 9.174229565340456e-08
297 1.6029989617018538e-07
298 1.6021374197590961e-07
299 1.368576765150413e-07
300 1.5520983036371498e-07
301 1.4804556463151416e-07
302 1.6707138853746054e-07
303 1.457247671960095e-07
304 1.5159641494534906e-07
305 1.830853888588035e-07
306 1.548444373658699e-07
307 1.427755678060326e-07
308 1.3992345244580257e-07
309 1.475785486141182e-07
310 1.6224663734782788e-07
311 1.0084954652093065e-07
312 1.5463583300101174e-07
313 1.3015601620379835e-07
314 1.5933067358634995e-07
315 1.230687267712983e-07
316 1.578472348462138e-07
317 1.6849805060532487e-07
318 1.447638464649875e-07
319 1.2519577237272014e-07
320 1.7267129074475636e-07
321 1.220776594397567e-07
322 1.6706554074738076e-07
323 1.1683573371626109e-07
324 1.2160063804509827e-07
325 1.5752854618268222e-07
326 1.431728022508994e-07
327 1.4578737980711245e-07
328 1.4033014330788915e-07
329 1.9996417211186607e-07
330 1.627923500733925e-07
331 1.6247686250181332e-07
332 1.5062141531465067e-07
333 1.7141885996701077e-07
334 1.0518175789451591e-07
335 1.3938735964329114e-07
336 1.6995727093491123e-07
337 1.410914208094469e-07
338 1.2824076928657382e-07
339 1.0995179039483165e-07
340 1.5962060135830717e-07
341 1.6320393568101376e-07
342 9.88565056856142e-08
343 1.5606407395279087e-07
344 1.469332648897606e-07
345 1.5279274008724942e-07
346 1.385232212626195e-07
347 1.5646715669282647e-07
348 1.472676186558842e-07
349 1.304255668156915e-07
350 1.7633169741067136e-07
351 1.5165544621764627e-07
352 1.9802667513021873e-07
353 1.5231328482244564e-07
354 1.5526518722588632e-07
355 1.52842193624716e-07
356 1.7610151762891304e-07
357 1.6978306691425704e-07
358 1.382691996108768e-07
359 1.554208269407003e-07
360 1.533510994085343e-07
361 1.5597243421849766e-07
362 1.7414664679281446e-07
363 1.7614512899508436e-07
364 1.5659976247014362e-07
365 1.7212187186326431e-07
366 1.0489749486307535e-07
367 1.6691573082806376e-07
368 1.245557507057131e-07
369 1.2830411666790756e-07
370 1.4093513534587463e-07
371 1.5361596373257732e-07
372 1.8564927003389376e-07
373 1.147932606402155e-07
374 1.5488445990342752e-07
375 1.3661437258154742e-07
376 1.7413970738724474e-07
377 1.7105985966243298e-07
378 2.125786238930447e-07
379 9.16825481704038e-08
380 1.5769001440396942e-07
381 1.607147697331749e-07
382 1.4608418932430819e-07
383 1.4192726268949723e-07
384 1.2667214366684138e-07
385 1.6011214689386444e-07
386 1.412450776204682e-07
387 1.5412608767562258e-07
388 1.1059742390180905e-07
389 1.9522205677433705e-07
390 1.8309848710590734e-07
391 1.3814323939953196e-07
392 1.543056080692669e-07
393 1.7434352839709354e-07
394 1.766838782361047e-07
395 1.5223541472382733e-07
396 1.2173989688881528e-07
397 1.487489119824064e-07
398 1.4985652129711788e-07
399 1.318067289331007e-07
400 1.5262215490079133e-07
401 1.7174417860271782e-07
402 1.5450423817449666e-07
403 1.5119163776304384e-07
404 1.6656960955471012e-07
405 1.1040715605126179e-07
406 1.516420674074413e-07
407 1.2378427923600347e-07
408 1.5684094154384448e-07
409 1.9953563798863666e-07
410 1.4834991067837505e-07
411 1.6960779937883853e-07
412 1.420377767203578e-07
413 1.0259626662401877e-07
414 1.4871983030795091e-07
415 1.609049719277978e-07
416 1.686373894573335e-07
417 1.6144583965270871e-07
418 1.6447634785499507e-07
419 1.6267589249493022e-07
420 1.6176812871663147e-07
421 1.2380254895670404e-07
422 1.5499882489731623e-07
423 1.2530159426442174e-07
424 1.1965518825751018e-07
425 1.4136717288454276e-07
426 1.761589388348281e-07
427 1.570828363256459e-07
428 1.2131060669941932e-07
429 1.6114316036107318e-07
430 1.5010276414711292e-07
431 1.5686738026575037e-07
432 1.7394483019515423e-07
433 1.2534904455657417e-07
434 1.4003667901688708e-07
435 1.7535812434214697e-07
436 2.1424708805353674e-07
437 1.7506343437383627e-07
438 1.3082531528807515e-07
439 1.512771215030467e-07
440 1.9152293541159712e-07
441 1.7085995403995306e-07
442 1.3782472580810706e-07
443 1.5436804127266585e-07
444 1.3734046698114985e-07
445 1.7089093315389685e-07
446 1.2858862034651616e-07
447 1.417171741169776e-07
448 1.5223535954502406e-07
449 1.3549237147273033e-07
450 1.576422599696302e-07
451 1.2850920010186163e-07
452 1.7573015197004393e-07
453 1.32696553087002e-07
454 1.4394020052638125e-07
455 1.5259441703357723e-07
456 1.1881799130625178e-07
457 1.6172947707536173e-07
458 1.4174758145058804e-07
459 1.3066688757097644e-07
460 1.580016294331642e-07
461 1.5662999449428123e-07
462 1.5367148753751657e-07
463 1.6304715071344355e-07
464 1.3663193737415286e-07
465 1.5731760626296448e-07
466 1.3801103198462327e-07
467 1.5555746824155368e-07
468 1.3914520107977847e-07
469 1.1810105131798282e-07
470 1.8376177642876158e-07
471 1.5443121009460586e-07
472 1.2253725472462269e-07
473 1.340169989126237e-07
474 1.598675071621196e-07
475 1.6376294169533944e-07
476 1.1076501615509657e-07
477 1.482278608581264e-07
478 1.2760089608363982e-07
479 1.2261318802050424e-07
480 1.5141162907841697e-07
481 1.3188842019531538e-07
482 1.8439815432124784e-07
483 1.8274432984274152e-07
484 1.2251028534301677e-07
485 1.5837934330084947e-07
486 1.462771310933732e-07
487 1.8086947465064563e-07
488 1.5244537389808848e-07
489 1.5420111438245143e-07
490 1.3780930141963721e-07
491 1.5566384247968298e-07
492 1.5178014407818648e-07
493 1.9248535138565968e-07
494 1.4915179770927163e-07
495 1.6154270310680777e-07
496 1.3135154000742318e-07
497 1.5407314170857966e-07
498 1.4432044230284583e-07
499 1.3818779426260386e-07
500 1.455274991715044e-07
501 1.922419479747739e-07
502 1.3647263286687977e-07
503 1.4724003358922783e-07
504 1.2397126188705008e-07
505 1.7801802501201793e-07
506 1.5948176989793686e-07
507 1.4042486936738955e-07
508 1.4958046328271072e-07
509 1.2640212767995004e-07
510 1.626569233689228e-07
511 1.2536782071775028e-07
512 1.702919929798911e-07
513 1.664115421975321e-07
514 1.0235535496630406e-07
515 1.531582851745335e-07
516 1.7269683602730918e-07
517 1.6807877224567833e-07
518 1.6107378166775792e-07
519 1.691592227937836e-07
520 1.4212902448579798e-07
521 1.572534562735248e-07
522 1.3658300185246704e-07
523 1.8380634811425822e-07
524 1.2516487657662292e-07
525 1.4171965075742835e-07
526 1.5872668946447324e-07
527 1.566337036607411e-07
528 1.4895799859544298e-07
529 1.4430249177619592e-07
530 1.386184921274296e-07
531 1.0444770319574809e-07
532 1.4189497409022695e-07
533 1.3335648400190074e-07
534 1.3085908072254385e-07
535 1.6602736245409883e-07
536 1.2095097114350296e-07
537 1.924863403429152e-07
538 1.5315322543843716e-07
539 1.5721342942281414e-07
540 1.6025581678874607e-07
541 1.2014668399256714e-07
542 1.2496764211516541e-07
543 1.2890733618962527e-07
544 1.4734944602608322e-07
545 1.6587416436106842e-07
546 1.5996325937173973e-07
547 1.5611924169366958e-07
548 1.4815376479998184e-07
549 1.5118930001464864e-07
550 1.308967510790937e-07
551 1.3982102709574846e-07
552 1.1085473941292478e-07
553 1.4318970575433699e-07
554 1.201231711163282e-07
555 1.520496329005479e-07
556 1.9879563441769974e-07
557 1.380959161594134e-07
558 1.2484665471325076e-07
559 1.7852931500321634e-07
560 1.6206538889178354e-07
561 1.673678481844432e-07
562 1.589074459558534e-07
563 1.0808370767983177e-07
564 1.7250263939515017e-07
565 1.5500669910443276e-07
566 1.1707581403750724e-07
567 1.2825769357835082e-07
568 1.680731645487126e-07
569 1.1216033920694993e-07
570 1.8132823414489605e-07
571 1.3175155402576933e-07
572 1.3028384245369609e-07
573 1.566888521863103e-07
574 1.343775566092056e-07
575 1.496584639618839e-07
576 1.4449974260523735e-07
577 1.4041310845453556e-07
578 1.1834821075866391e-07
579 1.265252161945421e-07
580 1.2206883708562402e-07
581 1.1354169198590743e-07
582 1.4551520784446302e-07
583 1.5950524511504125e-07
584 1.146593815454135e-07
585 1.6621225980452134e-07
586 1.7556875742861984e-07
587 1.4651289434678765e-07
588 1.3336167569218737e-07
589 1.4770794183485673e-07
590 1.4782545215415387e-07
591 1.5125325522372783e-07
592 1.5155694275867932e-07
593 1.3333314297453042e-07
594 1.3985321473912117e-07
595 1.5185859550229035e-07
596 1.2179467722813997e-07
597 1.6146229848006894e-07
598 1.1622914548746457e-07
599 1.5499947899822056e-07
600 1.5278313406213514e-07
601 1.0770278291255613e-07
602 1.7307069277417495e-07
603 1.706384077318121e-07
604 1.7301386942607644e-07
605 1.374262202253758e-07
606 1.3796650383216908e-07
607 1.6402868544641176e-07
608 1.7165454253683213e-07
609 1.014230992011384e-07
610 1.27003776263532e-07
611 1.375538774797946e-07
612 1.1371831248863681e-07
613 1.5300739839286116e-07
614 1.5687367453749051e-07
615 1.494527878890977e-07
616 1.8378241917610332e-07
617 1.6830124418818587e-07
618 1.2460708236212205e-07
619 1.4638580088388363e-07
620 1.1767386214468506e-07
621 1.4901310491696488e-07
622 1.2586911636217874e-07
623 1.3486495284948693e-07
624 1.8280266335101966e-07
625 1.6507191332674152e-07
626 1.5543120218487106e-07
627 1.3502404533701547e-07
628 1.5144342697264666e-07
629 1.378746309818827e-07
630 1.2351630346155785e-07
631 1.3669742396159722e-07
632 1.4997024139572068e-07
633 1.3610192960940618e-07
634 1.3945461185793846e-07
635 1.4881767364125257e-07
636 1.4348308833130552e-07
637 1.3950028956277826e-07
638 1.6560297714563358e-07
639 1.54418768231022e-07
640 1.5416911197156936e-07
641 1.8441830583788663e-07
642 1.4616273720426232e-07
643 1.5404576421085516e-07
644 1.307827198274731e-07
645 1.3229836810587554e-07
646 1.4276285439664797e-07
647 1.4846958145090816e-07
648 1.0810116678611275e-07
649 1.4420195700107998e-07
650 1.297076660549213e-07
651 1.441797510957728e-07
652 1.3174933026510252e-07
653 1.547190752225227e-07
654 1.6457620834471228e-07
655 1.5648347039024864e-07
656 1.3105821166255786e-07
657 1.204356797048792e-07
658 1.1552942879644443e-07
659 1.5271905026221824e-07
660 1.5750216155477247e-07
661 1.6992462653231479e-07
662 1.3326755371009347e-07
663 1.5245139778923336e-07
664 1.1687239444308524e-07
665 1.1969198825608743e-07
666 1.7313008647784883e-07
667 1.637465689121675e-07
668 1.3064967693355992e-07
669 1.4211572568172132e-07
670 1.5812643521017165e-07
671 1.779097164463463e-07
672 1.2349116284458252e-07
673 1.7115434157934345e-07
674 1.7719385303639067e-07
675 8.728586494130152e-08
676 1.5265505570690463e-07
677 1.444404684133365e-07
678 1.5861817838249415e-07
679 1.1681162463730691e-07
680 1.2008167081496433e-07
681 1.9925640953376585e-07
682 1.38579649378735e-07
683 1.6049903379442257e-07
684 1.0975399802051457e-07
685 9.505055715813605e-08
686 1.6784505534892833e-07
687 1.527562745775999e-07
688 1.1716976893373971e-07
689 1.2667390117261552e-07
690 1.504815647679141e-07
691 1.7810543580051285e-07
692 1.435304564475709e-07
693 1.7971724224740077e-07
694 1.1946320554123692e-07
695 1.536324645826527e-07
696 1.4068841218683647e-07
697 1.446522667798981e-07
698 1.799018938708997e-07
699 1.5802959660457237e-07
700 1.671950226073423e-07
701 1.4339260703159051e-07
702 1.3492438837376242e-07
703 1.2690770034738114e-07
704 1.666505303084479e-07
705 1.3771737074755772e-07
706 2.0788181799251073e-07
707 1.8623579817478894e-07
708 1.6544840197532854e-07
709 1.5184733736898486e-07
710 9.963240307135777e-08
711 1.7842175971347785e-07
712 1.6780932226817595e-07
713 1.534480724049131e-07
714 1.8774183846592096e-07
715 1.1712699659988398e-07
716 1.466228130798555e-07
717 9.414333321678207e-08
718 1.318343977637077e-07
719 1.3527653730294836e-07
720 1.5018038121594993e-07
721 1.2531876533909983e-07
722 1.582237742842581e-07
723 1.5107941204544801e-07
724 1.6762027952023424e-07
725 1.7801251055542768e-07
726 1.4333626771625405e-07
727 1.3775594467292542e-07
728 1.2208887659743934e-07
729 1.784370521613809e-07
730 1.6297939527032365e-07
731 1.7752053806699412e-07
732 1.5967292492426538e-07
733 1.4444873182686454e-07
734 1.4933462607973918e-07
735 1.1368457533423265e-07
736 1.458412231300532e-07
737 1.4085919644083586e-07
738 1.4467773270599537e-07
739 1.3705761544390134e-07
740 1.1371853265059734e-07
741 1.327087232493591e-07
742 1.7573761681940267e-07
743 1.790667832735147e-07
744 1.7093865547283318e-07
745 1.2964207534888784e-07
746 1.3497764037478325e-07
747 1.5318032350774745e-07
748 1.0376563355026438e-07
749 1.6749289884058158e-07
750 1.4502912201181565e-07
751 1.7115678764299398e-07
752 1.5365594792847106e-07
753 1.7865487799480813e-07
754 1.3421874848017914e-07
755 1.8445656378966176e-07
756 1.3203350734572136e-07
757 1.608006072428455e-07
758 1.6743121562900013e-07
759 1.8182622569456416e-07
760 1.2005260412980236e-07
761 1.807828737670923e-07
762 1.783307632207931e-07
763 1.5792587445544938e-07
764 1.5139273102965456e-07
765 1.5493518762572613e-07
766 1.3440109116375992e-07
767 1.3590758404492552e-07
768 1.3161630773234186e-07
769 1.9381301461892667e-07
770 1.5841065335987014e-07
771 1.4267408688279618e-07
772 1.533246294226736e-07
773 1.411583128626885e-07
774 1.3077887728755475e-07
775 1.42519381251333e-07
776 1.8426082292654242e-07
777 1.2659530695989556e-07
778 1.5756572008485853e-07
779 1.4372660672518787e-07
780 1.0947344763752122e-07
781 1.4756040145387803e-07
782 1.0766686294081626e-07
783 1.3036978936040532e-07
784 1.5489527126827086e-07
785 1.8294353361797893e-07
786 1.3788375595944068e-07
787 1.2901464230449275e-07
788 1.498835489511231e-07
789 1.7290272267769141e-07
790 1.261024860894496e-07
791 1.388155475050781e-07
792 1.6823952527344172e-07
793 1.5655770620490533e-07
794 1.559478477571709e-07
795 1.2784905699920209e-07
796 1.4835124469830065e-07
797 1.564293455438677e-07
798 1.6554333182427383e-07
799 1.7796738732259877e-07
800 1.4860633212973407e-07
801 1.4891187907334012e-07
802 1.2948159024979885e-07
803 1.0618815813269283e-07
804 1.50772794677902e-07
805 1.6942920521574033e-07
806 1.5661065651001852e-07
807 1.3833498423176862e-07
808 1.4974015541772925e-07
809 1.2177809330462318e-07
810 2.0303258202985564e-07
811 1.6756265117223516e-07
812 1.7222126840898235e-07
813 1.1891177160409458e-07
814 1.6190167183096403e-07
815 1.677709895518529e-07
816 1.4621346027394627e-07
817 1.6199929140872007e-07
818 1.5129514693722703e-07
819 1.428248634487904e-07
820 1.3945720635576173e-07
821 1.5701793242420347e-07
822 1.3984255595567516e-07
823 1.2717040823898113e-07
824 1.544909743996643e-07
825 1.3185172108066353e-07
826 1.5858155492134072e-07
827 1.4460680861004127e-07
828 1.7997514742665327e-07
829 1.5781617793083994e-07
830 1.3326559136913452e-07
831 1.5129317929845348e-07
832 1.374911592715464e-07
833 1.415593196895054e-07
834 1.5586530566235718e-07
835 1.8385519365538707e-07
836 1.5487743408074675e-07
837 1.8332311191172836e-07
838 1.6603993950982893e-07
839 1.528902672962178e-07
840 1.4640217590221676e-07
841 1.5742735756702582e-07
842 1.4435451580810068e-07
843 1.3715003368116102e-07
844 1.3698741603101221e-07
845 1.4681668109098335e-07
846 1.428843246673641e-07
847 1.7387953951044954e-07
848 1.6820729000773975e-07
849 1.5820233666872574e-07
850 1.3079290252118436e-07
851 1.5526821567130339e-07
852 1.8023936574523891e-07
853 8.418612732710539e-08
854 1.344595695302019e-07
855 1.8840806322853343e-07
856 1.1489841994157266e-07
857 1.4003730848755153e-07
858 1.3508537013765743e-07
859 1.6520033983585614e-07
860 1.578694706195703e-07
861 1.1226921143172027e-07
862 1.6936549086707985e-07
863 1.3193399558116437e-07
864 1.7482023738796485e-07
865 1.1439857332334538e-07
866 1.3019188065104622e-07
867 1.7072397513593834e-07
868 1.3723520371720553e-07
869 1.560533155221687e-07
870 1.4519107461913344e-07
871 1.2233667641537112e-07
872 1.5113204544403125e-07
873 1.5381196975062103e-07
874 1.5503477922861496e-07
875 1.6123149087146087e-07
876 1.3731772071318359e-07
877 1.723643768984355e-07
878 1.267755470916282e-07
879 1.5607330613936627e-07
880 1.1426320460792095e-07
881 1.8079136372735234e-07
882 1.8053276544017548e-07
883 1.195899777138242e-07
884 1.433666521082204e-07
885 1.6248669543875592e-07
886 1.6335148502683102e-07
887 1.0668200637385018e-07
888 1.3906670796781286e-07
889 1.3891432964359662e-07
890 1.6185091800911252e-07
891 9.883114749154316e-08
892 1.7721742306097305e-07
893 1.4622338699494499e-07
894 1.1629872616344536e-07
895 1.0162581663611431e-07
896 1.682846814958151e-07
897 1.3849359112960766e-07
898 1.41539081958577e-07
899 1.530147919885316e-07
900 1.6377025832047208e-07
901 1.6120425229871012e-07
902 1.335419352363336e-07
903 1.41298491100227e-07
904 1.6077104125567694e-07
905 1.3528667712172462e-07
906 1.24944047471994e-07
907 1.2575916689057783e-07
908 1.594485764412574e-07
909 1.716561525204782e-07
910 1.3245675401384768e-07
911 1.297428970308578e-07
912 1.6940527078500983e-07
913 1.3716334224456175e-07
914 1.4690268965113208e-07
915 1.5939999752016418e-07
916 1.74688205315368e-07
917 1.435255076194669e-07
918 1.5556803695098716e-07
919 1.4858458333541525e-07
920 1.337013227542119e-07
921 1.0286375080950848e-07
922 1.1585930511546221e-07
923 1.5285780120792986e-07
924 8.528267045231288e-08
925 1.7425040910443823e-07
926 1.722685220486644e-07
927 1.328412719848255e-07
928 1.507551774556562e-07
929 1.5005396296982612e-07
930 1.2159985180831133e-07
931 1.502534064511338e-07
932 1.8212787476205081e-07
933 1.1497379922808036e-07
934 1.793278935724223e-07
935 1.598120973520379e-07
936 1.3105893155146149e-07
937 1.6464124585571238e-07
938 1.440325312577388e-07
939 1.5062575597955247e-07
940 1.6478160762782532e-07
941 1.5158609721993017e-07
942 1.588424626222765e-07
943 1.7020490252676312e-07
944 1.5756862684709845e-07
945 1.8131949176868398e-07
946 1.4757222117271142e-07
947 1.297488104584701e-07
948 1.2044704059384551e-07
949 1.584091658905601e-07
950 1.1292892084665216e-07
951 1.4415839400281674e-07
952 1.724842492294889e-07
953 1.348493947216623e-07
954 1.5501014391470453e-07
955 1.7570753753952152e-07
956 1.277180335338907e-07
957 1.2534238046469155e-07
958 1.2922764829752537e-07
959 1.5747624015699229e-07
960 1.5346325813933423e-07
961 1.6693426217129063e-07
962 1.552213383054172e-07
963 1.684126787655367e-07
964 1.6269197550409294e-07
965 1.630936498473438e-07
966 1.6500933353490327e-07
967 1.3754295722854493e-07
968 1.8465539163379314e-07
969 1.0536984062442672e-07
970 1.2786675430984883e-07
971 1.27595790187954e-07
972 1.5291763513578906e-07
973 1.384136223984288e-07
974 1.2241210728936987e-07
975 1.7062900909082434e-07
976 1.5312798373632003e-07
977 1.2292117592353523e-07
978 1.3804501046963763e-07
979 1.8445923109452476e-07
980 1.7367049879940518e-07
981 1.621181003145998e-07
982 1.6830674826255468e-07
983 1.6339809609925368e-07
984 1.1784443235465177e-07
985 1.4877059522831563e-07
986 1.5612591464387565e-07
987 1.596049925120152e-07
988 1.3957311271493761e-07
989 1.3984990101437448e-07
990 1.701988685769727e-07
991 1.6319447378108796e-07
992 1.4913937818417116e-07
993 1.5112271123288274e-07
994 1.1521137623522817e-07
995 1.472056374715411e-07
996 1.5138327440861474e-07
997 1.335709181190219e-07
998 1.327553839285774e-07
999 1.7987929080062964e-07
