0 6.107511603590587e-08
1 7.604511885878669e-08
2 8.083333826678487e-08
3 7.404338435819689e-08
4 6.87417428866816e-08
5 1.1267232144082406e-07
6 6.343635046070987e-08
7 8.438465406820005e-08
8 1.1150089217205041e-07
9 7.825614996240022e-08
10 6.609196850739875e-08
11 8.626319951212154e-08
12 7.305830171937952e-08
13 9.563587616723981e-08
14 9.752207192766813e-08
15 8.145156464635623e-08
16 6.888492425310525e-08
17 8.256448075268685e-08
18 9.220866711738153e-08
19 7.24259815768839e-08
20 8.198205346007114e-08
21 8.170048137231403e-08
22 8.86311825933226e-08
23 7.681921169424123e-08
24 8.268335154660677e-08
25 9.34485219801874e-08
26 6.504932611934737e-08
27 7.947182807312381e-08
28 8.32290807105493e-08
29 8.232957105451418e-08
30 7.823632118750578e-08
31 8.243766223870681e-08
32 7.409302809108558e-08
33 1.0296548669674561e-07
34 1.0292617768898303e-07
35 9.763567513367698e-08
36 7.261796580638663e-08
37 8.361923701126019e-08
38 8.082022542418046e-08
39 1.0246895522173242e-07
40 9.00474023658153e-08
41 5.5406563571177925e-08
42 9.087801981162711e-08
43 7.715257630083174e-08
44 9.498743808884898e-08
45 6.30302202318474e-08
46 1.0355060057770083e-07
47 1.027012484992868e-07
48 7.297768174630507e-08
49 8.842613198439775e-08
50 1.0623903115096075e-07
51 8.028513830834172e-08
52 8.135029650079841e-08
53 7.205376031823428e-08
54 8.319573028947486e-08
55 8.467578351635253e-08
56 8.01912376561716e-08
57 9.479473918167044e-08
58 8.721269337672801e-08
59 8.374584942027703e-08
60 8.327937086136817e-08
61 8.17972661022743e-08
62 9.186667339725507e-08
63 9.530641583766269e-08
64 9.673216900415562e-08
65 8.885944648051797e-08
66 8.954640090437498e-08
67 9.720535852151471e-08
68 8.066734501774992e-08
69 7.007558607620764e-08
70 6.938441643208243e-08
71 8.654205817621836e-08
72 7.485275174931525e-08
73 7.852715475232936e-08
74 7.632471665611277e-08
75 1.1716036042254769e-07
76 8.509443522424825e-08
77 9.837982484094994e-08
78 6.253774967316321e-08
79 8.852818142038983e-08
80 8.177707352200902e-08
81 8.454291323601721e-08
82 6.96997378185397e-08
83 4.46863803486158e-08
84 9.427677550490945e-08
85 8.129031598296614e-08
86 7.536925815327678e-08
87 9.670084674687589e-08
88 8.335088959731669e-08
89 8.400206593309362e-08
90 7.99279625506579e-08
91 5.732033603749596e-08
92 7.189071981044326e-08
93 9.69767922848447e-08
94 7.606635128304779e-08
95 8.140849249629785e-08
96 8.525250549393044e-08
97 9.488556640525943e-08
98 8.615876412516418e-08
99 9.98485991353458e-08
100 6.950286047605052e-08
101 9.075010273124553e-08
102 7.103316786338408e-08
103 7.895010754025404e-08
104 5.7722453382231004e-08
105 8.525398306456242e-08
106 8.675802801792302e-08
107 7.205379623194107e-08
108 9.776130893567607e-08
109 8.108914783829094e-08
110 8.921679221666819e-08
111 7.49807043927194e-08
112 7.770702955355884e-08
113 1.1841764174341226e-07
114 6.608839560459404e-08
115 7.985646120277267e-08
116 8.725573963063001e-08
117 9.177556152800927e-08
118 7.013395571768118e-08
119 9.613134026143449e-08
120 9.920456421002248e-08
121 7.99308940055739e-08
122 8.833734293638459e-08
123 7.761587894071845e-08
124 7.930751370512081e-08
125 6.202859215255939e-08
126 9.298301805716155e-08
127 9.543962604974818e-08
128 6.210458077297462e-08
129 7.308842909316544e-08
130 9.885975446451339e-08
131 9.828792926325123e-08
132 7.11044830436745e-08
133 8.359095549957672e-08
134 1.0053957020849314e-07
135 8.543246079276784e-08
136 7.311248833481506e-08
137 6.211110937294262e-08
138 6.812655584028992e-08
139 8.201754533485202e-08
140 9.225241481993446e-08
141 9.33020162505411e-08
142 8.104949269046816e-08
143 9.607536797506353e-08
144 6.832761723237932e-08
145 8.526848983797693e-08
146 9.96582068872281e-08
147 9.662363831771657e-08
148 9.901558522151988e-08
149 8.698377814069504e-08
150 7.862626846751067e-08
151 7.961301061775305e-08
152 7.73146749922666e-08
153 7.677416371606407e-08
154 9.32033936171685e-08
155 8.760666596674495e-08
156 8.10374474847368e-08
157 6.623681360911448e-08
158 7.43742516804163e-08
159 8.06278645290465e-08
160 8.823889792025111e-08
161 8.675110973379459e-08
162 7.190314429263559e-08
163 1.0317202877690955e-07
164 8.653123595434439e-08
165 9.549053425285144e-08
166 8.432065957916685e-08
167 9.021434327610905e-08
168 5.798282654098034e-08
169 8.523917324698588e-08
170 7.181818387225858e-08
171 9.029973793954941e-08
172 9.600448521779919e-08
173 8.910859041039993e-08
174 9.649163215139442e-08
175 8.08853039683928e-08
176 7.940769699427032e-08
177 9.452678421570861e-08
178 9.387914875201145e-08
179 8.729927603987835e-08
180 9.005757931391211e-08
181 6.236752577849679e-08
182 8.031091387370245e-08
183 9.089339321025556e-08
184 7.927858826692846e-08
185 8.100888328192303e-08
186 8.513740014858613e-08
187 7.785653147286394e-08
188 1.0225599905415108e-07
189 9.73408227215793e-08
190 7.872322337787513e-08
191 8.643000001033566e-08
192 1.0310297718567348e-07
193 1.0525256990314488e-07
194 8.570361885858247e-08
195 8.639264503435775e-08
196 5.10621400260707e-08
197 8.310853751728953e-08
198 7.87961446308554e-08
199 6.76993055754846e-08
200 8.952817089013512e-08
201 8.20617027858069e-08
202 7.707950405234005e-08
203 8.06317440135276e-08
204 5.9427179834432857e-08
205 5.67182175648899e-08
206 7.208951427567768e-08
207 8.180261808614968e-08
208 1.0728015058551971e-07
209 9.36150069600971e-08
210 7.415260390457758e-08
211 8.280523519884092e-08
212 7.263856429391948e-08
213 9.39417135434691e-08
214 9.403021032059289e-08
215 8.799567320363624e-08
216 7.06202688580724e-08
217 5.7477256089722304e-08
218 1.0158336890983605e-07
219 6.192883573231281e-08
220 9.62387673859196e-08
221 6.836691611627088e-08
222 6.761951547716282e-08
223 6.25367902441621e-08
224 7.497314862657478e-08
225 7.076835788195163e-08
226 7.312958580569212e-08
227 1.1101665020810653e-07
228 8.649578629242562e-08
229 8.575646489526767e-08
230 9.077680630671982e-08
231 8.852039288883559e-08
232 9.324190789264292e-08
233 7.57491227914135e-08
234 8.091807744801668e-08
235 1.0124953321797176e-07
236 5.8173667578324806e-08
237 8.168839227047557e-08
238 8.2498472656589e-08
239 7.128663532159297e-08
240 7.263596359354517e-08
241 1.0486380762023362e-07
242 9.376251950406381e-08
243 9.090714642559948e-08
244 1.0503985710529059e-07
245 9.278800095316249e-08
246 8.580232796545449e-08
247 7.238104339515505e-08
248 7.330247671777411e-08
249 1.0024533260059632e-07
250 7.028042417772874e-08
251 5.5439315959292125e-08
252 7.443807334453427e-08
253 9.090627385656265e-08
254 1.05055088014441e-07
255 8.653579641187286e-08
256 8.211040674297245e-08
257 8.774785644514363e-08
258 9.478328279621583e-08
259 9.474293530181618e-08
260 8.667858260194715e-08
261 9.214893418458766e-08
262 9.38021763825733e-08
263 8.213815132773107e-08
264 1.1949849716574225e-07
265 7.056648654544863e-08
266 9.436150884055586e-08
267 7.076135402328894e-08
268 5.597408432314289e-08
269 7.047528841747926e-08
270 6.022317583508057e-08
271 8.491474707922037e-08
272 7.489003364141046e-08
273 7.694671235919925e-08
274 1.0132494150780035e-07
275 1.0345608532400855e-07
276 8.8370945489182e-08
277 9.993343932164042e-08
278 7.723760841960792e-08
279 8.672750890954755e-08
280 5.979781014223776e-08
281 8.803969366311773e-08
282 8.136445123000427e-08
283 8.406827152591705e-08
284 9.53707753057622e-08
285 8.011532415185524e-08
286 7.512075064240945e-08
287 7.091816090047486e-08
288 8.445585357320318e-08
289 5.997654523505389e-08
290 7.687081150414426e-08
291 7.505021491264678e-08
292 8.851980242137166e-08
293 8.001837731522162e-08
294 8.529522807584831e-08
295 6.478388379502611e-08
296 1.1548148174226349e-07
297 7.443743796113526e-08
298 7.886518521140133e-08
299 9.285815147058547e-08
300 8.383141407274827e-08
301 7.201685880733785e-08
302 7.326277242978481e-08
303 8.68231375838984e-08
304 7.244794997885884e-08
305 5.945289025063658e-08
306 7.323640986374729e-08
307 9.280786749328091e-08
308 8.952203966458224e-08
309 7.479589057510737e-08
310 8.18384466728927e-08
311 1.084572205174334e-07
312 8.093456870184401e-08
313 8.496296968438708e-08
314 7.331862650538483e-08
315 1.0034984094479984e-07
316 8.12741078009007e-08
317 7.581084384331635e-08
318 8.558260334801441e-08
319 9.364718323970771e-08
320 6.561508491789119e-08
321 9.629965426607777e-08
322 8.78669262196208e-08
323 8.32846716201196e-08
324 8.752834384563912e-08
325 6.988288304000886e-08
326 8.600279683495179e-08
327 9.851807621683729e-08
328 8.373480256790143e-08
329 6.046590423006384e-08
330 7.280717091995487e-08
331 7.85307651163295e-08
332 7.164424392082698e-08
333 8.16484516770287e-08
334 1.1564428620448253e-07
335 8.112134074074404e-08
336 7.885817177944701e-08
337 8.67011629519205e-08
338 8.262492315516432e-08
339 1.0240348989102157e-07
340 7.260580408520053e-08
341 7.627295454341129e-08
342 1.0280614326335497e-07
343 6.47462098367662e-08
344 9.114164229890438e-08
345 8.743138912135288e-08
346 8.846157589964225e-08
347 8.023363077354867e-08
348 8.16002191412436e-08
349 9.83020040869393e-08
350 7.633813846251299e-08
351 8.20503305517265e-08
352 6.619353964494694e-08
353 7.89225652083018e-08
354 9.297540943839986e-08
355 7.185124543601883e-08
356 6.843090290737213e-08
357 6.349413380402775e-08
358 8.729777402767052e-08
359 7.31542372930264e-08
360 8.148065919894233e-08
361 7.204900224361851e-08
362 8.017923756910047e-08
363 7.887677500539526e-08
364 8.160677965409866e-08
365 8.263764893969873e-08
366 9.587675820745561e-08
367 6.744578137404613e-08
368 9.255460786252341e-08
369 9.614096527108286e-08
370 8.456226800545045e-08
371 8.353599713635795e-08
372 7.461619828917211e-08
373 1.0089282929169109e-07
374 7.998756126446833e-08
375 8.944345595363063e-08
376 7.095994891893273e-08
377 6.818075005969596e-08
378 5.144803228129916e-08
379 1.1315946747281898e-07
380 6.903048794235734e-08
381 8.813080399087563e-08
382 9.240481179180855e-08
383 8.781396888928272e-08
384 8.640285897035974e-08
385 9.177971772722723e-08
386 7.130989654316505e-08
387 8.713403851188158e-08
388 1.165736820155377e-07
389 6.752129592880704e-08
390 7.032140623426606e-08
391 1.0118491222016732e-07
392 8.58440466375672e-08
393 7.077469894319661e-08
394 6.640692709448227e-08
395 7.30791598370283e-08
396 9.313372102043917e-08
397 9.068727971944668e-08
398 7.916966534801938e-08
399 8.755350602361587e-08
400 7.768387898802571e-08
401 6.656071292206425e-08
402 7.75129983445169e-08
403 8.55361940063349e-08
404 6.708962404638178e-08
405 9.549064992363662e-08
406 8.917278122090614e-08
407 9.905293638933541e-08
408 7.89226619809147e-08
409 7.291718225134825e-08
410 9.092770348208294e-08
411 7.256843720928272e-08
412 9.113765244109246e-08
413 9.991427310626975e-08
414 9.684721711261376e-08
415 7.184095149115958e-08
416 8.315059503674731e-08
417 8.049560226327512e-08
418 7.227810721071333e-08
419 8.269223018889361e-08
420 7.684841757368166e-08
421 9.689090051953037e-08
422 7.259925197298415e-08
423 9.28250374684205e-08
424 1.1244134105316402e-07
425 7.312257649492305e-08
426 7.902563900394565e-08
427 7.411469110612579e-08
428 9.563944280659339e-08
429 6.612579770683859e-08
430 6.976199027359477e-08
431 9.219849560513225e-08
432 6.931924085357629e-08
433 1.0406546716346334e-07
434 7.937469363325306e-08
435 5.3993659256604754e-08
436 5.074415187979699e-08
437 6.410920057536254e-08
438 8.329311478507897e-08
439 7.898283043107698e-08
440 6.154115476497568e-08
441 6.076465748470836e-08
442 8.982013355312232e-08
443 9.497487902827246e-08
444 7.948382789135452e-08
445 6.443991444864775e-08
446 1.0271557736934568e-07
447 9.427739223994402e-08
448 8.336749907764324e-08
449 1.0051115938714502e-07
450 8.213458585445929e-08
451 1.0304651586373479e-07
452 6.685236061610412e-08
453 9.595672930523759e-08
454 8.398604494522706e-08
455 8.078716037910572e-08
456 9.176619588982216e-08
457 8.000069905484653e-08
458 9.87245938216888e-08
459 8.78609624460019e-08
460 8.614786947540117e-08
461 9.183521271958549e-08
462 7.496037811970798e-08
463 7.633854829774425e-08
464 9.141089568078546e-08
465 6.135589941683484e-08
466 9.581207683721771e-08
467 8.025941053233658e-08
468 8.841497028472186e-08
469 8.7630605369928e-08
470 7.014709924234559e-08
471 8.097856116722627e-08
472 8.268830376639584e-08
473 8.720632014389536e-08
474 7.420078884227314e-08
475 7.590518306591088e-08
476 1.1821286997139517e-07
477 7.987025811977522e-08
478 9.496174915783399e-08
479 9.643028181035179e-08
480 7.834591579892334e-08
481 9.852454041946665e-08
482 8.209917801233728e-08
483 7.38340893869039e-08
484 1.1638935468043591e-07
485 7.344685729349605e-08
486 8.048743733147075e-08
487 6.452363522508215e-08
488 8.36183808181019e-08
489 7.747872676126147e-08
490 8.595577558089037e-08
491 7.953708690636583e-08
492 8.982434528361886e-08
493 6.730264913969598e-08
494 8.146258130924552e-08
495 8.238698550520442e-08
496 1.0041088818437753e-07
497 8.131676739495333e-08
498 6.656186217607487e-08
499 8.3819484214337e-08
500 9.235536862119985e-08
501 6.136966708324479e-08
502 9.427829338294625e-08
503 8.185066245739614e-08
504 9.491300292290372e-08
505 6.04503992264548e-08
506 8.130712313882088e-08
507 8.454592924205601e-08
508 1.0011678782305833e-07
509 9.922256132020519e-08
510 7.146486582986504e-08
511 8.895756221352866e-08
512 7.582322904078384e-08
513 8.906458337801709e-08
514 9.767670567739077e-08
515 7.102237936580966e-08
516 7.612339902344995e-08
517 8.71458680254098e-08
518 7.22884568413665e-08
519 7.31871353778465e-08
520 9.123089634521084e-08
521 8.015461348370978e-08
522 1.0045088606188235e-07
523 7.363787385724866e-08
524 9.872008164952635e-08
525 9.088491735782964e-08
526 7.187381915401652e-08
527 7.062003953812383e-08
528 8.870165104935106e-08
529 9.489618111186641e-08
530 9.590522904067519e-08
531 1.026203468355018e-07
532 9.279362637367677e-08
533 1.0462107064634232e-07
534 9.696555977230606e-08
535 7.929261270673617e-08
536 9.634153735313471e-08
537 5.9085927056623395e-08
538 7.978391560401266e-08
539 9.347470854263173e-08
540 6.74685175312167e-08
541 1.0115788399627197e-07
542 8.37424828459689e-08
543 9.878658418327938e-08
544 8.899428937604343e-08
545 6.299629714068881e-08
546 6.974026270363441e-08
547 7.612853948199762e-08
548 9.26706121311171e-08
549 8.665082712347139e-08
550 9.173014550197171e-08
551 7.987557007632923e-08
552 9.992007913795544e-08
553 8.914748869936809e-08
554 9.576490985459732e-08
555 7.389074701961448e-08
556 6.55508107379663e-08
557 8.259956835470489e-08
558 9.884361648211434e-08
559 8.788698258481459e-08
560 7.760259444228026e-08
561 7.976900437106394e-08
562 9.459289682500378e-08
563 1.0967947398209134e-07
564 7.472549585388002e-08
565 6.561721203822014e-08
566 9.540339731504419e-08
567 1.0970609080177701e-07
568 7.496971585029343e-08
569 1.0320669762823608e-07
570 7.274708222164986e-08
571 8.509089060860035e-08
572 8.582354263560502e-08
573 8.209931177167415e-08
574 9.152206516081724e-08
575 8.476172978048751e-08
576 9.205269610396225e-08
577 7.862923778846235e-08
578 9.124990267900049e-08
579 1.0240274109910741e-07
580 1.0399147892110906e-07
581 1.045218876365017e-07
582 8.773036344584467e-08
583 9.72354190306851e-08
584 9.090111029882368e-08
585 8.57581707651251e-08
586 6.67385580253877e-08
587 8.260828177617392e-08
588 8.902484246938306e-08
589 7.399472732421969e-08
590 8.331733587280353e-08
591 7.617129235113952e-08
592 9.77046917194799e-08
593 8.55173559182196e-08
594 9.282711366639044e-08
595 6.649745929908551e-08
596 8.652848698442387e-08
597 7.184882843118765e-08
598 9.546889309561141e-08
599 7.48566316082128e-08
600 6.655963713847161e-08
601 9.192367235987097e-08
602 7.320859411945829e-08
603 7.359055977075033e-08
604 7.406162519259479e-08
605 9.037123434079511e-08
606 9.501158375514393e-08
607 7.393213794659714e-08
608 6.433305094940229e-08
609 9.840294323289555e-08
610 9.996764853894941e-08
611 9.776498072811097e-08
612 1.0950074080006237e-07
613 7.596725527671097e-08
614 8.940651103491949e-08
615 8.96557427205459e-08
616 6.592761796959134e-08
617 7.529695292145694e-08
618 1.0237621394135856e-07
619 7.476964032775735e-08
620 9.389396046386147e-08
621 7.850695709194012e-08
622 1.0632181695666508e-07
623 9.181304616573306e-08
624 7.57157173937264e-08
625 7.677010385748816e-08
626 9.20718230967721e-08
627 8.38224229232333e-08
628 7.945429155140904e-08
629 7.56011883074612e-08
630 9.519397758154662e-08
631 7.116049751915289e-08
632 7.935737473002671e-08
633 9.236878610150282e-08
634 9.173894855424651e-08
635 8.787691140041171e-08
636 8.708009654827344e-08
637 9.746707298067753e-08
638 7.614688772364791e-08
639 7.875146795670662e-08
640 8.449658533449398e-08
641 7.368115322069389e-08
642 8.927926194446951e-08
643 8.05401667648669e-08
644 8.996340511791499e-08
645 8.99856284019789e-08
646 7.291995021883321e-08
647 9.515089153351725e-08
648 1.0606114732369473e-07
649 9.268918745515922e-08
650 9.836975313640828e-08
651 8.842283538359063e-08
652 8.275222566314119e-08
653 8.509584123782065e-08
654 7.5746426781434e-08
655 8.637799840449466e-08
656 1.0116764125211064e-07
657 8.846724671395474e-08
658 9.390711908889444e-08
659 7.531478654304099e-08
660 7.628134396672763e-08
661 7.343681780914401e-08
662 9.31977528100064e-08
663 7.650579414732945e-08
664 1.0905902681635656e-07
665 1.0959517644516244e-07
666 7.017516769077737e-08
667 8.528497854538152e-08
668 8.875898397597489e-08
669 8.325220182755882e-08
670 7.522396067984032e-08
671 8.189766513586572e-08
672 9.693288394976257e-08
673 8.28808703546947e-08
674 7.565055376713553e-08
675 1.1323146908260542e-07
676 8.871628349161621e-08
677 9.034505472857964e-08
678 8.714733408380597e-08
679 9.980447258785123e-08
680 1.0845006653894884e-07
681 6.188539037987257e-08
682 8.452677965165621e-08
683 9.416833977396168e-08
684 1.0212364042207924e-07
685 1.1121134746591537e-07
686 6.90769776661884e-08
687 8.76804126964771e-08
688 1.0371197301763545e-07
689 8.130932443622394e-08
690 8.93894935432651e-08
691 6.478023834484676e-08
692 9.316244219723071e-08
693 8.35422488620162e-08
694 1.0440453131317904e-07
695 8.539125185799776e-08
696 7.901551217418006e-08
697 8.711477827985256e-08
698 7.012383390485599e-08
699 7.200059134893969e-08
700 7.234131129696498e-08
701 7.901299713496977e-08
702 1.0028773686537419e-07
703 9.063858897228414e-08
704 8.298206276972072e-08
705 8.459034824338884e-08
706 5.030650405255841e-08
707 6.373711582362979e-08
708 7.316288542407516e-08
709 8.871600003528121e-08
710 1.1005505364449408e-07
711 6.694338116814322e-08
712 7.122089000622218e-08
713 8.339726604331962e-08
714 6.090539607780873e-08
715 1.0035186712873407e-07
716 8.435833627023305e-08
717 9.11191514202319e-08
718 1.0156739489843104e-07
719 9.659682458234345e-08
720 8.785289516157254e-08
721 9.593921076920298e-08
722 9.163401568322388e-08
723 9.492136589164044e-08
724 7.930933589729183e-08
725 7.300906406905597e-08
726 8.99105671832234e-08
727 9.542629254802268e-08
728 7.873023482469941e-08
729 6.485224250061767e-08
730 6.896530423626805e-08
731 8.438245171913056e-08
732 7.428180095902236e-08
733 9.608757236498991e-08
734 9.477227531858476e-08
735 9.521342847392387e-08
736 8.674819127667149e-08
737 8.798282993866681e-08
738 9.488351148773559e-08
739 9.482919392301845e-08
740 9.66515756989345e-08
741 8.04220589096168e-08
742 8.224267592164446e-08
743 7.174417708517688e-08
744 8.095395808297382e-08
745 8.789040532826366e-08
746 8.511907520966334e-08
747 8.471304952215106e-08
748 9.350174527216883e-08
749 7.216443872742735e-08
750 8.064216732346654e-08
751 7.33548221364006e-08
752 8.202206389465977e-08
753 7.010409482041776e-08
754 9.273743482735859e-08
755 5.6846933539420374e-08
756 8.202089541424234e-08
757 8.256806639190493e-08
758 6.387452671192969e-08
759 6.787355910115959e-08
760 9.102730884576355e-08
761 6.406531998217703e-08
762 6.427752002194393e-08
763 8.597211293035565e-08
764 7.783694506534619e-08
765 7.954855420087322e-08
766 7.583412426255946e-08
767 7.760543776453941e-08
768 1.0247342281856261e-07
769 6.02745174713639e-08
770 7.055398704566719e-08
771 8.552767311377719e-08
772 7.584564050385316e-08
773 9.951065577184693e-08
774 8.399616919891125e-08
775 9.502358204116622e-08
776 6.784618968650575e-08
777 1.01758545178386e-07
778 7.677812436736085e-08
779 8.836228301624043e-08
780 1.0793394549449064e-07
781 9.484705877757768e-08
782 1.0643512457445502e-07
783 9.122703175509838e-08
784 9.933312397590656e-08
785 8.170400843734485e-08
786 6.483578128255898e-08
787 9.721085912583154e-08
788 7.959376309074902e-08
789 7.09351828160739e-08
790 8.337984941873938e-08
791 9.946704799777546e-08
792 5.923133754704117e-08
793 7.511080560345781e-08
794 6.614586703143451e-08
795 7.945162419644284e-08
796 7.475132311103963e-08
797 7.607455484828948e-08
798 8.17860799048872e-08
799 7.325789906377182e-08
800 8.438280362541102e-08
801 8.069606671157468e-08
802 8.994987388469476e-08
803 9.506979294934283e-08
804 7.851702331579828e-08
805 8.763601150997844e-08
806 7.5375401351654e-08
807 8.996547919481004e-08
808 8.742763702469212e-08
809 8.8077304096072e-08
810 6.506312239927488e-08
811 6.767333802239944e-08
812 6.919148079434262e-08
813 9.469355307794113e-08
814 8.223131325251136e-08
815 8.165644880658361e-08
816 7.034615072190172e-08
817 8.29401747803143e-08
818 9.098267987912331e-08
819 8.525205148821288e-08
820 1.0607828607808155e-07
821 7.165382362971939e-08
822 8.11765697243073e-08
823 1.0375065867800391e-07
824 8.952076091946227e-08
825 9.816718382490019e-08
826 7.793642905271224e-08
827 8.56328997986382e-08
828 5.95750644107331e-08
829 7.23287555129706e-08
830 9.595173473825788e-08
831 9.667095482658712e-08
832 7.371051651966896e-08
833 7.94024808138677e-08
834 8.247944653080038e-08
835 5.911209931637028e-08
836 7.747105444563423e-08
837 5.896909004942671e-08
838 7.950051809572627e-08
839 6.965643359387348e-08
840 7.56017598585311e-08
841 8.141712719787352e-08
842 9.08384193288449e-08
843 8.736056773553804e-08
844 7.145545995974156e-08
845 8.554404340160803e-08
846 9.258106336617262e-08
847 7.757044915134708e-08
848 7.471801197487794e-08
849 7.977313142166098e-08
850 8.557176678881394e-08
851 7.715398777655991e-08
852 8.277471411972907e-08
853 1.07663776968758e-07
854 8.028872671550063e-08
855 6.762976188859622e-08
856 1.1098912189446876e-07
857 1.0167300405420291e-07
858 1.0043347663307638e-07
859 8.230750394608463e-08
860 7.137457626211715e-08
861 9.748004030567543e-08
862 6.775920554391213e-08
863 8.563666056146549e-08
864 8.01833660300714e-08
865 1.112880595008328e-07
866 9.313010506608772e-08
867 7.197124804185713e-08
868 7.746982191509467e-08
869 7.563302131000247e-08
870 8.90543459946359e-08
871 9.263583060071552e-08
872 8.54050933692987e-08
873 7.79186744227316e-08
874 7.6122157384505e-08
875 7.830049664551864e-08
876 9.154533172174208e-08
877 7.097834237905461e-08
878 8.910000509154069e-08
879 9.161551359426795e-08
880 9.281273255630795e-08
881 7.090600510579633e-08
882 8.10254286545238e-08
883 1.0869535328418696e-07
884 9.295382656425448e-08
885 8.700588072393735e-08
886 7.578540372400447e-08
887 9.866909562575024e-08
888 8.643003009088623e-08
889 7.322000636397224e-08
890 6.963086094912816e-08
891 1.1687199588654456e-07
892 7.52284317805082e-08
893 7.547350190759007e-08
894 1.1594462514813416e-07
895 1.1881916424550637e-07
896 8.330905901835875e-08
897 9.273700123886675e-08
898 9.153677867179009e-08
899 7.740933428866337e-08
900 7.294807294060081e-08
901 8.652388470527762e-08
902 7.62162145759135e-08
903 8.149930547064227e-08
904 8.765343311939199e-08
905 9.235353460833072e-08
906 9.456333310929772e-08
907 9.106951030851434e-08
908 8.170741447577286e-08
909 5.867907804458657e-08
910 9.903412009824613e-08
911 8.838944600225356e-08
912 6.501594043445319e-08
913 9.217418998519846e-08
914 8.499504497635036e-08
915 7.75263459901493e-08
916 6.722879631210041e-08
917 9.181466002947748e-08
918 7.860981601776188e-08
919 8.399666991301279e-08
920 9.461909060038625e-08
921 1.0352925647659135e-07
922 9.770080438414121e-08
923 7.485156573071273e-08
924 1.0755267118689124e-07
925 6.770310239143778e-08
926 7.619973453472586e-08
927 8.105259053763881e-08
928 8.381897292223561e-08
929 8.541647239035922e-08
930 9.09565634140068e-08
931 8.829984078557849e-08
932 6.835006025413566e-08
933 1.0756368684426305e-07
934 7.872185748622688e-08
935 7.232524154738183e-08
936 9.178001695263361e-08
937 7.840005629999455e-08
938 8.522646443384522e-08
939 8.20305997207102e-08
940 9.105205437287133e-08
941 8.53101999712439e-08
942 8.291614433133539e-08
943 6.866960144559792e-08
944 7.871188050770902e-08
945 5.80819568377609e-08
946 7.271911119033281e-08
947 9.219303541976846e-08
948 8.521011931011139e-08
949 7.431030288087009e-08
950 1.0392975726698808e-07
951 7.968409209499609e-08
952 8.243667249300257e-08
953 8.711763728637903e-08
954 7.879367567181352e-08
955 8.281685859106014e-08
956 9.023744561379287e-08
957 9.471984985481435e-08
958 8.493507078980128e-08
959 8.25455676969987e-08
960 8.160764526990859e-08
961 8.532235450724658e-08
962 8.526358932376543e-08
963 7.957470696985152e-08
964 7.050512661637974e-08
965 7.036194978314987e-08
966 8.320815672893743e-08
967 8.737799736514222e-08
968 6.211383944935342e-08
969 1.0590037486257158e-07
970 9.383100675381555e-08
971 9.175011314694098e-08
972 6.87184607417308e-08
973 8.829805004706892e-08
974 9.332469261119402e-08
975 6.931005273319138e-08
976 7.851942976691391e-08
977 1.0937014536327961e-07
978 8.542772946728383e-08
979 6.358063586136517e-08
980 6.600293312061649e-08
981 8.583795481024684e-08
982 7.282974352555052e-08
983 7.661640889016351e-08
984 7.851855702563558e-08
985 8.476009155122531e-08
986 8.21222993356019e-08
987 8.243042773086776e-08
988 9.733323874627417e-08
989 8.962008404706585e-08
990 6.872160935584705e-08
991 7.935659775647893e-08
992 8.19307371863395e-08
993 8.561271261078154e-08
994 1.0166675576237661e-07
995 7.642984234245496e-08
996 7.81339617843621e-08
997 9.089143341013752e-08
998 8.154795288034538e-08
999 7.289303181080515e-08
