0 1.6401621314224667e-07
1 1.3222566950099738e-07
2 8.595026686617697e-08
3 5.7871028939260765e-08
4 1.8913165800086385e-07
5 1.7312914552428143e-07
6 1.827597058349175e-07
7 8.22196351981035e-08
8 1.5353513978620736e-07
9 1.4000043392162827e-07
10 1.7002006414226633e-07
11 1.1322356689982055e-07
12 1.873829162337955e-07
13 9.874362917003688e-08
14 1.047344188121101e-07
15 1.0990860390658227e-07
16 1.9043113613102785e-07
17 9.212465743431429e-08
18 1.1550247901370293e-07
19 1.4562541175214637e-07
20 7.19424458398246e-08
21 1.0689150039665971e-07
22 6.002479043933377e-08
23 1.6328568774414547e-07
24 1.3235403430991034e-07
25 1.0779528154988239e-07
26 7.606694112382044e-08
27 1.241191325411751e-07
28 1.8830145337561373e-07
29 1.4143090024091345e-07
30 1.4429208246737588e-07
31 1.5651390425389084e-07
32 1.3104853541080034e-07
33 1.6999140052178508e-07
34 1.221694809575418e-07
35 1.2757444614537855e-07
36 1.1747921215131651e-07
37 1.4127982058330478e-07
38 1.1252298903016415e-07
39 1.1848141066629215e-07
40 1.089736037195381e-07
41 1.5126270132938064e-07
42 1.2829905502581123e-07
43 2.0863022975860392e-07
44 1.2005313642551967e-07
45 1.60708273554926e-07
46 1.5393358173392255e-07
47 2.1462402730603567e-07
48 8.934322967585864e-08
49 1.3924773605913e-07
50 1.5699618296000465e-07
51 6.864113415687787e-08
52 1.2048922130355127e-07
53 1.8174265618741124e-07
54 8.045686844705849e-08
55 9.065670914568676e-08
56 1.104726474697806e-07
57 1.1266482692143586e-07
58 8.148720812252896e-08
59 1.3771831492462036e-07
60 1.091476141984832e-07
61 1.630393290013341e-07
62 1.2458738248420438e-07
63 1.6930456071569934e-07
64 8.590777540565612e-08
65 9.683996239299423e-08
66 1.0994053057556447e-07
67 1.0650057412629711e-07
68 1.0890493624147939e-07
69 1.0840252075786469e-07
70 1.403109565173302e-07
71 1.4418138770575025e-07
72 9.377907745372459e-08
73 1.8371216271673032e-07
74 1.4041322690238224e-07
75 1.2672543119803598e-07
76 1.167138087288365e-07
77 9.839293250349027e-08
78 1.5155771252099522e-07
79 2.1523273522610366e-07
80 9.461062437622534e-08
81 1.2222855558925986e-07
82 1.6941474221049137e-07
83 1.383307014809028e-07
84 1.0597750473810843e-07
85 1.269015477221289e-07
86 2.1166116218094007e-07
87 1.1223850559861519e-07
88 1.0015199363998706e-07
89 9.856789761736447e-08
90 1.4844855092029112e-07
91 1.0744054519359618e-07
92 1.4056392032911432e-07
93 5.482329976808235e-08
94 1.341195429740989e-07
95 1.3272290183967925e-07
96 1.012381473396327e-07
97 8.273999008797774e-08
98 1.5008165845461563e-08
99 1.0775464709161907e-07
100 8.856930887816623e-08
101 7.826001294040143e-08
102 1.310407565354682e-07
103 1.462208544202741e-07
104 1.0530771400485895e-07
105 8.957428532184203e-08
106 9.631283485603015e-08
107 6.70132606377715e-08
108 1.5238341484298044e-07
109 1.319102081945675e-07
110 1.0195976591260529e-07
111 1.6459662035259795e-07
112 6.046291331342718e-08
113 1.459382370703394e-07
114 9.277420380034441e-08
115 1.6284998065432177e-07
116 1.3463527186735794e-07
117 1.0263510634177824e-07
118 1.0229967916308637e-07
119 1.5200715029795925e-07
120 9.835640704597093e-08
121 1.7053947205043693e-07
122 1.712733824034153e-07
123 1.3651053242380089e-07
124 1.4195780212653344e-07
125 1.0249841336811476e-07
126 1.6975328356581546e-07
127 1.5835680619702312e-07
128 1.6028552128739737e-07
129 1.2855430706150518e-07
130 1.2468494251472073e-07
131 1.7072233749922562e-07
132 1.1038143356373305e-07
133 3.3218690083361596e-08
134 1.6805473562450352e-07
135 1.5423929918626078e-07
136 8.201954487480992e-09
137 1.434424296414099e-07
138 6.420169161801645e-08
139 1.7460372292643976e-07
140 9.440213280737766e-08
141 8.27440653011286e-08
142 1.1615567053532385e-07
143 6.100234451529385e-08
144 8.012989880845047e-08
145 8.80767363716501e-08
146 1.2654339090243436e-07
147 1.2891077161909373e-07
148 1.078057977762057e-07
149 9.870353776005955e-08
150 1.4818937097997956e-07
151 1.3286915489116005e-07
152 1.9803030221020366e-07
153 1.880264540905552e-07
154 1.5389106512979984e-07
155 1.7547004922886766e-07
156 1.52471052805775e-07
157 1.1773841453469694e-07
158 1.3279838458616145e-07
159 1.8435913359688103e-07
160 1.1874899874718756e-07
161 1.37466687440334e-07
162 1.420392680476927e-07
163 8.756733867795743e-08
164 1.0267533497807296e-07
165 1.2694704997707468e-07
166 1.5450789859827911e-07
167 1.1443139919327508e-07
168 6.775661753416145e-08
169 8.026289169131646e-08
170 1.1614827533302026e-07
171 1.0063898465114844e-07
172 1.6252445353107683e-07
173 1.420430776424e-07
174 1.120300670687356e-07
175 5.1924281793900856e-08
176 1.6048775284638722e-07
177 1.3786928379175438e-07
178 1.0556641414241158e-07
179 1.6252400303636465e-07
180 1.190515893263017e-07
181 6.23494716540907e-08
182 1.3068684232552092e-07
183 6.203705623381712e-08
184 1.0874304665691991e-07
185 1.0322639698968167e-07
186 1.5153233464010166e-07
187 1.6883813141454514e-07
188 1.3611294211216857e-07
189 1.4381534295634688e-07
190 9.729545870796869e-08
191 1.0299545626455399e-07
192 1.4861635448240999e-07
193 1.187963747833555e-07
194 1.7027588775645164e-07
195 1.6815168636270685e-07
196 1.0722911160826011e-07
197 1.2254999356328347e-07
198 1.7746779577985292e-07
199 8.828049998394955e-08
200 9.121872373784063e-08
201 7.064112752115629e-08
202 1.4088778535943544e-07
203 8.389211273495313e-08
204 9.718530009543653e-08
205 1.0324479950615316e-07
206 1.633224664431302e-07
207 8.283157019385124e-08
208 5.6211661321131566e-08
209 1.413587489605151e-07
210 1.3559848088282767e-07
211 1.0048180287521452e-07
212 1.0770161953937598e-07
213 1.610069222601201e-07
214 9.167003794078414e-08
215 1.3275211964470997e-07
216 9.141161027636499e-08
217 1.394192981412837e-07
218 9.44175224725816e-08
219 1.5275891672418163e-07
220 6.982997601427294e-08
221 1.0557773994596892e-07
222 1.2388154386420816e-07
223 8.813489204524599e-08
224 1.209599636622172e-07
225 1.4979014785231936e-07
226 1.1039757925987855e-07
227 9.138018539831233e-08
228 1.4308674698346629e-07
229 1.4501386341542907e-07
230 8.38532778072748e-08
231 9.420486171304712e-08
232 8.489185481268613e-08
233 8.572497818894848e-08
234 7.411000107882423e-08
235 8.770823981781476e-08
236 1.6175314055523445e-07
237 1.2795892293440577e-07
238 7.402799491266619e-08
239 1.7050109116320767e-07
240 2.0130089327795997e-07
241 9.870327920929735e-08
242 1.2428769507412043e-07
243 7.883743861785828e-08
244 9.366396898688054e-08
245 1.41343344320165e-07
246 9.056643218715595e-08
247 9.932619605789212e-08
248 9.391044256425977e-08
249 1.6438105626954294e-07
250 9.044233360948669e-08
251 1.5816592938117337e-07
252 1.766916330771133e-07
253 1.1025768757086594e-07
254 1.5634156910291668e-07
255 1.1283190530914091e-07
256 9.62688359064943e-08
257 1.4745851245012146e-07
258 3.208001958627264e-08
259 1.1260425984789972e-07
260 1.4266119123036659e-07
261 6.797783667396742e-08
262 1.3812395033299221e-07
263 1.7638447193719446e-07
264 1.3048088399634457e-07
265 1.9486030821911487e-07
266 5.816640776647234e-08
267 1.1153999335892525e-07
268 1.0970605560075015e-07
269 8.624567865408173e-08
270 1.3816455612389286e-07
271 1.122433985761655e-07
272 6.955975682879947e-08
273 9.048892681663208e-08
274 9.652210836908937e-08
275 1.5464705472992853e-07
276 9.827149236038292e-08
277 1.8914255596609737e-07
278 1.366678178245157e-07
279 1.566070319195718e-07
280 1.7612944054470985e-07
281 4.7242047261043126e-08
282 5.22370647285008e-08
283 1.1632981754882689e-07
284 1.2521466455229695e-07
285 1.930070052256508e-07
286 1.1407843630406798e-07
287 1.1295022013655171e-07
288 5.9027110623274535e-08
289 9.742032694906156e-08
290 8.194558339921315e-08
291 1.9318656707195742e-07
292 9.855783477515948e-08
293 1.249618257720165e-07
294 1.0752646536145027e-07
295 1.4606433372202978e-07
296 1.8831856906269934e-07
297 1.1171233134705763e-07
298 1.3393937559437546e-07
299 1.4664898107660165e-07
300 9.931143005985986e-08
301 1.6170713993246528e-07
302 1.3707619146784362e-07
303 1.571442085139359e-07
304 1.7422991147504068e-07
305 1.4343004291485287e-07
306 1.8148497905672557e-07
307 7.477640833658946e-08
308 1.299140832111541e-07
309 1.826586981042091e-07
310 1.0784085767663914e-07
311 1.3860954927061954e-07
312 1.378925506326121e-07
313 1.692510134827944e-07
314 1.6451001282555137e-07
315 1.2317198171120335e-07
316 1.0688504983561604e-07
317 8.768293428109882e-08
318 1.176642855494302e-07
319 1.4594823333795204e-07
320 1.3617868807366404e-07
321 1.1179085665866746e-07
322 8.834648011461711e-08
323 2.2881002552235496e-07
324 1.632042852153543e-07
325 1.4836778026758866e-07
326 1.3223876283131832e-07
327 8.73132793193023e-08
328 1.8791779519821182e-07
329 8.543805642081695e-08
330 1.5175931721670995e-07
331 1.1071608731092366e-07
332 1.8960511754330838e-07
333 6.110325752944706e-08
334 1.1717781630654861e-07
335 1.6006962945016874e-07
336 7.608605333443614e-08
337 1.1642166189193204e-07
338 1.6237113695505512e-07
339 1.6394843668842497e-07
340 1.3606792475098387e-07
341 1.1189854923983077e-07
342 2.034565946738663e-07
343 2.0138753666257462e-07
344 1.1074221444250761e-07
345 1.0031440935515191e-07
346 1.098427396241329e-07
347 1.068640920276716e-07
348 1.3876857874366927e-07
349 1.2293075798372844e-07
350 9.997192282046859e-08
351 1.2962802014014512e-07
352 6.06409990044508e-08
353 1.2054036414376057e-07
354 7.543015524762691e-08
355 1.5881333376923824e-07
356 1.1596837446751157e-07
357 1.458080766948557e-07
358 1.3635739897055515e-07
359 1.6254978108765172e-07
360 1.3872571981129187e-07
361 1.7007408082791458e-07
362 7.755807011483312e-08
363 5.503007609896397e-08
364 1.1520023135428415e-07
365 6.908728239964249e-08
366 1.9131037930401808e-07
367 1.4880241685829495e-07
368 1.7924777902649515e-07
369 1.2093714071528473e-07
370 1.2722572124303964e-07
371 8.207051232434002e-08
372 7.581702974235774e-08
373 1.4945551633988103e-07
374 1.3421391003330897e-07
375 1.028258580395285e-07
376 1.0227536310024786e-07
377 1.0970214054709874e-07
378 8.858206891099466e-08
379 1.6121132921803322e-07
380 1.7940873333705688e-07
381 7.617379051585884e-08
382 1.0766025334743765e-07
383 1.1284054053434401e-07
384 2.0810587236200204e-07
385 7.505250490498315e-08
386 2.102245193794534e-07
387 7.701669669667965e-08
388 8.51559435944618e-08
389 4.030563089610473e-08
390 9.857065532353588e-08
391 9.302306779673567e-08
392 1.0700675810023517e-07
393 9.717326607601437e-08
394 1.311475859436531e-07
395 1.2886793668719385e-07
396 1.6360236107338945e-07
397 9.156630227539517e-08
398 1.4479012562192139e-07
399 1.856713648598653e-07
400 1.7167090188660293e-07
401 1.2226832688868035e-07
402 1.364591205729697e-07
403 1.0837469102390558e-07
404 1.5855112681758628e-07
405 1.8488763741551642e-07
406 1.1738024117874661e-07
407 1.3675502514148057e-07
408 1.1339113828777845e-07
409 3.703958186580503e-08
410 9.080828430669957e-08
411 7.183472851269614e-08
412 1.0075440535098166e-07
413 1.8740300592214928e-07
414 6.59754764285142e-08
415 1.4114633821706457e-07
416 6.74882388610965e-08
417 1.0004849354580306e-07
418 1.47860836788969e-07
419 1.0170406694862586e-07
420 1.1409905775983234e-07
421 1.5067094189942925e-07
422 1.6072719970108725e-07
423 1.6088787056686109e-07
424 8.490931564894443e-08
425 2.080473873526693e-07
426 9.454318874093983e-08
427 1.0962062290124888e-07
428 1.471247443139747e-07
429 1.397235143464548e-07
430 1.9724002176913803e-07
431 7.274858690205624e-08
432 5.952579854014752e-08
433 1.1571503907338594e-07
434 1.4740005470317856e-07
435 1.7162620153587862e-07
436 5.837581331651078e-08
437 1.579442338749004e-07
438 1.69047535733768e-07
439 1.0048060434893278e-07
440 8.822719958316087e-08
441 1.4500563400923948e-07
442 1.5643633564033902e-07
443 5.830901939940949e-08
444 1.6930099352457551e-07
445 1.4327300949217455e-07
446 7.847858716911514e-08
447 8.906677084410579e-08
448 1.4880612487339443e-07
449 1.4236223604970238e-07
450 1.193578666820578e-07
451 7.398218711616462e-08
452 1.4971667291025037e-07
453 1.2315995794482505e-07
454 1.4894901002116344e-07
455 1.3459073780882736e-07
456 1.7564354323509962e-07
457 1.0747158710727079e-07
458 8.184147207377336e-08
459 1.3738313265993174e-07
460 7.959616232613665e-08
461 7.539278807557211e-08
462 1.5680544460197735e-07
463 1.2062827837436595e-07
464 1.357040285667874e-07
465 1.7972417402853434e-07
466 1.2317943856825346e-07
467 1.2551507900760127e-07
468 1.1303634585066755e-07
469 1.9645152684321174e-07
470 1.1697865793131678e-07
471 1.0534848228454053e-07
472 1.906936120192521e-07
473 1.5105505301267802e-07
474 1.434389030298329e-07
475 1.3363031685562768e-07
476 1.2072705244862404e-07
477 1.4012398972225685e-07
478 1.414798882196639e-07
479 1.3473852603908207e-07
480 1.362256521738892e-07
481 9.607000788022956e-08
482 6.134778060042154e-08
483 5.9042706093854043e-08
484 3.151227034991961e-08
485 1.5957433492175498e-07
486 1.525943204621563e-07
487 1.196674588782137e-07
488 1.3871688364573677e-07
489 1.069834571431433e-07
490 1.299776528615938e-07
491 1.033037599812791e-07
492 9.027332774885254e-08
493 7.267154001079258e-08
494 1.229546603681929e-07
495 9.679699429228924e-08
496 1.4628782561817102e-07
497 1.1300742332638282e-07
498 1.9307518000729964e-07
499 2.0325800718556497e-07
500 1.1147353160954905e-07
501 8.877954726453658e-08
502 9.567324982793508e-08
503 1.378380928182077e-07
504 1.5406585104964054e-07
505 1.0264913924809012e-07
506 9.737827255424643e-08
507 1.3543676426930215e-07
508 4.7277663999915284e-08
509 1.4039450826569766e-07
510 1.4962508811592e-07
511 1.7104943302096342e-07
512 1.1809749195012032e-07
513 4.913401025953177e-08
514 2.2989859611507795e-07
515 1.6117479924757063e-07
516 1.1328730386995031e-07
517 6.851520509128968e-08
518 1.3911137853295938e-07
519 7.790574593313517e-08
520 1.084263987410126e-07
521 1.1910485122220723e-07
522 9.351244106386077e-08
523 1.0481987378096408e-07
524 1.424465159474675e-07
525 1.1661698639750641e-07
526 1.433314089453864e-07
527 1.7783699075347707e-07
528 1.1807385596523606e-07
529 9.231258159562073e-08
530 1.1423416484901666e-07
531 1.7212332287362096e-07
532 1.1467266538368004e-07
533 1.3293402599041977e-07
534 1.159544235516753e-07
535 7.07587070947593e-08
536 9.869621298613193e-08
537 1.0384116781178398e-07
538 1.2489223438575805e-07
539 7.49232951565709e-08
540 1.6901467576172865e-07
541 1.4566769134043667e-07
542 1.8438401027015968e-07
543 1.226415295628798e-07
544 1.3010181771793116e-07
545 1.5114558912565338e-07
546 1.4621082112396562e-07
547 1.296106162699474e-07
548 6.927754620079599e-08
549 1.1332957324561848e-07
550 1.744060437170711e-07
551 1.4431389026915478e-07
552 1.8018616977038856e-07
553 1.5943570639008246e-07
554 1.9212750863067064e-07
555 1.633677267081908e-07
556 7.713567750308788e-08
557 1.722558541448052e-07
558 1.315985760700657e-07
559 4.9835458015901584e-08
560 9.9753690741086e-08
561 1.1146526212250252e-07
562 8.126206438726652e-08
563 1.2719647322856132e-07
564 7.66305317809844e-08
565 2.0569510427357372e-07
566 1.7941109772359314e-07
567 7.884328263739476e-08
568 7.998197175159848e-08
569 1.425695428272376e-07
570 9.329251428332816e-08
571 1.7749832739624057e-07
572 1.4612665839378683e-07
573 1.321663666691665e-07
574 1.4017189318221063e-07
575 1.2782757643427858e-07
576 1.0089948962581091e-07
577 1.7010182985371134e-07
578 1.4130091112099828e-07
579 7.985326496832199e-08
580 1.237367250219478e-07
581 1.3405456597080858e-07
582 1.0987689883989324e-07
583 3.898167664079873e-08
584 1.9069391218323993e-07
585 3.7417966544319684e-08
586 1.2761996711096204e-07
587 1.557153649838317e-07
588 1.4273908680793162e-07
589 1.7151992923097355e-07
590 1.753349537758821e-07
591 1.5873684365865312e-07
592 5.3268895767014157e-08
593 1.6874476662150073e-07
594 9.558540493898456e-08
595 1.8942831191117138e-07
596 1.9183105754360845e-07
597 1.3631079009572035e-07
598 1.4946715469015472e-07
599 1.0281603121631116e-07
600 2.159016707342152e-07
601 1.9762464426058432e-07
602 8.601688740775643e-08
603 1.140506820976402e-07
604 1.0639994508446939e-07
605 1.135675521643342e-07
606 1.4298388230507938e-07
607 1.1904578091277659e-07
608 1.2014832898240874e-07
609 2.2618276419082765e-07
610 1.3645152670676068e-07
611 1.0298558356403301e-07
612 1.1470031523853281e-07
613 1.5253718517904738e-07
614 1.1150556307812788e-07
615 9.395354517219784e-08
616 9.895463538776822e-08
617 1.1091526292572915e-07
618 1.2052546657036017e-07
619 1.7046204908636668e-07
620 1.6259230509546667e-07
621 1.2246653104032713e-07
622 9.667648675246201e-08
623 9.902648880552165e-08
624 7.351661297726292e-08
625 9.218466273647062e-08
626 7.497404722593667e-08
627 1.6025253940097332e-07
628 1.3993462160709937e-07
629 1.835002181448657e-07
630 1.456468510665727e-07
631 1.9929457464585066e-07
632 1.2915671938903502e-07
633 1.3204802949619758e-07
634 1.2746013174252224e-07
635 1.1232298278127048e-07
636 1.2086889333662207e-07
637 1.1457912750885152e-07
638 1.4973007318656695e-07
639 1.0284446215414844e-07
640 1.2192693423047354e-07
641 6.652496239011496e-08
642 1.0534043728314384e-07
643 1.3181685396355434e-07
644 1.4490348080899831e-07
645 1.5972275752736247e-07
646 1.8860877396230591e-07
647 6.967197684657565e-08
648 1.3649533186783514e-07
649 1.3249982571331064e-07
650 8.880521523953383e-08
651 1.1606933566788524e-07
652 1.6885001940053247e-07
653 1.1143402581082878e-07
654 1.1742106263600766e-07
655 9.09611353829488e-08
656 8.686671972928423e-08
657 1.8468673224672733e-07
658 1.5295346086722545e-07
659 1.3995031123328626e-07
660 1.1161929009846484e-07
661 1.108841534441803e-07
662 1.1662482183463722e-07
663 1.258505895299423e-07
664 1.1403079841903112e-07
665 1.0986914320154488e-07
666 1.1602814574690416e-07
667 8.59342317774961e-08
668 1.2860300971180285e-07
669 1.6759686785825178e-07
670 1.6633457816613566e-07
671 3.7515542330657194e-08
672 1.5496000619875806e-07
673 6.694869358015871e-08
674 8.281750547209564e-08
675 1.7162204778252592e-07
676 1.0219017208662011e-07
677 1.2020311057684125e-07
678 1.0268101923820744e-07
679 1.6631818872257666e-07
680 8.252543705875264e-08
681 8.582045714747131e-08
682 1.7563700043453788e-07
683 6.368732818924833e-08
684 1.7304653627422643e-07
685 1.8379762446679756e-07
686 1.549143965012582e-07
687 1.0003400743000565e-07
688 1.2859138028112284e-07
689 2.1072217951535775e-07
690 1.160879843043561e-07
691 1.5928114333419198e-07
692 1.0009108853225431e-07
693 6.492232585686604e-08
694 8.563242475838764e-08
695 1.0973394083005821e-07
696 1.6733017795675287e-07
697 1.2790428577005502e-07
698 1.1144745033113809e-07
699 1.5791965495207386e-07
700 1.2282968690824388e-07
701 1.495608023218095e-07
702 9.627907065604348e-08
703 1.7127712775505149e-07
704 7.061856031144348e-08
705 1.5973423227326338e-07
706 8.060485697024454e-08
707 1.349073990628796e-07
708 8.67895434173732e-08
709 1.0543133698753038e-07
710 1.744960116906751e-07
711 1.246088954737397e-07
712 1.0982057279758255e-07
713 1.350655235831967e-07
714 1.1132706328633564e-07
715 1.248637352494689e-07
716 1.1137557143775251e-07
717 2.01299156412804e-07
718 1.0804395515537104e-07
719 1.2354867408188397e-07
720 1.4208959089133358e-07
721 1.342009027900248e-07
722 5.853311132876454e-08
723 4.938011433340277e-08
724 7.050525836952367e-08
725 1.0031779814254346e-07
726 1.376366906538274e-07
727 1.2159498768703205e-07
728 1.8518983475954446e-07
729 1.3069848070432893e-07
730 1.5467269410464512e-07
731 6.965012940957977e-08
732 9.952945114736683e-08
733 7.684325924720724e-08
734 8.492932256860022e-08
735 1.873690213678742e-07
736 1.1995270115394894e-07
737 1.411865253693237e-07
738 9.227638003057323e-08
739 1.1587693674161822e-07
740 1.4116364474687698e-07
741 1.7657755493068455e-07
742 8.137062284028456e-08
743 7.202194703767716e-08
744 5.887444073918475e-08
745 1.3888942413234683e-07
746 1.5601886997902772e-07
747 1.4084818024291106e-07
748 2.2575560996501657e-07
749 1.0508258645109083e-07
750 1.179270633134403e-07
751 1.0780762799462326e-07
752 1.1242717680989576e-07
753 1.0072567522565876e-07
754 1.3331869249799777e-07
755 9.765344719152404e-08
756 1.731991110735888e-07
757 8.138941664807887e-08
758 1.2029322528950488e-07
759 7.51302861605889e-08
760 1.9206437112074517e-07
761 1.163773008735826e-07
762 1.421625548369293e-07
763 1.0913640910892645e-07
764 1.531226523058938e-07
765 1.2785212505571063e-07
766 1.9452993200397941e-07
767 1.5433916624706483e-07
768 1.0735884650463049e-07
769 8.71513007807967e-08
770 1.480585573894802e-07
771 1.1460980575917713e-07
772 1.854859713748299e-07
773 7.861160247683787e-08
774 1.4334660812197105e-07
775 1.0976529006025598e-07
776 1.1881055650424196e-07
777 1.1131330875334049e-07
778 1.6360552715438387e-07
779 1.2677172978489523e-07
780 1.1646968460228659e-07
781 9.4141898838639e-08
782 1.5459807290217115e-07
783 1.6801857856429972e-07
784 5.0770897103540946e-08
785 3.350258531303728e-08
786 2.070463951891012e-07
787 1.0178176362286494e-07
788 1.418098204639991e-07
789 1.019451144934185e-07
790 1.913498878910044e-07
791 1.0842044158791567e-07
792 1.5376783810984273e-07
793 1.318320305285561e-07
794 1.8204508378527487e-07
795 1.7748956733102694e-07
796 1.5201943944239531e-07
797 1.2544321828309285e-07
798 9.413976669577647e-08
799 1.1175834164110721e-07
800 1.1545651258238215e-07
801 1.4642411330989378e-07
802 1.5956862747679912e-07
803 1.698388411442857e-07
804 1.3138640940895503e-07
805 7.684806613348918e-08
806 1.628573797459473e-07
807 1.374250670824017e-07
808 1.0426501015554382e-07
809 1.7811009442087891e-07
810 7.953827721460414e-08
811 1.0780584220002348e-07
812 1.1349525732977815e-07
813 1.4943074163852435e-07
814 1.02248645282658e-07
815 6.026007571608746e-08
816 1.8478867978322365e-07
817 1.2165276554585308e-07
818 1.0975862788217598e-07
819 1.5341067375856253e-07
820 5.330198030617905e-08
821 1.3697002173597855e-07
822 1.7680692152111853e-07
823 1.1249419007943846e-07
824 7.446090286950821e-08
825 1.2189520417085615e-07
826 1.422785501905789e-07
827 1.293057919927012e-07
828 1.4930960694403464e-07
829 1.8225715408602495e-07
830 9.963321100445754e-08
831 8.148459052920545e-08
832 2.043347620518348e-07
833 1.570465858470523e-07
834 1.2078414597612696e-07
835 9.663260549893536e-08
836 1.1702609129339978e-07
837 1.0866146831956038e-07
838 7.856814830191838e-08
839 1.9793140953070805e-07
840 1.2045740002367804e-07
841 1.0788826914558946e-07
842 1.0634062372851486e-07
843 1.5935178168307904e-07
844 1.7917935052486737e-07
845 1.3710762578841102e-07
846 9.964273603501062e-08
847 7.287429694652659e-08
848 1.1521824457344678e-07
849 1.1292285790916784e-07
850 1.7191976583503323e-07
851 1.2305682821270689e-07
852 4.0331519059786843e-08
853 2.1897522718234617e-07
854 1.667191346877498e-07
855 9.092545609088845e-08
856 1.0361195392304923e-07
857 1.252804999124424e-07
858 1.1919096507678244e-07
859 6.218846318839029e-08
860 1.3764567096678168e-07
861 1.7525537767222796e-07
862 1.472151855550113e-07
863 1.207574012973161e-07
864 9.224534713232026e-08
865 9.891616428318401e-08
866 1.1327823654986523e-07
867 8.676402534050941e-08
868 1.8835762636601087e-07
869 1.4788751393262223e-07
870 1.4841395613654737e-07
871 1.3849866431190477e-07
872 1.0628144585582509e-07
873 1.5158677318725253e-07
874 1.8276056323222942e-07
875 1.1662650708946637e-07
876 1.2119584709103743e-07
877 1.2538104251879929e-07
878 1.565508703340955e-07
879 5.3777867307989446e-08
880 1.9849277297179528e-07
881 7.919919026886992e-08
882 5.956137474029674e-08
883 1.288207157690623e-07
884 1.008050474148437e-07
885 8.8682094716361e-08
886 1.4458924376517802e-07
887 1.742934874101012e-07
888 1.360819233078336e-07
889 1.5458448923201906e-07
890 1.0442737218381549e-07
891 1.5014821046644598e-07
892 7.980953257090604e-08
893 1.8376344124273642e-07
894 1.0389261938993801e-07
895 1.1125463789016088e-07
896 6.343646097903324e-08
897 1.4791622422604994e-07
898 1.0939507464011135e-07
899 1.5508398477954857e-07
900 1.2537654372556719e-07
901 8.981097767208219e-08
902 2.0028151721668182e-07
903 1.867378028132956e-07
904 8.140514822520925e-08
905 1.1463448462148018e-07
906 1.5880017866264126e-07
907 1.6139184536811572e-07
908 9.977940486078527e-08
909 1.7548917074560234e-07
910 9.720815892138838e-08
911 1.6369970663398707e-07
912 1.6964052245937364e-07
913 1.1548495971354241e-07
914 1.153659966634712e-07
915 1.3260922493128164e-07
916 1.1189309746586616e-07
917 1.1766458055124007e-07
918 1.3241159030565168e-07
919 1.3675089351225637e-07
920 1.1131280472395577e-07
921 1.7353322048558662e-07
922 1.4418000050938784e-07
923 1.4932130139501797e-07
924 2.0986865216149717e-07
925 1.7162858815285855e-07
926 7.692114529237615e-08
927 1.6856953449255663e-07
928 1.2165487077041852e-07
929 1.1596228714980777e-07
930 1.8627950302208908e-07
931 8.729094537379984e-08
932 9.617374182881815e-08
933 1.2910026507090115e-07
934 6.46209083505181e-08
935 1.3031514990398882e-07
936 1.9273966069993864e-07
937 9.197733679325315e-08
938 1.263942467465761e-07
939 1.1790951121251501e-07
940 5.968625533664937e-08
941 1.1017175723978212e-07
942 1.1545204302663906e-07
943 1.2797696506353688e-07
944 1.3884817831489475e-07
945 1.230546024948093e-07
946 1.6879330286496244e-07
947 1.477187461111208e-07
948 1.9070633259033083e-07
949 1.2969485185722001e-07
950 1.6546241064435978e-07
951 1.6335821228721611e-07
952 9.953271252567938e-08
953 1.3060090671826776e-07
954 1.0418068328058979e-07
955 6.187117857229321e-08
956 1.5945413968986537e-07
957 1.3059723946742434e-07
958 1.6258431308136577e-07
959 1.0842896997578944e-07
960 9.992752405287839e-08
961 5.661308386317252e-08
962 9.135882013081734e-08
963 1.2490260475057787e-07
964 1.2674397933156024e-07
965 1.36398436731408e-07
966 1.0336416668765106e-07
967 1.4317845024017837e-07
968 1.2881554756364654e-07
969 1.3356572281286802e-07
970 1.6868713419877935e-07
971 1.6043277403487409e-07
972 1.712977543528042e-07
973 1.1213426712043832e-07
974 1.6384952404403152e-07
975 1.2386959749558694e-07
976 1.4089741892640134e-07
977 9.808083470112902e-08
978 1.387929125680201e-07
979 1.2504292768390466e-07
980 1.3397936584830616e-07
981 7.824134924557717e-08
982 1.0690006990889564e-07
983 1.1793674573759386e-07
984 2.1172283345902865e-07
985 1.5384868786978755e-07
986 7.816587496972013e-08
987 1.2105264288896732e-07
988 1.059879681222529e-07
989 1.457502323311806e-07
990 1.2436778552994543e-07
991 1.0593386723682315e-07
992 1.1841932388861749e-07
993 9.747698838175288e-08
994 1.415763609040043e-07
995 1.6384035003707272e-07
996 1.3309727666347184e-07
997 1.4849927465770287e-07
998 1.9336812578994197e-07
999 9.884583125346763e-08
