0 4.232440954669624e-06
1 4.200310670270738e-06
2 3.956298943150132e-06
3 4.38513087195442e-06
4 4.002391109303248e-06
5 3.7614935561101404e-06
6 3.934334957794181e-06
7 3.937178612598942e-06
8 3.800940071114926e-06
9 4.1277495298875845e-06
10 3.390839367217397e-06
11 4.417072048647906e-06
12 3.843878787883892e-06
13 4.045763331661014e-06
14 3.901188040025822e-06
15 4.139103581382141e-06
16 3.955042452955893e-06
17 3.37403420326558e-06
18 4.102034928420599e-06
19 3.520947262372569e-06
20 3.880579160759846e-06
21 3.963413190708517e-06
22 4.306024272253714e-06
23 3.6408068100181763e-06
24 4.477423023034424e-06
25 4.70547041025773e-06
26 3.7924739786388568e-06
27 3.296275033792589e-06
28 4.293170669929966e-06
29 3.658532415583902e-06
30 3.60143273850003e-06
31 4.017004619122051e-06
32 4.35805651242451e-06
33 4.037848769343491e-06
34 3.593573005485694e-06
35 4.403772067867276e-06
36 4.257570282546647e-06
37 4.085987499723837e-06
38 4.2779150632957876e-06
39 4.005557348095456e-06
40 3.890084697297464e-06
41 4.226900993158647e-06
42 3.5851555165034717e-06
43 4.259400809490146e-06
44 3.630759874901562e-06
45 3.7416401312921026e-06
46 4.18072210972977e-06
47 3.938169798289109e-06
48 4.242546878671124e-06
49 3.9754421147068805e-06
50 3.62076022525263e-06
51 4.631596998077081e-06
52 4.401549350726124e-06
53 4.145054388917068e-06
54 4.287425068561246e-06
55 4.3670658964682585e-06
56 3.774100784531361e-06
57 4.077499182904374e-06
58 4.17618697685443e-06
59 3.671343685188606e-06
60 3.849733081203868e-06
61 4.030677670959352e-06
62 3.678074994695883e-06
63 3.919371028323848e-06
64 4.013923019080547e-06
65 3.8278155073620715e-06
66 4.095390546599315e-06
67 4.094905790733187e-06
68 4.705152452734424e-06
69 3.6157687928050795e-06
70 4.124280616371868e-06
71 4.101250680930103e-06
72 3.810909873532519e-06
73 3.689710449373378e-06
74 3.7699078292478787e-06
75 3.837573838023076e-06
76 3.549633611718493e-06
77 4.2257998087538555e-06
78 3.6904204482809857e-06
79 4.538633938120937e-06
80 3.6493323077649787e-06
81 4.102015449178882e-06
82 3.672692393472646e-06
83 3.7069846457468475e-06
84 4.565365565553492e-06
85 3.7681236287858917e-06
86 4.356984590104469e-06
87 4.404838937726982e-06
88 4.2309901114467566e-06
89 3.0851441846185705e-06
90 4.062578909994095e-06
91 4.0218947850215015e-06
92 3.9158249552616e-06
93 4.047484141929825e-06
94 4.384400998963093e-06
95 4.182937237783758e-06
96 3.7863394327528505e-06
97 3.4576317825366344e-06
98 3.7014140636067705e-06
99 4.060257410470233e-06
100 3.928656791908337e-06
101 3.880644073066365e-06
102 4.16329251885964e-06
103 4.243522487108335e-06
104 3.6023870079224036e-06
105 4.41857387711021e-06
106 4.355819988746981e-06
107 4.288531314504251e-06
108 3.488845113877034e-06
109 4.5509493821412365e-06
110 3.4997201345370105e-06
111 4.7714016199376305e-06
112 3.899497865119847e-06
113 3.8683046302782825e-06
114 4.1139896946225235e-06
115 4.0178916185462795e-06
116 4.114710570055678e-06
117 4.470650346711001e-06
118 3.927112599381231e-06
119 3.870514982026695e-06
120 3.6329914533819136e-06
121 4.070856021551161e-06
122 3.603010268425603e-06
123 4.113377198697213e-06
124 3.963693226068954e-06
125 3.7785623287699634e-06
126 4.086601858738229e-06
127 4.329013358836495e-06
128 3.6683280950198693e-06
129 4.36010524747104e-06
130 4.47448724986161e-06
131 3.1071921799723097e-06
132 4.184330465928681e-06
133 4.626286635553959e-06
134 3.957506420535216e-06
135 4.6017331521976665e-06
136 4.289966581086526e-06
137 4.159943762807402e-06
138 3.866519024566965e-06
139 4.069792604070346e-06
140 3.8242846076130085e-06
141 3.6713193887057474e-06
142 3.902034906198457e-06
143 4.100287289969363e-06
144 4.194655481674544e-06
145 3.915114370887035e-06
146 4.0858015010512524e-06
147 3.9306190117509664e-06
148 3.48584219292515e-06
149 4.357017533326056e-06
150 4.075429530033847e-06
151 4.096492399517255e-06
152 3.503829985126551e-06
153 3.57006492296313e-06
154 4.01055538337655e-06
155 4.4680835065013035e-06
156 4.156811986815523e-06
157 4.106756046924292e-06
158 4.063172077535767e-06
159 4.0250273822913616e-06
160 3.7318814818653287e-06
161 3.8053965051996757e-06
162 3.6008537539565166e-06
163 3.914606106675766e-06
164 4.048810498253079e-06
165 3.937207469110953e-06
166 4.062359055360264e-06
167 4.065183711574143e-06
168 4.122556099624194e-06
169 3.919313834116601e-06
170 4.026356624344884e-06
171 3.608415841175967e-06
172 4.309741914194689e-06
173 3.752423603852813e-06
174 4.208028240444205e-06
175 4.580839497825925e-06
176 3.338768137334995e-06
177 4.634028311272314e-06
178 4.121630837261513e-06
179 4.42953821156008e-06
180 4.031641239904781e-06
181 4.525754794312137e-06
182 3.824343998582631e-06
183 3.780749266536291e-06
184 4.418997718578488e-06
185 4.476006973014608e-06
186 4.170381430028459e-06
187 4.0132997756507186e-06
188 4.314364756219978e-06
189 3.71547165837599e-06
190 4.217062161310948e-06
191 4.061526506988281e-06
192 4.155274027974174e-06
193 3.780355550118185e-06
194 3.8623255653361354e-06
195 3.641922418910763e-06
196 3.3550314741314465e-06
197 4.018865205447968e-06
198 3.9228112796427285e-06
199 3.290749622402247e-06
200 3.6605207802213563e-06
201 3.760207469018533e-06
202 4.474851505721139e-06
203 3.897704001941904e-06
204 4.122330542251543e-06
205 4.049682596164196e-06
206 4.1616555337973e-06
207 4.747254166207081e-06
208 3.6678577133088433e-06
209 3.711134688390984e-06
210 3.629186959950153e-06
211 4.1902345164740974e-06
212 4.192917178026953e-06
213 4.406376517321085e-06
214 3.687259794408151e-06
215 3.7574178217894753e-06
216 3.654693453642691e-06
217 4.285959421576904e-06
218 4.138489765560994e-06
219 4.05386611093511e-06
220 4.09550567791057e-06
221 4.305848745352352e-06
222 3.9876193639746535e-06
223 4.073940571144481e-06
224 3.920216320956334e-06
225 4.504944615172565e-06
226 4.128400231885937e-06
227 3.93870372765138e-06
228 3.577091984160825e-06
229 3.840538372438817e-06
230 4.878968616797669e-06
231 3.6993362853563714e-06
232 4.314588695082958e-06
233 3.7679268217930276e-06
234 4.247809067796647e-06
235 3.974329102495937e-06
236 4.761091979986794e-06
237 3.7825411413495297e-06
238 3.79715876886981e-06
239 3.716323143592093e-06
240 3.8189966585988164e-06
241 3.562905605589963e-06
242 3.8984900070690526e-06
243 4.034520907449811e-06
244 4.033821527730876e-06
245 3.971983798799795e-06
246 3.850005786384049e-06
247 4.2378755852807046e-06
248 4.016716586337082e-06
249 3.923108037281551e-06
250 3.19977168818112e-06
251 4.202417754674445e-06
252 3.875429853520162e-06
253 3.6961854367439626e-06
254 4.465002515378966e-06
255 4.20326777912629e-06
256 4.492276053943489e-06
257 3.8731343278807516e-06
258 3.943168255465723e-06
259 3.804552346383144e-06
260 4.347917591605482e-06
261 4.085936083882664e-06
262 3.8345750375642905e-06
263 4.144404931826185e-06
264 4.348105222017662e-06
265 3.6333022670289286e-06
266 3.975200663799682e-06
267 4.261075757016206e-06
268 4.041233641371902e-06
269 4.013950505549958e-06
270 3.7429834703572145e-06
271 4.048054588383416e-06
272 4.617318158724057e-06
273 3.61528440147286e-06
274 3.984684058317423e-06
275 4.001977453969198e-06
276 4.165369511386966e-06
277 3.562183275263183e-06
278 3.865697341707581e-06
279 4.5124546545469745e-06
280 3.507919140555721e-06
281 4.406291591785177e-06
282 3.754535896839647e-06
283 3.4484557669166747e-06
284 4.053450504278651e-06
285 4.322974230771607e-06
286 4.14888509004972e-06
287 4.145339221826946e-06
288 4.012483038309368e-06
289 3.938094284031279e-06
290 3.987291926346442e-06
291 3.831166255601681e-06
292 4.2787993049989505e-06
293 3.6897571050846503e-06
294 4.093485922918333e-06
295 3.7124078935788818e-06
296 3.916905266367694e-06
297 4.2384983340129285e-06
298 3.322323988470637e-06
299 3.6693799714503177e-06
300 4.269358443803734e-06
301 4.0271082118480386e-06
302 3.8554331273447364e-06
303 4.2148109643789865e-06
304 4.499462169233654e-06
305 3.937497030377485e-06
306 3.675448537145233e-06
307 3.6964462257962234e-06
308 3.939539335666647e-06
309 3.552321595821878e-06
310 4.145786765276802e-06
311 3.7632526307387465e-06
312 3.96902144241108e-06
313 4.110208275618508e-06
314 3.643520948263865e-06
315 4.2979742396637185e-06
316 4.118837333007967e-06
317 3.973731222393254e-06
318 4.151252463498899e-06
319 3.7192139562797323e-06
320 4.026778284202679e-06
321 3.815327246853823e-06
322 4.106864690333026e-06
323 3.785627394614158e-06
324 3.755233497539272e-06
325 3.817247410242651e-06
326 3.848276599596278e-06
327 4.0374053479078056e-06
328 3.8027228665766268e-06
329 4.01348870838137e-06
330 4.049809601348458e-06
331 3.405065968762071e-06
332 3.983414829088497e-06
333 4.0482179009996486e-06
334 3.630960278534998e-06
335 4.016668596313779e-06
336 4.020815838142366e-06
337 4.0541336339499875e-06
338 4.316814737032113e-06
339 4.127727915253519e-06
340 4.766904605320492e-06
341 3.863498997503851e-06
342 4.036810700018853e-06
343 4.037921360242877e-06
344 4.389545061005992e-06
345 3.83590232033903e-06
346 3.665851799323497e-06
347 3.699354133355359e-06
348 3.820548325967366e-06
349 4.2653251856231704e-06
350 4.526794192756614e-06
351 4.288719989447028e-06
352 4.393039127014855e-06
353 4.05648779742684e-06
354 3.6206869620047085e-06
355 4.208512278596914e-06
356 3.307105220436882e-06
357 3.6497032714161444e-06
358 3.989472493530459e-06
359 4.746191559632378e-06
360 4.009043558264572e-06
361 4.095945192887447e-06
362 4.009031564916366e-06
363 3.939362118948487e-06
364 4.156208144170823e-06
365 4.060062745709421e-06
366 4.230556128988246e-06
367 4.322659664540346e-06
368 4.340316059570988e-06
369 3.3522590557154374e-06
370 4.300992413050058e-06
371 4.113027895161518e-06
372 3.896169050541822e-06
373 3.5972161566805183e-06
374 3.873673387762992e-06
375 3.802959868240672e-06
376 3.96217539060774e-06
377 4.114577711033433e-06
378 3.6086343189145163e-06
379 4.3828046837796014e-06
380 4.392750129811611e-06
381 4.161639946509186e-06
382 3.71412045007741e-06
383 3.93072725419161e-06
384 3.478220904651268e-06
385 3.8011542219713676e-06
386 4.256956962983693e-06
387 4.15442923919654e-06
388 3.623179117215759e-06
389 4.304343332319117e-06
390 4.123403612073175e-06
391 5.1363779665576945e-06
392 4.009424182618024e-06
393 3.6824643137163124e-06
394 4.648499051462863e-06
395 3.6699165850734066e-06
396 3.3962810669689385e-06
397 3.689557671766882e-06
398 3.5816638943768234e-06
399 3.8344229400715115e-06
400 4.198812915086719e-06
401 3.7939812662202608e-06
402 4.406009087879532e-06
403 3.808930053042427e-06
404 4.4631081874496015e-06
405 4.256716449416478e-06
406 4.248855386830649e-06
407 4.323026058851275e-06
408 3.963064824690952e-06
409 4.188305838537607e-06
410 4.629968335972485e-06
411 4.697609531794851e-06
412 3.84006993409177e-06
413 4.252259457002256e-06
414 3.610893952636885e-06
415 4.354949192963137e-06
416 4.031481202860573e-06
417 4.765908946598615e-06
418 3.66372295089126e-06
419 4.573958609773746e-06
420 3.896623190416174e-06
421 3.4599316841183104e-06
422 3.895004615939318e-06
423 4.19776050141479e-06
424 3.907349399128242e-06
425 3.977900607245399e-06
426 4.520551308908859e-06
427 4.184525851773647e-06
428 3.8029799570957946e-06
429 4.009045356214217e-06
430 3.525766396020599e-06
431 3.956509462921326e-06
432 3.51915109009032e-06
433 4.228406800273665e-06
434 4.26094961787494e-06
435 4.406162860753394e-06
436 4.0491121297515175e-06
437 3.955461628447099e-06
438 3.5585584988550367e-06
439 4.131451894814508e-06
440 4.559960355584187e-06
441 3.976333883557634e-06
442 3.4857897157834773e-06
443 3.68094908239223e-06
444 3.6300400498695825e-06
445 3.7093058882723795e-06
446 4.259669856531266e-06
447 4.286425148070395e-06
448 4.046568270531534e-06
449 4.230152054444362e-06
450 3.679327951523173e-06
451 3.8797915229523065e-06
452 4.296827576286094e-06
453 3.986341279327903e-06
454 3.45931790015245e-06
455 3.7742406477404842e-06
456 4.0260942980425555e-06
457 4.168414088471632e-06
458 4.500440363511708e-06
459 3.833434889000269e-06
460 4.481167490296695e-06
461 4.059049393889599e-06
462 4.473756664107325e-06
463 3.8770041430568035e-06
464 3.453906865010944e-06
465 4.2278440312928326e-06
466 4.070122709445083e-06
467 4.018063799424048e-06
468 3.922006125510093e-06
469 4.544805558711385e-06
470 3.7666196909205907e-06
471 3.4828078195055533e-06
472 4.443961441384901e-06
473 4.374996057941371e-06
474 4.19880908013506e-06
475 3.9549855689532394e-06
476 3.7291655642345534e-06
477 4.349472636209453e-06
478 3.3005894424632663e-06
479 4.286399307491579e-06
480 3.780509101671947e-06
481 4.4483768451264606e-06
482 3.991795455171867e-06
483 3.4729576427561835e-06
484 3.841572412759103e-06
485 3.7597393923589835e-06
486 4.940077308050211e-06
487 4.11369806893568e-06
488 4.340501207888033e-06
489 3.7378450684603307e-06
490 3.726671066764015e-06
491 4.130470046764106e-06
492 4.3880924477006985e-06
493 4.242229962444304e-06
494 4.027654311319379e-06
495 4.1972803235230025e-06
496 4.08633956554666e-06
497 4.274573590704481e-06
498 3.958597093874116e-06
499 4.488393906083952e-06
500 4.241985850494845e-06
501 4.1499346387304045e-06
502 4.374475336422951e-06
503 4.170309208425559e-06
504 4.071865217335444e-06
505 4.246995956305456e-06
506 3.910089165427703e-06
507 4.046534171301382e-06
508 3.978727350501187e-06
509 4.1691692572114436e-06
510 3.7333089046934193e-06
511 3.5693485692151614e-06
512 4.116817558871415e-06
513 3.862372384856953e-06
514 3.972990767378889e-06
515 4.107797928855274e-06
516 4.079933024465821e-06
517 4.149242624590895e-06
518 4.210643355318071e-06
519 3.799548930063196e-06
520 3.6434591779370158e-06
521 4.5415435711392076e-06
522 3.998837807080646e-06
523 3.7272706768385603e-06
524 3.9632478636076116e-06
525 4.236095133845703e-06
526 4.582221446899185e-06
527 3.5834318523294164e-06
528 3.971662589868693e-06
529 4.410654709884223e-06
530 4.248988593945403e-06
531 4.279156361056911e-06
532 3.515948525736563e-06
533 3.938832245193389e-06
534 4.4467423303987104e-06
535 4.2639034747661714e-06
536 4.109464905702047e-06
537 4.266822083608381e-06
538 3.890600307972281e-06
539 3.93327004129577e-06
540 3.468235279839711e-06
541 4.075028709312971e-06
542 3.939715695751124e-06
543 3.920103347307842e-06
544 2.937627667386318e-06
545 4.4542759906578365e-06
546 4.586816902753256e-06
547 4.2721972976250165e-06
548 4.704261221642682e-06
549 4.667174822663643e-06
550 3.929380338114933e-06
551 3.779923523639722e-06
552 3.6320544854748936e-06
553 4.344031480605548e-06
554 4.373949022979977e-06
555 3.5629408821761444e-06
556 4.202008117771867e-06
557 3.662326264042553e-06
558 3.863059390658646e-06
559 3.978173542044655e-06
560 4.142982773042101e-06
561 3.7142315712131285e-06
562 3.892321202715068e-06
563 4.243543126973959e-06
564 4.1621921757410046e-06
565 3.954785514449033e-06
566 3.443928092041408e-06
567 3.953936925732106e-06
568 4.336655659315289e-06
569 3.954034284901598e-06
570 3.928501804610169e-06
571 3.995207227739072e-06
572 3.825704878350045e-06
573 4.422193035716981e-06
574 4.149924905235871e-06
575 3.9406665084370515e-06
576 3.7343618386578e-06
577 4.294194875781498e-06
578 3.8142300181201725e-06
579 3.955762371623612e-06
580 3.933093071485247e-06
581 3.919770774840107e-06
582 4.275187736952855e-06
583 4.081687541744858e-06
584 3.6087792707776402e-06
585 4.03388303576823e-06
586 4.258938265304448e-06
587 4.487240480439421e-06
588 3.698528432269328e-06
589 4.360298373286465e-06
590 4.4736364255928165e-06
591 4.741751848150835e-06
592 3.7970518723471746e-06
593 4.3243372858056095e-06
594 3.8002965547052945e-06
595 4.0984211903629346e-06
596 3.901573506284629e-06
597 4.532364821907772e-06
598 3.845392713969376e-06
599 4.100837108569574e-06
600 3.421374678821966e-06
601 4.742865449304363e-06
602 3.931581761964556e-06
603 4.316949674303829e-06
604 3.7806639148534787e-06
605 3.8274977336857345e-06
606 4.414093510829785e-06
607 3.6521958025526604e-06
608 3.652064042639125e-06
609 4.091416229719376e-06
610 4.3926001961475976e-06
611 3.924742363994936e-06
612 3.5258398065418753e-06
613 4.087016700844964e-06
614 4.195958869449879e-06
615 3.9769873982051594e-06
616 4.106770196352036e-06
617 3.96641277683184e-06
618 3.787245122239748e-06
619 3.909539129160009e-06
620 4.202417231313094e-06
621 4.05137945553279e-06
622 3.5910130553352455e-06
623 4.239176331442501e-06
624 3.8796061713128005e-06
625 3.6505367124591175e-06
626 4.36007626293868e-06
627 3.7501932983293105e-06
628 3.513093735353959e-06
629 3.910799710951052e-06
630 3.7484924731098592e-06
631 4.408442768878285e-06
632 4.4261519677209114e-06
633 3.8026446659541855e-06
634 4.501700361534129e-06
635 3.848887053151596e-06
636 4.3607585151422086e-06
637 4.085567706689073e-06
638 4.592024115550406e-06
639 4.102632602368572e-06
640 4.116206320838508e-06
641 3.639401243331474e-06
642 3.2309522764907804e-06
643 4.379610763103202e-06
644 3.951405577097654e-06
645 4.379778566172032e-06
646 3.886261758993436e-06
647 4.2237802328433835e-06
648 3.853643808676285e-06
649 3.7924993406012425e-06
650 3.3654243899956803e-06
651 4.781685828109707e-06
652 4.179461563875813e-06
653 3.3698776376061285e-06
654 4.410637249758116e-06
655 4.0195839100304406e-06
656 4.339379577983668e-06
657 4.44410485679634e-06
658 4.374847898325754e-06
659 3.961684198915642e-06
660 4.772722015415291e-06
661 3.997279219447462e-06
662 3.4322100780438834e-06
663 4.022763285489649e-06
664 3.9947133393055945e-06
665 4.305150045799001e-06
666 4.345963671508643e-06
667 4.170222284556408e-06
668 4.376661491176788e-06
669 3.383044345875949e-06
670 4.179823414767814e-06
671 4.123278994486434e-06
672 4.664254914056908e-06
673 4.004044686450612e-06
674 3.978701133549669e-06
675 4.552256002667675e-06
676 3.6509382447000883e-06
677 3.819744377921076e-06
678 4.146470070550809e-06
679 3.8031869234106466e-06
680 3.986151383823765e-06
681 4.0109198753207665e-06
682 4.297961058888151e-06
683 3.5280458203282203e-06
684 3.7989231764744426e-06
685 3.9509812013579975e-06
686 3.900731826214288e-06
687 4.017040032709533e-06
688 4.091090163551846e-06
689 3.688189047007418e-06
690 4.2945702276586215e-06
691 4.981909081965585e-06
692 4.1698085848946126e-06
693 4.196287893675351e-06
694 3.8876933551979e-06
695 4.65178010000415e-06
696 3.898380338758006e-06
697 4.289765489414124e-06
698 3.906953265875016e-06
699 3.9399696432857945e-06
700 4.049172395108388e-06
701 3.5613043710528764e-06
702 4.346356317607085e-06
703 4.510424059977077e-06
704 4.2933772491986e-06
705 3.799509110315097e-06
706 4.1173165837712956e-06
707 3.8955612174659705e-06
708 4.03588342512011e-06
709 4.031129750084252e-06
710 4.137313146912587e-06
711 4.133434911364089e-06
712 4.371702597007213e-06
713 3.988999972020208e-06
714 3.986291829795865e-06
715 4.032841484432377e-06
716 3.912485117937586e-06
717 3.46738609716324e-06
718 4.016112095608474e-06
719 4.3855797258064135e-06
720 4.145934823446144e-06
721 4.2352737878248e-06
722 4.159953150582207e-06
723 4.057097162420952e-06
724 3.7215492960834424e-06
725 3.780657953291887e-06
726 3.926825907357697e-06
727 4.540667502200629e-06
728 3.6803850360696734e-06
729 4.387793040841719e-06
730 4.07636023618377e-06
731 4.151570824667287e-06
732 4.166009795221417e-06
733 4.267874257743189e-06
734 4.204176528599183e-06
735 4.446460747338746e-06
736 4.018313532962537e-06
737 3.7280174237628437e-06
738 4.184373331853717e-06
739 3.8236657069112264e-06
740 4.214065405315063e-06
741 4.027627438575754e-06
742 4.099437203629933e-06
743 3.611656263369642e-06
744 4.148400440453321e-06
745 4.380327808215556e-06
746 3.5008445263437242e-06
747 3.841448628143565e-06
748 4.0349196390476895e-06
749 3.962779150906428e-06
750 4.326414464324879e-06
751 3.959226518905013e-06
752 3.3448362949388885e-06
753 3.654471097025754e-06
754 4.087055463530198e-06
755 4.075943534164265e-06
756 4.278755221060745e-06
757 4.605436268340203e-06
758 4.499520321221208e-06
759 3.879668959798007e-06
760 4.127007355237576e-06
761 4.582144408464426e-06
762 4.1192973807305565e-06
763 3.368346001401022e-06
764 3.957874868658315e-06
765 3.6081614794907423e-06
766 4.179960393121969e-06
767 3.913582426997275e-06
768 3.9437195787611825e-06
769 3.9715831919830155e-06
770 4.281023636198126e-06
771 4.191011688244401e-06
772 3.698745092817157e-06
773 4.444136394856229e-06
774 3.61193670465813e-06
775 4.041803863314476e-06
776 4.047011726288223e-06
777 3.895592807021395e-06
778 4.404548183022493e-06
779 3.641673222406702e-06
780 4.2956794749894676e-06
781 3.873707829373737e-06
782 3.6603199338922786e-06
783 4.455148370377076e-06
784 3.699103108706218e-06
785 4.039365213381193e-06
786 3.6436833796417684e-06
787 4.5534838895830365e-06
788 4.1196196573340545e-06
789 4.118248102847845e-06
790 4.344722354721333e-06
791 3.5300737729546574e-06
792 3.742987441880477e-06
793 4.1932267727723095e-06
794 3.915654434869056e-06
795 4.383413404082115e-06
796 3.8013004037394414e-06
797 3.690968031031258e-06
798 3.810201438216098e-06
799 3.7201183998424053e-06
800 3.832743531708147e-06
801 4.0804270659842304e-06
802 4.520710580067521e-06
803 3.7470473625245285e-06
804 3.6481521963581216e-06
805 3.864750079847619e-06
806 3.7423703187954762e-06
807 4.566750432490721e-06
808 3.696212134375013e-06
809 4.315946687940253e-06
810 3.9877660377137384e-06
811 4.085702236409917e-06
812 3.945829062294905e-06
813 3.9601649820498776e-06
814 4.0774765336228765e-06
815 3.58200087692698e-06
816 3.9649845690136995e-06
817 3.5599314842536833e-06
818 3.655762676846369e-06
819 4.698762434152577e-06
820 3.837265298235343e-06
821 4.084782147155466e-06
822 3.6801415310027153e-06
823 3.7920464891246183e-06
824 4.2043541259631e-06
825 3.96131795664127e-06
826 4.118930576366147e-06
827 4.199836704126447e-06
828 3.996914235533795e-06
829 3.8806873547728376e-06
830 3.8006382833203294e-06
831 4.014888271941806e-06
832 4.148104505055784e-06
833 4.172337476995143e-06
834 4.084763247600496e-06
835 4.0999497550291935e-06
836 4.315964598533343e-06
837 4.0280566445246805e-06
838 3.953539094190067e-06
839 4.322748269181916e-06
840 3.932205296941138e-06
841 4.201040611716595e-06
842 4.047472240166165e-06
843 4.474703017422194e-06
844 4.11265453916826e-06
845 3.9299257253730565e-06
846 4.008976206950786e-06
847 4.4380156824138235e-06
848 3.7687057612522e-06
849 4.667843255752028e-06
850 3.5462424803363415e-06
851 3.994364409495518e-06
852 4.409442037946938e-06
853 3.8875805585798e-06
854 4.0772582209698125e-06
855 4.415062579322559e-06
856 4.0626773409210234e-06
857 4.582408913409595e-06
858 3.816777396333363e-06
859 3.92521841111393e-06
860 4.277117723692498e-06
861 3.440581411934005e-06
862 3.999594647770751e-06
863 4.310207506382066e-06
864 3.895460349313122e-06
865 3.822131912399013e-06
866 3.7040595306214246e-06
867 3.817638930584011e-06
868 4.3716510384597446e-06
869 3.5220143639390284e-06
870 4.378773363618255e-06
871 4.497419129903192e-06
872 4.162799694656799e-06
873 4.0767452905168324e-06
874 4.0225035115668266e-06
875 3.97582408142993e-06
876 4.0599726628555e-06
877 3.9338195719137346e-06
878 3.922464865791112e-06
879 3.6953965966207423e-06
880 3.877016877829572e-06
881 4.10802163557646e-06
882 4.278286895682893e-06
883 3.733640967484125e-06
884 3.7463500242792352e-06
885 3.1475292638792167e-06
886 3.2193749146751817e-06
887 4.417832900316772e-06
888 3.735543715072954e-06
889 3.7518455278247974e-06
890 4.128323322928595e-06
891 3.855327638518318e-06
892 3.7501866191398256e-06
893 3.770118641526025e-06
894 4.4411739801071285e-06
895 4.235919665579871e-06
896 4.079754614248632e-06
897 3.962870317719835e-06
898 4.031398933517946e-06
899 3.979161596124086e-06
900 3.8806405016244674e-06
901 4.1929498547885e-06
902 3.333610314456135e-06
903 4.0791258509884044e-06
904 4.61756143081938e-06
905 4.34170799859292e-06
906 3.712106631275778e-06
907 3.6079480010986016e-06
908 4.163132831826672e-06
909 4.647212762325931e-06
910 3.5213031794557277e-06
911 3.7906678717901644e-06
912 4.43473236977723e-06
913 3.929881409709747e-06
914 4.723113019693963e-06
915 3.8064615302756587e-06
916 4.4142655520516375e-06
917 4.064742091958754e-06
918 4.277185755082983e-06
919 4.695210833140525e-06
920 4.576920421612612e-06
921 4.206004200886422e-06
922 4.253233682064222e-06
923 4.14746264511047e-06
924 4.454570709534711e-06
925 4.300874056098374e-06
926 3.996294068445416e-06
927 3.99028024212598e-06
928 4.130782205474438e-06
929 4.381296652012662e-06
930 3.403279034165008e-06
931 4.320886800528991e-06
932 3.75775365885384e-06
933 3.798966482599372e-06
934 3.995037222623519e-06
935 4.288686188303206e-06
936 3.928666178409318e-06
937 4.4066277455638635e-06
938 3.8569699030488385e-06
939 3.836229347029461e-06
940 4.358370175591616e-06
941 4.488893680522519e-06
942 4.318189923633341e-06
943 3.5508368959328023e-06
944 3.98872596147347e-06
945 4.228937227070682e-06
946 4.1701956002365446e-06
947 4.177965056133276e-06
948 3.786661044854818e-06
949 3.658735313599322e-06
950 3.978132070064355e-06
951 4.138786350321714e-06
952 3.829528895571269e-06
953 3.4821353717303175e-06
954 3.832144242866213e-06
955 3.782946156507247e-06
956 4.150257570339818e-06
957 4.1334826242934325e-06
958 4.1189663161618376e-06
959 4.212236971541982e-06
960 4.168549114709447e-06
961 4.065949461973464e-06
962 4.0014469917685005e-06
963 3.6089318920396042e-06
964 3.9504286114086435e-06
965 3.6912074959992203e-06
966 4.277965828889368e-06
967 4.328701147596061e-06
968 4.366085077585378e-06
969 4.2893770139339185e-06
970 3.7950116251906402e-06
971 3.851669593635394e-06
972 3.953236086839327e-06
973 4.111483085451837e-06
974 4.529820483179133e-06
975 4.238577028977037e-06
976 3.320899257285769e-06
977 4.077793657436534e-06
978 3.5964655971118243e-06
979 4.522915629587014e-06
980 3.8383897907675906e-06
981 4.803327846268336e-06
982 3.854003700357737e-06
983 4.33899656522766e-06
984 3.86706523258611e-06
985 4.186544153362345e-06
986 3.3937686680439244e-06
987 3.1831926158612744e-06
988 4.435096119997812e-06
989 4.298365491052659e-06
990 3.7256696921668637e-06
991 3.992693999458808e-06
992 3.1809481148982007e-06
993 4.011527472566231e-06
994 3.973078551719678e-06
995 4.266889916794899e-06
996 4.418660258373297e-06
997 4.217007594874784e-06
998 4.101133428462994e-06
999 3.911445827000522e-06
