0 2.6017864296746474e-06
1 2.2304790612084826e-06
2 2.404860474740908e-06
3 2.231634552453252e-06
4 2.8056447329669634e-06
5 2.5264092851278293e-06
6 1.4343176937515885e-06
7 1.6168468540395205e-06
8 2.2459202213269445e-06
9 2.6361375267602362e-06
10 8.690612049998604e-07
11 2.4553916755906126e-06
12 2.049091021237568e-06
13 2.1264966269742045e-06
14 2.00865665404542e-06
15 1.246874474879109e-06
16 2.318348719349426e-06
17 1.4493748585280538e-06
18 1.9315748998819976e-06
19 1.2714760564147916e-06
20 1.9280264431007706e-06
21 1.808831799409788e-06
22 2.347483508955702e-06
23 2.0679840525726727e-06
24 2.6408628895031998e-06
25 2.7810155820609086e-06
26 1.7197799673417656e-06
27 1.2581290680666489e-06
28 2.58564252431465e-06
29 1.9058566742671449e-06
30 1.2972754237441552e-06
31 2.2635174895661986e-06
32 1.7684311157947776e-06
33 2.1620934542047747e-06
34 1.3193255417845022e-06
35 1.9333619400789244e-06
36 2.6412986642560846e-06
37 2.294179909029128e-06
38 2.9696220787388878e-06
39 2.0494052314420265e-06
40 1.6823918668217756e-06
41 2.558920608254974e-06
42 1.8350855950789894e-06
43 2.3427152434018955e-06
44 1.849634828591748e-06
45 1.9349998442718683e-06
46 1.914766567742253e-06
47 2.266535248623353e-06
48 3.201260424739728e-06
49 2.1058311850078683e-06
50 2.097641456898538e-06
51 2.887837067493555e-06
52 1.848215005325545e-06
53 2.021943880990295e-06
54 2.3405167576610766e-06
55 2.71226637397325e-06
56 1.5833138598920753e-06
57 2.518757286856203e-06
58 2.6610619083691727e-06
59 2.47461635525362e-06
60 1.730503891193646e-06
61 1.526388502298546e-06
62 1.7673766794633541e-06
63 2.3117390458276904e-06
64 2.715535362221134e-06
65 1.7041549025032128e-06
66 2.081958012444483e-06
67 2.199746960913845e-06
68 2.002877589446194e-06
69 2.163070431388902e-06
70 1.8651030906148364e-06
71 2.1687153326559104e-06
72 2.2510598967114e-06
73 2.1230765521313e-06
74 1.8486611494393591e-06
75 1.4457904707639927e-06
76 1.859110541386066e-06
77 1.7643688488718377e-06
78 1.6266033053508807e-06
79 2.354007639515532e-06
80 1.5501011716888037e-06
81 1.971245855888029e-06
82 2.232534238360557e-06
83 2.4730515378009433e-06
84 2.8389235839813242e-06
85 1.4477966124219682e-06
86 2.337703749964471e-06
87 2.7035743315618268e-06
88 2.8883378741479007e-06
89 1.3473121970441409e-06
90 1.7373796286406444e-06
91 1.6870354591630207e-06
92 2.5758489231122925e-06
93 2.570733110480314e-06
94 2.3013194255530375e-06
95 2.5901905451211157e-06
96 2.2248917995250678e-06
97 1.658887588673487e-06
98 1.937605377499237e-06
99 1.77224166542729e-06
100 2.104124828383149e-06
101 1.9981896346276748e-06
102 1.5676371276180274e-06
103 2.0521766669709554e-06
104 1.1839905041336803e-06
105 2.329665622642315e-06
106 1.9998304294033495e-06
107 2.922102281955471e-06
108 1.7820614489021422e-06
109 2.027252807001698e-06
110 2.1112808249571984e-06
111 2.532505674107879e-06
112 1.90760018078529e-06
113 2.3047225954402255e-06
114 2.481832338287781e-06
115 2.165275165609904e-06
116 2.332679967892728e-06
117 2.992322910184897e-06
118 1.6672922621751975e-06
119 2.10062504888452e-06
120 2.1795846086731146e-06
121 2.2095938066114254e-06
122 1.2096083530089336e-06
123 1.6044142266516597e-06
124 1.5203666078055662e-06
125 1.3076836929941047e-06
126 2.774878980092769e-06
127 2.6928516023754614e-06
128 2.234167763356989e-06
129 1.6292357910571145e-06
130 2.2785459719606665e-06
131 1.5175445872410382e-06
132 2.3203880098031777e-06
133 2.300190630383339e-06
134 2.1486730795322596e-06
135 2.831178361597611e-06
136 2.5222090493678976e-06
137 2.3341298791144755e-06
138 2.0947729893783425e-06
139 2.3255094489375774e-06
140 1.093947381910818e-06
141 1.6869408682950922e-06
142 1.8056132119726497e-06
143 2.1359557866967844e-06
144 2.707952768017902e-06
145 1.8932013575522262e-06
146 2.2285875817469025e-06
147 1.7162193315113467e-06
148 1.2979772817592288e-06
149 2.547340683610197e-06
150 2.143039185055637e-06
151 2.2549580752326893e-06
152 1.6059239702263254e-06
153 1.9387091278993914e-06
154 2.2569882008450743e-06
155 1.8136863188734293e-06
156 2.552990235447481e-06
157 2.8512116888755406e-06
158 2.2879994748007777e-06
159 2.2561028501745564e-06
160 1.6485154158688808e-06
161 1.5554804178304095e-06
162 1.6927546224989226e-06
163 2.918088385795631e-06
164 2.3431871365193356e-06
165 1.5424823240589214e-06
166 2.3891188286232166e-06
167 2.3367058462038663e-06
168 2.6257916392055027e-06
169 1.9094172341442886e-06
170 2.0083135738548205e-06
171 1.1910651890104862e-06
172 2.459121286910428e-06
173 1.284700818006303e-06
174 2.535118844643262e-06
175 2.2098510560222695e-06
176 1.933763682683724e-06
177 2.585159515911128e-06
178 1.6520097662771895e-06
179 2.1625143304294835e-06
180 2.1880711151397983e-06
181 3.060018808688925e-06
182 1.3290683319324385e-06
183 2.081344487933731e-06
184 2.3130101126799023e-06
185 2.061361530203433e-06
186 3.0260989342831172e-06
187 1.5642544721229742e-06
188 2.4300963936962024e-06
189 1.3675212596395628e-06
190 2.6010487826576443e-06
191 2.3312178002645453e-06
192 2.51768635636435e-06
193 1.8252691496342904e-06
194 2.4370888982001214e-06
195 1.9188284155271044e-06
196 1.1570859446606187e-06
197 2.624660183400927e-06
198 1.810371223644871e-06
199 1.8875255147296898e-06
200 1.827714404982582e-06
201 2.216904912161971e-06
202 3.2321704460454013e-06
203 2.2574274747500613e-06
204 2.273616332665586e-06
205 2.8423932131904214e-06
206 1.9667981401140204e-06
207 2.6133140964211024e-06
208 1.702017965869799e-06
209 2.041305293593227e-06
210 2.081037604958737e-06
211 1.8347847756423514e-06
212 1.8066933543447261e-06
213 2.4531444271689024e-06
214 1.6894014316477448e-06
215 2.2264457435228984e-06
216 1.5689913997773528e-06
217 2.5896022816595827e-06
218 2.18094170955491e-06
219 2.0781841715036108e-06
220 2.892269224459915e-06
221 2.699794899800493e-06
222 1.8022651962508404e-06
223 1.8782988838228721e-06
224 2.4757145943782846e-06
225 2.660394046805383e-06
226 2.140554584964782e-06
227 2.527884303685414e-06
228 1.5624059759811727e-06
229 2.677511709392997e-06
230 2.8682238485297387e-06
231 2.1410768448164246e-06
232 2.5480767317513667e-06
233 2.143496522244195e-06
234 2.2232564842538016e-06
235 1.9373011951073274e-06
236 2.692484881835734e-06
237 1.9001081840514391e-06
238 2.5904649797035148e-06
239 2.27868742944597e-06
240 2.2295866804806367e-06
241 1.0935766503140902e-06
242 2.115638430765904e-06
243 2.1181017760564964e-06
244 3.0932911542659107e-06
245 1.4172258834938928e-06
246 1.7854350979924196e-06
247 2.74559945572472e-06
248 2.3000194384379525e-06
249 1.329637956243114e-06
250 1.3981314314603368e-06
251 2.1360643164379634e-06
252 2.0905840176578374e-06
253 1.8940991031387523e-06
254 2.8594953343524514e-06
255 2.3614628662360214e-06
256 2.502678267572207e-06
257 1.997765281224249e-06
258 1.7862181941932695e-06
259 1.563154883687499e-06
260 2.3045117706249437e-06
261 2.5575084404040857e-06
262 2.032668534419484e-06
263 2.0760484357905186e-06
264 2.3559303678587054e-06
265 2.0714715406347e-06
266 2.333434774935542e-06
267 2.643921264688035e-06
268 1.95366898556298e-06
269 1.8116632602331419e-06
270 1.5345009797171448e-06
271 2.2851611773899242e-06
272 3.1243649126544506e-06
273 1.8397750152609031e-06
274 2.1666817346904783e-06
275 2.4077446870523736e-06
276 2.1282288270712353e-06
277 1.2588668326972315e-06
278 1.3333566925378763e-06
279 2.5813559450045517e-06
280 1.436364054571094e-06
281 3.3491376980239338e-06
282 2.670454233416973e-06
283 1.852925434179163e-06
284 2.0043602255547035e-06
285 2.405825191159475e-06
286 2.7360964209518436e-06
287 1.945618892754368e-06
288 2.0969735372639884e-06
289 2.652014955735535e-06
290 2.7847167793355442e-06
291 2.4703371284453952e-06
292 2.593937025023311e-06
293 2.171746763168231e-06
294 1.891638590826758e-06
295 2.0958012361217234e-06
296 1.7761064848239198e-06
297 1.95138995833217e-06
298 1.7845305524801854e-06
299 1.7914246303039888e-06
300 1.6263546635473783e-06
301 1.8746561959940498e-06
302 2.1544603512849996e-06
303 1.8446992878102532e-06
304 2.3862436797358974e-06
305 2.2268627863664537e-06
306 1.436358086650384e-06
307 2.4377742304530543e-06
308 2.604709635862276e-06
309 1.3872795723941654e-06
310 1.6268217137682211e-06
311 1.5819589335506998e-06
312 2.6726488477332077e-06
313 2.49014298223524e-06
314 2.1186973601896705e-06
315 2.297989420357437e-06
316 2.8155200122648847e-06
317 2.5476175325008997e-06
318 1.863303977787201e-06
319 1.7040363331668118e-06
320 2.106698133465018e-06
321 1.6015034194649741e-06
322 1.6940202894159629e-06
323 2.168285014884255e-06
324 2.3468645356070568e-06
325 2.160682791080392e-06
326 1.9817305294149806e-06
327 2.1051385525527877e-06
328 1.7137792003986981e-06
329 2.103987689256826e-06
330 1.6299679699028116e-06
331 2.239079287056539e-06
332 1.8942868908837363e-06
333 2.2924196156191522e-06
334 7.212993450311199e-07
335 2.392522000712464e-06
336 1.670335584487519e-06
337 1.7202493415101364e-06
338 3.1564215744945454e-06
339 1.7362537155652737e-06
340 2.3330665773829113e-06
341 1.8168107328759459e-06
342 1.9125417009554345e-06
343 2.7725737264525016e-06
344 1.8168930709945679e-06
345 2.2636604037300412e-06
346 1.574515426350038e-06
347 1.3975932552830477e-06
348 1.4599100498147209e-06
349 2.7219225932658415e-06
350 2.190061266192055e-06
351 2.5068696245728878e-06
352 2.5380586055201074e-06
353 2.456759626568901e-06
354 8.21921041481315e-07
355 2.2605459836560925e-06
356 1.964265594704631e-06
357 1.8550942174971377e-06
358 1.755079077328887e-06
359 2.4064188589833997e-06
360 2.119512392084153e-06
361 2.1776386387898183e-06
362 2.3389936075563848e-06
363 2.5189743820548293e-06
364 1.658233986217414e-06
365 1.3452276655543965e-06
366 1.9037976765424424e-06
367 2.4668520729886444e-06
368 2.3471404872000306e-06
369 1.662143859187498e-06
370 1.783516715652228e-06
371 1.943269905909846e-06
372 2.081142503158966e-06
373 2.1959254805292903e-06
374 1.709181440742068e-06
375 1.624669890831923e-06
376 2.1409159343920277e-06
377 2.6540804734079615e-06
378 1.485227670467388e-06
379 2.4822834570605844e-06
380 2.6356026691345182e-06
381 1.9671902712501517e-06
382 1.800916155070168e-06
383 2.45592110730629e-06
384 1.931782921199909e-06
385 1.8443931685360156e-06
386 2.8285603576135364e-06
387 2.2154745353348866e-06
388 1.5567192165192893e-06
389 2.4186589465689713e-06
390 1.8296580980497516e-06
391 3.0643281145250704e-06
392 2.1924917400285093e-06
393 1.999775862017647e-06
394 2.6498353296978274e-06
395 2.5950397359240706e-06
396 1.4140378582783732e-06
397 8.96308751625805e-07
398 3.0831308771526627e-06
399 2.0250495164161415e-06
400 2.443715378122048e-06
401 2.3526329280791723e-06
402 2.3808700985222306e-06
403 2.7195101873302228e-06
404 2.950287425924995e-06
405 2.494153559044796e-06
406 2.3063436774452236e-06
407 2.4452647355082733e-06
408 2.2500250169939052e-06
409 1.9643930775931543e-06
410 2.7912905599166527e-06
411 2.323092943915997e-06
412 1.8156088768156049e-06
413 2.5152026596170013e-06
414 1.876819141452134e-06
415 2.1239865906383073e-06
416 2.4844195990531305e-06
417 2.9965324543460983e-06
418 2.3259224755755326e-06
419 2.441319545836762e-06
420 2.1461057573354137e-06
421 1.5685682060467342e-06
422 2.148012442782722e-06
423 2.3132548556819583e-06
424 2.1885832471607097e-06
425 2.72817909257225e-06
426 2.6936791680907036e-06
427 3.0665271222948125e-06
428 1.8112650731552522e-06
429 1.9676896471270317e-06
430 1.8130152665242388e-06
431 1.2196374871064573e-06
432 1.5725834262838837e-06
433 2.001434333803036e-06
434 2.440505298508047e-06
435 2.817690365949877e-06
436 2.1852074623561714e-06
437 1.7111868717142512e-06
438 2.7430261249677205e-06
439 2.2253839310970998e-06
440 3.0026167622137148e-06
441 2.6486622271757623e-06
442 2.518996674094278e-06
443 2.286429487033968e-06
444 1.1772202701781e-06
445 2.46559974058396e-06
446 2.4115409249855486e-06
447 2.450487125193436e-06
448 2.3980053070715294e-06
449 1.8816507950994303e-06
450 2.10404184167993e-06
451 2.5132666862004595e-06
452 2.7248008667827263e-06
453 2.0348915128281597e-06
454 1.3335209525256644e-06
455 1.9751263698531517e-06
456 1.4310767578576505e-06
457 1.7544919701344718e-06
458 3.1003479741896447e-06
459 2.470473305723092e-06
460 2.441682399335214e-06
461 2.3899645169979594e-06
462 1.9020039747058878e-06
463 1.9555198755745703e-06
464 1.5554840253248045e-06
465 1.4146655018098106e-06
466 1.7158496092733926e-06
467 2.1910258794867587e-06
468 1.8448768601622903e-06
469 2.6136056002260314e-06
470 1.456952337327862e-06
471 1.3017298936524636e-06
472 2.6599936434165546e-06
473 2.8288534644452262e-06
474 2.7934694741317272e-06
475 1.891273955317607e-06
476 1.7732097842130016e-06
477 2.6295282607028218e-06
478 1.8115320860019366e-06
479 2.508547692218692e-06
480 2.171067716835524e-06
481 2.546357564984892e-06
482 1.6013920314203598e-06
483 7.813405669300112e-07
484 1.9728990045565565e-06
485 1.675198348331194e-06
486 2.9753859280582777e-06
487 2.443070965779785e-06
488 1.8855788550833932e-06
489 2.2890256176688546e-06
490 1.5721650976584231e-06
491 1.853642664441016e-06
492 2.5439622598601502e-06
493 1.7339791245029117e-06
494 2.3402832126039916e-06
495 2.708633871796137e-06
496 2.9138490925661646e-06
497 2.874115753058054e-06
498 1.628947631091876e-06
499 2.0798438663618724e-06
500 2.2266642744047483e-06
501 2.843119363857919e-06
502 2.618323606227383e-06
503 2.3801699285821614e-06
504 1.8097776981440515e-06
505 2.6107139263397074e-06
506 2.5050864085707433e-06
507 2.22408513316794e-06
508 2.4523325822505257e-06
509 1.8866731800192e-06
510 2.6284463781549016e-06
511 1.896308339403187e-06
512 2.134132192845773e-06
513 1.8222616568920518e-06
514 2.538937639000279e-06
515 2.3294797535599074e-06
516 2.189893430579541e-06
517 1.9684925272775625e-06
518 2.7816395186525205e-06
519 2.0474512987993124e-06
520 2.210458993553354e-06
521 2.6602998770244276e-06
522 2.6075426608550753e-06
523 1.7752316238033307e-06
524 2.4983938331281765e-06
525 1.8470156810290912e-06
526 1.5581088885706641e-06
527 2.1244309637446717e-06
528 1.919637545006094e-06
529 2.8672115989267195e-06
530 2.1404363585313885e-06
531 2.8231556062186616e-06
532 1.5977282423998554e-06
533 2.2590088791287473e-06
534 3.2046094856568713e-06
535 1.9505994103635434e-06
536 2.4941500223013006e-06
537 1.546181363556885e-06
538 1.9623238833621305e-06
539 2.0922266285100312e-06
540 2.0022756321878317e-06
541 2.351802013021476e-06
542 1.4392039782777162e-06
543 1.5438988948227228e-06
544 7.601465536457651e-07
545 2.9170530529635092e-06
546 2.816198094889897e-06
547 1.6186130367423417e-06
548 2.9785362487407864e-06
549 2.6881122817885696e-06
550 1.5869919807199265e-06
551 2.379844975856526e-06
552 1.3696440361501233e-06
553 3.0323096172453323e-06
554 3.3550629903165537e-06
555 1.7891331271739498e-06
556 2.4714866023014644e-06
557 1.5096328609084074e-06
558 2.180605340176622e-06
559 2.303762200059937e-06
560 2.0289031900706753e-06
561 2.3653336085554177e-06
562 1.8170578056277042e-06
563 1.6730120502427903e-06
564 2.1314811067361742e-06
565 2.7364491986074795e-06
566 1.3505807049142365e-06
567 1.4037347556336412e-06
568 2.227203907999401e-06
569 2.308669113724467e-06
570 1.888929963788895e-06
571 1.9952370450047014e-06
572 1.8737138734206524e-06
573 2.489367498659254e-06
574 2.6105276069699046e-06
575 1.7509643090140456e-06
576 1.6776881414250753e-06
577 2.5479585593749096e-06
578 2.1813394130428043e-06
579 2.0102826049912272e-06
580 1.6919271440547313e-06
581 2.366507073180279e-06
582 2.225575204638611e-06
583 2.1515758261999392e-06
584 1.9203936996567787e-06
585 2.557676589961138e-06
586 2.4979269595233274e-06
587 3.20674692084107e-06
588 1.439388144360029e-06
589 2.3734463319760658e-06
590 2.4357310500628986e-06
591 3.2133036880989767e-06
592 2.2181734304982847e-06
593 2.265353537632676e-06
594 1.7540463240375256e-06
595 2.6442579519997643e-06
596 2.5035378221160457e-06
597 2.783440770261575e-06
598 1.9717788155814066e-06
599 2.0055420951767178e-06
600 1.7605469255796689e-06
601 3.0563574560420983e-06
602 2.6751891489919936e-06
603 1.8287638768606494e-06
604 2.2277844117207555e-06
605 1.995719103093672e-06
606 2.1111389438264246e-06
607 1.987652266253121e-06
608 2.1712450904085307e-06
609 2.9239504605631987e-06
610 1.7364333410002422e-06
611 2.7671297929877495e-06
612 1.4613945428336712e-06
613 2.3381859524102915e-06
614 2.2754189497886045e-06
615 1.930029900108616e-06
616 1.7576663275809253e-06
617 2.348228019774573e-06
618 1.8537248438536995e-06
619 2.375153566759071e-06
620 2.2126831406895495e-06
621 2.156635765906612e-06
622 1.7077031378834052e-06
623 3.086501316507921e-06
624 1.2139692172037e-06
625 1.9835721473339104e-06
626 3.0156199207441348e-06
627 1.6290112072941458e-06
628 1.0047256991492305e-06
629 2.1785205192790342e-06
630 1.825015337825393e-06
631 1.8157127692002897e-06
632 2.236744844532073e-06
633 2.3033668219297657e-06
634 2.5187392369427597e-06
635 1.6927119534445402e-06
636 2.1199752217307377e-06
637 1.799706678791444e-06
638 2.689364514623527e-06
639 3.335287247062083e-06
640 2.076526375942911e-06
641 2.3737063460262544e-06
642 1.7086971875531353e-06
643 2.5668506269754675e-06
644 2.1773037753550395e-06
645 2.8595914453801894e-06
646 1.711914405043212e-06
647 2.5816468789506746e-06
648 1.0937295393883893e-06
649 2.6879195864178535e-06
650 1.6414981101140574e-06
651 2.8893931437873705e-06
652 2.603577223299785e-06
653 1.93777070569658e-06
654 2.7347747333631457e-06
655 2.17079254002693e-06
656 2.435875825127419e-06
657 2.9546260132314787e-06
658 2.492719400093706e-06
659 2.3771367556146076e-06
660 2.7641758308362997e-06
661 1.7509303382698348e-06
662 1.694295371186262e-06
663 2.599159243159892e-06
664 1.0712186887576712e-06
665 1.52373136050444e-06
666 2.7479483491761053e-06
667 2.502609256581344e-06
668 2.2121069015464653e-06
669 1.9859071380181305e-06
670 2.7865124816187506e-06
671 1.6095104512969093e-06
672 2.390159402810454e-06
673 2.003266701491402e-06
674 2.8247785028737185e-06
675 2.5667073024268855e-06
676 1.8182421160798143e-06
677 2.268164497514762e-06
678 2.5962309220964503e-06
679 2.088078523281299e-06
680 2.3445738373420177e-06
681 2.18717807877896e-06
682 2.0002648756038992e-06
683 2.0336764920558648e-06
684 2.150492417077653e-06
685 1.8129372252860613e-06
686 2.4092503181578483e-06
687 2.1299153492821795e-06
688 2.2970504459856284e-06
689 1.999712093267254e-06
690 2.48974300060533e-06
691 3.1161662126489905e-06
692 2.1618798831127384e-06
693 2.1111517754953227e-06
694 2.7352475258528927e-06
695 2.166770460294684e-06
696 2.2611845489480665e-06
697 2.531596748887038e-06
698 2.3955693143316594e-06
699 1.8311695112064384e-06
700 1.8452378057082948e-06
701 1.9213500840457683e-06
702 2.2559869771986925e-06
703 2.564957902782911e-06
704 2.8272371220486697e-06
705 2.54060922190808e-06
706 2.476690116920815e-06
707 2.31860522705443e-06
708 2.5803484585747516e-06
709 2.2597014653873247e-06
710 1.950695581584229e-06
711 1.6964624662196956e-06
712 2.4948479353008353e-06
713 2.0288529260807234e-06
714 1.6367535444306125e-06
715 1.8850761332567142e-06
716 1.6976666128934555e-06
717 1.8946859066199976e-06
718 2.7794716997198867e-06
719 2.3781713866355976e-06
720 3.2439685224088714e-06
721 2.005130055573603e-06
722 2.606598572472759e-06
723 2.015534809340503e-06
724 1.3905642424739297e-06
725 2.0127998509807554e-06
726 1.615523108452936e-06
727 2.342716547485024e-06
728 2.1297456593429576e-06
729 3.3504838597405536e-06
730 2.470764866517961e-06
731 2.4658003028661033e-06
732 2.745238247681099e-06
733 2.1750888018790534e-06
734 2.3471815624972113e-06
735 2.6282799919249268e-06
736 2.1910821693753466e-06
737 2.2428493760958773e-06
738 1.8328836068004367e-06
739 2.2043557829978373e-06
740 2.2516407447862564e-06
741 1.7989349911571153e-06
742 2.4284014518177474e-06
743 2.4111543075743017e-06
744 2.4338716395732484e-06
745 2.774622276948558e-06
746 2.105003035699546e-06
747 1.8479506805902896e-06
748 1.762427589839473e-06
749 2.272882320130335e-06
750 2.7775812880899297e-06
751 3.066008182037399e-06
752 1.7122972810045103e-06
753 2.384277355380769e-06
754 1.7967921372980102e-06
755 1.6047687748534955e-06
756 3.1179175910300076e-06
757 1.5169265229440846e-06
758 2.9996096411847537e-06
759 1.966889341042103e-06
760 2.3606853739073246e-06
761 2.7688676974120094e-06
762 1.7319329034349213e-06
763 1.99571042591829e-06
764 2.650053390292393e-06
765 1.9099685805007776e-06
766 2.3477673269657692e-06
767 2.0791898813138634e-06
768 2.013687185327848e-06
769 1.8379436395934648e-06
770 2.4584437666284237e-06
771 2.0412563103483605e-06
772 1.144535715057889e-06
773 1.548687243090804e-06
774 2.0234525862882046e-06
775 2.1855274761558263e-06
776 2.514655302119949e-06
777 1.9490305846964808e-06
778 2.6661400739187743e-06
779 1.559203827904289e-06
780 2.6070344149757005e-06
781 1.7952801116453177e-06
782 1.656351543315324e-06
783 2.3722395148540603e-06
784 1.6775314552902592e-06
785 2.36051788844408e-06
786 1.8037372125948078e-06
787 2.392691134326369e-06
788 2.7108042041252926e-06
789 1.7819529134049353e-06
790 2.622876138987794e-06
791 1.7154496465535468e-06
792 3.1444272782612105e-06
793 2.3885288300273167e-06
794 2.8895405292747334e-06
795 2.026884767529822e-06
796 2.0349651610426724e-06
797 1.77421236539837e-06
798 1.6914382223193403e-06
799 1.5594991483334658e-06
800 2.7975237375518347e-06
801 2.081304595248236e-06
802 2.1126031324688343e-06
803 1.3529302986270354e-06
804 2.068942931531782e-06
805 1.8415682191091513e-06
806 2.4067312971382736e-06
807 2.5747974383206076e-06
808 9.671782247226648e-07
809 2.1753737078956043e-06
810 1.973485056961167e-06
811 2.4427842644374517e-06
812 1.7848922558902238e-06
813 1.8312236893710426e-06
814 2.0664938467753544e-06
815 1.6804063601745595e-06
816 2.4795235790701964e-06
817 1.8478216444279376e-06
818 1.6075934601114732e-06
819 2.3471515992347264e-06
820 1.3561159728399775e-06
821 2.947616664888346e-06
822 1.3833946726751457e-06
823 1.77908920494529e-06
824 2.1686438002952375e-06
825 1.854504084422075e-06
826 3.002385371010291e-06
827 2.6633414534301618e-06
828 2.3328685537620153e-06
829 2.6330673450361203e-06
830 2.5073791987011943e-06
831 1.9981721061789578e-06
832 2.6872757583597582e-06
833 2.1741183906528452e-06
834 2.3126412268309634e-06
835 2.335775939621285e-06
836 2.316518037353477e-06
837 2.1846300759476716e-06
838 1.7686969025826213e-06
839 1.597103369818479e-06
840 7.38409764969065e-07
841 2.5055524702722457e-06
842 2.1682385663868406e-06
843 2.5585184093864862e-06
844 2.3041851797202906e-06
845 1.7119139117837556e-06
846 2.476577054272422e-06
847 2.8247262026921117e-06
848 2.494649171888521e-06
849 2.544766561125377e-06
850 2.1133331478594964e-06
851 2.100196092597032e-06
852 2.0295447251894365e-06
853 2.04668320992187e-06
854 2.638591013830003e-06
855 2.1873660519320727e-06
856 2.1814468380521894e-06
857 2.8109265551268084e-06
858 1.8181918233087561e-06
859 1.9744270545306083e-06
860 2.337925910683174e-06
861 1.997936118325971e-06
862 1.928645486049654e-06
863 2.4032176543071337e-06
864 2.450551253293118e-06
865 2.2744850491087364e-06
866 1.891318254572327e-06
867 1.4577077754449375e-06
868 2.3204500006541826e-06
869 1.3369431382565841e-06
870 2.533109152683148e-06
871 2.8806588544648604e-06
872 2.8425732219793012e-06
873 2.105508803687058e-06
874 1.9732821469596337e-06
875 1.8141015462864509e-06
876 2.7726348342139003e-06
877 2.4762015277840593e-06
878 2.060796208424498e-06
879 1.1836595380001302e-06
880 1.8630460270429494e-06
881 2.2812124874290666e-06
882 2.420685134010958e-06
883 1.8461411039047656e-06
884 1.5530134075558684e-06
885 1.2721851192573663e-06
886 1.6130931399373752e-06
887 2.2825548280369044e-06
888 1.61869325422821e-06
889 2.092609929661273e-06
890 1.7214006056231864e-06
891 2.0423552354684237e-06
892 1.7187457611159212e-06
893 1.7247134170985087e-06
894 2.0892792827161397e-06
895 2.0495442156171474e-06
896 2.9709401194504222e-06
897 1.879799146679575e-06
898 2.4062632149897926e-06
899 1.9879125494618e-06
900 1.9734723918650482e-06
901 2.1736215549248358e-06
902 2.0049829441749604e-06
903 2.54695043656123e-06
904 3.0545904392913e-06
905 2.161357586781799e-06
906 1.8713451926570441e-06
907 1.1061171065031368e-06
908 2.980494501400784e-06
909 2.901764595846541e-06
910 2.2308670555983688e-06
911 1.7698387416076784e-06
912 2.954171651580508e-06
913 1.6994907218647509e-06
914 2.5593674515898075e-06
915 2.3389171773875135e-06
916 2.5093193914374434e-06
917 1.97870064259757e-06
918 2.500381275241019e-06
919 2.687153148679189e-06
920 2.6085752393648514e-06
921 2.362296121679176e-06
922 1.939775257061508e-06
923 2.2633620249833973e-06
924 2.1284756109216492e-06
925 2.6662293716776716e-06
926 2.1943015358632757e-06
927 1.929304335935513e-06
928 2.7669815765654716e-06
929 2.816506651207939e-06
930 1.5149538347772253e-06
931 2.6232383894042134e-06
932 1.8778673169734387e-06
933 2.040565984010286e-06
934 2.1318583979603956e-06
935 1.939370332059766e-06
936 1.871242529387822e-06
937 2.379070382551627e-06
938 2.153575088897959e-06
939 1.9279125883238403e-06
940 2.7232646330347713e-06
941 2.0952483574193074e-06
942 2.3886360726067783e-06
943 1.743848566116036e-06
944 2.6036459364324536e-06
945 1.979113777191127e-06
946 2.3321510042424624e-06
947 2.5399085784840535e-06
948 2.290824159407592e-06
949 8.903742119389106e-07
950 1.9834931436941604e-06
951 2.7453489873829365e-06
952 1.7153032481541215e-06
953 1.405496341545418e-06
954 1.902696699592599e-06
955 2.16694622457843e-06
956 2.0198735488249734e-06
957 2.2346569692591197e-06
958 2.2218605663544267e-06
959 2.140755157614052e-06
960 2.5803928347349776e-06
961 2.2997048504595228e-06
962 2.2192815833583376e-06
963 2.488603487563475e-06
964 1.949173426778532e-06
965 1.912081494222237e-06
966 2.3795149570168303e-06
967 2.269060235707126e-06
968 2.5095970258903678e-06
969 2.1898900015954e-06
970 1.851594571112503e-06
971 2.434418793091342e-06
972 1.7477983050457422e-06
973 2.224443088902193e-06
974 3.1923372363707593e-06
975 2.2238268529505003e-06
976 1.2426827109063936e-06
977 1.923179945859233e-06
978 1.8001636626036542e-06
979 2.088276667881734e-06
980 1.5769052507778349e-06
981 2.4938378351587648e-06
982 1.8970038109402168e-06
983 2.583359366333934e-06
984 1.4600211505472488e-06
985 2.428086634478889e-06
986 1.5052803480861126e-06
987 1.5305291679557507e-06
988 2.8282962287282666e-06
989 2.8975374432870122e-06
990 1.864034678583755e-06
991 2.4643773065118816e-06
992 1.4924182297660331e-06
993 1.6245941435113986e-06
994 2.239452962470388e-06
995 2.1990954469559657e-06
996 2.6899555859664983e-06
997 2.5689387608815064e-06
998 2.1237448656645013e-06
999 2.6135593665281518e-06
