0 3.53771193280546e-06
1 3.7968669039556496e-06
2 3.709312844897477e-06
3 3.535540541042579e-06
4 3.392706528620461e-06
5 3.849984530077689e-06
6 3.822472715870273e-06
7 3.869540818370541e-06
8 3.7746303285117173e-06
9 3.647159878853906e-06
10 3.950176582465782e-06
11 3.6604944973937972e-06
12 3.7508508880291406e-06
13 3.5385585842532717e-06
14 3.8597067357876695e-06
15 3.7221445510418547e-06
16 3.63867499565127e-06
17 4.0283518086943145e-06
18 3.6619585298170536e-06
19 4.062982734151515e-06
20 3.7167030766250236e-06
21 3.7833070667777336e-06
22 3.7503286802532537e-06
23 3.911131621076232e-06
24 3.4447422837468937e-06
25 3.3535987618696797e-06
26 3.867303555062854e-06
27 4.104111659461562e-06
28 3.5220712142971604e-06
29 3.7173646987168286e-06
30 3.9156340696610635e-06
31 3.6903278699396935e-06
32 3.613763833616681e-06
33 3.600886277882286e-06
34 4.01188148397371e-06
35 3.6711638417421196e-06
36 3.540548252295881e-06
37 3.8267471525625824e-06
38 3.4090031667765362e-06
39 3.5933498420381658e-06
40 3.836349212482014e-06
41 3.4616223005906543e-06
42 3.845232904348963e-06
43 3.5866135171754064e-06
44 3.923598351578254e-06
45 3.703652091292528e-06
46 3.810418413126615e-06
47 3.651083542507629e-06
48 3.4105330027508514e-06
49 3.5853210430498263e-06
50 3.7921259655131145e-06
51 3.4972857492020765e-06
52 3.545821703117163e-06
53 3.558411462461552e-06
54 3.7028523838639396e-06
55 3.3758441564164967e-06
56 3.7961459707690408e-06
57 3.5539426404617626e-06
58 3.431462673985687e-06
59 3.6200883592695675e-06
60 3.7756076914879494e-06
61 3.792695370095981e-06
62 3.865011087297078e-06
63 3.623486836598597e-06
64 3.464032047954478e-06
65 4.001613064655306e-06
66 3.4635620467745828e-06
67 3.6997698618632434e-06
68 3.450865539678652e-06
69 3.835581140024816e-06
70 3.7449129299960037e-06
71 3.7253244573165818e-06
72 3.778023029469e-06
73 3.885990256060376e-06
74 3.7493451201388258e-06
75 3.7890850772014908e-06
76 3.7331147127966725e-06
77 3.7263896554428647e-06
78 3.7671415363778116e-06
79 3.5212752249638553e-06
80 3.7729987073050405e-06
81 3.5647671517205414e-06
82 3.7020126325304395e-06
83 3.6111381720969527e-06
84 3.3873528025832813e-06
85 3.8570396610846e-06
86 3.552253508617671e-06
87 3.388227860949385e-06
88 3.5492076389142745e-06
89 4.231297153465615e-06
90 3.7094689689839485e-06
91 3.77144438650358e-06
92 3.5589843401974426e-06
93 3.5622506691229124e-06
94 3.5229617257307852e-06
95 3.487116487975212e-06
96 3.7062865743796243e-06
97 3.891814858425345e-06
98 3.875335861442142e-06
99 3.881346203230093e-06
100 3.5482918363354683e-06
101 3.7461555967787376e-06
102 3.5805531491711513e-06
103 3.588176266613436e-06
104 3.853709842803298e-06
105 3.608860964658643e-06
106 3.5087346230913736e-06
107 3.4974409024179537e-06
108 3.7975695477566618e-06
109 3.5090779379845855e-06
110 3.886856044270368e-06
111 3.371990575680715e-06
112 3.785372700295445e-06
113 3.642517115167035e-06
114 3.5729103295295847e-06
115 3.7870986011381316e-06
116 3.5307257294076333e-06
117 3.3837772401903145e-06
118 3.940988844114926e-06
119 3.6549866763998077e-06
120 3.8291894344560655e-06
121 3.5327082664464675e-06
122 3.956623720095766e-06
123 3.889032463350283e-06
124 3.859288358154979e-06
125 4.000133368906478e-06
126 3.467307473560052e-06
127 3.4562736548373876e-06
128 3.786441757485078e-06
129 3.5540145587677577e-06
130 3.5300672839909975e-06
131 4.100500653647878e-06
132 3.5892502279179292e-06
133 3.5125400909263895e-06
134 3.755210456101822e-06
135 3.3680785420088065e-06
136 3.661610624107162e-06
137 3.698967048824997e-06
138 3.7047420487419703e-06
139 3.5571537708310065e-06
140 4.007502421520284e-06
141 3.899496656913294e-06
142 3.7416471474173762e-06
143 3.607040052413049e-06
144 3.441888129396344e-06
145 3.854761551210815e-06
146 3.497535801914477e-06
147 3.763413432371293e-06
148 4.183280323917911e-06
149 3.664082884627391e-06
150 3.6817890572632435e-06
151 3.633398735843067e-06
152 3.95726975121276e-06
153 3.856360899796525e-06
154 3.6844788816705083e-06
155 3.514411549982064e-06
156 3.5878237270357333e-06
157 3.4531708706482193e-06
158 3.6040652348350176e-06
159 3.778606008917873e-06
160 3.7565166633369145e-06
161 3.8582004279397125e-06
162 3.8611225724683935e-06
163 3.6402065819323007e-06
164 3.6726049461175687e-06
165 3.754286299589769e-06
166 3.6363722858514127e-06
167 3.680367468781517e-06
168 3.6102348952513263e-06
169 3.5298191923934983e-06
170 3.86256818102707e-06
171 4.033125127489463e-06
172 3.4659500620496842e-06
173 3.882281807771272e-06
174 3.481580795279387e-06
175 3.482729868454209e-06
176 3.950297983021942e-06
177 3.563197624899892e-06
178 3.734575425971504e-06
179 3.589798750490114e-06
180 3.6865687463603332e-06
181 3.3606268862876236e-06
182 3.946688600729369e-06
183 3.7437573964130405e-06
184 3.4279299630022207e-06
185 3.484326762677096e-06
186 3.5288883034662758e-06
187 3.87988496419001e-06
188 3.6576847787387688e-06
189 3.978515557490385e-06
190 3.6183596558123404e-06
191 3.6245087677049922e-06
192 3.5674068733146645e-06
193 3.7859647104461076e-06
194 3.6277522790645236e-06
195 4.028382464163667e-06
196 4.181656071422469e-06
197 3.6130378964283698e-06
198 3.7923995909056213e-06
199 3.988115998925208e-06
200 3.8945573402862215e-06
201 3.8131746071972592e-06
202 3.3654492316781485e-06
203 3.6037666212958483e-06
204 3.606206714178354e-06
205 3.5453203293069005e-06
206 3.633449119567122e-06
207 3.5501209659035375e-06
208 3.950687097161987e-06
209 3.7850700228719576e-06
210 3.865399472786658e-06
211 3.6197977270989406e-06
212 3.6848094611045753e-06
213 3.6422992144559326e-06
214 3.823276264526181e-06
215 3.996375341649887e-06
216 4.095365320824073e-06
217 3.5443966928757823e-06
218 3.5406530551473963e-06
219 3.556530841802371e-06
220 3.501722428952468e-06
221 3.25963325464533e-06
222 3.7516044980714043e-06
223 3.7228561969318763e-06
224 3.6351182394393834e-06
225 3.5513716964686466e-06
226 3.6046372877080336e-06
227 3.6266816421648627e-06
228 3.874567413061702e-06
229 3.5577537261026495e-06
230 3.3375222289140023e-06
231 3.825763131475366e-06
232 3.4913533665372584e-06
233 3.815958142415263e-06
234 3.658502922640305e-06
235 3.836742234609454e-06
236 3.4880189027338063e-06
237 3.783640927120073e-06
238 3.613453636817041e-06
239 3.723810794439569e-06
240 3.7028564080598954e-06
241 3.981041418343698e-06
242 3.889598079953845e-06
243 3.757508531185641e-06
244 3.5442142247429074e-06
245 4.0261434732852366e-06
246 3.708966029743739e-06
247 3.614927092222291e-06
248 3.779424566969244e-06
249 3.9041287809127596e-06
250 4.045209216130296e-06
251 3.709849182490361e-06
252 3.788393890945253e-06
253 3.961690123970808e-06
254 3.432221624750204e-06
255 3.770369926343759e-06
256 3.5382978924982473e-06
257 3.8080531532382287e-06
258 3.750597810685455e-06
259 3.8793662857895085e-06
260 3.58177557333547e-06
261 3.744124012824627e-06
262 3.6479864547715448e-06
263 3.5354707394928488e-06
264 3.571676727626766e-06
265 3.6835147628150163e-06
266 3.6308526805900293e-06
267 3.55845679439471e-06
268 3.7118400579281403e-06
269 3.6733400183886977e-06
270 3.898004419457544e-06
271 3.712940395140709e-06
272 3.358837259758736e-06
273 3.934389293842443e-06
274 3.738595375347612e-06
275 3.7377318073249025e-06
276 3.4940629754079575e-06
277 3.881915125969614e-06
278 4.018334026700588e-06
279 3.6001461611596476e-06
280 4.064555811839008e-06
281 3.4106046842558248e-06
282 3.6907310034888346e-06
283 3.951444190907728e-06
284 3.8488570942553695e-06
285 3.4708162888833813e-06
286 3.6054333247837033e-06
287 3.7450981890542203e-06
288 3.702657403555293e-06
289 3.6521169955464147e-06
290 3.487013886903009e-06
291 3.749181740061543e-06
292 3.5609361628354923e-06
293 3.739834624030033e-06
294 3.91462706103639e-06
295 3.792517379009833e-06
296 3.811274498915479e-06
297 3.610566135078039e-06
298 4.065523920309294e-06
299 3.857356987262186e-06
300 3.608319038541087e-06
301 3.5377442632418704e-06
302 3.6089221798515345e-06
303 3.6235201292743186e-06
304 3.5212360606892872e-06
305 3.8193967054520086e-06
306 3.9643151246848385e-06
307 3.6974959081306215e-06
308 3.6303253166729026e-06
309 4.074022307937278e-06
310 3.7682147398466407e-06
311 3.764635505862449e-06
312 3.6699198018883567e-06
313 3.6510265975333657e-06
314 3.890269951478915e-06
315 3.5152137425847076e-06
316 3.4075052108121513e-06
317 3.7030535270265653e-06
318 3.60559256419368e-06
319 3.8078178063789445e-06
320 3.6670661969804802e-06
321 3.7358926927484094e-06
322 3.7209425112163152e-06
323 3.793169865426799e-06
324 3.7325030972734844e-06
325 3.5980995324234545e-06
326 3.7556319807090623e-06
327 3.713392455630772e-06
328 3.809894867245707e-06
329 3.6871939145402844e-06
330 3.897608274590092e-06
331 3.836964376043916e-06
332 3.7231579077444184e-06
333 3.7001667141636086e-06
334 3.926765634732288e-06
335 3.618695472008789e-06
336 3.6788317352901874e-06
337 3.7403844375650053e-06
338 3.479997754661411e-06
339 3.7025790931906076e-06
340 3.4430236529668036e-06
341 3.836306860055395e-06
342 3.674896085921431e-06
343 3.587585193362313e-06
344 3.5897532427243833e-06
345 3.7681080291743077e-06
346 3.9604653313826575e-06
347 3.903593562537852e-06
348 3.825450960536912e-06
349 3.535772141991561e-06
350 3.3661820130163947e-06
351 3.537820521790925e-06
352 3.5592316157298885e-06
353 3.6104910186557786e-06
354 4.040890199379671e-06
355 3.6113074619863994e-06
356 3.879196859917331e-06
357 3.8114347484453736e-06
358 3.809986496059678e-06
359 3.2965188745587336e-06
360 3.6668548834433717e-06
361 3.7561265421414683e-06
362 3.519621404466395e-06
363 3.7114608502902236e-06
364 3.689249484311857e-06
365 3.797741325783295e-06
366 3.6085199171910157e-06
367 3.4370542260122056e-06
368 3.516111295869525e-06
369 3.874765543380265e-06
370 3.5620137087962653e-06
371 3.587933967185305e-06
372 3.815975117342153e-06
373 3.79181558498587e-06
374 3.6923648295658834e-06
375 3.891927293762931e-06
376 3.5871346372244956e-06
377 3.413169458886289e-06
378 3.901088118184066e-06
379 3.5938851653843724e-06
380 3.5342263159245596e-06
381 3.5709878148290494e-06
382 3.808654292605231e-06
383 3.7408248267293787e-06
384 4.0028771706557e-06
385 3.7260057555812037e-06
386 3.5131381984766167e-06
387 3.8969868876308664e-06
388 4.083755151586712e-06
389 3.433723424233477e-06
390 3.641238935893798e-06
391 3.1789177958671127e-06
392 3.661576753749194e-06
393 3.83639169285159e-06
394 3.5319579783885925e-06
395 3.7441976260499666e-06
396 3.968086439187718e-06
397 3.990031500387685e-06
398 3.665162396386168e-06
399 3.867295728503014e-06
400 3.7073817248288315e-06
401 3.6640163794355323e-06
402 3.569077657645004e-06
403 3.604426929567038e-06
404 3.3686539498681352e-06
405 3.502247587095482e-06
406 3.526245037897897e-06
407 3.5504544676627603e-06
408 3.605761918374738e-06
409 3.7046144347688134e-06
410 3.4613724671089756e-06
411 3.3478618562260408e-06
412 3.982206616055924e-06
413 3.6739252598937548e-06
414 3.94360218577693e-06
415 3.4767973427456183e-06
416 3.567677971950456e-06
417 3.1698595628754716e-06
418 3.745217702127571e-06
419 3.551153364776651e-06
420 3.617043907757151e-06
421 3.978783434083846e-06
422 3.6643104644526735e-06
423 3.592660862446221e-06
424 3.837231148999961e-06
425 3.471642813877004e-06
426 3.437871363357128e-06
427 3.3088771479296555e-06
428 3.6599965623808706e-06
429 3.5949227391166886e-06
430 3.856628275405142e-06
431 3.886060812297305e-06
432 3.865257989308188e-06
433 3.660791833876473e-06
434 3.5055736391722705e-06
435 3.448353767597954e-06
436 3.7071022125951266e-06
437 3.7229074840446204e-06
438 3.6500114264587123e-06
439 3.7140132151568948e-06
440 3.3312717822582325e-06
441 3.681995463366072e-06
442 3.768587996192602e-06
443 3.8328836423867255e-06
444 4.03544683112564e-06
445 3.783450345584684e-06
446 3.4460513875708027e-06
447 3.359602955477152e-06
448 3.6470268270702347e-06
449 3.627661611830859e-06
450 3.7349496269358425e-06
451 3.662753731846396e-06
452 3.5251436985230846e-06
453 3.5404118544793957e-06
454 4.070571444204803e-06
455 3.7195796795292897e-06
456 3.877607512349797e-06
457 3.7383799534667894e-06
458 3.285918304619521e-06
459 3.691481214253572e-06
460 3.3856026478552947e-06
461 3.610364550999774e-06
462 3.613944855546231e-06
463 3.759764317982848e-06
464 3.913931466518166e-06
465 3.7290458289981335e-06
466 3.6806852606682477e-06
467 3.6732677048711723e-06
468 3.774118670224656e-06
469 3.365737334352784e-06
470 3.7332494845462673e-06
471 4.08008884782507e-06
472 3.2747144638109297e-06
473 3.4720556930865315e-06
474 3.5782140652499573e-06
475 3.7422945966576707e-06
476 3.84767323344701e-06
477 3.4457959666586817e-06
478 4.0818427606690626e-06
479 3.5346599432934853e-06
480 3.8100045449333273e-06
481 3.565194945042442e-06
482 3.913596796778969e-06
483 4.071763402333793e-06
484 3.768162120714875e-06
485 3.7373257637482873e-06
486 3.2573491659619614e-06
487 3.5210876234309057e-06
488 3.771983882458332e-06
489 3.7559519159865273e-06
490 3.877620826270111e-06
491 3.59836322766906e-06
492 3.4182357180414444e-06
493 3.6680181505237373e-06
494 3.7550978722522593e-06
495 3.4616342450650327e-06
496 3.62045348135099e-06
497 3.378178012836761e-06
498 3.895478924868302e-06
499 3.524477055177111e-06
500 3.5566654536621834e-06
501 3.3301118095505338e-06
502 3.485320765004038e-06
503 3.660649266648877e-06
504 3.5987365625694033e-06
505 3.7381310299133968e-06
506 3.5596265366137612e-06
507 3.6320120474981137e-06
508 3.7285075255138623e-06
509 3.578130631231417e-06
510 3.6056169679118484e-06
511 3.726193276479827e-06
512 3.6173051418342537e-06
513 3.676516185680661e-06
514 3.4839394724760514e-06
515 3.373706131802327e-06
516 3.7815519920458218e-06
517 3.758066737891388e-06
518 3.420570377866415e-06
519 3.730503753437105e-06
520 3.6789063684564553e-06
521 3.25756944254123e-06
522 3.655302846877735e-06
523 3.920858805571732e-06
524 3.7516295117937963e-06
525 3.5834542503292997e-06
526 3.6104521811339994e-06
527 3.913666489184244e-06
528 3.7392437834162958e-06
529 3.3194481116218713e-06
530 3.5532501689509787e-06
531 3.546271849764395e-06
532 3.725471273917149e-06
533 3.7505947754673703e-06
534 3.3467179360872845e-06
535 3.725883359822312e-06
536 3.6872352420925788e-06
537 3.817660533477927e-06
538 3.756570920106683e-06
539 3.753638355200845e-06
540 3.898318424909489e-06
541 3.6094778089491672e-06
542 3.916685632450309e-06
543 3.7986466862784948e-06
544 4.226837513816322e-06
545 3.2592282396276896e-06
546 3.3643146716216596e-06
547 3.678653310247762e-06
548 3.417371159249473e-06
549 3.2996210819028785e-06
550 3.7107092658362718e-06
551 3.656223589360423e-06
552 3.872354717443732e-06
553 3.2512753536700505e-06
554 3.4178073231441664e-06
555 3.625551136801172e-06
556 3.560021463735191e-06
557 3.884254322351091e-06
558 3.724943851423898e-06
559 3.803261213267916e-06
560 3.660059374054609e-06
561 3.714327983723314e-06
562 3.7428517123962072e-06
563 3.544471486327458e-06
564 3.7014121728477016e-06
565 3.487034405785053e-06
566 4.070028705975868e-06
567 3.960515715276113e-06
568 3.583424069255691e-06
569 3.792654016618899e-06
570 3.6909748396468962e-06
571 3.5919770609142394e-06
572 3.889903161502006e-06
573 3.483965692533463e-06
574 3.614690086805761e-06
575 3.7408217005073102e-06
576 3.736316013068386e-06
577 3.6823138352534947e-06
578 3.813996161630789e-06
579 3.611542028641554e-06
580 3.795343047664301e-06
581 3.800416947642673e-06
582 3.590414387856643e-06
583 3.833723124925708e-06
584 3.778686904070785e-06
585 3.663827055414839e-06
586 3.589546563483992e-06
587 3.391835033522391e-06
588 3.9437580637935744e-06
589 3.4784471496061066e-06
590 3.653698385863394e-06
591 3.3319014209248464e-06
592 3.835486136065083e-06
593 3.654023491310237e-06
594 3.726567760609529e-06
595 3.511645497431231e-06
596 3.607609972256207e-06
597 3.3898476434173093e-06
598 3.7605306014922754e-06
599 3.825189362117926e-06
600 3.949428384766428e-06
601 3.3252076688102105e-06
602 3.6238483787017997e-06
603 3.6306202192114505e-06
604 3.589864774965106e-06
605 3.842177348266504e-06
606 3.5439001597066947e-06
607 3.6737833808001587e-06
608 3.817131709012789e-06
609 3.4091476757042036e-06
610 3.642240636406788e-06
611 3.490357924426225e-06
612 4.034814755764928e-06
613 3.6143120076116555e-06
614 3.672719568096568e-06
615 3.839484216814926e-06
616 3.7392511046604934e-06
617 3.6145059761935415e-06
618 3.952403172622554e-06
619 3.730427583907307e-06
620 3.539196358942361e-06
621 3.422027554571826e-06
622 4.004422062254015e-06
623 3.4304130531233157e-06
624 3.966470470656008e-06
625 3.818872240751169e-06
626 3.3634660610524446e-06
627 3.918250505859985e-06
628 3.995787352624703e-06
629 3.926050306364351e-06
630 3.928045338215046e-06
631 3.547074942816884e-06
632 3.43912286981808e-06
633 3.7132627879347914e-06
634 3.477393328859929e-06
635 3.871466214870011e-06
636 3.615689144168598e-06
637 3.796089911400652e-06
638 3.402302717075196e-06
639 3.3106638580024656e-06
640 3.6307157246535296e-06
641 3.7610027630218666e-06
642 3.940381265820931e-06
643 3.520133241594795e-06
644 3.781676917345978e-06
645 3.349096314272776e-06
646 3.7115080680599238e-06
647 3.516382354285831e-06
648 3.9885428010775575e-06
649 3.7506199118419923e-06
650 3.8982219714318415e-06
651 3.4014471141374186e-06
652 3.435923192643165e-06
653 3.868079611345651e-06
654 3.5381220134052673e-06
655 3.709272373938104e-06
656 3.3934868644489757e-06
657 3.5080238853435255e-06
658 3.492014889258541e-06
659 3.5465876676189824e-06
660 3.1247110717248564e-06
661 3.913386772285752e-06
662 3.957798449889875e-06
663 3.5536888083016115e-06
664 4.019180690443883e-06
665 3.6324747137721464e-06
666 3.3510808599102653e-06
667 3.6026300934830826e-06
668 3.683746161518265e-06
669 3.966520664211762e-06
670 3.530902018178635e-06
671 3.702037758599518e-06
672 3.467765663319412e-06
673 3.5475560572945937e-06
674 3.5814124133176722e-06
675 3.3839505917832282e-06
676 3.882301081914522e-06
677 3.5567376045518418e-06
678 3.635745654316995e-06
679 3.647610248225979e-06
680 3.7655061426994817e-06
681 3.5192994612211497e-06
682 3.6260472183891185e-06
683 3.870040671917186e-06
684 3.702201575503607e-06
685 3.819803623725494e-06
686 3.678254559507118e-06
687 3.708349404313823e-06
688 3.8373368273996085e-06
689 3.92207471941562e-06
690 3.5713526179316653e-06
691 3.2618412941965683e-06
692 3.5243728728506916e-06
693 3.5921034083787173e-06
694 3.610089636716293e-06
695 3.5726383582022015e-06
696 3.7397969907181226e-06
697 3.573886073089061e-06
698 3.6028177322674888e-06
699 3.702704420221214e-06
700 3.795434054089566e-06
701 3.7709625331467306e-06
702 3.51053363039052e-06
703 3.4219368679503593e-06
704 3.6150616351560707e-06
705 3.6022982248630716e-06
706 3.524423703160733e-06
707 3.7513631272989e-06
708 3.5320461968849547e-06
709 3.6296466015490805e-06
710 3.639756048048421e-06
711 3.697288395305319e-06
712 3.648906956810185e-06
713 3.6382036014035235e-06
714 3.714284255792555e-06
715 3.8104085832071354e-06
716 3.7043739304978637e-06
717 3.851340141461042e-06
718 3.4426451727062487e-06
719 3.5666144802362107e-06
720 3.547250100816207e-06
721 3.647290331027245e-06
722 3.368389928206326e-06
723 3.66787847092959e-06
724 3.867654880984138e-06
725 3.67817171368753e-06
726 3.726290424883098e-06
727 3.3481577070550863e-06
728 3.821612008861804e-06
729 3.286805084302922e-06
730 3.6086007421849607e-06
731 3.4371405531593952e-06
732 3.5013128076317297e-06
733 3.6926915255621197e-06
734 3.5657284910961964e-06
735 3.5420404315578453e-06
736 3.6712494542704243e-06
737 3.7305487890365537e-06
738 3.665948163278906e-06
739 3.5692099450327633e-06
740 3.632000969793342e-06
741 3.6995982785054284e-06
742 3.753383178089984e-06
743 3.908875267537924e-06
744 3.688765430881896e-06
745 3.3361518547066232e-06
746 3.816368219679885e-06
747 3.71547158516139e-06
748 3.82192197842963e-06
749 3.680534310696109e-06
750 3.5453524084785695e-06
751 3.6983771760544424e-06
752 3.8751965080013445e-06
753 3.843485507458923e-06
754 3.8181366740899724e-06
755 3.774231000565538e-06
756 3.3139194701565845e-06
757 3.664927211308383e-06
758 3.534131003191678e-06
759 3.666312512284679e-06
760 3.6490613347441465e-06
761 3.4399577650918125e-06
762 3.881388531577189e-06
763 3.859632890219501e-06
764 3.535932425816395e-06
765 3.904701129323198e-06
766 3.612494116925541e-06
767 3.836655573532099e-06
768 3.7811669436379305e-06
769 3.7609732087968516e-06
770 3.373256627964118e-06
771 3.5870407099501942e-06
772 3.889949093356416e-06
773 3.7625859087200084e-06
774 3.830511996884709e-06
775 3.660440577723765e-06
776 3.6429670681865498e-06
777 3.7815957700367693e-06
778 3.5381600039273682e-06
779 3.9700156111015195e-06
780 3.4331391570136074e-06
781 3.7393155288935926e-06
782 3.977033183549662e-06
783 3.4225633309772433e-06
784 3.865062783466672e-06
785 3.590697417235871e-06
786 3.77559316220085e-06
787 3.432414571614264e-06
788 3.3421918169792555e-06
789 3.562441517383425e-06
790 3.3880927174569425e-06
791 3.857351051155428e-06
792 3.6942729825240643e-06
793 3.6075391696209995e-06
794 3.620925772739568e-06
795 3.6337724631692342e-06
796 3.764868660838411e-06
797 3.6940407972159864e-06
798 3.854369366388912e-06
799 3.86088795848932e-06
800 3.5726750930408756e-06
801 3.799649581980635e-06
802 3.604675827377621e-06
803 3.853387165624233e-06
804 3.7798175048310454e-06
805 3.6526353053642094e-06
806 3.6762965414472193e-06
807 3.4487467257915503e-06
808 3.910470495474237e-06
809 3.5840887642441878e-06
810 3.6739452279649958e-06
811 3.635073353796674e-06
812 3.883773680016358e-06
813 3.669000583939507e-06
814 3.67668650520324e-06
815 3.867622317335493e-06
816 3.7278589066113483e-06
817 3.795548495296662e-06
818 3.861116309535046e-06
819 3.4566522141432747e-06
820 3.941013082799379e-06
821 3.5079907435716576e-06
822 3.923074097306198e-06
823 3.844026204850189e-06
824 3.726169453093639e-06
825 3.7241518204218796e-06
826 3.4777665290148443e-06
827 3.606327442614259e-06
828 3.810745249314476e-06
829 3.505326128777842e-06
830 3.701789143075893e-06
831 3.732999998166923e-06
832 3.6996197855858493e-06
833 3.6390065075082064e-06
834 3.606279371818162e-06
835 3.5277224524837276e-06
836 3.6076261495095143e-06
837 3.61311332747845e-06
838 3.8189963292545706e-06
839 3.6584150683736724e-06
840 4.000552001585619e-06
841 3.618911456681543e-06
842 3.620531291074789e-06
843 3.442596919873747e-06
844 3.5153038921345886e-06
845 3.847011272347389e-06
846 3.6419289027374365e-06
847 3.4968119677091678e-06
848 3.5525810794219725e-06
849 3.364158975319182e-06
850 3.7839473871956845e-06
851 3.598302821535375e-06
852 3.520787648231287e-06
853 3.5553643576330225e-06
854 3.4714470609969438e-06
855 3.5267224017618573e-06
856 3.761166807243933e-06
857 3.3721609883531213e-06
858 3.7161388070815694e-06
859 3.842843926154183e-06
860 3.7412558222848404e-06
861 3.799515225563893e-06
862 3.636090153696028e-06
863 3.5727651480913158e-06
864 3.7002158935379368e-06
865 3.6979008604589927e-06
866 3.612249151651138e-06
867 3.914081901351084e-06
868 3.685520983731912e-06
869 3.797412383287197e-06
870 3.445921144495632e-06
871 3.5707486836710585e-06
872 3.5016971507845574e-06
873 3.6753020009896596e-06
874 3.736524049270356e-06
875 3.6701160707963836e-06
876 3.498982190159071e-06
877 3.792438270022749e-06
878 3.778265897950792e-06
879 3.930101616598203e-06
880 3.7124664612422233e-06
881 3.621099538778817e-06
882 3.44578457376398e-06
883 3.8340144630646715e-06
884 3.864176873838427e-06
885 4.0576438714531376e-06
886 3.9002771499676045e-06
887 3.5029081294116374e-06
888 3.833026493423783e-06
889 3.7080303449956337e-06
890 3.706275020211893e-06
891 3.73638237858164e-06
892 3.845411787286303e-06
893 3.896230395981276e-06
894 3.552644784408866e-06
895 3.830847855095742e-06
896 3.4043447918834377e-06
897 3.8623633595061965e-06
898 3.6719728312089706e-06
899 3.644767475405679e-06
900 3.757918398421236e-06
901 3.5690961344238587e-06
902 4.052817840168632e-06
903 3.667405198631495e-06
904 3.219390230193323e-06
905 3.65855429715412e-06
906 4.061563398186158e-06
907 4.010148147071126e-06
908 3.5576345103779267e-06
909 3.3471641339482857e-06
910 3.918548972520463e-06
911 3.8639888718175915e-06
912 3.299467710862918e-06
913 3.6831614066483056e-06
914 3.3581498073962132e-06
915 3.718786871953033e-06
916 3.368651215547881e-06
917 3.79120090435147e-06
918 3.3325711241398447e-06
919 3.4232984600620784e-06
920 3.4467413501774337e-06
921 3.521003953702554e-06
922 3.5911305931893188e-06
923 3.696849422824369e-06
924 3.4843839583038948e-06
925 3.541109939813177e-06
926 3.5419836596769316e-06
927 3.711489151147903e-06
928 3.463820140011745e-06
929 3.3665888570865424e-06
930 3.856825078612432e-06
931 3.588058357717748e-06
932 3.8725062383694865e-06
933 3.761332575024764e-06
934 3.4129938636658315e-06
935 3.5678461129920953e-06
936 3.6914377217390823e-06
937 3.39210205452217e-06
938 3.826240949843389e-06
939 3.7494133913610203e-06
940 3.4435387076638897e-06
941 3.464967030260476e-06
942 3.6368849127080774e-06
943 3.7312324403408493e-06
944 3.52727482613831e-06
945 3.6119167974430994e-06
946 3.6329745571130676e-06
947 3.587291838816751e-06
948 3.754031023841473e-06
949 3.978711107431064e-06
950 3.701150287413232e-06
951 3.4635411968914716e-06
952 3.7291750053072537e-06
953 3.953639255248602e-06
954 3.7721058974717533e-06
955 3.4996250702589155e-06
956 3.733638603459771e-06
957 3.4863215280742553e-06
958 3.6492380791659713e-06
959 3.690109060419437e-06
960 3.566363007094982e-06
961 3.5968561878712435e-06
962 3.6658683398738436e-06
963 3.7342210080086674e-06
964 3.800184117681753e-06
965 3.8651561307014235e-06
966 3.536236758458027e-06
967 3.632003067020973e-06
968 3.5840775689190812e-06
969 3.612691404897199e-06
970 3.655388004980227e-06
971 3.6783652459407794e-06
972 3.648090816981567e-06
973 3.656439414685219e-06
974 3.216853303839549e-06
975 3.413914566823696e-06
976 4.132798720291949e-06
977 3.7421837502400246e-06
978 3.831607907976901e-06
979 3.5683398792151274e-06
980 3.9079988345429315e-06
981 3.463488524215669e-06
982 3.7896878945720986e-06
983 3.5112657631176742e-06
984 3.833620701816833e-06
985 3.6949462555406672e-06
986 3.993398516165962e-06
987 3.898266770682148e-06
988 3.390512961485184e-06
989 3.406434108411537e-06
990 3.899884412169492e-06
991 3.606655956214246e-06
992 3.985272645026997e-06
993 3.722409239061465e-06
994 3.784801943351486e-06
995 3.505615583697018e-06
996 3.4444459806986293e-06
997 3.4466815508028553e-06
998 3.790360148720646e-06
999 3.4947058762369163e-06
