0 1.7873539215566236e-08
1 1.6407219806514636e-08
2 1.3670472169747645e-08
3 1.7237498051372258e-08
4 1.461969740820572e-08
5 1.7987289552198153e-08
6 1.7558176797136067e-08
7 1.837070590707392e-08
8 1.544594974553023e-08
9 1.7437670621455548e-08
10 1.330264835931238e-08
11 2.1543445545972155e-08
12 1.6757823356169956e-08
13 2.1162424392294936e-08
14 1.4942776500386836e-08
15 1.5533960018158483e-08
16 1.209922001083002e-08
17 1.43644055238229e-08
18 1.524591720948764e-08
19 1.649759251760033e-08
20 1.739217511597499e-08
21 1.76426845970167e-08
22 1.9914197480981328e-08
23 1.6775705368180502e-08
24 2.2546885161931566e-08
25 1.4912853723586103e-08
26 1.5799636680979065e-08
27 1.8037890097382932e-08
28 1.6259504892377584e-08
29 1.7597521769541886e-08
30 1.1910754914769978e-08
31 1.326296979779411e-08
32 1.6441470313156146e-08
33 1.572841910991304e-08
34 1.5586284320289666e-08
35 1.2248610603027125e-08
36 1.6165999356051716e-08
37 1.6527418946295544e-08
38 1.7430628058491674e-08
39 1.5797251613342542e-08
40 1.5674477592587057e-08
41 1.7156326091754374e-08
42 1.7478455349635556e-08
43 2.0056040941955113e-08
44 1.6277595507888865e-08
45 1.643078735471958e-08
46 1.517337603762267e-08
47 1.2399910676045514e-08
48 1.980686008172753e-08
49 1.55187598550408e-08
50 1.0783269304327808e-08
51 1.1037851809018236e-08
52 1.6258556043068725e-08
53 1.4629364339401523e-08
54 1.917450345111605e-08
55 1.7604976218084058e-08
56 1.6223436400443196e-08
57 1.7059387027254144e-08
58 1.6265356079279774e-08
59 1.9161957259668534e-08
60 1.2461952468131799e-08
61 1.6137394659223992e-08
62 1.5061117295179838e-08
63 1.6488617561231008e-08
64 1.844180551475771e-08
65 1.843990027194718e-08
66 1.7978190468625473e-08
67 1.4779903197357014e-08
68 1.526220713584488e-08
69 1.8465091260963545e-08
70 1.3185640419037832e-08
71 1.4661955731012702e-08
72 1.7866396442130797e-08
73 1.5827485895262963e-08
74 1.719247006126847e-08
75 1.4365318769715342e-08
76 1.739272387232737e-08
77 1.2616953182926024e-08
78 1.3117979635522322e-08
79 1.59652684565085e-08
80 1.2466357581123957e-08
81 1.574135352970878e-08
82 1.607030846671082e-08
83 1.7440620235359657e-08
84 1.651162573125657e-08
85 1.3873204105078386e-08
86 2.102213279930553e-08
87 1.229444711785306e-08
88 1.5150768881084065e-08
89 1.719644197153988e-08
90 1.837389599106212e-08
91 1.583174928841778e-08
92 1.8033241337473997e-08
93 1.7830937641827605e-08
94 1.541450349229676e-08
95 1.406710273348669e-08
96 1.499000255072395e-08
97 1.7834185084657216e-08
98 1.6543221690399402e-08
99 2.0408974759370152e-08
100 1.2840472821243778e-08
101 1.5138115472477456e-08
102 1.7520925289027806e-08
103 1.8586692565551766e-08
104 1.4820129915877035e-08
105 1.7562271044311413e-08
106 1.3358033926994502e-08
107 1.7706239357745953e-08
108 1.899899355674287e-08
109 1.3818732111768525e-08
110 1.820985240658159e-08
111 1.518221941054261e-08
112 1.5660929597337145e-08
113 1.8215690119766878e-08
114 1.794941971469614e-08
115 1.6062913216736807e-08
116 1.517806892160121e-08
117 2.0869424775452065e-08
118 1.708542309516809e-08
119 1.69038193189556e-08
120 1.44725003980012e-08
121 1.7396999816088322e-08
122 2.124139166016152e-08
123 1.1850682769986294e-08
124 1.2849492953831622e-08
125 1.8617509193424534e-08
126 1.516851234912871e-08
127 2.2028911181506114e-08
128 1.7890574145492796e-08
129 1.8661411476845515e-08
130 2.3363783025271685e-08
131 1.6634545028381987e-08
132 1.8277355070277205e-08
133 1.5918159032336183e-08
134 1.706371194050028e-08
135 1.8987780262124203e-08
136 1.7135092569359203e-08
137 1.5781587889426707e-08
138 1.813907399742555e-08
139 1.877415812331272e-08
140 1.4997623238925868e-08
141 1.509655425051184e-08
142 1.902305446219126e-08
143 1.9403315068169794e-08
144 1.8334428397169876e-08
145 1.5425986367508482e-08
146 1.4262834872228341e-08
147 1.6254104944631734e-08
148 1.7040969575388307e-08
149 1.754423318438986e-08
150 1.3693409147390382e-08
151 9.714746089826074e-09
152 1.9824648241569473e-08
153 1.765896873704938e-08
154 1.793341794598514e-08
155 1.8604966323346754e-08
156 1.7843452262361482e-08
157 1.8471065979762204e-08
158 1.890284397697082e-08
159 1.9383707885874188e-08
160 1.6468537453376623e-08
161 1.883395802848403e-08
162 2.021574293614928e-08
163 2.2524379992086726e-08
164 1.7344044271643774e-08
165 1.5403889978751492e-08
166 1.9690068540419638e-08
167 1.8178205613458343e-08
168 2.2623851969740853e-08
169 1.890549918520941e-08
170 1.258146096620967e-08
171 1.4711628292257648e-08
172 1.6735358841195136e-08
173 1.6835904250294145e-08
174 1.5934930501692305e-08
175 1.690900042418417e-08
176 1.9091955552111013e-08
177 1.8873138055331478e-08
178 1.7307591172232418e-08
179 1.6380445481110457e-08
180 1.4948103527525584e-08
181 1.0653196699255203e-08
182 1.2185891849956581e-08
183 1.8088519924340142e-08
184 1.8686649228094694e-08
185 1.808882675525614e-08
186 1.320091767724273e-08
187 1.8733375715759027e-08
188 1.3023443381357069e-08
189 1.7791263889842814e-08
190 1.4450323141611677e-08
191 1.6252838986774763e-08
192 1.490510651514245e-08
193 1.6472713166573012e-08
194 1.7423054917611485e-08
195 1.565474777703972e-08
196 1.731357327676496e-08
197 1.6658440680681514e-08
198 1.420953968431192e-08
199 1.5919352560752657e-08
200 1.495267618947178e-08
201 1.7345522268113485e-08
202 1.7745343034100595e-08
203 1.7604752154877584e-08
204 1.622836279427726e-08
205 1.7526179902412592e-08
206 1.8847930916602488e-08
207 1.313886195148584e-08
208 1.8300040843764705e-08
209 1.841317924590418e-08
210 1.5038441549352704e-08
211 1.504640644970197e-08
212 1.4011882344076531e-08
213 1.598880140338575e-08
214 1.8995423521933984e-08
215 2.0795362252604655e-08
216 1.2773467182266973e-08
217 1.55603896379675e-08
218 1.3323628393127226e-08
219 1.5412859842217203e-08
220 1.761697177351832e-08
221 1.3960520896539508e-08
222 1.76429907648544e-08
223 1.7208048778139962e-08
224 1.2071126522088831e-08
225 1.8031773899553443e-08
226 1.542255643157959e-08
227 1.7205855062270056e-08
228 1.3659691642446406e-08
229 1.7646061516701967e-08
230 1.6564011167772155e-08
231 1.5385385356181645e-08
232 1.921873654013289e-08
233 1.717637991301176e-08
234 1.6787849333016134e-08
235 1.1127763352157519e-08
236 1.3027040561880403e-08
237 1.5182701961086147e-08
238 2.0515431467329756e-08
239 1.5036304338048342e-08
240 1.4910944406721755e-08
241 1.7268232267424674e-08
242 1.490546153052972e-08
243 1.717109998656219e-08
244 1.9889393888010737e-08
245 1.62672987314179e-08
246 1.72474874705344e-08
247 1.3850473093365949e-08
248 2.1834680014403756e-08
249 1.6509454433468904e-08
250 1.9971742819130162e-08
251 1.9209790115863725e-08
252 1.6466115057129398e-08
253 1.4277533451211465e-08
254 1.4488044239391854e-08
255 1.7457401237650357e-08
256 2.1224052654801475e-08
257 1.4111155354504197e-08
258 1.6384417196632445e-08
259 1.966646301684112e-08
260 1.9647878014808445e-08
261 1.7171102901308735e-08
262 1.3643995984412205e-08
263 1.479861730571052e-08
264 1.3732071509626809e-08
265 1.5093090265481467e-08
266 1.7690914830422325e-08
267 1.529841936069077e-08
268 1.8420708776280334e-08
269 1.8192957562880703e-08
270 1.5704918668918635e-08
271 1.553691600874401e-08
272 2.0694873170695162e-08
273 1.7234055733265753e-08
274 1.896319094846383e-08
275 1.4137984469836008e-08
276 1.8252174840777185e-08
277 1.8298294789075718e-08
278 2.0501055154338972e-08
279 1.3281712897241305e-08
280 1.5914783384269534e-08
281 1.8373562504936687e-08
282 2.0435213515429695e-08
283 1.6331023117941873e-08
284 1.6791793615207457e-08
285 1.7886156557506202e-08
286 1.74073088770155e-08
287 1.7349415520955513e-08
288 1.505623061907769e-08
289 1.2016423336123433e-08
290 1.572100656149335e-08
291 1.4293620322976278e-08
292 1.1851505265215909e-08
293 2.361029975603065e-08
294 1.6566300201247472e-08
295 1.9378826003750826e-08
296 2.3276341983896503e-08
297 1.3659704957749864e-08
298 1.2901035052515064e-08
299 2.1469617483523613e-08
300 1.534683637183174e-08
301 1.859437972181204e-08
302 1.3620723821807872e-08
303 1.4673005582368672e-08
304 1.822528700736204e-08
305 1.5870809414670818e-08
306 1.3158029639420752e-08
307 1.3406646754296113e-08
308 1.335417878951167e-08
309 1.5752048990580947e-08
310 1.5422147063036792e-08
311 1.7688860707031082e-08
312 1.9160691278961268e-08
313 1.6626872811017814e-08
314 1.9759245751684735e-08
315 1.8289252140402305e-08
316 1.846293614100356e-08
317 1.572365576767872e-08
318 1.5047478366520033e-08
319 1.4935815510434885e-08
320 1.8390974832815927e-08
321 1.61885729186798e-08
322 1.0649072129541278e-08
323 1.895775095610402e-08
324 1.668899789971203e-08
325 1.4372345438093502e-08
326 1.8259037794798914e-08
327 1.849252246532977e-08
328 1.3682004189844627e-08
329 2.0050566103633263e-08
330 1.7450690142269092e-08
331 1.9397933346469537e-08
332 1.4633669987215498e-08
333 1.4401581819172465e-08
334 2.3382135263189575e-08
335 1.4908508129340416e-08
336 1.760839266316514e-08
337 1.8884624096979213e-08
338 1.8931345454941317e-08
339 1.7165189867942037e-08
340 1.4449313179106587e-08
341 1.685063197228038e-08
342 1.801879848796348e-08
343 1.4784250975043735e-08
344 1.9008987678847585e-08
345 1.8315950737132163e-08
346 1.2702048517988764e-08
347 1.66015003534723e-08
348 1.701853176882418e-08
349 1.5736350119616274e-08
350 1.6125933211480248e-08
351 1.7728269167678134e-08
352 1.695769080666545e-08
353 1.628120547653403e-08
354 1.278657241201638e-08
355 1.958718478266945e-08
356 1.767163767030762e-08
357 1.71066029881108e-08
358 1.9943821935997846e-08
359 2.271101543333469e-08
360 1.6363741622680724e-08
361 1.561260720517682e-08
362 1.7778281762899516e-08
363 1.4098012571352584e-08
364 1.7651776743774542e-08
365 1.4495954843906803e-08
366 1.521714675756815e-08
367 1.6075600239981698e-08
368 1.9004899828498875e-08
369 1.416123465692024e-08
370 1.977471655007314e-08
371 1.4100689139675447e-08
372 2.1441105350834373e-08
373 1.81474331108046e-08
374 1.3356683766785398e-08
375 1.6484314347567315e-08
376 1.7740077919489555e-08
377 1.6073763735930537e-08
378 1.869860815514452e-08
379 2.0389822853362694e-08
380 1.8365257650829103e-08
381 1.8179417895897316e-08
382 1.5351455707795225e-08
383 1.4587057307458289e-08
384 1.7288260486896547e-08
385 1.8942592927825255e-08
386 1.656805742951699e-08
387 1.959772688728449e-08
388 1.8702326359139285e-08
389 1.7613022186869673e-08
390 1.640881273174002e-08
391 1.9991112047561287e-08
392 1.8021631078735143e-08
393 1.5414871612373743e-08
394 1.8014675132182243e-08
395 1.8062221142602696e-08
396 1.622711555989001e-08
397 1.561939485714218e-08
398 1.708180569972074e-08
399 1.9511713408206387e-08
400 1.9447575468531944e-08
401 2.0152017110683945e-08
402 1.993346808496093e-08
403 1.518091104592542e-08
404 1.618139895496666e-08
405 1.6702499697759563e-08
406 2.0666851683241112e-08
407 2.2055999779707545e-08
408 1.3347469182991254e-08
409 1.6174127209922585e-08
410 1.6605191789424622e-08
411 1.5556358404510443e-08
412 1.5580866908336407e-08
413 1.56040993407713e-08
414 1.5697383663106924e-08
415 2.155503921353414e-08
416 1.5377318596177898e-08
417 1.6546027962086098e-08
418 1.424961929037394e-08
419 1.9351707439298295e-08
420 1.7828908268957774e-08
421 1.7072909603227375e-08
422 1.6253544738243485e-08
423 2.0434638426838032e-08
424 1.5055989815898738e-08
425 1.7556745582137377e-08
426 1.6745023654577658e-08
427 1.812110456358343e-08
428 1.6518672181379144e-08
429 1.6692881758517774e-08
430 1.591472856427524e-08
431 1.6728333449283083e-08
432 1.6217888895329827e-08
433 1.766273321706292e-08
434 1.634889095581796e-08
435 1.3947344176081377e-08
436 1.6205749537700435e-08
437 1.7970063470273594e-08
438 1.9078433755145363e-08
439 1.4650027803777685e-08
440 1.79086149847001e-08
441 1.876298759376686e-08
442 1.7542124553947265e-08
443 1.872032964217754e-08
444 1.7928632667498983e-08
445 1.668345701983015e-08
446 1.921726435996401e-08
447 1.787623525567793e-08
448 1.5879596118107238e-08
449 1.9449621415404648e-08
450 2.198283789007999e-08
451 1.4222418518168181e-08
452 1.6417540495024766e-08
453 1.7480593746261215e-08
454 1.9270973199222006e-08
455 1.605777133530052e-08
456 1.504343552789599e-08
457 1.6120697384625755e-08
458 1.4029808984773146e-08
459 1.6427263650935373e-08
460 1.8465910064833297e-08
461 1.5930031308070824e-08
462 1.8437823206623433e-08
463 1.6128529213603356e-08
464 1.7360113616998665e-08
465 9.622232696141239e-09
466 1.7787517529835204e-08
467 1.333126580673597e-08
468 1.541243697573141e-08
469 1.960114896667861e-08
470 1.4576374988683539e-08
471 1.2910145682897787e-08
472 2.1360571752856662e-08
473 1.5052772292194013e-08
474 1.7268019285296713e-08
475 1.9062337249210815e-08
476 1.914394712946703e-08
477 2.0619564858099273e-08
478 1.4318002378318298e-08
479 1.7786823802725553e-08
480 1.4525778189246483e-08
481 1.4763522174867516e-08
482 1.2424370457528234e-08
483 1.7987024151257226e-08
484 1.792129886161335e-08
485 1.785469319024232e-08
486 1.8624462490748983e-08
487 1.4355850301106213e-08
488 1.6277902345477466e-08
489 1.6945597877084153e-08
490 1.9725520656942912e-08
491 1.796249789091048e-08
492 1.4170557162345932e-08
493 1.719218648206678e-08
494 2.2678331488540072e-08
495 1.6929626667757272e-08
496 2.2572857474038515e-08
497 2.0014045113535374e-08
498 1.8256357767518523e-08
499 1.830689892661396e-08
500 1.623758382318365e-08
501 1.2507230540851797e-08
502 1.64308365172914e-08
503 1.7600393452794113e-08
504 1.817638529652855e-08
505 1.8782566946579956e-08
506 2.102231481335923e-08
507 1.7669765090402797e-08
508 1.692283859974256e-08
509 1.3634973224243098e-08
510 1.1854942327852697e-08
511 1.6309514843263554e-08
512 1.5335222998961994e-08
513 1.8758906393996763e-08
514 1.6691666040134483e-08
515 1.605900545374378e-08
516 1.5937529542493268e-08
517 1.4411466207544607e-08
518 1.950332960969466e-08
519 1.5535584937202246e-08
520 1.612176388677962e-08
521 1.5172917987629736e-08
522 1.626953896887611e-08
523 1.4951581108791736e-08
524 1.6761393643812194e-08
525 1.6743978463959816e-08
526 1.4422227343962125e-08
527 1.845539105154808e-08
528 1.794997590197435e-08
529 1.2272670661626196e-08
530 1.6807263355447223e-08
531 1.793017181898705e-08
532 2.0761764309347694e-08
533 1.762072726573093e-08
534 1.5458472383820917e-08
535 1.3425683543368451e-08
536 1.6205261582668236e-08
537 1.869699196804806e-08
538 1.740133897682729e-08
539 1.4794563408434384e-08
540 2.1700126843415957e-08
541 1.6476440290330045e-08
542 1.4326311071080606e-08
543 1.2369659863930869e-08
544 1.8193897375401678e-08
545 1.7374648968958217e-08
546 1.3525183607605988e-08
547 1.3418989366515923e-08
548 1.7709875225662264e-08
549 1.6773745953272663e-08
550 2.074921243410715e-08
551 1.6516612162858e-08
552 1.60372919343975e-08
553 1.4807033468556477e-08
554 1.5305852429438317e-08
555 1.516318220792372e-08
556 1.834104782641382e-08
557 1.5496428395272067e-08
558 1.907176513630811e-08
559 1.9016332979467154e-08
560 1.6766682681634744e-08
561 1.8879415917978842e-08
562 1.6779672711002232e-08
563 1.5813652950195615e-08
564 2.1312872137400718e-08
565 1.7458816940478785e-08
566 1.383950114838846e-08
567 1.7278670735196834e-08
568 1.6196653594130884e-08
569 1.4800757535209337e-08
570 1.3122508726989623e-08
571 1.412124014341822e-08
572 1.7765835608396352e-08
573 1.615231183927531e-08
574 2.08346402126885e-08
575 1.748242329573287e-08
576 1.602952085001587e-08
577 1.6394854102755958e-08
578 1.515342710051128e-08
579 1.5214622673964852e-08
580 1.878155031604106e-08
581 1.8122901992616488e-08
582 1.887634171782112e-08
583 1.668038738033343e-08
584 1.5321834957814973e-08
585 1.7346857850674213e-08
586 1.1545748564221721e-08
587 1.3863343576666832e-08
588 1.1867391669027245e-08
589 1.4218040826478943e-08
590 1.2642766831842026e-08
591 1.7924990907937045e-08
592 1.2897957430312689e-08
593 1.9430917841383006e-08
594 1.3628021644392191e-08
595 1.6113044546645e-08
596 1.5622005483482595e-08
597 1.0723851121408924e-08
598 1.490559677600971e-08
599 1.498734729471284e-08
600 1.4841602511824243e-08
601 1.632204821640349e-08
602 1.4636734944697382e-08
603 1.647395815026539e-08
604 1.624896785873951e-08
605 1.7582701660400593e-08
606 1.975577785535291e-08
607 1.723910651535864e-08
608 1.6735401066668183e-08
609 1.6095570200765873e-08
610 1.6353099008086358e-08
611 1.4397696219622516e-08
612 1.4723972475708711e-08
613 1.3772971181431889e-08
614 1.7145780758867904e-08
615 1.1857700959969721e-08
616 1.3038706107789074e-08
617 1.8787019848619742e-08
618 2.0930166073248064e-08
619 1.1783398035889424e-08
620 1.988652059846036e-08
621 1.654770262830059e-08
622 1.4418124112602325e-08
623 1.8303419084578023e-08
624 1.463534635988653e-08
625 1.4519228499891008e-08
626 1.460221029819037e-08
627 1.3933043017369536e-08
628 1.3289271425448832e-08
629 1.7995462311384934e-08
630 1.860302612342386e-08
631 1.8387344362777744e-08
632 1.674520444611009e-08
633 2.1461399228600148e-08
634 1.7401417175304932e-08
635 1.870571584468052e-08
636 1.5792678721611678e-08
637 1.811248114034402e-08
638 1.6596890049478435e-08
639 1.876425399867088e-08
640 1.6318010701852047e-08
641 1.5752736580912322e-08
642 1.7137346423936474e-08
643 1.3795961821593232e-08
644 1.1876800663336497e-08
645 1.8809006407696365e-08
646 1.4956150923652745e-08
647 1.51554161322918e-08
648 1.7622561935329883e-08
649 1.675903317085484e-08
650 1.5897735673564335e-08
651 1.6899371196142215e-08
652 1.762260317780211e-08
653 1.653161523701871e-08
654 1.7589608943352824e-08
655 1.656531842957078e-08
656 1.4802162462439947e-08
657 1.5119884614272977e-08
658 1.8337304674630004e-08
659 1.600424266168437e-08
660 1.5543169223022058e-08
661 1.899148991065083e-08
662 1.5542968642045364e-08
663 1.64768368741283e-08
664 1.829450273730216e-08
665 1.6114846160695434e-08
666 1.569067794698433e-08
667 1.6984769056350388e-08
668 1.3131190626363672e-08
669 1.536976798389706e-08
670 1.9412491200801035e-08
671 1.8941902567853082e-08
672 1.9405281643635334e-08
673 1.7643747257489524e-08
674 1.6801632960300905e-08
675 1.8143098596965972e-08
676 1.7367024685047432e-08
677 1.243969627032931e-08
678 1.7597888414802133e-08
679 1.3562051569043205e-08
680 1.6224027587963433e-08
681 2.0738299686229922e-08
682 1.6100864839838924e-08
683 1.810408521852972e-08
684 1.399747630457883e-08
685 1.4575986381155611e-08
686 1.600700042778572e-08
687 1.570619159073178e-08
688 1.5059263368408117e-08
689 2.0446711679683528e-08
690 1.4575378827803545e-08
691 1.8236279258000953e-08
692 1.5614214176653958e-08
693 1.2099630889568739e-08
694 1.8484513605680915e-08
695 2.048224839423704e-08
696 1.5334214010635014e-08
697 1.0702918139178087e-08
698 1.575955623602599e-08
699 2.2105839294156832e-08
700 1.631659547372631e-08
701 1.5595767518611484e-08
702 1.7130015025765948e-08
703 1.6407876668322472e-08
704 1.7958679676813503e-08
705 1.514857609356466e-08
706 1.654378557388536e-08
707 1.1810222832122306e-08
708 1.6169636507744783e-08
709 2.0063304613988988e-08
710 1.6618642610070424e-08
711 1.717773928784651e-08
712 1.78607324147667e-08
713 2.2781749201347257e-08
714 1.5827412773398245e-08
715 1.9159377599639387e-08
716 1.5986749085330088e-08
717 1.7867921750512077e-08
718 1.891548928031677e-08
719 1.585971583608798e-08
720 1.485183303017752e-08
721 1.7348884369895296e-08
722 1.7136014318404615e-08
723 2.0809844480143127e-08
724 1.9405991861776392e-08
725 1.9099734026894468e-08
726 1.619830420715433e-08
727 1.8009168385400017e-08
728 1.7331738466081535e-08
729 1.792834940483729e-08
730 1.9348831809109875e-08
731 1.3473705335620294e-08
732 1.6036574992446885e-08
733 1.3751748588113402e-08
734 1.7229713748837504e-08
735 1.5182968125597944e-08
736 1.4466135380185944e-08
737 1.7781000627757093e-08
738 1.937996903085603e-08
739 1.702570317063496e-08
740 1.8811391293174304e-08
741 1.3989860718103534e-08
742 1.4851329447040627e-08
743 1.814412668333761e-08
744 1.525605252833045e-08
745 1.150450951086665e-08
746 1.3291011164117601e-08
747 1.5762667453136468e-08
748 1.3541548398958296e-08
749 1.5913507550841107e-08
750 2.0873080143266746e-08
751 1.6430195615794122e-08
752 1.3568806532670766e-08
753 1.5696406451649936e-08
754 1.7113389038619022e-08
755 1.6348842035108307e-08
756 1.6854788580009632e-08
757 1.461534809901021e-08
758 1.708942675758419e-08
759 1.7755434585901986e-08
760 1.589179850070463e-08
761 1.6817644608109895e-08
762 1.913539141978935e-08
763 1.3763173027161742e-08
764 1.8342691356685827e-08
765 1.6206646313620577e-08
766 1.507877326756726e-08
767 1.6381128202220074e-08
768 1.2991675686092239e-08
769 1.8090420905735398e-08
770 1.509339538739185e-08
771 2.0100193866142685e-08
772 1.759210302985212e-08
773 2.041201505338055e-08
774 1.5707758676600333e-08
775 1.9928038148049448e-08
776 1.5884074526041817e-08
777 1.0288660482975154e-08
778 1.668442805241118e-08
779 2.007980857498037e-08
780 1.4179178228965216e-08
781 1.5763370262335162e-08
782 1.5460436997472342e-08
783 1.4624319974001158e-08
784 1.7175299391757505e-08
785 1.3377912793571923e-08
786 1.505624372416915e-08
787 1.5962271453952076e-08
788 1.4337731719003134e-08
789 1.7016945232215176e-08
790 2.1062100709535838e-08
791 1.5543206139167316e-08
792 1.494955701629835e-08
793 1.738733100864823e-08
794 1.2804349062240392e-08
795 1.253479765726591e-08
796 1.3762930652503304e-08
797 1.954102869949835e-08
798 2.0659705062019673e-08
799 1.4224563389406083e-08
800 1.8102716354129294e-08
801 1.7795277060968367e-08
802 1.7799243002198515e-08
803 1.9567417920471147e-08
804 1.8741212063326473e-08
805 1.9250343050211783e-08
806 1.549194747381771e-08
807 1.4913520285207468e-08
808 1.708760278243264e-08
809 1.4692794269021507e-08
810 1.4435810893844534e-08
811 1.6650604654146913e-08
812 1.3847738921745963e-08
813 1.5492922955163456e-08
814 1.9454107779853935e-08
815 1.8407782775498816e-08
816 2.2513281163611115e-08
817 1.8473536697927277e-08
818 1.716903263022701e-08
819 1.2961426970111359e-08
820 1.802174642358288e-08
821 1.749928038190705e-08
822 2.1917650801117477e-08
823 1.5886375203231015e-08
824 1.7421051294039e-08
825 1.7932735303043355e-08
826 1.958341613645277e-08
827 1.4866335805775962e-08
828 1.8651578335017077e-08
829 1.3714289242544482e-08
830 1.4484187594470277e-08
831 1.0455512591178388e-08
832 1.9104144171134235e-08
833 1.7127967988183992e-08
834 1.6787797046304697e-08
835 1.6181547439114092e-08
836 2.0499269453400653e-08
837 1.6885125582115226e-08
838 1.8482369805521618e-08
839 1.884076818542476e-08
840 1.7896599003922225e-08
841 1.6374474260979874e-08
842 1.9284512396922273e-08
843 1.7667673317960093e-08
844 1.7564287082072625e-08
845 2.2327452554778612e-08
846 1.7434360729410248e-08
847 1.4544030882687447e-08
848 2.027751955119306e-08
849 1.4599280447222202e-08
850 1.4144197601388184e-08
851 1.2623040362342822e-08
852 1.6771856665658093e-08
853 1.5581616847339666e-08
854 1.3737177494562783e-08
855 1.2739711044558429e-08
856 1.4300466854450847e-08
857 1.763537146913975e-08
858 1.708704367525131e-08
859 1.6852067346428322e-08
860 1.3652566749671452e-08
861 1.580504825121091e-08
862 1.3847987111896502e-08
863 1.3637318140485647e-08
864 2.1089968709982426e-08
865 2.03184239430273e-08
866 1.5339715756891065e-08
867 1.4818262385066483e-08
868 1.9389031289593185e-08
869 1.7775944385308245e-08
870 2.009190624745366e-08
871 1.279468601615417e-08
872 2.0968393429268617e-08
873 1.4336032409446512e-08
874 1.853265233397895e-08
875 2.1066156664167737e-08
876 1.0426189778319702e-08
877 1.9963940786649368e-08
878 1.7461352279948703e-08
879 1.3974743401842699e-08
880 1.867842793256563e-08
881 2.0699324021886593e-08
882 1.7092126401523242e-08
883 1.544902678220654e-08
884 1.3082646837269078e-08
885 1.367433103574831e-08
886 1.4791094511823116e-08
887 1.9381580027124923e-08
888 1.5837235686176295e-08
889 1.579512863337915e-08
890 1.536181876418512e-08
891 1.5749217115233533e-08
892 1.3788914909649004e-08
893 1.6119535375930886e-08
894 1.6343927271497688e-08
895 2.1715309833712427e-08
896 1.7722462112106197e-08
897 1.5612887356644903e-08
898 1.2068553117153011e-08
899 2.2783692970757553e-08
900 2.0046450297533823e-08
901 1.742789417289994e-08
902 1.912234742316252e-08
903 1.4330801351272905e-08
904 1.7671047027070295e-08
905 1.8984594125222532e-08
906 1.3913373325795297e-08
907 1.9053429616780672e-08
908 1.6875286539894455e-08
909 1.6786449515301013e-08
910 1.749630107418065e-08
911 1.958033803354368e-08
912 2.0609420465001836e-08
913 1.5961696851526626e-08
914 1.832654668962884e-08
915 1.7138317946967475e-08
916 1.799000511578606e-08
917 1.5514748315504678e-08
918 1.8509071952184934e-08
919 1.8088516985769333e-08
920 1.7911952250616766e-08
921 1.492435548996596e-08
922 1.4648762992838953e-08
923 1.6688853061214248e-08
924 1.9275314513325716e-08
925 1.5995785698668655e-08
926 1.870556534516626e-08
927 1.1763316037971316e-08
928 1.5793905478506056e-08
929 1.6673910666040435e-08
930 2.0459420567762846e-08
931 1.238645803684229e-08
932 1.719149904404185e-08
933 1.6979084124906823e-08
934 1.4423036572622426e-08
935 1.5598849729845715e-08
936 1.7345387201446943e-08
937 1.869883939526956e-08
938 1.6543472311514716e-08
939 1.2355269664331969e-08
940 2.1741732270313205e-08
941 1.714639247524247e-08
942 1.4314539687907859e-08
943 1.9047912444307984e-08
944 1.9312526657394463e-08
945 1.4969936663381845e-08
946 1.9956078232022572e-08
947 1.5651185951601112e-08
948 1.6946739024085933e-08
949 1.7386309270765017e-08
950 1.801836638508283e-08
951 1.8976861765710754e-08
952 1.721439232193095e-08
953 1.8467874932128216e-08
954 1.8546982702286565e-08
955 1.8658867643742342e-08
956 1.8181726122124653e-08
957 1.7201410552117987e-08
958 1.9638170573118203e-08
959 1.6609546867467328e-08
960 1.1419794959527864e-08
961 1.5580563450089924e-08
962 1.2899056461158669e-08
963 1.2950235035179668e-08
964 1.585406455424821e-08
965 1.6259687447265505e-08
966 1.4604641782473992e-08
967 1.2085024818741486e-08
968 1.7508561533817088e-08
969 1.677239240597653e-08
970 1.6675637330045458e-08
971 1.7795811669720697e-08
972 1.756806378689176e-08
973 1.6805355470440803e-08
974 1.663685415595973e-08
975 1.966734476046292e-08
976 1.1931382389395988e-08
977 2.0030680560661365e-08
978 1.3902322162188874e-08
979 2.14438519403947e-08
980 1.5928402934390514e-08
981 1.807254009632576e-08
982 2.0890215498811885e-08
983 1.752684983565012e-08
984 1.895491372874977e-08
985 1.7072328380049864e-08
986 1.3839103566161056e-08
987 1.869988462263819e-08
988 1.4620812446377202e-08
989 1.600548690212785e-08
990 1.818649809901532e-08
991 1.6354006248535528e-08
992 1.620104189787036e-08
993 2.1111628962955813e-08
994 2.022696929949352e-08
995 1.464936366782135e-08
996 1.9515459779689252e-08
997 2.0408254129948583e-08
998 1.5895898547774916e-08
999 1.8824256735618617e-08
