0 6.902980017686843e-07
1 7.044477421714584e-07
2 6.80410802615119e-07
3 6.839790460546766e-07
4 6.701480099650316e-07
5 6.703161519035599e-07
6 6.748145441948782e-07
7 7.269170175736697e-07
8 7.381999887935344e-07
9 7.160191471888984e-07
10 6.825452739393081e-07
11 7.193728197934697e-07
12 6.90503628549247e-07
13 7.3913184789217e-07
14 6.952199098658e-07
15 6.986101227187841e-07
16 6.847100300279706e-07
17 7.294215328223706e-07
18 7.446813754743596e-07
19 7.102045505196802e-07
20 6.777414694162317e-07
21 6.655988508501934e-07
22 6.796889576391495e-07
23 7.157084021222125e-07
24 6.986535268821492e-07
25 7.115334991831205e-07
26 7.046085383766918e-07
27 6.975043309301465e-07
28 7.063372700196343e-07
29 7.321204614234443e-07
30 6.55890774786868e-07
31 6.926215100315771e-07
32 7.257860822528279e-07
33 6.872160491742834e-07
34 7.131842751654989e-07
35 7.231940652099491e-07
36 7.391331092955814e-07
37 7.447752551959694e-07
38 7.398048257428796e-07
39 6.951632355323055e-07
40 7.213661354494481e-07
41 7.728394293655624e-07
42 6.891611043599448e-07
43 7.118861589007611e-07
44 7.015696855506593e-07
45 6.940313549471639e-07
46 7.253854848878322e-07
47 7.154520925905776e-07
48 7.080190183474966e-07
49 7.092687436451635e-07
50 7.169306777670271e-07
51 7.15405065113546e-07
52 7.042832058003194e-07
53 7.098298040240282e-07
54 7.293550703004441e-07
55 7.416790773493266e-07
56 6.965950051895522e-07
57 7.17075769511036e-07
58 7.041061843173682e-07
59 7.771738069851159e-07
60 7.293847185805284e-07
61 7.01012470272267e-07
62 7.263714769512383e-07
63 6.687242829553941e-07
64 6.818137510289113e-07
65 6.948613875925822e-07
66 7.473060668377155e-07
67 6.468423582688477e-07
68 6.981614047450658e-07
69 6.577608271123344e-07
70 7.084536634730719e-07
71 7.166641439498064e-07
72 7.383275656491821e-07
73 6.871077269166957e-07
74 7.309730842285544e-07
75 7.621523754416388e-07
76 6.805319823228551e-07
77 7.017758636004772e-07
78 7.368506429121124e-07
79 7.113504041499563e-07
80 7.248960930968175e-07
81 6.945188609784328e-07
82 7.40284589987165e-07
83 7.095195702921859e-07
84 7.018838679598218e-07
85 7.056137772207098e-07
86 7.118254766502724e-07
87 6.2169616546858e-07
88 7.065457490590866e-07
89 7.202670544577877e-07
90 6.697226881545189e-07
91 7.15974189059397e-07
92 7.043530243506948e-07
93 6.687502111704129e-07
94 6.990879346743477e-07
95 7.253424390644333e-07
96 6.904728951513595e-07
97 7.263409116362397e-07
98 6.76413096957932e-07
99 7.664241059426686e-07
100 6.855851796791877e-07
101 7.393845746559706e-07
102 7.037873632203384e-07
103 7.32090528347643e-07
104 7.19918123294098e-07
105 7.160640494226644e-07
106 7.072548896479067e-07
107 7.220824511688356e-07
108 6.8433583561662e-07
109 6.945314541110714e-07
110 6.993258429051677e-07
111 6.875499917856984e-07
112 6.961937466337046e-07
113 7.088185490312832e-07
114 6.880740744580934e-07
115 7.207703028780689e-07
116 6.874814298172152e-07
117 7.001190472036654e-07
118 7.094413324805508e-07
119 7.174337694990094e-07
120 7.195080359400296e-07
121 7.226697437340752e-07
122 7.007777270111188e-07
123 7.567210797721732e-07
124 6.973583084237751e-07
125 6.983739645216523e-07
126 6.64567121957879e-07
127 7.163562291759184e-07
128 7.140789550946971e-07
129 6.909568751226883e-07
130 6.978884048009951e-07
131 6.908724982799145e-07
132 6.678842593462959e-07
133 7.37590924421346e-07
134 6.674620723909964e-07
135 6.683299850671051e-07
136 6.812204541343356e-07
137 7.206245633935202e-07
138 7.257003426858183e-07
139 7.293473307947724e-07
140 7.292347912823595e-07
141 6.603595774661981e-07
142 7.132451729572937e-07
143 6.720155575989829e-07
144 6.753245032987342e-07
145 6.721335892246157e-07
146 7.070674775835849e-07
147 7.045435603252379e-07
148 6.881349065901366e-07
149 7.046626017613469e-07
150 7.04352735349087e-07
151 7.150934376936467e-07
152 7.551742428126899e-07
153 7.170159235591278e-07
154 6.756889655112759e-07
155 6.851839676505888e-07
156 7.009626494128133e-07
157 6.791489701818719e-07
158 6.789439169646816e-07
159 7.05919145358862e-07
160 7.139849210733536e-07
161 7.309110868880754e-07
162 7.268905731610819e-07
163 7.366177300634112e-07
164 7.35930309650332e-07
165 6.663060745912141e-07
166 6.962112910550192e-07
167 7.244593824417591e-07
168 6.550505196316277e-07
169 6.692402620987852e-07
170 7.232474332235142e-07
171 6.872006061431907e-07
172 7.205685072641427e-07
173 6.774450499880895e-07
174 7.163368114865766e-07
175 6.488881658162634e-07
176 7.121103885465343e-07
177 6.758384476564949e-07
178 7.206776790123128e-07
179 7.052634711408208e-07
180 7.353499794058302e-07
181 7.256626328723958e-07
182 6.998430042583155e-07
183 7.141459401152913e-07
184 6.945955886970081e-07
185 6.642772145005509e-07
186 6.863324571404104e-07
187 7.138589330013053e-07
188 7.103276706296747e-07
189 6.886685581342282e-07
190 6.925384911002576e-07
191 7.409235232697946e-07
192 7.022520550018087e-07
193 7.201850464793742e-07
194 7.30903693348089e-07
195 7.283988390784816e-07
196 7.35505431468937e-07
197 7.32458557085392e-07
198 7.494011914088236e-07
199 7.169451402068245e-07
200 7.249606335122161e-07
201 7.027348121165158e-07
202 7.014048130694798e-07
203 7.07433076143297e-07
204 7.416022367351085e-07
205 7.46774084271284e-07
206 6.920567839670273e-07
207 6.998903146219034e-07
208 6.48367571969014e-07
209 7.033862603869123e-07
210 7.006529999614234e-07
211 7.22373486532101e-07
212 6.914190101360166e-07
213 7.219628844761404e-07
214 7.147818913584085e-07
215 6.658415896066565e-07
216 7.401434461414946e-07
217 7.083222276958617e-07
218 7.107818311766239e-07
219 6.60549546797402e-07
220 7.145766114296812e-07
221 6.8993779976899e-07
222 7.522652241336776e-07
223 6.734502135375292e-07
224 6.935001174077157e-07
225 7.159749213908412e-07
226 6.72963258343246e-07
227 6.682289760785703e-07
228 7.264639983594553e-07
229 7.092757412162132e-07
230 6.967659945098569e-07
231 6.778871281512311e-07
232 7.219928813257862e-07
233 6.946475404394785e-07
234 7.162793301876482e-07
235 6.678196402422707e-07
236 7.207675613969134e-07
237 7.227490114683034e-07
238 6.650433667133381e-07
239 7.242224852255419e-07
240 7.255436047729965e-07
241 6.578513631360424e-07
242 7.170173460054963e-07
243 7.633710472054518e-07
244 7.071514865052932e-07
245 7.232015233933067e-07
246 7.121209893175209e-07
247 7.228606744559391e-07
248 6.975317101023437e-07
249 7.39490639989685e-07
250 6.951700195631726e-07
251 6.487745033816531e-07
252 7.236469687012453e-07
253 7.01015276587268e-07
254 7.044845952198613e-07
255 6.732301826352728e-07
256 6.788344216899855e-07
257 6.911088855461849e-07
258 6.792636039018626e-07
259 7.397725604818402e-07
260 6.776559586511378e-07
261 6.998494479281919e-07
262 7.027417303952637e-07
263 7.217707862587258e-07
264 6.81033115693031e-07
265 7.455962017726428e-07
266 7.296538152486473e-07
267 7.302818206795754e-07
268 7.258948535462725e-07
269 7.277638099386032e-07
270 6.896536805823021e-07
271 6.788092521736556e-07
272 7.110272722558815e-07
273 6.634440190360246e-07
274 7.15471072394928e-07
275 7.065115596348843e-07
276 7.194809748473265e-07
277 6.675267750232473e-07
278 7.241241945367673e-07
279 7.010900143873192e-07
280 7.423033936366033e-07
281 7.343224107883719e-07
282 7.02812192310399e-07
283 7.65813135487998e-07
284 7.592081984366321e-07
285 7.669303390214166e-07
286 7.374257569084696e-07
287 6.850682462112729e-07
288 7.206779528848915e-07
289 6.953847003220294e-07
290 6.717174312008553e-07
291 6.647804702271189e-07
292 6.920582532457834e-07
293 7.096277070732912e-07
294 7.711776399161052e-07
295 6.834215344231493e-07
296 7.393971863976366e-07
297 7.305004222126617e-07
298 7.215044451915863e-07
299 7.22224841146464e-07
300 6.80351584107969e-07
301 6.844702836361634e-07
302 6.745839166331399e-07
303 7.724420441398572e-07
304 7.247522652730124e-07
305 6.527681435028364e-07
306 7.428137374127635e-07
307 6.834552006822827e-07
308 7.1851307448059e-07
309 6.978183468528617e-07
310 6.996350710645316e-07
311 6.648385545931977e-07
312 6.980132722582398e-07
313 6.818841479582759e-07
314 6.695879374302413e-07
315 7.159238702545652e-07
316 7.639602661499982e-07
317 7.000734125810154e-07
318 7.027912591596122e-07
319 7.236433722976184e-07
320 7.088648343216622e-07
321 7.123317494443257e-07
322 6.784309204558478e-07
323 7.37442551744053e-07
324 7.081775695798808e-07
325 6.990203464347691e-07
326 6.715723204466424e-07
327 6.660124044270952e-07
328 6.759095108886308e-07
329 7.503823680251468e-07
330 7.103652686320007e-07
331 6.753632115194294e-07
332 7.186875430431865e-07
333 7.040026291956928e-07
334 7.085444275549182e-07
335 7.33487831283784e-07
336 7.300949598613268e-07
337 7.522714591257438e-07
338 6.787486755183252e-07
339 7.72869393894839e-07
340 6.594136959966783e-07
341 6.978791701107653e-07
342 6.940626149754897e-07
343 7.552049538252958e-07
344 6.8970772377478e-07
345 7.048039468740226e-07
346 7.021134796210806e-07
347 7.54888973926518e-07
348 7.431734976606189e-07
349 6.738861446959336e-07
350 7.187172625790404e-07
351 7.001330392789641e-07
352 7.341347561697861e-07
353 6.689721014138176e-07
354 6.84388665464095e-07
355 7.011137467186845e-07
356 6.901515752400777e-07
357 7.07823186303812e-07
358 7.061490147058619e-07
359 7.20972366925167e-07
360 6.832958010907506e-07
361 6.632016734825111e-07
362 6.618288911829008e-07
363 6.44142952153319e-07
364 6.850348364490634e-07
365 6.551908958640786e-07
366 6.941688697799675e-07
367 6.649247139441004e-07
368 7.373374003804268e-07
369 6.865012466919049e-07
370 6.658510919778867e-07
371 7.189554534332518e-07
372 6.773215286158311e-07
373 6.966430315891305e-07
374 7.139405630478522e-07
375 6.939676909778984e-07
376 7.073855497571984e-07
377 6.726872791470567e-07
378 7.24766383919198e-07
379 7.234619687384074e-07
380 6.900295038396763e-07
381 6.688999055302488e-07
382 6.609645947898207e-07
383 6.649775565780912e-07
384 6.952644542777001e-07
385 6.455705486697103e-07
386 7.041424455776969e-07
387 6.72643908401762e-07
388 7.024036169196104e-07
389 7.486094818697042e-07
390 6.81150448899779e-07
391 6.851325727073954e-07
392 6.769890569913071e-07
393 7.741027087451386e-07
394 6.579236194552844e-07
395 6.725150078910864e-07
396 7.528915444738794e-07
397 6.83904870320843e-07
398 7.015307572292222e-07
399 7.390220667995752e-07
400 7.272279537765446e-07
401 6.923971191486103e-07
402 6.95880237941651e-07
403 7.171276857230887e-07
404 7.080127987220473e-07
405 6.5727560751121e-07
406 7.054000946885112e-07
407 7.037328727033353e-07
408 7.166688651217891e-07
409 6.933639383241278e-07
410 6.522772379886576e-07
411 7.216931048131575e-07
412 7.009393348668859e-07
413 6.987184895003905e-07
414 7.088803821207765e-07
415 6.600440676604745e-07
416 7.071268517998539e-07
417 7.362140579734825e-07
418 7.167931796844413e-07
419 7.092150647847911e-07
420 6.680945024023758e-07
421 7.004278890157093e-07
422 6.860784056538321e-07
423 6.769152054566322e-07
424 6.878766814264735e-07
425 6.793939255466059e-07
426 6.90854601089952e-07
427 6.865699586686198e-07
428 7.595965115615701e-07
429 7.015233620313286e-07
430 7.294935408909233e-07
431 6.806880287942913e-07
432 7.102944018742915e-07
433 7.038343660414017e-07
434 7.027493404408055e-07
435 7.083110656528921e-07
436 7.220581152838119e-07
437 7.351061391177383e-07
438 6.885935946782762e-07
439 7.459345432408899e-07
440 6.779126730389064e-07
441 6.607307011653841e-07
442 6.958924088691055e-07
443 6.530477866663426e-07
444 7.304846793179142e-07
445 7.185372814115997e-07
446 6.719087743800039e-07
447 6.756108057763263e-07
448 6.88701429689765e-07
449 7.117947957437058e-07
450 7.1693837147339e-07
451 7.29915237073273e-07
452 6.598509383661262e-07
453 6.929467383945019e-07
454 7.479301577798536e-07
455 7.004586889548531e-07
456 7.024203222937044e-07
457 7.371656958462512e-07
458 7.320860506529051e-07
459 6.679580369595336e-07
460 7.575572716259676e-07
461 6.997284521265957e-07
462 7.166219482124406e-07
463 6.594212155847175e-07
464 7.41239268133809e-07
465 6.875776325584317e-07
466 6.680252763952229e-07
467 7.15312870069547e-07
468 6.605103607223957e-07
469 7.006896127033037e-07
470 7.044293850980184e-07
471 7.11357014439417e-07
472 7.113614968919744e-07
473 6.874843343719172e-07
474 6.96197053524713e-07
475 7.079196440592375e-07
476 6.808389915246112e-07
477 7.401326427832796e-07
478 6.407574220091377e-07
479 6.794484582993325e-07
480 6.785301886619842e-07
481 7.069356852130628e-07
482 6.797115245976034e-07
483 6.782890049341147e-07
484 6.97711986631287e-07
485 6.712016240602796e-07
486 6.743486529903837e-07
487 7.058723749284556e-07
488 7.035400385161502e-07
489 6.776270021442868e-07
490 6.735201851006513e-07
491 6.854457154590279e-07
492 6.86870854459059e-07
493 7.126914699415995e-07
494 7.244228698224254e-07
495 6.880203303219111e-07
496 7.068659733064901e-07
497 7.894588593882756e-07
498 6.993104107188173e-07
499 7.249794621203041e-07
500 7.471226559463902e-07
501 6.847514915003622e-07
502 7.061694512189893e-07
503 6.44433201808024e-07
504 7.206185771293501e-07
505 6.747162773391024e-07
506 7.486421595614673e-07
507 6.856635549527583e-07
508 6.762104829468253e-07
509 7.159670153918632e-07
510 7.26812344009422e-07
511 7.338734921254102e-07
512 6.946651737953221e-07
513 6.548278634585123e-07
514 7.082399198885883e-07
515 6.793507546414663e-07
516 6.897547917812583e-07
517 6.846907101389545e-07
518 7.320537861802139e-07
519 7.229182425139684e-07
520 7.208612319057843e-07
521 6.528064955106237e-07
522 7.586129635509486e-07
523 6.490208769063532e-07
524 7.362817507932166e-07
525 6.972365710726914e-07
526 6.844266422343146e-07
527 6.840891794156175e-07
528 7.351657170324302e-07
529 7.142321945358881e-07
530 7.089854992041119e-07
531 6.885370347773584e-07
532 7.18711495401241e-07
533 6.91308201193401e-07
534 7.169050932792726e-07
535 7.631136464119892e-07
536 6.884530996501865e-07
537 7.167249257636976e-07
538 7.029648825429099e-07
539 7.077066491022506e-07
540 7.136403647486349e-07
541 7.258608126298928e-07
542 6.877554319982009e-07
543 6.784154105609017e-07
544 6.828955576496148e-07
545 6.870339322730169e-07
546 7.157694252670279e-07
547 6.610869755030142e-07
548 7.090540650830204e-07
549 7.441336140741057e-07
550 7.399031354380732e-07
551 7.334974492976538e-07
552 6.853062590676848e-07
553 7.245942063233582e-07
554 6.873906199857965e-07
555 6.909070774608442e-07
556 7.070493204676599e-07
557 7.283167385411817e-07
558 7.194292940109455e-07
559 7.235542326443459e-07
560 6.999941539674733e-07
561 7.492278418165073e-07
562 6.898030639996112e-07
563 7.168287541552878e-07
564 7.369457369807201e-07
565 7.416805587964705e-07
566 6.92944892375709e-07
567 7.298389334012666e-07
568 6.962410032209049e-07
569 7.13323090341184e-07
570 6.959422740065584e-07
571 7.129885150200696e-07
572 7.062620143793777e-07
573 6.721896150420683e-07
574 6.79171021745003e-07
575 7.016340766013612e-07
576 6.732782860133536e-07
577 6.899646645176362e-07
578 7.763955671520522e-07
579 7.400179188882844e-07
580 6.97822545980512e-07
581 6.768550252872671e-07
582 6.86185100946366e-07
583 6.936198483943685e-07
584 6.912753659937559e-07
585 6.82889249764274e-07
586 7.266257429461972e-07
587 6.749995834234654e-07
588 6.900421652928601e-07
589 6.498746359202497e-07
590 6.914809983477124e-07
591 7.091860384259705e-07
592 7.158839767537796e-07
593 7.328366438436822e-07
594 7.061362364900503e-07
595 7.162285632522122e-07
596 6.85530311077133e-07
597 6.871970748477047e-07
598 7.078222603012392e-07
599 7.170443102513675e-07
600 7.011472062063311e-07
601 6.566339053043448e-07
602 6.866232653687315e-07
603 7.306685885797442e-07
604 6.929268364126749e-07
605 6.508613091760535e-07
606 6.918339397681122e-07
607 6.748659253059981e-07
608 7.370140044157097e-07
609 7.328603761971539e-07
610 7.046385339862336e-07
611 7.165555331372583e-07
612 6.989697437552622e-07
613 6.83172180548415e-07
614 7.272100105493422e-07
615 7.089345290921505e-07
616 6.85584240836861e-07
617 7.210906555875472e-07
618 6.795342687638909e-07
619 6.531016028359259e-07
620 7.228494679897085e-07
621 7.229487068051122e-07
622 7.414099233273401e-07
623 6.395722166500887e-07
624 7.036249379347102e-07
625 6.936657747292895e-07
626 6.635511346139098e-07
627 6.84334761594764e-07
628 7.171049752346266e-07
629 6.879956084910049e-07
630 6.713442548584394e-07
631 7.209122976035015e-07
632 6.884972189808681e-07
633 6.617962413054904e-07
634 7.187398772382609e-07
635 7.074936115882215e-07
636 6.656908692127878e-07
637 7.037638937654383e-07
638 7.266187515255645e-07
639 7.28546875511658e-07
640 7.463812493336308e-07
641 6.837821305761285e-07
642 7.207909196569656e-07
643 7.400336191181967e-07
644 6.485218132687497e-07
645 7.06900113299936e-07
646 6.591071020070398e-07
647 7.133507694226408e-07
648 7.073943400821691e-07
649 6.812704552891871e-07
650 7.363812210847118e-07
651 7.200256900733105e-07
652 7.336896646758163e-07
653 7.004638690978344e-07
654 7.07134239825873e-07
655 7.176511125533549e-07
656 7.004188358953392e-07
657 6.90106772927775e-07
658 7.021438575294067e-07
659 7.276598904959901e-07
660 6.909953310641829e-07
661 6.962563618743093e-07
662 6.719047556029638e-07
663 7.271517862332947e-07
664 6.900708744241095e-07
665 6.646399585133173e-07
666 7.054133417719636e-07
667 6.801890818428451e-07
668 7.28688031356538e-07
669 7.187307731740017e-07
670 6.909492181679782e-07
671 6.82809117687993e-07
672 6.71637646944114e-07
673 7.295587669502008e-07
674 6.566929991984448e-07
675 7.033736585549806e-07
676 6.914414449977016e-07
677 7.220726486409698e-07
678 7.081681559163365e-07
679 6.789002109934251e-07
680 7.355706498140502e-07
681 7.088876508828795e-07
682 6.802919712877243e-07
683 6.527859967733755e-07
684 7.159689905274096e-07
685 6.884033732368794e-07
686 7.385103446050156e-07
687 6.667496959389316e-07
688 6.553319421469777e-07
689 6.738096950401686e-07
690 6.788754550053384e-07
691 7.222727379556202e-07
692 6.927656636987295e-07
693 7.09598134706262e-07
694 7.053924549453317e-07
695 7.489533000778521e-07
696 6.737385848751455e-07
697 6.611377568304047e-07
698 7.234233784820807e-07
699 6.275285017725765e-07
700 7.061518010523008e-07
701 6.901576996935316e-07
702 7.209923693268523e-07
703 7.289366832717189e-07
704 6.741250319348184e-07
705 6.751008581072346e-07
706 6.979021619909262e-07
707 6.962744001821022e-07
708 7.53551853669985e-07
709 6.854875592864843e-07
710 7.38019938928659e-07
711 6.887492590439446e-07
712 6.964618680201302e-07
713 6.818248163510561e-07
714 7.28337116643257e-07
715 7.59476274441865e-07
716 6.917947008737822e-07
717 6.248958976562165e-07
718 7.269333526824621e-07
719 6.682091827891521e-07
720 6.796107967824039e-07
721 6.831299763264321e-07
722 6.861608062876213e-07
723 7.166382937918065e-07
724 6.710812176120772e-07
725 7.150859255809648e-07
726 6.797642436636673e-07
727 7.104751808286915e-07
728 7.273605687897637e-07
729 6.747271613067132e-07
730 6.707989281375284e-07
731 6.951965693664102e-07
732 6.825522783643574e-07
733 7.314814602121577e-07
734 6.731745258469563e-07
735 7.159485611806177e-07
736 7.370242846293683e-07
737 6.857165178497153e-07
738 7.175447652503167e-07
739 7.395174932397086e-07
740 6.82673106433837e-07
741 6.513737635529419e-07
742 6.94989249491786e-07
743 7.063096458337004e-07
744 7.148815032580177e-07
745 7.123637902603626e-07
746 6.673558462187103e-07
747 6.812208556199336e-07
748 7.401198386849179e-07
749 6.769240202203586e-07
750 6.708752249140936e-07
751 7.383966413469413e-07
752 6.917898340654172e-07
753 6.919037237904652e-07
754 6.906378291373065e-07
755 7.127795899664297e-07
756 6.960330896164094e-07
757 7.626617197717417e-07
758 7.121156195915906e-07
759 6.91662974221398e-07
760 7.168082714050645e-07
761 6.794918799462516e-07
762 7.117021500802481e-07
763 7.482534152955981e-07
764 7.083447391760043e-07
765 6.769859145484631e-07
766 6.799365215861495e-07
767 6.961209287407566e-07
768 6.644030550307142e-07
769 7.049896405589488e-07
770 6.822908903885392e-07
771 6.988621278272164e-07
772 6.781554107451497e-07
773 7.376341562064474e-07
774 6.882174441862511e-07
775 7.126869707909873e-07
776 6.924221076860627e-07
777 7.339405145700704e-07
778 6.867496946349254e-07
779 7.130969439642042e-07
780 7.067047772354138e-07
781 6.917659069662976e-07
782 6.852662700070124e-07
783 7.226200704022174e-07
784 6.526348985009642e-07
785 7.094718796555116e-07
786 7.282550946059097e-07
787 6.799149943193416e-07
788 6.810277255558874e-07
789 6.576006188604951e-07
790 7.447263090695083e-07
791 6.619509983764299e-07
792 7.111467339273569e-07
793 7.405423769676219e-07
794 6.972450623521974e-07
795 6.977807207861498e-07
796 6.748671173750534e-07
797 6.625023801711708e-07
798 7.57599580178684e-07
799 6.625607486089787e-07
800 7.076794771437563e-07
801 6.61339548813737e-07
802 6.868670848219107e-07
803 7.176345916680751e-07
804 6.828622215199543e-07
805 7.070674299149201e-07
806 6.812485642436798e-07
807 7.007563677389705e-07
808 7.329582092892346e-07
809 6.843903076072098e-07
810 7.139415741095358e-07
811 6.833148276362119e-07
812 7.273014394199716e-07
813 7.23696966935196e-07
814 6.876084202168037e-07
815 7.843784167848275e-07
816 7.1626450140571e-07
817 7.22224160543306e-07
818 7.180600671003759e-07
819 6.998646273147081e-07
820 7.281493566241512e-07
821 6.781223101890533e-07
822 6.975469019916906e-07
823 7.257772967683113e-07
824 6.49066830283658e-07
825 6.950010630045257e-07
826 6.862310040051717e-07
827 6.78083471054443e-07
828 7.32830246748096e-07
829 6.493720678903058e-07
830 6.730517141267781e-07
831 6.99892831382133e-07
832 7.188724246241931e-07
833 6.797856742858279e-07
834 6.52992403854345e-07
835 7.085328930927628e-07
836 7.11200432338597e-07
837 6.928808882323238e-07
838 7.174266566832574e-07
839 6.499653671028074e-07
840 6.841973614459627e-07
841 7.104944073376275e-07
842 7.268547271870834e-07
843 7.282958824334889e-07
844 6.958644575677313e-07
845 7.150708840967721e-07
846 7.044783083599405e-07
847 6.491311429327299e-07
848 7.292012068156377e-07
849 6.604541396290947e-07
850 7.129529055228228e-07
851 6.883159644961523e-07
852 6.968830354702131e-07
853 6.755887786009518e-07
854 7.040958377433638e-07
855 7.169608485717921e-07
856 6.901015256819317e-07
857 7.089845470750838e-07
858 7.10781247634637e-07
859 6.759314010830361e-07
860 7.188398485824339e-07
861 7.128786615514582e-07
862 6.813651053098869e-07
863 6.845459494022964e-07
864 6.961272004221916e-07
865 7.540128466052636e-07
866 7.171195395825186e-07
867 6.786495504099661e-07
868 6.8700868739278e-07
869 7.00515500956683e-07
870 6.753721540163757e-07
871 7.031255010405917e-07
872 6.923896966329313e-07
873 6.615178371046672e-07
874 7.470521974168631e-07
875 7.315754935889447e-07
876 6.609139636872403e-07
877 6.85109604323772e-07
878 7.075990701662627e-07
879 7.004361737350131e-07
880 7.288166593795711e-07
881 6.991852430309809e-07
882 7.1143225727809e-07
883 6.861864680514514e-07
884 6.849852959779072e-07
885 6.862313271065069e-07
886 7.367775143752902e-07
887 7.396667892464956e-07
888 6.830526336128331e-07
889 7.23828394707512e-07
890 7.437490085372493e-07
891 7.436673668634109e-07
892 6.926727474178371e-07
893 7.126992168126199e-07
894 7.06496705045142e-07
895 6.974298711526814e-07
896 7.230437731162755e-07
897 7.517799133316043e-07
898 6.781062963477332e-07
899 7.111420019885078e-07
900 6.857052295237228e-07
901 6.818162965704238e-07
902 6.833564828323978e-07
903 6.702338107656227e-07
904 7.105337134555502e-07
905 7.189972521682801e-07
906 6.703548861717275e-07
907 7.424366996312042e-07
908 7.18290091752692e-07
909 6.729675795161135e-07
910 6.580056669210707e-07
911 6.786256885599953e-07
912 7.300933684797641e-07
913 7.517155278733993e-07
914 6.622557882696199e-07
915 7.285248961024962e-07
916 7.036239124717463e-07
917 7.54993419055405e-07
918 7.260190735610003e-07
919 7.327282169442272e-07
920 6.834339880236498e-07
921 7.190129394755739e-07
922 6.761960230778259e-07
923 7.042516617420405e-07
924 7.177721860524757e-07
925 6.83115346420753e-07
926 6.842349525815837e-07
927 6.651618357646371e-07
928 7.223784831408903e-07
929 6.793706795447135e-07
930 6.758035692853769e-07
931 7.199397535517905e-07
932 7.108123737226107e-07
933 6.960399180827322e-07
934 6.993486666185181e-07
935 7.071633220524259e-07
936 6.717233270649266e-07
937 6.83020117734996e-07
938 6.926859042509898e-07
939 7.329086377120121e-07
940 7.471263440088732e-07
941 6.29740720847538e-07
942 7.214960079675061e-07
943 7.34039184208168e-07
944 7.082546287475973e-07
945 6.464478390549003e-07
946 7.013442650883048e-07
947 7.192159165830879e-07
948 7.010215309305919e-07
949 6.895023929506317e-07
950 7.133225758252907e-07
951 7.651164292393379e-07
952 6.637171839510601e-07
953 6.653672904787019e-07
954 7.111527773946661e-07
955 7.119965376335638e-07
956 6.99716770522937e-07
957 6.697699991203328e-07
958 7.069111101797567e-07
959 7.387945749937142e-07
960 6.584167333107306e-07
961 6.942745762649906e-07
962 7.431841591218686e-07
963 7.328395513294391e-07
964 6.802238027085704e-07
965 6.339798953587946e-07
966 7.082943744820065e-07
967 7.478650038534217e-07
968 7.077690544356072e-07
969 6.994585425289044e-07
970 7.104636339606718e-07
971 7.098493478933233e-07
972 7.118793061100516e-07
973 7.228511588124711e-07
974 6.689897718814576e-07
975 7.103065014693964e-07
976 7.121515204648831e-07
977 7.38061248510294e-07
978 7.038064855258162e-07
979 7.187901299770328e-07
980 7.113560468813816e-07
981 7.663241960411198e-07
982 7.551869312151828e-07
983 7.136856861165061e-07
984 7.059989263674834e-07
985 6.713249317501604e-07
986 6.823328179062123e-07
987 6.453194147068107e-07
988 6.755656117852843e-07
989 6.745609991537249e-07
990 6.912147633424363e-07
991 7.317783387597573e-07
992 6.993825698922455e-07
993 6.833111002895006e-07
994 7.046010319407309e-07
995 6.742321693059698e-07
996 7.073260477328005e-07
997 7.571510400993307e-07
998 6.690723635713747e-07
999 6.693539224679214e-07
