0 6.803757480699075e-07
1 7.317169882214902e-07
2 6.184636658344971e-07
3 6.649556025331529e-07
4 5.988554152349341e-07
5 6.614548202433783e-07
6 6.859219714430205e-07
7 7.785787705617036e-07
8 7.224794404767475e-07
9 7.069890680658302e-07
10 6.101634318571212e-07
11 7.588529888431021e-07
12 6.792508962850793e-07
13 8.209157698585533e-07
14 6.182010143604482e-07
15 6.70764640835366e-07
16 6.28094234474767e-07
17 6.912117443743283e-07
18 7.56667617642935e-07
19 6.865617120971634e-07
20 6.903373488120375e-07
21 6.162943103001491e-07
22 6.98944161167114e-07
23 7.109116141000258e-07
24 7.888194491877939e-07
25 6.81770198495442e-07
26 6.546436639164844e-07
27 7.19281254748183e-07
28 6.737314066558891e-07
29 7.612779071830197e-07
30 5.468788067324506e-07
31 6.290985941966822e-07
32 7.31157009512293e-07
33 6.217642186266213e-07
34 6.891136733504282e-07
35 6.94152427806727e-07
36 7.727158301654999e-07
37 7.810603352030788e-07
38 7.534920906897792e-07
39 6.764759299120493e-07
40 6.935552984742559e-07
41 8.119413388763988e-07
42 6.608862065557273e-07
43 7.577578700294394e-07
44 7.246857498566008e-07
45 6.929533044664013e-07
46 7.067735448892546e-07
47 6.371496506213762e-07
48 7.50905967883344e-07
49 6.760519468036849e-07
50 5.930769394100466e-07
51 6.255604613579162e-07
52 7.01304502337226e-07
53 7.083790673617438e-07
54 7.323274125188313e-07
55 7.885545076204098e-07
56 6.895932698491152e-07
57 7.323541205594048e-07
58 7.261983647509568e-07
59 8.620141178264348e-07
60 6.709836656237085e-07
61 6.956339284312696e-07
62 6.845208032678293e-07
63 6.305243712659258e-07
64 6.7842419834311e-07
65 7.197207246246652e-07
66 7.888527768097757e-07
67 5.400711019496872e-07
68 6.801965422369841e-07
69 6.460916902280165e-07
70 6.519342594322426e-07
71 6.714586801328961e-07
72 7.999941308669732e-07
73 6.418033439132298e-07
74 7.139851212369314e-07
75 7.468001032582645e-07
76 6.922517730335365e-07
77 6.224640509655267e-07
78 7.122419537261904e-07
79 6.780012228226812e-07
80 6.401656829868383e-07
81 6.401549411364058e-07
82 7.503267085186629e-07
83 6.899709711185094e-07
84 6.741156048401975e-07
85 6.723325485318776e-07
86 8.129399813704013e-07
87 4.809465145244087e-07
88 6.753881260438066e-07
89 7.635686453068142e-07
90 6.759017107704595e-07
91 6.697259666199334e-07
92 7.040660440805286e-07
93 6.602306550574685e-07
94 6.948511176426276e-07
95 6.512068132855674e-07
96 6.318047364539633e-07
97 7.910875871159804e-07
98 6.329167484899649e-07
99 8.713056457437289e-07
100 5.808146090748242e-07
101 7.352192100643325e-07
102 7.187211278470401e-07
103 7.693006157722803e-07
104 7.272056508130818e-07
105 7.041821365581345e-07
106 6.42640651504565e-07
107 7.394800656740972e-07
108 7.068932603339401e-07
109 6.440567480135578e-07
110 6.898173130469593e-07
111 6.255076768049434e-07
112 6.682893652824424e-07
113 7.437848861989288e-07
114 6.843619151397432e-07
115 7.228136186520554e-07
116 6.802336115896079e-07
117 7.916193737908175e-07
118 7.486085282049892e-07
119 7.394366976696045e-07
120 6.832089477967978e-07
121 7.500096075752445e-07
122 7.682146254143792e-07
123 7.133104942742114e-07
124 5.981073491607624e-07
125 7.095892714640303e-07
126 5.782664329695463e-07
127 8.022524883659227e-07
128 7.242581145858479e-07
129 7.314519745724028e-07
130 7.804674285208697e-07
131 6.653338946327026e-07
132 6.476120836202787e-07
133 7.181473578043617e-07
134 6.230258516525334e-07
135 6.185079714240594e-07
136 6.414732144393181e-07
137 7.411070878119839e-07
138 7.724285754923434e-07
139 7.675191056694296e-07
140 7.245019507836724e-07
141 5.963816190911769e-07
142 7.832862106146724e-07
143 6.785124269829429e-07
144 6.913658456290481e-07
145 6.106231415515391e-07
146 6.42563992653025e-07
147 6.826767514851582e-07
148 6.685251054003579e-07
149 7.04278086740378e-07
150 6.655860991704377e-07
151 5.938074407448427e-07
152 8.27772094973296e-07
153 7.37252239469342e-07
154 7.121480427070732e-07
155 7.088850183583326e-07
156 7.328316133563363e-07
157 6.470027088103555e-07
158 6.897241766000885e-07
159 7.239809621255101e-07
160 7.28320955979131e-07
161 8.228686013148839e-07
162 8.027547121536447e-07
163 8.211230796900796e-07
164 7.356058192947853e-07
165 5.720760442396427e-07
166 7.226890169939782e-07
167 7.598978216896783e-07
168 6.90871550923206e-07
169 6.656920810491686e-07
170 6.390646244975802e-07
171 6.512456120792487e-07
172 7.07557950455533e-07
173 6.824183674364695e-07
174 6.979355703757413e-07
175 6.011776870211226e-07
176 7.296616701296677e-07
177 6.425592563146796e-07
178 6.949350610119961e-07
179 7.149458540180577e-07
180 7.33370537101049e-07
181 6.385374068607955e-07
182 5.96910549997513e-07
183 7.580933209635999e-07
184 6.95098412021816e-07
185 6.620124503768834e-07
186 6.024945731833298e-07
187 7.631208922579504e-07
188 6.434710917113101e-07
189 6.789084854130147e-07
190 6.155350377939114e-07
191 7.349211967849426e-07
192 6.474719365619374e-07
193 7.109416674719425e-07
194 7.81654997474155e-07
195 7.42154204028022e-07
196 7.581468354565628e-07
197 7.037105248571695e-07
198 6.827324266366635e-07
199 6.895044132799664e-07
200 7.112849919244572e-07
201 6.701185972383599e-07
202 6.611863465215701e-07
203 7.415613977317476e-07
204 7.678156420322594e-07
205 7.74880292411632e-07
206 7.252664923621639e-07
207 6.234325461202215e-07
208 6.143616071032665e-07
209 7.092324723957811e-07
210 6.480005366391587e-07
211 6.947878430040974e-07
212 6.427068099726505e-07
213 7.09323815569637e-07
214 7.409529554502394e-07
215 7.182382863308452e-07
216 7.048593631198243e-07
217 6.470461141288411e-07
218 6.581928479778286e-07
219 6.054388250930631e-07
220 7.472982579631806e-07
221 6.803849759228042e-07
222 8.145669611389705e-07
223 6.189772846971291e-07
224 6.34887812936219e-07
225 7.501692683223456e-07
226 6.143129208878241e-07
227 6.256196264775648e-07
228 6.907091912905949e-07
229 7.315530483150343e-07
230 6.687801606073905e-07
231 6.222440227391774e-07
232 7.60369635651559e-07
233 6.80739921907013e-07
234 7.21682934023048e-07
235 5.643623752370587e-07
236 6.867878274499001e-07
237 6.909232739470669e-07
238 6.883591994424733e-07
239 7.166552875970864e-07
240 6.985544838856207e-07
241 5.956272524842053e-07
242 6.874437409638882e-07
243 8.36653795143821e-07
244 7.526075169878139e-07
245 7.0949924180299e-07
246 7.036617872737659e-07
247 6.853814452367442e-07
248 7.627866496025546e-07
249 7.852710196917421e-07
250 7.718116101661878e-07
251 6.55972680828109e-07
252 7.365492707810421e-07
253 6.483101374275836e-07
254 6.408051363974217e-07
255 6.393926176979659e-07
256 7.122381989682149e-07
257 6.333511251530956e-07
258 6.492894776963957e-07
259 8.069854816690378e-07
260 6.699839717861709e-07
261 6.48404918373001e-07
262 6.386964524553405e-07
263 7.23678207743646e-07
264 6.26673784062507e-07
265 7.439851553824233e-07
266 7.557198886656347e-07
267 7.244037643537269e-07
268 8.300058440200011e-07
269 7.555940474295624e-07
270 6.793808819606946e-07
271 6.201819205922688e-07
272 7.849617088736339e-07
273 6.427736625033572e-07
274 7.691527815924027e-07
275 6.490683258707826e-07
276 7.625239722876005e-07
277 6.346885578778547e-07
278 7.801152952141961e-07
279 6.444308478169133e-07
280 7.637266240775129e-07
281 7.694879539123771e-07
282 7.48309891448901e-07
283 8.312672766810891e-07
284 8.100611527552124e-07
285 8.072214084759368e-07
286 7.63919233536939e-07
287 7.008608751555939e-07
288 7.174270339968691e-07
289 6.012012854024035e-07
290 6.272054089048256e-07
291 5.634473536681157e-07
292 6.104993590724769e-07
293 8.077847023919163e-07
294 8.030585219485046e-07
295 6.757495432190705e-07
296 8.78388963597058e-07
297 6.906893529296976e-07
298 6.574322427793862e-07
299 8.02103034087183e-07
300 6.411662529874243e-07
301 7.009028722146283e-07
302 6.209889836083196e-07
303 7.887690083370004e-07
304 7.396384731080018e-07
305 6.022830550538138e-07
306 6.987021563653217e-07
307 5.95428059236146e-07
308 6.504917076369677e-07
309 6.456214470036471e-07
310 6.973331050889195e-07
311 6.529345807777549e-07
312 7.122323140411916e-07
313 6.395658467480008e-07
314 6.573775094101429e-07
315 7.56845420118124e-07
316 8.253671278944267e-07
317 6.610879403888064e-07
318 6.754272077646191e-07
319 7.245862919532892e-07
320 7.20783702301916e-07
321 6.941082547205943e-07
322 5.517707730222784e-07
323 7.941964266242655e-07
324 6.645622937196586e-07
325 6.812422179507122e-07
326 6.339206260320727e-07
327 6.537859999528975e-07
328 6.02048435396839e-07
329 8.320368395772748e-07
330 7.251846571060155e-07
331 6.666482602263932e-07
332 7.194758832084573e-07
333 6.274843796198997e-07
334 8.11584896568949e-07
335 7.486648698837153e-07
336 7.54327663010647e-07
337 8.201726995395111e-07
338 6.684203691426562e-07
339 8.167927040862279e-07
340 5.982815650504114e-07
341 6.964884717839751e-07
342 7.136613165989637e-07
343 7.572258767556706e-07
344 6.730283147896789e-07
345 7.358042070415042e-07
346 6.142081561524778e-07
347 7.833056506843425e-07
348 7.769983526579857e-07
349 6.340434719774903e-07
350 7.059575254733087e-07
351 6.804638102668198e-07
352 7.943155376365759e-07
353 6.465529532235123e-07
354 6.217866276132012e-07
355 7.215175683809157e-07
356 6.847439587525903e-07
357 7.057925007122868e-07
358 7.699349499470023e-07
359 8.132033510473511e-07
360 6.345669345051179e-07
361 5.782842210786741e-07
362 6.419730280244746e-07
363 5.622047268179118e-07
364 6.460929586269268e-07
365 5.833544978324315e-07
366 6.429510555594761e-07
367 6.104475805933807e-07
368 7.747706682483857e-07
369 6.045149024530239e-07
370 6.382626897624833e-07
371 6.876348044582047e-07
372 7.391111798211144e-07
373 6.96411879375512e-07
374 6.747881982382114e-07
375 6.748739819226087e-07
376 7.545705674689496e-07
377 6.385805507213379e-07
378 7.691254337115139e-07
379 7.786194872276269e-07
380 6.806659803147132e-07
381 6.239298945630306e-07
382 5.972697336580109e-07
383 5.938895291438193e-07
384 6.749039694195682e-07
385 6.572196092239101e-07
386 7.13386137883731e-07
387 6.936159355344286e-07
388 7.359129937985203e-07
389 7.9349432298364e-07
390 5.873939124753362e-07
391 7.138728241019662e-07
392 6.67276407157536e-07
393 7.666314840419777e-07
394 6.058404823451626e-07
395 7.008507614108125e-07
396 7.96020197858112e-07
397 6.653344225879003e-07
398 6.815009915170657e-07
399 8.047241876376985e-07
400 7.759536802228202e-07
401 7.166591174096638e-07
402 7.003880218674703e-07
403 7.287292366613658e-07
404 6.884977019788762e-07
405 6.032549759946009e-07
406 7.733316437412007e-07
407 7.702136784120757e-07
408 6.878348798302738e-07
409 6.781334273565398e-07
410 5.748896666115997e-07
411 6.978103219069939e-07
412 6.456196888377114e-07
413 6.877887009301602e-07
414 6.966800549156061e-07
415 7.056516789002808e-07
416 6.892545002749723e-07
417 7.299356801353749e-07
418 6.972158712615843e-07
419 7.723860087662589e-07
420 6.266564534664948e-07
421 6.911933741906185e-07
422 6.579929326629406e-07
423 7.108486284552055e-07
424 6.159062271529106e-07
425 6.784895076941881e-07
426 6.72472923870266e-07
427 6.842000862545673e-07
428 7.802371709979191e-07
429 6.938455422762817e-07
430 7.567462744791708e-07
431 7.05775482031315e-07
432 6.829528059201091e-07
433 7.054910180029865e-07
434 6.857930401472497e-07
435 6.431366610727402e-07
436 7.039030253687043e-07
437 7.882190397743213e-07
438 7.391225985363639e-07
439 7.627032829024698e-07
440 7.050445648408392e-07
441 6.78893365370071e-07
442 7.085768004212389e-07
443 6.324673497731537e-07
444 7.838485764493346e-07
445 7.073457645314092e-07
446 6.796265947567323e-07
447 6.788209975930612e-07
448 6.712403222663986e-07
449 7.71458273829772e-07
450 8.206733721698521e-07
451 6.638548185816404e-07
452 6.060664158891573e-07
453 7.074667307613483e-07
454 7.973785747194374e-07
455 6.424505851446748e-07
456 6.841593677125928e-07
457 7.423701030876949e-07
458 6.895079646700308e-07
459 6.329505367878889e-07
460 8.420632563522862e-07
461 7.002295002181187e-07
462 7.685163977194064e-07
463 6.120494855601404e-07
464 7.727123120698079e-07
465 5.592563562187349e-07
466 6.314833863620837e-07
467 6.72002116966521e-07
468 5.915962399068397e-07
469 7.338636343150723e-07
470 6.511781958749256e-07
471 6.401548636620709e-07
472 7.920429787545693e-07
473 6.381818015744425e-07
474 6.782558214238023e-07
475 7.204520142739932e-07
476 6.601461361223571e-07
477 8.174277688388044e-07
478 5.623362419631636e-07
479 6.475515558883304e-07
480 5.727569494041448e-07
481 6.55386386523368e-07
482 6.054959209234628e-07
483 6.765426607916588e-07
484 7.079028651056528e-07
485 6.719081700818993e-07
486 6.517209989607477e-07
487 6.817171899873227e-07
488 7.286300171276654e-07
489 6.497467183643556e-07
490 7.154902279515784e-07
491 7.01925021949457e-07
492 6.305730279983509e-07
493 7.184466389692321e-07
494 8.144311911036431e-07
495 6.80373267036077e-07
496 7.638365890216895e-07
497 8.415981497507763e-07
498 6.705540836066365e-07
499 7.501008059153458e-07
500 8.052553539918624e-07
501 5.959669675184352e-07
502 7.339718011585172e-07
503 6.08375527525393e-07
504 7.182846101669548e-07
505 6.535084245503847e-07
506 8.137977922157903e-07
507 6.854930402343502e-07
508 6.674594612048807e-07
509 6.780600114556222e-07
510 6.738542863792938e-07
511 7.400087069241384e-07
512 6.306656718646753e-07
513 6.700159860411942e-07
514 7.072363199123831e-07
515 6.357958678165614e-07
516 6.783233169900831e-07
517 5.719442533074706e-07
518 8.202037624726585e-07
519 7.028417939801326e-07
520 7.104772283004758e-07
521 5.416390482928519e-07
522 7.818492700557738e-07
523 5.729666979926695e-07
524 7.619271990968689e-07
525 6.793566760613874e-07
526 6.363782242803852e-07
527 7.141855461365055e-07
528 7.546484666552242e-07
529 6.541515549274431e-07
530 6.953666388327217e-07
531 7.110578485708272e-07
532 8.191733573366836e-07
533 6.70544256822762e-07
534 6.874190136107201e-07
535 7.403883652636971e-07
536 6.644518126994167e-07
537 7.07920813548724e-07
538 7.251812126363104e-07
539 6.472515809614608e-07
540 8.054672433708329e-07
541 7.160871026583025e-07
542 5.940775615481708e-07
543 6.022900935557849e-07
544 7.0467729001611e-07
545 6.68010812165099e-07
546 6.631366720179211e-07
547 5.805008388417399e-07
548 6.879635145011287e-07
549 7.941434731746177e-07
550 8.131305121043746e-07
551 7.604878783871465e-07
552 6.310518692044127e-07
553 7.029295153998687e-07
554 6.658327699638605e-07
555 6.674139449746734e-07
556 7.24660867402321e-07
557 7.140783177943524e-07
558 7.784483463753389e-07
559 7.66482221609073e-07
560 7.116104532467076e-07
561 8.025521827094928e-07
562 6.767745404198631e-07
563 6.978769390809312e-07
564 8.286126376109379e-07
565 7.895861813836273e-07
566 5.792017739324944e-07
567 7.374761371490339e-07
568 6.838505066729618e-07
569 6.996227818812038e-07
570 6.26903045203003e-07
571 6.460685738533368e-07
572 7.204125871455526e-07
573 6.134403776909176e-07
574 7.510886203798616e-07
575 6.973156529162418e-07
576 6.18912436255173e-07
577 6.705328697256472e-07
578 7.869896992819052e-07
579 7.474121301287212e-07
580 7.054028957356954e-07
581 6.711396220997475e-07
582 6.985551084906766e-07
583 6.654863876390687e-07
584 6.787843349873561e-07
585 6.556812515314539e-07
586 6.178077407926774e-07
587 6.285855148238527e-07
588 5.883870337382824e-07
589 5.790817289924386e-07
590 6.24326621220379e-07
591 7.523352107814739e-07
592 6.424185979483352e-07
593 8.023231974155538e-07
594 6.416351488176996e-07
595 7.289442951527066e-07
596 6.26801226678354e-07
597 5.829044438348117e-07
598 6.77972627478976e-07
599 6.865113759170009e-07
600 6.696308308588174e-07
601 5.972952863382792e-07
602 6.385168381174144e-07
603 7.03026126539776e-07
604 6.802376317913954e-07
605 6.001567850064047e-07
606 7.357106373342979e-07
607 6.328957546687956e-07
608 7.248918473998369e-07
609 7.094906188406879e-07
610 6.519934082045762e-07
611 6.79638747988837e-07
612 6.545899765498652e-07
613 6.127846805774598e-07
614 7.285531078868051e-07
615 6.445544038800319e-07
616 6.279639805777227e-07
617 7.639910393254006e-07
618 6.893765065596386e-07
619 4.892071717733498e-07
620 8.004678739499009e-07
621 7.41430599562913e-07
622 7.506951575952104e-07
623 5.667777942192847e-07
624 6.488668323869127e-07
625 6.497820297845297e-07
626 5.920543730701127e-07
627 6.308137752158347e-07
628 6.756803457604584e-07
629 7.0127637606549e-07
630 6.520737682956372e-07
631 7.851698424434702e-07
632 6.576928326627733e-07
633 7.073194020023894e-07
634 7.402037014909468e-07
635 7.21557121712992e-07
636 5.816843006882423e-07
637 7.0445632243346e-07
638 7.606008173327203e-07
639 7.508157774010036e-07
640 7.851212974377236e-07
641 6.426595346400087e-07
642 7.312686734569217e-07
643 7.007095655440553e-07
644 5.570649580671214e-07
645 7.207622722180355e-07
646 6.252034729068663e-07
647 6.869572609940165e-07
648 6.700458715641737e-07
649 6.59468659925938e-07
650 7.45079826147126e-07
651 7.636847497259258e-07
652 7.675054108027512e-07
653 6.701148854539404e-07
654 7.100260940243263e-07
655 6.873930938847207e-07
656 6.399470747878605e-07
657 6.404135671810175e-07
658 7.217387241883957e-07
659 7.713542224636167e-07
660 6.595094063624746e-07
661 7.26342100880161e-07
662 6.532962404969645e-07
663 7.367007085917224e-07
664 6.611693742309289e-07
665 6.089449515495585e-07
666 6.541328610963272e-07
667 7.109947740795831e-07
668 6.818836016497721e-07
669 6.901700607798907e-07
670 7.04163687192257e-07
671 7.046327520703266e-07
672 6.885648716137817e-07
673 7.279136952550327e-07
674 6.321255939661331e-07
675 7.400284558379206e-07
676 6.802167086058049e-07
677 6.650308030141822e-07
678 7.443774534969089e-07
679 5.859981188745371e-07
680 7.873139848320951e-07
681 7.812649146948656e-07
682 6.31748253565251e-07
683 6.269848352645786e-07
684 6.740358899501293e-07
685 6.112693934676935e-07
686 7.528620981955013e-07
687 6.145300962394565e-07
688 6.138607097544626e-07
689 7.009047642027506e-07
690 5.985603289917125e-07
691 7.520336620064421e-07
692 6.970766311576088e-07
693 6.270076410816321e-07
694 7.247471624270598e-07
695 8.354652073390599e-07
696 6.368558875338322e-07
697 5.295291363523273e-07
698 7.153180983993251e-07
699 6.777735875416271e-07
700 6.944668289687288e-07
701 6.792988741945408e-07
702 7.505914625876353e-07
703 7.230413447582429e-07
704 6.651642853792121e-07
705 6.428079504228277e-07
706 6.90454000310424e-07
707 5.69324318920853e-07
708 7.068558283107087e-07
709 6.93072786244576e-07
710 7.410725498975502e-07
711 6.770758631247001e-07
712 6.810629685358532e-07
713 7.593657512608424e-07
714 7.358001556808184e-07
715 8.451539390515449e-07
716 6.734335561743471e-07
717 5.715841161299972e-07
718 7.370549385406853e-07
719 6.031706811394289e-07
720 6.513778589422691e-07
721 6.697889237454534e-07
722 6.39497371738398e-07
723 7.78962752317578e-07
724 7.036329040491086e-07
725 7.294593608442076e-07
726 6.100434817737118e-07
727 7.315897711354594e-07
728 7.420352635443102e-07
729 6.834058050803924e-07
730 6.998035850259187e-07
731 6.459353109769107e-07
732 6.420698468975851e-07
733 6.934987842007142e-07
734 6.566461036648349e-07
735 6.707914658609306e-07
736 7.441106137503996e-07
737 6.801183579723653e-07
738 7.767769742753857e-07
739 7.417649984796655e-07
740 6.763618949227636e-07
741 5.122326383744474e-07
742 6.694401379803136e-07
743 7.489839934751324e-07
744 7.238151023700681e-07
745 6.16209420551922e-07
746 5.886292718590381e-07
747 6.506778509343306e-07
748 7.146439619356521e-07
749 6.591077561905473e-07
750 7.1572366388032e-07
751 7.882853455928261e-07
752 6.430005177859607e-07
753 6.973789445342989e-07
754 6.916440790357302e-07
755 7.013776796492583e-07
756 6.347134153398182e-07
757 7.8188607606341e-07
758 7.321974262256453e-07
759 6.714286322196686e-07
760 6.897850314850684e-07
761 6.486014421904319e-07
762 7.781649518387774e-07
763 6.999260787976251e-07
764 6.963393950132385e-07
765 6.614490163779763e-07
766 5.992797961756527e-07
767 6.505181012708043e-07
768 5.517321587821974e-07
769 7.477031827061112e-07
770 6.302557773200087e-07
771 7.513205985694505e-07
772 6.845634208304453e-07
773 8.410057240076175e-07
774 7.04654403526913e-07
775 7.517478416966402e-07
776 7.047087274899657e-07
777 6.502831501447852e-07
778 6.417532532885906e-07
779 7.301947815521253e-07
780 6.66689392383675e-07
781 6.682085395385415e-07
782 6.216668030207873e-07
783 6.723319317015094e-07
784 5.854335828832398e-07
785 6.273868177440259e-07
786 7.347792732478034e-07
787 6.159118914957658e-07
788 6.24257449767138e-07
789 6.083983166554011e-07
790 8.333397241058788e-07
791 6.203023970335927e-07
792 6.63086680405954e-07
793 7.365178050581001e-07
794 6.123675389561939e-07
795 5.984595015454899e-07
796 6.060223686555046e-07
797 6.616404340115649e-07
798 8.13981155032252e-07
799 6.031511088379346e-07
800 7.375025709509714e-07
801 5.946393868684704e-07
802 6.7470905997983e-07
803 7.530055442764797e-07
804 6.764376476638251e-07
805 7.383231700366089e-07
806 6.626711427865483e-07
807 6.775573067269229e-07
808 7.739711303894886e-07
809 6.021934552579339e-07
810 6.801310358537595e-07
811 6.368707764247867e-07
812 7.218002088217018e-07
813 7.266971916337229e-07
814 7.510314092320032e-07
815 8.796267785657178e-07
816 8.082075219521468e-07
817 7.376928355741552e-07
818 7.154861163801526e-07
819 6.299173707745206e-07
820 8.048062995667925e-07
821 6.740630467193173e-07
822 8.04397119093758e-07
823 7.284796787259337e-07
824 6.310140685611186e-07
825 6.916013612985925e-07
826 7.127641511469007e-07
827 5.955766130015108e-07
828 7.652137067917809e-07
829 5.887391701942873e-07
830 6.290733554421735e-07
831 5.802940479379231e-07
832 7.755129547157427e-07
833 6.406710992600488e-07
834 6.185828629963822e-07
835 6.821997454723728e-07
836 7.58573336111573e-07
837 6.830777559028137e-07
838 7.358413009842916e-07
839 6.445733064765986e-07
840 6.618888293986917e-07
841 7.26316383092657e-07
842 7.67024398952958e-07
843 7.421272121600208e-07
844 6.95782868250734e-07
845 8.012228827513718e-07
846 7.358108725583077e-07
847 5.532021268810146e-07
848 8.022554484821827e-07
849 6.095853282421147e-07
850 6.506786928128668e-07
851 5.925792019926682e-07
852 6.720944342412367e-07
853 6.292750180151155e-07
854 6.197494427403668e-07
855 6.195409879056433e-07
856 6.574698129309907e-07
857 6.916675503185847e-07
858 7.224217509470828e-07
859 6.561210149868673e-07
860 6.850282778306336e-07
861 7.052403458744034e-07
862 6.277658230732201e-07
863 6.208394573769276e-07
864 7.706765160229253e-07
865 8.068991508928296e-07
866 6.888038676608822e-07
867 6.220283825964894e-07
868 6.71639767757864e-07
869 7.225297415240031e-07
870 7.442166143799654e-07
871 6.538722561599833e-07
872 7.430670675377493e-07
873 5.572570970445472e-07
874 7.832666857247291e-07
875 8.067929734775013e-07
876 5.326430932326423e-07
877 7.11392553306481e-07
878 7.166721332322816e-07
879 6.352141681279204e-07
880 7.857219517980905e-07
881 7.572583708115066e-07
882 6.973443139308021e-07
883 6.515918865005956e-07
884 5.717152014595362e-07
885 5.994209744852525e-07
886 6.98328690466127e-07
887 8.141631058091893e-07
888 6.171404927435576e-07
889 7.270281714878622e-07
890 7.771160574914535e-07
891 7.296849132546036e-07
892 5.793861660360853e-07
893 6.999556177708815e-07
894 6.988948084632632e-07
895 7.297018945238907e-07
896 7.778199752543935e-07
897 7.592064892889893e-07
898 5.762151181580592e-07
899 7.746684663450768e-07
900 6.878303205579712e-07
901 6.724253967455034e-07
902 7.373318874103835e-07
903 6.119725750771954e-07
904 7.454170593604774e-07
905 7.662341828040234e-07
906 5.878718438826072e-07
907 7.985953008850852e-07
908 7.229770080765373e-07
909 6.061835946642437e-07
910 6.351555518629835e-07
911 6.913560556433918e-07
912 8.295742099812777e-07
913 7.882078316202635e-07
914 6.243525086780658e-07
915 7.151628263670117e-07
916 7.035136401664583e-07
917 7.964348438160096e-07
918 7.455329402184249e-07
919 7.459112883250739e-07
920 6.859550636069718e-07
921 6.919802545675075e-07
922 5.686564387663946e-07
923 6.826757611659314e-07
924 7.825780875691161e-07
925 6.529535248494864e-07
926 7.178187232727832e-07
927 5.403391186461511e-07
928 7.17991089741564e-07
929 6.616589090850383e-07
930 6.98849019770789e-07
931 6.576971539097884e-07
932 7.43389144184575e-07
933 7.059488640689399e-07
934 6.414635938362071e-07
935 6.66639079196927e-07
936 5.99975760235517e-07
937 6.897226347928897e-07
938 6.341360908692726e-07
939 6.805655458190093e-07
940 8.401403971076079e-07
941 5.888194075408083e-07
942 6.73902382398496e-07
943 7.723211062221048e-07
944 7.633503565444694e-07
945 5.865567431042488e-07
946 7.578258599102139e-07
947 7.208504969888922e-07
948 7.448557053083923e-07
949 6.614279857408417e-07
950 7.419567154920287e-07
951 8.372309612821283e-07
952 6.115323961586576e-07
953 6.480712868605738e-07
954 7.449230452442161e-07
955 7.126655676814624e-07
956 6.806280367283179e-07
957 6.135114384434652e-07
958 7.695513589846981e-07
959 7.33446055221446e-07
960 5.255937722388164e-07
961 6.595094425910785e-07
962 7.04766534029383e-07
963 7.077067692283511e-07
964 6.455004017296221e-07
965 5.619048994318695e-07
966 6.876898104042441e-07
967 6.83233924171336e-07
968 7.33422759196689e-07
969 6.654758646641084e-07
970 7.155743525021281e-07
971 7.209946089281169e-07
972 7.210474853001195e-07
973 7.289209568290787e-07
974 6.725999333481585e-07
975 7.624750534902385e-07
976 6.456282982495719e-07
977 8.210063890165783e-07
978 6.619971863490551e-07
979 7.969571490202422e-07
980 7.317315870845971e-07
981 8.380732290225317e-07
982 8.667764336376827e-07
983 7.50145920975619e-07
984 7.140631151845675e-07
985 6.09235512370046e-07
986 6.172720092639546e-07
987 6.119695333623943e-07
988 6.119727671677904e-07
989 6.522568134361842e-07
990 6.855133099922233e-07
991 7.339395874620389e-07
992 6.909606630284458e-07
993 7.317365895026297e-07
994 7.545230265126282e-07
995 6.110305956247218e-07
996 7.610997360056423e-07
997 8.56285862301766e-07
998 6.075525208086014e-07
999 6.570805785585106e-07
