0 4.345483905270044e-09
1 3.864368362090551e-09
2 3.9372459767657e-09
3 3.6893184080827744e-09
4 3.7148474959639404e-09
5 4.223389531414721e-09
6 4.158058954825306e-09
7 4.143693287795554e-09
8 3.697129528084759e-09
9 4.5488551169563655e-09
10 2.7940085855501985e-09
11 3.860403115623148e-09
12 3.80711073693733e-09
13 5.063613815027437e-09
14 3.604390688560812e-09
15 4.162761992474945e-09
16 3.554278664292897e-09
17 3.3937091621399566e-09
18 4.0055593612401055e-09
19 3.726024770851876e-09
20 4.631797637374786e-09
21 3.6032337718684875e-09
22 4.348936983392052e-09
23 4.038858870040552e-09
24 4.144307795970174e-09
25 3.6425622963673807e-09
26 3.446546625273143e-09
27 3.758119135312192e-09
28 3.5392951258599937e-09
29 3.9810910293623875e-09
30 2.8175624128617473e-09
31 3.355121123419142e-09
32 3.6142590054512604e-09
33 4.0795437361875215e-09
34 3.3052405859119042e-09
35 3.2189681731747382e-09
36 4.229417489201975e-09
37 3.948221022598719e-09
38 3.176371711869251e-09
39 3.749850157807358e-09
40 3.6185795745754247e-09
41 4.103635145241734e-09
42 4.215830519275872e-09
43 3.951415521561593e-09
44 3.589533362218703e-09
45 3.6870592080046595e-09
46 3.6125843991275e-09
47 3.0707034661794257e-09
48 4.44518066298808e-09
49 3.643555302691855e-09
50 3.5166346769825384e-09
51 3.213837992892441e-09
52 4.137609970085256e-09
53 3.6801819856640875e-09
54 4.453148493837254e-09
55 3.808866565138474e-09
56 3.986039023705367e-09
57 4.052243125906796e-09
58 3.882333319819187e-09
59 4.4095447461467776e-09
60 2.9898308071843648e-09
61 3.899747519508442e-09
62 3.7667004687196585e-09
63 4.181495517224752e-09
64 3.936019785251889e-09
65 3.91870913201688e-09
66 3.996607114692475e-09
67 3.568463164180065e-09
68 3.612853948174702e-09
69 4.202535330030632e-09
70 3.457006872600368e-09
71 2.985972857353159e-09
72 4.171743884089877e-09
73 4.018631329035426e-09
74 3.883010328812853e-09
75 3.4224156120460196e-09
76 3.786852356844672e-09
77 3.0994432349356597e-09
78 3.3157809055912523e-09
79 3.5906296120660657e-09
80 2.6854017819512913e-09
81 3.821444395762991e-09
82 3.76649829668586e-09
83 4.25918798797567e-09
84 3.6716467429306093e-09
85 2.8373226046226164e-09
86 4.6895205384782355e-09
87 2.6235348444214814e-09
88 3.8091398789015495e-09
89 4.170808478550937e-09
90 4.3488489962359465e-09
91 3.364042885024529e-09
92 4.040148864075813e-09
93 3.7966902602679465e-09
94 4.191849717458598e-09
95 3.006826179272121e-09
96 3.7152861081721746e-09
97 3.6373999759001415e-09
98 3.6835361730961213e-09
99 4.145010510271505e-09
100 3.755780385505512e-09
101 3.1664789865622893e-09
102 3.861038788936523e-09
103 4.397213615891251e-09
104 3.5551795238100423e-09
105 3.900799308819215e-09
106 3.423284307195278e-09
107 4.4115285612187424e-09
108 3.770652950683952e-09
109 3.2864898824875093e-09
110 4.217631108075485e-09
111 3.799993013704441e-09
112 3.5593690952782314e-09
113 4.004393831831288e-09
114 3.915788615105468e-09
115 3.791252242514632e-09
116 3.6841762341319698e-09
117 4.45433275921441e-09
118 3.535159495238256e-09
119 3.6983028387375633e-09
120 3.6333550626169247e-09
121 3.974415420996539e-09
122 4.369636649313244e-09
123 2.9232066063959897e-09
124 3.7912896605569045e-09
125 4.101396822255126e-09
126 3.1912056623790193e-09
127 4.715898960983712e-09
128 3.822845905261962e-09
129 3.2446545834478126e-09
130 4.826071533390046e-09
131 4.073996655464345e-09
132 3.988440578359105e-09
133 3.789503530970165e-09
134 3.4418441303200665e-09
135 3.947925901941254e-09
136 4.299770262410475e-09
137 4.157089198096645e-09
138 3.745231322869057e-09
139 4.269808671347357e-09
140 3.6215127987991686e-09
141 3.493922764466635e-09
142 4.062901833447552e-09
143 4.138723905461517e-09
144 3.801478013031679e-09
145 3.5515672838833655e-09
146 3.6475041693187794e-09
147 3.946185737284319e-09
148 3.4267915934076315e-09
149 4.586713382854818e-09
150 4.061680873522888e-09
151 2.9931570407456563e-09
152 4.707206660524566e-09
153 4.4405933486716705e-09
154 4.090981722556614e-09
155 3.3938560528071227e-09
156 4.150635629683376e-09
157 3.7207249040839767e-09
158 4.434308904121167e-09
159 3.7349418485009946e-09
160 4.206888402797904e-09
161 4.270212819549953e-09
162 4.4034519242254615e-09
163 4.525116292588705e-09
164 3.787360434425198e-09
165 3.373415458047479e-09
166 4.306737588065948e-09
167 4.246565516486101e-09
168 4.706724303152779e-09
169 4.246975703193079e-09
170 3.761396644887704e-09
171 3.774507301395988e-09
172 3.831973680322733e-09
173 4.073473224130897e-09
174 4.6982008787058726e-09
175 3.4349805892724243e-09
176 3.99172691208237e-09
177 4.43411080475676e-09
178 3.732126609452483e-09
179 3.788693344288995e-09
180 3.5177789564929975e-09
181 3.709220159330225e-09
182 3.2472597305623497e-09
183 4.000677429640481e-09
184 4.621364149015749e-09
185 4.0474102269325465e-09
186 3.2414374050308284e-09
187 3.81239428431526e-09
188 3.2669046771623653e-09
189 4.078224031223985e-09
190 4.432340789506856e-09
191 4.168291692330783e-09
192 3.740209085823021e-09
193 4.194737734637566e-09
194 4.030669109230931e-09
195 3.6190159254216753e-09
196 4.371054290000691e-09
197 4.347777784487554e-09
198 3.4215935006277695e-09
199 3.905323184312505e-09
200 3.5078723389525092e-09
201 4.3942920606161096e-09
202 3.367374617763333e-09
203 3.896098677408254e-09
204 3.460136930226706e-09
205 4.209214836662523e-09
206 4.034946907056651e-09
207 3.270100576208034e-09
208 3.966473931796458e-09
209 4.660441658415122e-09
210 4.080981020785078e-09
211 3.5596217165100596e-09
212 3.1417187106316455e-09
213 3.6746110483981547e-09
214 4.437971966240511e-09
215 4.178095015680544e-09
216 3.659356477585971e-09
217 3.727992653531115e-09
218 3.5223987716515185e-09
219 3.881854437806386e-09
220 4.419592784505544e-09
221 3.735386105389647e-09
222 4.207021655051947e-09
223 4.166744375295921e-09
224 3.3665666911036023e-09
225 4.114407147133217e-09
226 3.4663107768866137e-09
227 3.900398947268818e-09
228 3.534125989166358e-09
229 3.89559050305924e-09
230 4.23530467694418e-09
231 3.6548222634441333e-09
232 3.9381765639507884e-09
233 4.0354147015503665e-09
234 4.63514830977325e-09
235 3.3901222370838247e-09
236 3.5765113997604445e-09
237 3.379574044799926e-09
238 4.039462532289845e-09
239 3.623711007185679e-09
240 3.800380422174394e-09
241 4.112018673591804e-09
242 3.4976297128993216e-09
243 3.6829410811337966e-09
244 4.468323126094066e-09
245 3.728585092178677e-09
246 3.97569350291321e-09
247 3.512723219860846e-09
248 4.192611780958073e-09
249 3.8359853857274434e-09
250 4.1328251589194325e-09
251 4.02031514606567e-09
252 3.7166345128568344e-09
253 3.215513952092472e-09
254 3.3043035958597664e-09
255 4.152206096841853e-09
256 4.388013575671487e-09
257 3.9771768712946415e-09
258 3.9582277943763105e-09
259 3.773968673901926e-09
260 4.389740691076157e-09
261 3.841467528899271e-09
262 4.099365606213933e-09
263 3.499253904334735e-09
264 3.4901997295454006e-09
265 3.567609581184233e-09
266 3.923107102295849e-09
267 3.874700565936387e-09
268 4.48306575027429e-09
269 4.05383229577006e-09
270 4.335720297507889e-09
271 3.806884187541186e-09
272 4.68376089123209e-09
273 3.67696380073952e-09
274 4.939502517318611e-09
275 3.6923325606435767e-09
276 4.282564561470942e-09
277 3.3239775610701742e-09
278 3.645808456240091e-09
279 3.5310766746024454e-09
280 4.266991282915175e-09
281 4.246330512708007e-09
282 4.149271122947227e-09
283 4.441146390549678e-09
284 4.075266752052058e-09
285 3.5924617290724876e-09
286 4.129482509939021e-09
287 3.951888929690574e-09
288 3.810275635976442e-09
289 3.5923208931456573e-09
290 3.8265101443507e-09
291 4.093541797308286e-09
292 3.3000135288933075e-09
293 4.729246161327636e-09
294 4.344713142069684e-09
295 4.3726449468235245e-09
296 4.59335033130767e-09
297 3.596987584758851e-09
298 3.798823206362072e-09
299 4.274013895368479e-09
300 3.837568453699965e-09
301 4.287703403549455e-09
302 3.7059292497826256e-09
303 3.35502247796473e-09
304 3.634041099448378e-09
305 3.0534388441600265e-09
306 3.318283500872905e-09
307 3.0358601672387706e-09
308 3.437829247555382e-09
309 3.884564401061829e-09
310 3.787612047744776e-09
311 4.036741583999869e-09
312 3.787888280478812e-09
313 3.426804214957127e-09
314 3.997179826705541e-09
315 3.7033342241419775e-09
316 4.2944581761913216e-09
317 3.840555448414983e-09
318 4.0506750598727455e-09
319 3.825851179104651e-09
320 4.147333829134906e-09
321 3.982715617502587e-09
322 3.2625185566171545e-09
323 4.149165551500572e-09
324 4.363699773301331e-09
325 3.241530747274189e-09
326 4.059237141896957e-09
327 3.7110479846469e-09
328 3.4719555536518695e-09
329 4.553848897140899e-09
330 4.148715316346727e-09
331 4.272161393932525e-09
332 3.4369506356108988e-09
333 4.174224184825648e-09
334 4.5486074251278805e-09
335 3.7643668152805225e-09
336 3.76818182650109e-09
337 3.7022649841351175e-09
338 3.615882446111901e-09
339 3.966159745197289e-09
340 3.6067662336141948e-09
341 4.132680866560088e-09
342 4.250332980863458e-09
343 3.5739805418590777e-09
344 4.218250142909882e-09
345 4.099082642425446e-09
346 3.2692533640383414e-09
347 4.096765247278936e-09
348 3.985888247979754e-09
349 3.7814091881934756e-09
350 3.4658521800218775e-09
351 3.8499967463886795e-09
352 3.3989550507710474e-09
353 3.4048195832027466e-09
354 3.885845231050891e-09
355 4.634966781319353e-09
356 4.186920984412966e-09
357 4.361457854877391e-09
358 4.075799328231703e-09
359 4.499283422537705e-09
360 3.909653629929553e-09
361 4.082087673269297e-09
362 4.210296850533235e-09
363 3.3431174745476074e-09
364 3.8126271184494416e-09
365 3.674704203917946e-09
366 3.969171595158018e-09
367 4.039860909644438e-09
368 4.420350596198123e-09
369 3.811858569577483e-09
370 4.447105990042101e-09
371 4.160555153736731e-09
372 4.393538507105221e-09
373 3.987184988197469e-09
374 2.996470240122814e-09
375 4.117931948272819e-09
376 3.7302145222973465e-09
377 3.8134886326415555e-09
378 4.548937242388931e-09
379 4.430007862869941e-09
380 4.117496082117033e-09
381 3.833990727148377e-09
382 3.666156856350387e-09
383 4.303843503954647e-09
384 3.961156800833018e-09
385 3.6518378978200964e-09
386 3.952587732362343e-09
387 4.3910419700974676e-09
388 3.5166180535826355e-09
389 3.8265399196063625e-09
390 3.882305278658778e-09
391 3.6752457495614743e-09
392 3.5622254342958613e-09
393 3.704603895599096e-09
394 3.5942106036453965e-09
395 3.631707365409986e-09
396 4.156369490839444e-09
397 3.693085668457357e-09
398 3.7225809718263236e-09
399 4.9848761081354916e-09
400 3.731473606631575e-09
401 4.426101295570391e-09
402 4.39633328196976e-09
403 3.3723104972877414e-09
404 3.856328607079933e-09
405 3.969949709138041e-09
406 4.2744345689912185e-09
407 4.570219372143494e-09
408 3.3434489755455766e-09
409 4.0209705052174125e-09
410 3.859598829866355e-09
411 3.6819392297430375e-09
412 3.668043665737086e-09
413 3.4641792331933407e-09
414 4.488051649425844e-09
415 4.892917193394133e-09
416 3.665705361069409e-09
417 3.647751605275757e-09
418 3.5540181682810897e-09
419 4.096413731542003e-09
420 3.892651751353013e-09
421 3.888021952651958e-09
422 3.2207893331082723e-09
423 4.371395451719223e-09
424 3.838538422784226e-09
425 4.634777558577327e-09
426 4.2005784927156626e-09
427 3.827510910695691e-09
428 4.678594075138704e-09
429 4.247935175152106e-09
430 4.105788112630448e-09
431 4.037334281299503e-09
432 3.6951221303968417e-09
433 3.884113352872811e-09
434 3.896259481160247e-09
435 3.07829729312077e-09
436 3.870927670094318e-09
437 3.843640732094483e-09
438 4.442018037111672e-09
439 3.936570312804054e-09
440 4.409505856577739e-09
441 4.429629517143134e-09
442 3.901468962401769e-09
443 3.9050173698367835e-09
444 4.28063669560206e-09
445 4.067863374735318e-09
446 4.227500731453288e-09
447 4.403626623076643e-09
448 3.6248716178373697e-09
449 3.760403166208154e-09
450 4.586000985080617e-09
451 3.918762449961174e-09
452 3.582894575878339e-09
453 3.984441787763109e-09
454 4.293669872733378e-09
455 3.735405871991866e-09
456 3.59816303333355e-09
457 4.350339023655611e-09
458 3.537647027725738e-09
459 3.878333111292137e-09
460 3.937994965783401e-09
461 4.432242804735915e-09
462 4.286092655338863e-09
463 3.6932236300833476e-09
464 3.561165087659053e-09
465 3.3517149085675303e-09
466 3.748340986728277e-09
467 3.3513059392742257e-09
468 3.4698977594220677e-09
469 3.77480882160439e-09
470 3.4688529151317715e-09
471 3.805600249025202e-09
472 4.4986886123073774e-09
473 4.333370700521063e-09
474 3.977470339343389e-09
475 4.456812662110295e-09
476 3.6558256597110905e-09
477 4.978126858158754e-09
478 4.178543233973014e-09
479 4.274774159523241e-09
480 3.687804235850834e-09
481 3.426226068355215e-09
482 3.1527035020684705e-09
483 4.017337404184575e-09
484 3.6945059763875916e-09
485 3.903633817840404e-09
486 4.378986018187237e-09
487 4.257078463015816e-09
488 3.4610253386699973e-09
489 3.3656727335880344e-09
490 4.45236966940278e-09
491 4.387789093285324e-09
492 3.5985530398827013e-09
493 3.6577750191109176e-09
494 4.846434959703333e-09
495 3.107879616848905e-09
496 4.696443667667959e-09
497 4.664050207981911e-09
498 3.778938786367574e-09
499 3.909193899190876e-09
500 4.3460600102550144e-09
501 3.442353642608894e-09
502 4.4054808771681275e-09
503 3.6290770068834975e-09
504 4.1108871879917496e-09
505 4.528159913278789e-09
506 4.3520727077542416e-09
507 4.2873480793045084e-09
508 4.0201653259806945e-09
509 4.049761386540291e-09
510 2.666545555817472e-09
511 4.105085629853752e-09
512 3.813052630803077e-09
513 4.204470790964226e-09
514 3.831155853582189e-09
515 4.120127215302447e-09
516 3.536257164507966e-09
517 3.931527916663953e-09
518 4.109872377907144e-09
519 4.189513168269422e-09
520 3.781676617092398e-09
521 3.6324160982700946e-09
522 3.7272686747866925e-09
523 3.4164504370544537e-09
524 3.835931359736378e-09
525 4.59409666615565e-09
526 3.207158334337606e-09
527 3.379795613812285e-09
528 4.131401075715825e-09
529 3.540680651485343e-09
530 3.8708493506679164e-09
531 3.7031979468051158e-09
532 4.113466143698348e-09
533 4.226149134411665e-09
534 3.6789782317988765e-09
535 3.7017840333177912e-09
536 3.832146859344199e-09
537 4.221119734752435e-09
538 3.39463125475807e-09
539 3.6455832328183734e-09
540 4.1392725098077075e-09
541 3.6133852566467836e-09
542 3.823895788932814e-09
543 3.244985527966166e-09
544 4.119916294319548e-09
545 4.132345529744128e-09
546 3.3660532152503023e-09
547 3.2625741530402328e-09
548 3.897708925706021e-09
549 4.0003508478099215e-09
550 4.195404923463135e-09
551 3.3356536640493923e-09
552 3.962964900026389e-09
553 3.95686096472343e-09
554 2.9627211251954957e-09
555 3.5113250073127177e-09
556 4.119548796732318e-09
557 3.4306634131631034e-09
558 4.283943940523024e-09
559 4.410131170867031e-09
560 4.273966222543066e-09
561 3.786722548091487e-09
562 3.810562046601038e-09
563 3.694372559561038e-09
564 4.530790888110432e-09
565 3.882905230058922e-09
566 3.411260455935029e-09
567 3.788674483158047e-09
568 4.042283886750801e-09
569 3.985670246414191e-09
570 3.6084332309324962e-09
571 3.7139548455392146e-09
572 4.260885832238174e-09
573 3.581388817091843e-09
574 4.739474918719772e-09
575 4.363356263644895e-09
576 3.5688707799466854e-09
577 4.033359730709767e-09
578 3.2202045651591306e-09
579 3.669853184177651e-09
580 4.412729577072541e-09
581 3.7903432588780755e-09
582 3.4689947816490518e-09
583 3.935125431785471e-09
584 3.6691198002091412e-09
585 4.089219316082325e-09
586 3.4111515537657243e-09
587 3.6515795668876675e-09
588 3.478345565786949e-09
589 3.213521254490598e-09
590 2.5662518535963733e-09
591 3.410717644189592e-09
592 3.6099509185627616e-09
593 4.427206612365169e-09
594 3.67915477168601e-09
595 3.742487262312433e-09
596 4.034130458904677e-09
597 3.1622786005910507e-09
598 3.3991007068909416e-09
599 3.893021400786555e-09
600 3.6968005004804075e-09
601 3.7037564559478324e-09
602 3.2292939887379543e-09
603 4.402511920106252e-09
604 3.939853762909712e-09
605 4.2632946193467945e-09
606 3.812551891534951e-09
607 3.7619196081509485e-09
608 3.423581084652949e-09
609 3.663179790871003e-09
610 4.391321974463028e-09
611 3.6968317489744003e-09
612 3.1759661065717144e-09
613 3.190057660774675e-09
614 4.710014628460277e-09
615 3.0973136487341736e-09
616 3.044159557824747e-09
617 4.181267197671347e-09
618 4.790946513128926e-09
619 3.704156650681299e-09
620 4.475622876076383e-09
621 4.314007457675339e-09
622 4.485688178476554e-09
623 3.719842539992774e-09
624 3.7698433701279344e-09
625 3.5658232965109297e-09
626 3.559737729077268e-09
627 3.2304032235468527e-09
628 3.3439458339070057e-09
629 4.051152001163067e-09
630 3.6281438034461583e-09
631 3.6009943173653245e-09
632 4.095511719406563e-09
633 4.6561942410499094e-09
634 4.555660468479016e-09
635 4.197098915203736e-09
636 3.774369674113845e-09
637 4.0022689748753035e-09
638 4.015167817677202e-09
639 4.427552882519014e-09
640 4.089734416674492e-09
641 3.7173401508454393e-09
642 3.808263135838966e-09
643 3.693782234356037e-09
644 3.5097145822170513e-09
645 4.180989899149015e-09
646 3.1131725341398386e-09
647 3.3068998758202656e-09
648 3.9979231658282226e-09
649 3.3200213035925938e-09
650 3.6476465786215945e-09
651 4.1557316268786655e-09
652 3.888546513055121e-09
653 3.896726698311959e-09
654 3.63811796702433e-09
655 4.353710377348734e-09
656 3.890886660874837e-09
657 3.558826352524877e-09
658 3.4509267091229443e-09
659 3.2232454448140414e-09
660 3.6455231188908938e-09
661 4.053461493402997e-09
662 4.238094167308289e-09
663 3.6724685908325453e-09
664 4.234104596032072e-09
665 3.5950894020638322e-09
666 3.562956443333155e-09
667 3.9653140949613305e-09
668 3.807265449638677e-09
669 3.555134726026167e-09
670 4.38671361258667e-09
671 4.103492758543922e-09
672 4.402198980352059e-09
673 4.371940577760057e-09
674 3.5029412004148483e-09
675 3.996480998196106e-09
676 4.205304431925228e-09
677 3.722031934247319e-09
678 4.207765704315269e-09
679 3.817955159884596e-09
680 3.6993826989860244e-09
681 4.514080983349944e-09
682 3.658505647867072e-09
683 4.143663976169523e-09
684 3.877347108761206e-09
685 4.636124367793198e-09
686 3.58542052317365e-09
687 3.893863723610106e-09
688 3.790802375781487e-09
689 4.122621481951736e-09
690 3.883136138199053e-09
691 4.435281240182446e-09
692 3.4805142585821855e-09
693 3.114356059906249e-09
694 3.7095747905949224e-09
695 3.912529751811318e-09
696 4.048977819632838e-09
697 3.269721781485853e-09
698 4.29103182057579e-09
699 4.483776776520788e-09
700 3.969561680150908e-09
701 3.6972549602441167e-09
702 3.766050937785452e-09
703 3.721251979364122e-09
704 3.5335953845113748e-09
705 3.854217855440517e-09
706 4.0221748613663854e-09
707 3.2400417458909365e-09
708 3.903119733806332e-09
709 4.839623918043349e-09
710 3.750951762880422e-09
711 3.801822987877441e-09
712 4.011681825469785e-09
713 4.485681300268029e-09
714 3.9312584873340734e-09
715 4.022788766816325e-09
716 3.4095306526293203e-09
717 4.277942515108017e-09
718 3.903496972378078e-09
719 3.296096301896564e-09
720 3.9173180764070455e-09
721 4.6430086421857654e-09
722 3.734511506407746e-09
723 4.62369104330413e-09
724 4.222828434210566e-09
725 4.3532381840818025e-09
726 3.63403714511609e-09
727 4.220546971831991e-09
728 3.6548603227431304e-09
729 4.173253807074944e-09
730 4.132779443118783e-09
731 3.243449255615201e-09
732 4.23806566680904e-09
733 3.4316218731240515e-09
734 4.160338893897711e-09
735 3.4285489976790315e-09
736 3.405141064162613e-09
737 4.192716138862672e-09
738 4.031413542616992e-09
739 3.5820456477949196e-09
740 3.970125010176155e-09
741 3.5616895127709897e-09
742 3.9065616480831445e-09
743 4.01302309820287e-09
744 3.622561139520103e-09
745 2.980432038465883e-09
746 3.290023761542062e-09
747 4.316876236720439e-09
748 3.277265971935126e-09
749 3.815448733199942e-09
750 4.6058630471512365e-09
751 3.932218446536853e-09
752 3.0926817914036924e-09
753 3.9388384972488655e-09
754 3.995749161627735e-09
755 4.40946220987124e-09
756 3.6066148023675118e-09
757 4.139466147795589e-09
758 3.8578244429772035e-09
759 3.785886450293775e-09
760 3.720875753011243e-09
761 3.6453002689849183e-09
762 3.97203237869592e-09
763 3.846206888606163e-09
764 4.103034725744925e-09
765 3.6814129741729858e-09
766 3.4523082707869556e-09
767 3.8203224353873365e-09
768 3.2630862297745314e-09
769 4.549166061106147e-09
770 3.2741206974843697e-09
771 5.083232419479703e-09
772 3.8768196409188855e-09
773 4.824721666896555e-09
774 4.590373960933575e-09
775 4.825699186077302e-09
776 4.204244932934003e-09
777 2.972305408187504e-09
778 4.160028511560492e-09
779 4.849903347746536e-09
780 3.8097259324525935e-09
781 3.675745096845184e-09
782 3.3656731782034205e-09
783 3.482034758375767e-09
784 3.3008128279007946e-09
785 3.738221255495144e-09
786 3.725873182476022e-09
787 3.5887261428835463e-09
788 3.3144819567025404e-09
789 4.0874519305253905e-09
790 4.02686651637481e-09
791 3.939805203577029e-09
792 4.203019500996218e-09
793 3.6999719940444123e-09
794 3.3160813761380686e-09
795 3.3234553336356214e-09
796 3.452148594447094e-09
797 4.162271391521623e-09
798 4.6620427876780225e-09
799 3.3623906492737704e-09
800 4.217840362317659e-09
801 4.599991694963415e-09
802 3.856977638507205e-09
803 3.945727592413116e-09
804 4.487144593730948e-09
805 4.107556496559497e-09
806 3.6001025812611137e-09
807 3.813001847788883e-09
808 3.6452430585728795e-09
809 3.1241894416702825e-09
810 2.965473232829787e-09
811 3.898672562336688e-09
812 3.673568982550867e-09
813 3.5229202105172294e-09
814 4.158183179262125e-09
815 4.088744909450625e-09
816 4.929882288738294e-09
817 3.824252886654885e-09
818 4.449412579339423e-09
819 3.654584645393262e-09
820 3.6795740067619165e-09
821 3.4545502325797483e-09
822 4.506766187456952e-09
823 4.228529071338706e-09
824 4.0112724141963875e-09
825 3.558133222558743e-09
826 4.27316170009781e-09
827 3.533018580855618e-09
828 4.366886298081073e-09
829 3.5525948625129683e-09
830 4.097254610972744e-09
831 3.3681454437036947e-09
832 4.206494957165699e-09
833 3.92151206934299e-09
834 3.2808791928387294e-09
835 4.408246458300229e-09
836 5.075317752142352e-09
837 3.809006380689686e-09
838 3.6951637218947853e-09
839 3.9786635287415665e-09
840 4.282555570504315e-09
841 3.3609205319858676e-09
842 3.980147817319151e-09
843 4.589603683953793e-09
844 3.727473864869323e-09
845 4.547353460576023e-09
846 3.989651763776639e-09
847 3.709168934345809e-09
848 4.169841168914388e-09
849 3.6765991807512342e-09
850 3.446173282960661e-09
851 2.9297370200479324e-09
852 3.6907594745656475e-09
853 3.4210066454326525e-09
854 3.4275911399743593e-09
855 3.4406675755521752e-09
856 4.0152124392323854e-09
857 4.073402118789932e-09
858 3.335750140338592e-09
859 4.016926504638729e-09
860 4.036921261573889e-09
861 4.055365977394374e-09
862 3.796685968659689e-09
863 4.2316563773614744e-09
864 3.838179698147302e-09
865 3.918960263304395e-09
866 3.740419922248726e-09
867 3.528940846005947e-09
868 4.073838691481664e-09
869 3.998717331702778e-09
870 4.084275790332123e-09
871 3.4461798666975573e-09
872 4.477566901547114e-09
873 3.3210828318609954e-09
874 4.073419881719014e-09
875 4.103744190374625e-09
876 3.5725029835076042e-09
877 4.288610388033582e-09
878 3.807973720883125e-09
879 3.4810395555815013e-09
880 4.662088745007073e-09
881 4.460082256300105e-09
882 3.543456889260687e-09
883 3.5063900603230275e-09
884 3.6977793788809286e-09
885 3.736138051701079e-09
886 4.035513529656526e-09
887 4.136653189415897e-09
888 4.030304825264865e-09
889 3.523078892365866e-09
890 3.6512202689655688e-09
891 4.016416611404328e-09
892 3.732375859526136e-09
893 4.1735965273938415e-09
894 3.6101311399392166e-09
895 4.8470262347802295e-09
896 3.848123518863796e-09
897 3.79268059879508e-09
898 3.0537731251008123e-09
899 5.115269001913745e-09
900 4.468858872074448e-09
901 3.766394934067248e-09
902 3.605921947462277e-09
903 3.583417696095305e-09
904 3.961493945674974e-09
905 4.010274488609577e-09
906 3.2402151316069102e-09
907 4.238553857450012e-09
908 3.977749533200031e-09
909 4.299360172344462e-09
910 3.76473709545257e-09
911 4.097135159292269e-09
912 4.384167234255321e-09
913 3.5479957360928275e-09
914 4.260136728085015e-09
915 4.1015609296929045e-09
916 4.409340889539507e-09
917 3.612622540851729e-09
918 4.0791586149898475e-09
919 3.4702004836482337e-09
920 3.4576725814835687e-09
921 3.459947894665374e-09
922 3.525686114654248e-09
923 4.209643748669308e-09
924 4.689647502861103e-09
925 3.854415591043766e-09
926 4.545191594884465e-09
927 3.4788014676615837e-09
928 4.074649532881265e-09
929 3.944428313000175e-09
930 5.0086396300736166e-09
931 3.2107120578738042e-09
932 3.9163123719728995e-09
933 4.125070505091652e-09
934 4.085675261819912e-09
935 3.5551849833294987e-09
936 3.981016368702632e-09
937 4.4242809080056275e-09
938 3.814493262697475e-09
939 3.4521913045938876e-09
940 4.629438639022528e-09
941 4.36697778768874e-09
942 3.766267915214795e-09
943 3.977519874770819e-09
944 4.203370052694877e-09
945 3.471661956566645e-09
946 4.774788662831108e-09
947 3.7143772006483343e-09
948 3.998316021477861e-09
949 4.09026249963514e-09
950 4.382077915148355e-09
951 3.834222574225171e-09
952 4.225362364482499e-09
953 3.78067796952656e-09
954 4.845059943889814e-09
955 4.184708704290248e-09
956 4.1914700400217734e-09
957 3.4741388616218254e-09
958 4.56666960060025e-09
959 4.329447216574618e-09
960 3.3111684431774314e-09
961 3.770594494692237e-09
962 3.0701984091307173e-09
963 3.3125766731706044e-09
964 3.4870311837796897e-09
965 4.398985969730784e-09
966 4.121868702585795e-09
967 3.2161640131347263e-09
968 4.138151038450541e-09
969 3.980331228821906e-09
970 3.906514087998814e-09
971 3.876493707043503e-09
972 4.580854280419893e-09
973 3.3243929773267342e-09
974 4.47164466288449e-09
975 4.303400896173892e-09
976 3.3013089747341493e-09
977 4.517758829862403e-09
978 3.342653071850321e-09
979 4.3938493321020485e-09
980 4.2988306501586705e-09
981 4.139997206724939e-09
982 5.085418585059842e-09
983 3.6604058904430647e-09
984 4.45321912955919e-09
985 4.218244027880179e-09
986 3.977657688016574e-09
987 3.7226889993083713e-09
988 3.7862615260206145e-09
989 3.751803135523371e-09
990 4.479444241987058e-09
991 3.742424446817622e-09
992 4.451645104879529e-09
993 4.334405809305917e-09
994 3.933491162677776e-09
995 3.5135181767265926e-09
996 4.577011415470251e-09
997 4.564633609489652e-09
998 4.037029364623525e-09
999 4.2713652481404314e-09
