0 5.025200965520358e-07
1 5.07856151447731e-07
2 5.220767731134239e-07
3 5.093037102696335e-07
4 5.153433721204084e-07
5 4.940233529060926e-07
6 4.944576943378577e-07
7 5.08516385307382e-07
8 5.166580249232611e-07
9 5.109627258316202e-07
10 5.224076835030774e-07
11 5.029475501203487e-07
12 5.103081179998367e-07
13 4.905816793609737e-07
14 5.25869086033352e-07
15 5.204139899707478e-07
16 5.202276922478058e-07
17 5.329256506350495e-07
18 5.219973354256215e-07
19 5.202171518869093e-07
20 4.959406499985234e-07
21 5.128206774247958e-07
22 4.824540595124948e-07
23 5.044162400853954e-07
24 4.730571985955768e-07
25 5.183393037681178e-07
26 5.260083146355319e-07
27 5.012375175231336e-07
28 5.238513955080005e-07
29 5.092129899873074e-07
30 5.368155672357781e-07
31 5.368566464878306e-07
32 5.0854566370786e-07
33 5.289790550354951e-07
34 5.270099211590069e-07
35 5.33574813972697e-07
36 5.062978856150884e-07
37 5.131076573591673e-07
38 5.250162168821056e-07
39 5.238150215400872e-07
40 5.27774217519247e-07
41 5.177925897349729e-07
42 5.113956947460043e-07
43 5.009148057602364e-07
44 5.044929706933334e-07
45 5.158580531930443e-07
46 5.187660845706962e-07
47 5.350926553827534e-07
48 4.959977583438054e-07
49 5.267209916285712e-07
50 5.458488043657728e-07
51 5.540880777231257e-07
52 5.144996105331306e-07
53 5.13475522552992e-07
54 5.152610647920345e-07
55 5.084022058642794e-07
56 5.103696865544641e-07
57 5.086687185102567e-07
58 5.058057812333534e-07
59 5.098940327683507e-07
60 5.440106328276672e-07
61 5.109931075528184e-07
62 5.283487033688284e-07
63 5.080810621925139e-07
64 5.001572148761998e-07
65 5.04816672240625e-07
66 5.110981069623548e-07
67 5.229808082953061e-07
68 5.128764052494669e-07
69 4.979655394448143e-07
70 5.352352797860326e-07
71 5.289331200389211e-07
72 4.940294719805864e-07
73 5.163639165447524e-07
74 5.262432780346645e-07
75 5.399837150955931e-07
76 5.003596497013729e-07
77 5.360332210329705e-07
78 5.359709318338012e-07
79 5.191271026238776e-07
80 5.500671572989213e-07
81 5.205890677202824e-07
82 5.225256009515523e-07
83 5.194336813627166e-07
84 5.11543041404531e-07
85 5.219031413762606e-07
86 4.803822869811863e-07
87 5.335718669636041e-07
88 5.171523443818439e-07
89 4.979461288455221e-07
90 4.908389548631836e-07
91 5.277340798050961e-07
92 5.11756876356132e-07
93 4.998850896098733e-07
94 5.09539575654558e-07
95 5.493485226386078e-07
96 5.208876338299446e-07
97 4.98108105169262e-07
98 5.113789984450604e-07
99 4.980919919048118e-07
100 5.342289586266292e-07
101 5.362281556287914e-07
102 5.058438188010536e-07
103 5.051547678562876e-07
104 5.18021144129153e-07
105 5.148357124379153e-07
106 5.318123073598043e-07
107 5.129614121408246e-07
108 4.917546999665503e-07
109 5.280264144149532e-07
110 5.157548804370673e-07
111 5.212587517619048e-07
112 5.163292797078707e-07
113 4.964130818665344e-07
114 5.128977047874761e-07
115 5.150475406368029e-07
116 5.068013901243485e-07
117 4.776470711735256e-07
118 4.940309427676559e-07
119 5.03639701712499e-07
120 5.30138294607773e-07
121 5.124461523813159e-07
122 4.814615982943568e-07
123 5.48154312856786e-07
124 5.382722378209209e-07
125 5.017481068042737e-07
126 5.213746859038604e-07
127 4.941923436640258e-07
128 5.055009256611712e-07
129 4.910627297069496e-07
130 4.6855357074737203e-07
131 5.129374563975907e-07
132 5.003737431025665e-07
133 5.298250957590363e-07
134 5.086109899324408e-07
135 5.087556615373054e-07
136 5.207724629145046e-07
137 5.110286321931469e-07
138 4.94673593250575e-07
139 5.09023753089623e-07
140 5.207457649459229e-07
141 5.088153221773995e-07
142 5.016527638669405e-07
143 5.005472334779146e-07
144 5.008546888054942e-07
145 5.101340082189574e-07
146 5.239350023035593e-07
147 5.173677643399564e-07
148 5.062770750434582e-07
149 5.065606939953354e-07
150 5.190508755967357e-07
151 5.560302481215987e-07
152 4.938984644729455e-07
153 4.990314156899522e-07
154 4.911198529431431e-07
155 4.997032414628381e-07
156 4.945565238707066e-07
157 5.11492051183397e-07
158 4.863956706325767e-07
159 5.042983090219834e-07
160 5.031698817745327e-07
161 4.949197946369846e-07
162 4.933995309712627e-07
163 4.945633717484564e-07
164 5.275360326081096e-07
165 5.252257945090471e-07
166 5.018182435677758e-07
167 5.025940758162424e-07
168 4.793561318253027e-07
169 4.94902683351216e-07
170 5.435909563964319e-07
171 5.071808376162134e-07
172 5.183139244487207e-07
173 5.02762701166737e-07
174 5.168162196871767e-07
175 4.990431041393132e-07
176 5.070631720163538e-07
177 5.018928431800504e-07
178 5.202044855939399e-07
179 5.122151727595281e-07
180 5.308792967106647e-07
181 5.465435868791908e-07
182 5.512799834188823e-07
183 5.046157810755456e-07
184 5.090141653957674e-07
185 4.967546152051153e-07
186 5.339491680812225e-07
187 5.002700866799217e-07
188 5.391101393704842e-07
189 5.050871654411005e-07
190 5.252804187004692e-07
191 5.251175621542966e-07
192 5.251785685408189e-07
193 5.107094754488904e-07
194 4.979250319354516e-07
195 5.14903327035225e-07
196 5.152898424941354e-07
197 5.156956879751982e-07
198 5.422551001145677e-07
199 5.306013110275688e-07
200 5.271151456259384e-07
201 5.184385842444115e-07
202 5.240660971868099e-07
203 5.019027741547866e-07
204 5.240811861324763e-07
205 5.080893262251551e-07
206 4.943811483305111e-07
207 5.319380767114676e-07
208 5.06206345314734e-07
209 5.002863062360592e-07
210 5.272452667744549e-07
211 5.257821104923554e-07
212 5.309915845773919e-07
213 5.26316287910773e-07
214 5.005845680248778e-07
215 4.628870262620935e-07
216 5.403170871534803e-07
217 5.303335176767327e-07
218 5.293945670362142e-07
219 5.124534500362591e-07
220 5.090689490582812e-07
221 5.060426460362897e-07
222 5.143226509397326e-07
223 5.199022117306727e-07
224 5.278219338387514e-07
225 4.909898786999704e-07
226 5.217263866899948e-07
227 5.102461234629162e-07
228 5.314314777951186e-07
229 4.93838370538047e-07
230 5.144312839788259e-07
231 5.152543388451703e-07
232 5.012712699301728e-07
233 5.071383453944461e-07
234 5.145224239351136e-07
235 5.435711114207062e-07
236 5.309970822619142e-07
237 5.223280233719655e-07
238 4.889298190499586e-07
239 5.231394630336141e-07
240 5.26009559805336e-07
241 5.094985277567346e-07
242 5.229219731706428e-07
243 4.998861077579964e-07
244 4.965460649220391e-07
245 5.2632429756194e-07
246 5.213079241181768e-07
247 5.300303637306395e-07
248 4.832449496819205e-07
249 5.072063691522957e-07
250 4.825656843044043e-07
251 4.830813951977224e-07
252 5.162127284908805e-07
253 5.288990830905404e-07
254 5.393558892642932e-07
255 5.042101094424237e-07
256 4.860589729687501e-07
257 5.264679296576108e-07
258 5.108922560236233e-07
259 4.986542408549514e-07
260 4.983964181011404e-07
261 5.235286274305553e-07
262 5.237484023199585e-07
263 5.230352485057642e-07
264 5.230856538526055e-07
265 5.342215044439097e-07
266 5.070602977143309e-07
267 5.165446732992558e-07
268 4.788429610691175e-07
269 5.119613259586235e-07
270 5.027261225406257e-07
271 5.196082263254834e-07
272 4.789448490230167e-07
273 5.081021809072342e-07
274 4.965214535332162e-07
275 5.375646978144101e-07
276 4.919538753144979e-07
277 5.025379646479115e-07
278 4.969783120427354e-07
279 5.290162225742417e-07
280 5.144717291465942e-07
281 5.126083639363484e-07
282 4.896190404946539e-07
283 5.066021586936108e-07
284 5.143348251142705e-07
285 5.160210707979106e-07
286 5.123254575159167e-07
287 5.112155383840617e-07
288 5.186753996293024e-07
289 5.521805038321013e-07
290 5.194207606496196e-07
291 5.335791908285104e-07
292 5.268491808071744e-07
293 4.697082943320189e-07
294 5.160126500221775e-07
295 4.969367643380181e-07
296 4.83063100361418e-07
297 5.280385196705249e-07
298 5.426665449607343e-07
299 4.929982888048153e-07
300 5.17576144989464e-07
301 4.949740823289761e-07
302 5.077094578892344e-07
303 5.253812328871716e-07
304 5.107791179623748e-07
305 5.12720566796885e-07
306 5.413199685338012e-07
307 5.279047182106777e-07
308 5.407968430218474e-07
309 5.16185419804654e-07
310 5.128077793847596e-07
311 4.939585056849952e-07
312 5.118168176643394e-07
313 5.130412079322478e-07
314 5.019513527434653e-07
315 4.967788115823144e-07
316 5.096179180302808e-07
317 5.233759628874616e-07
318 5.134362096029568e-07
319 5.146343470051945e-07
320 5.055832998274044e-07
321 5.152366838140592e-07
322 5.471552028529085e-07
323 5.054273584730611e-07
324 5.254726885355272e-07
325 5.153217658607348e-07
326 5.013030794184835e-07
327 4.897743431488625e-07
328 5.149739688147263e-07
329 4.980358336023736e-07
330 5.124021905857301e-07
331 4.909580463522793e-07
332 5.128530788747723e-07
333 5.339355680110159e-07
334 4.715573482233093e-07
335 5.141644822721933e-07
336 5.154468272578674e-07
337 5.095879890915959e-07
338 5.005350372940832e-07
339 5.184407610207483e-07
340 5.094983908831243e-07
341 5.127996260010836e-07
342 4.944567843963298e-07
343 5.334944097545616e-07
344 5.097090919928868e-07
345 5.035390708356526e-07
346 5.404563115896603e-07
347 5.174880718843556e-07
348 5.087874057342657e-07
349 5.13124639934138e-07
350 5.215745033321569e-07
351 5.151568224701326e-07
352 5.053232408422064e-07
353 5.134612063011315e-07
354 5.32223415509575e-07
355 4.924142159034868e-07
356 5.030324942546526e-07
357 5.094249741306276e-07
358 4.936710494922909e-07
359 4.776541073539342e-07
360 5.183859115091479e-07
361 5.190034198945338e-07
362 4.990389986889834e-07
363 5.108266750439045e-07
364 5.180707286611659e-07
365 5.163607049928269e-07
366 5.206406766746589e-07
367 5.102733864599762e-07
368 5.000633597462879e-07
369 5.324876659280854e-07
370 4.918048547182634e-07
371 5.228759012518918e-07
372 4.758844036424402e-07
373 5.040338144804315e-07
374 5.30471624128529e-07
375 5.044983459861662e-07
376 4.949234249222167e-07
377 5.116991380276413e-07
378 4.979646692518761e-07
379 4.946179929123425e-07
380 4.966151112014532e-07
381 5.100183554690829e-07
382 5.15054300711685e-07
383 5.171205367433301e-07
384 5.07495736028427e-07
385 4.795595278599647e-07
386 5.16409098534441e-07
387 4.946153002190143e-07
388 4.959871369006431e-07
389 5.174956153209045e-07
390 5.207975430832237e-07
391 4.97080479823124e-07
392 5.070183175239207e-07
393 5.357910988015639e-07
394 5.089822938504505e-07
395 4.84341977661521e-07
396 5.122698082923421e-07
397 4.990798774167197e-07
398 5.249308943558751e-07
399 5.047987800579782e-07
400 5.035357921878608e-07
401 4.883880927913447e-07
402 5.042928269396339e-07
403 5.158170022288225e-07
404 5.175130564347209e-07
405 5.134467179670189e-07
406 4.811404496279195e-07
407 4.861729739927158e-07
408 5.321782411631451e-07
409 5.096122793792883e-07
410 5.086204641534889e-07
411 5.159510673515273e-07
412 5.258989669505547e-07
413 5.138727928672318e-07
414 5.165075138594358e-07
415 4.731476068180537e-07
416 5.095907192128692e-07
417 5.24298000177405e-07
418 5.246226558866031e-07
419 4.848681597619935e-07
420 5.044367252915209e-07
421 4.986943840780402e-07
422 5.214888913427421e-07
423 4.862514363503613e-07
424 5.200913632614338e-07
425 5.055963465252996e-07
426 5.074443992016866e-07
427 4.92686557251593e-07
428 5.151179380531378e-07
429 5.088962600508037e-07
430 5.093996026692894e-07
431 4.881256494275257e-07
432 5.244836814657344e-07
433 5.122740784015516e-07
434 5.102220883173269e-07
435 5.264364805841374e-07
436 5.169982283707409e-07
437 5.064401818277801e-07
438 4.889166652499743e-07
439 5.240234389445097e-07
440 4.938066424065374e-07
441 4.88933544289362e-07
442 5.05433679989629e-07
443 4.924661216143855e-07
444 4.9684348626558e-07
445 5.141103966984508e-07
446 4.967324258358256e-07
447 4.940464430686914e-07
448 5.103008448620075e-07
449 4.929884653802969e-07
450 4.745958635250335e-07
451 5.361939219639949e-07
452 4.995424116342175e-07
453 5.047993854088339e-07
454 5.088774512091886e-07
455 5.171393112736221e-07
456 5.165828742380824e-07
457 5.235848473101722e-07
458 5.373499262997573e-07
459 5.067256020136303e-07
460 5.069833581926763e-07
461 5.050360672137958e-07
462 4.99531834095146e-07
463 5.053337905182743e-07
464 5.01681441300393e-07
465 5.428256600306124e-07
466 5.077835344950807e-07
467 5.313671538582885e-07
468 5.154264183425347e-07
469 4.898978272242222e-07
470 5.24231673213792e-07
471 5.314187681674022e-07
472 4.7428743748923576e-07
473 5.154012157520311e-07
474 5.161489499707598e-07
475 5.010585639968649e-07
476 5.003928367612396e-07
477 5.029317532430382e-07
478 5.141783924882025e-07
479 5.041675845690242e-07
480 5.380826729094866e-07
481 5.306581003126251e-07
482 5.254732656774604e-07
483 4.873822263728616e-07
484 5.061340239050658e-07
485 5.014112800848769e-07
486 4.946408388831043e-07
487 5.139033548307979e-07
488 5.00621014141733e-07
489 5.087300571898826e-07
490 4.978205176858361e-07
491 4.932732307998047e-07
492 5.280865589933488e-07
493 5.141489850535617e-07
494 4.822481492414818e-07
495 5.164168176520045e-07
496 4.846067754775791e-07
497 5.239069014373331e-07
498 5.161324922119503e-07
499 4.997650232514444e-07
500 5.077827485520045e-07
501 5.215717312430816e-07
502 4.999514884576704e-07
503 4.973960554917762e-07
504 5.197103105864416e-07
505 5.051143724555214e-07
506 5.007888987064402e-07
507 4.987397040730588e-07
508 5.054845959498588e-07
509 5.242557065488015e-07
510 5.263485896166542e-07
511 5.159719280265124e-07
512 5.17033442725169e-07
513 4.810893773857126e-07
514 5.092433339620691e-07
515 5.114949604603701e-07
516 5.065073588170353e-07
517 5.445873902784112e-07
518 4.865025916872384e-07
519 5.150249606441007e-07
520 5.180731421939961e-07
521 5.110196388575181e-07
522 5.296803411883761e-07
523 5.229950451151644e-07
524 5.202037023662859e-07
525 5.210273716531174e-07
526 5.237376172992763e-07
527 4.895835472099991e-07
528 5.175759627083783e-07
529 5.376595548014116e-07
530 5.142598569296858e-07
531 4.951684029298039e-07
532 4.904603958981021e-07
533 5.061434311715805e-07
534 5.316170756284883e-07
535 5.376811506047978e-07
536 5.081829004687545e-07
537 5.144909233829782e-07
538 5.029007670738848e-07
539 5.387423795371466e-07
540 4.746538658815624e-07
541 5.238832864476665e-07
542 5.341593844693905e-07
543 5.348356511877843e-07
544 4.851397123460188e-07
545 5.096236263763446e-07
546 5.354601520003153e-07
547 5.255408944471961e-07
548 5.135000044208656e-07
549 5.104629344561442e-07
550 5.004193519516757e-07
551 5.175503099280597e-07
552 5.223216112177962e-07
553 5.221784619337797e-07
554 5.164233940665589e-07
555 5.144632974161312e-07
556 5.068124673620167e-07
557 5.216253686454535e-07
558 4.921955178083262e-07
559 5.048957423775667e-07
560 5.068786801317324e-07
561 5.02995236584247e-07
562 5.058293993274727e-07
563 5.230645180700337e-07
564 5.024523144421824e-07
565 5.046491686769296e-07
566 5.410324484962991e-07
567 5.223229482059897e-07
568 5.119042422675889e-07
569 5.202917197487566e-07
570 5.282996441701821e-07
571 5.307445763990114e-07
572 5.161592480590039e-07
573 5.13370908405334e-07
574 4.7446162912057584e-07
575 5.126233218375177e-07
576 5.1633694399325e-07
577 5.213137683770723e-07
578 5.395111262163387e-07
579 5.303112236675363e-07
580 5.028261815596377e-07
581 4.954257562241012e-07
582 5.124935790564092e-07
583 5.149247996918109e-07
584 5.085834021862147e-07
585 5.166703235434367e-07
586 5.557505590192878e-07
587 5.026059102619441e-07
588 5.442807956590218e-07
589 5.164249355789029e-07
590 5.289869566959264e-07
591 5.054653807069686e-07
592 5.482607120038677e-07
593 4.954740764397937e-07
594 5.431191330675774e-07
595 5.132031865040481e-07
596 5.202526281090568e-07
597 5.421867972403475e-07
598 5.181998133871894e-07
599 5.138636342934052e-07
600 5.232656875588045e-07
601 5.050812398949778e-07
602 5.180177961425147e-07
603 5.178449089839958e-07
604 5.03404102568954e-07
605 5.058393485664988e-07
606 4.84171204941436e-07
607 5.079770813527411e-07
608 5.265404707413153e-07
609 5.264385112676673e-07
610 5.240854400002371e-07
611 5.283185987896512e-07
612 5.229561897990555e-07
613 5.273513906276435e-07
614 5.107937482222128e-07
615 5.471589621171948e-07
616 5.228661160562607e-07
617 4.957825809978942e-07
618 4.78712583797804e-07
619 5.392127162244089e-07
620 4.900972477396984e-07
621 5.046747031847519e-07
622 5.146491008482141e-07
623 5.049248861078856e-07
624 5.32123477840575e-07
625 5.313702699510712e-07
626 5.153076256059699e-07
627 5.242793421773769e-07
628 5.2259130635196e-07
629 4.974085732832957e-07
630 5.001242977676309e-07
631 4.981315212027813e-07
632 5.105497138149433e-07
633 4.7428337679795575e-07
634 5.10315626011224e-07
635 4.992320753923879e-07
636 5.182241611887747e-07
637 5.056234139793541e-07
638 5.169073954680279e-07
639 5.095330550779224e-07
640 5.219680981131413e-07
641 5.176883866340491e-07
642 5.088709840438108e-07
643 5.35707416692901e-07
644 5.218169051853115e-07
645 4.959324442848325e-07
646 5.192745926918123e-07
647 5.199218190124832e-07
648 5.18376238675714e-07
649 5.14265131570127e-07
650 5.185897233505215e-07
651 5.037740016219844e-07
652 5.140753833789975e-07
653 5.161846114745746e-07
654 5.129762281241623e-07
655 5.248275311226449e-07
656 5.31353611095089e-07
657 5.253226988468142e-07
658 5.049089516632332e-07
659 5.103772805481332e-07
660 5.081653326050448e-07
661 4.946906826271777e-07
662 5.15769708021785e-07
663 5.112758242884583e-07
664 5.176481294725135e-07
665 5.07405620228645e-07
666 5.173863211749983e-07
667 4.905934747822759e-07
668 5.33892475700099e-07
669 5.262545119576118e-07
670 4.9561018362272e-07
671 4.980826786601311e-07
672 4.894829940170927e-07
673 5.175008594907015e-07
674 5.004843745258731e-07
675 5.056714947700204e-07
676 5.076376318719858e-07
677 5.374722819359841e-07
678 5.0451335638142e-07
679 5.300166948237473e-07
680 5.053516410590362e-07
681 4.90899287867064e-07
682 5.110931438439462e-07
683 5.119089988611824e-07
684 5.292608696608848e-07
685 5.366319652875395e-07
686 5.191148983042488e-07
687 5.049614664270189e-07
688 4.998606874478649e-07
689 4.950369747461937e-07
690 5.110040627302844e-07
691 5.079292874965701e-07
692 5.101971165558377e-07
693 5.396896144938719e-07
694 4.981800508416423e-07
695 5.045101625919036e-07
696 5.168218364967975e-07
697 5.38793954929221e-07
698 5.240628137864627e-07
699 4.7465426472461407e-07
700 5.146973934290295e-07
701 5.115855988421359e-07
702 5.029007536160265e-07
703 5.217825119930468e-07
704 5.150433070233149e-07
705 5.018714932683603e-07
706 5.080310303746471e-07
707 5.515290801528333e-07
708 5.316641221104123e-07
709 4.88520597075002e-07
710 5.197993424015128e-07
711 5.063338558070061e-07
712 5.144133008134903e-07
713 4.72336621321948e-07
714 5.11705579722487e-07
715 4.950420292040847e-07
716 5.174524694731302e-07
717 4.958804122386303e-07
718 5.111179000429098e-07
719 5.263197107901505e-07
720 5.056965898345215e-07
721 5.086049249452696e-07
722 5.165670993476292e-07
723 4.916839660282868e-07
724 4.808942335840329e-07
725 5.043465758065115e-07
726 5.178793848491108e-07
727 5.112282619734244e-07
728 5.194012315773841e-07
729 4.978474964303054e-07
730 4.804441597217719e-07
731 5.299655478113965e-07
732 5.119445088985112e-07
733 5.293881857067526e-07
734 4.989646539583799e-07
735 5.224832151307673e-07
736 5.172673068086905e-07
737 5.041241697937303e-07
738 4.967730549447263e-07
739 5.168772741274423e-07
740 5.013951521614738e-07
741 5.320906827392308e-07
742 5.144398693822774e-07
743 4.934058773505962e-07
744 5.047972102730455e-07
745 5.438821903017421e-07
746 5.200742789352039e-07
747 5.111401616580701e-07
748 5.39602870293018e-07
749 5.072197413003597e-07
750 4.69656693593519e-07
751 5.114590203905759e-07
752 5.325523376321576e-07
753 5.126315199575669e-07
754 5.006046207259448e-07
755 5.125253503345147e-07
756 5.370262171911404e-07
757 5.229520605209377e-07
758 5.109576232863165e-07
759 5.022530178095178e-07
760 5.203965094298149e-07
761 5.050743063381249e-07
762 4.865829083900517e-07
763 5.476071747231897e-07
764 5.023468458350616e-07
765 5.063981828848917e-07
766 5.332151525104727e-07
767 5.171250051790948e-07
768 5.286036082427018e-07
769 4.931986513493305e-07
770 5.235670559065709e-07
771 4.857766164258233e-07
772 4.971621638502778e-07
773 4.858770981658768e-07
774 4.960441909597228e-07
775 5.0309871478612e-07
776 4.993990220474832e-07
777 5.549289243362266e-07
778 5.127147754803634e-07
779 4.96678098083508e-07
780 5.295276450045886e-07
781 5.187998649791907e-07
782 5.231955902179744e-07
783 5.458782986586892e-07
784 5.106751486537616e-07
785 5.419466273812407e-07
786 5.202011397694397e-07
787 5.161417883404234e-07
788 5.242231031395724e-07
789 5.078876722034458e-07
790 4.911368644688444e-07
791 5.005140926830469e-07
792 5.261699427545311e-07
793 5.234492981208397e-07
794 5.277379977498257e-07
795 5.360947693191308e-07
796 5.208283912883657e-07
797 4.976927954557906e-07
798 5.090153785085678e-07
799 5.221384904127306e-07
800 4.964638079512925e-07
801 5.12413184191369e-07
802 5.005134886396244e-07
803 5.032904931765607e-07
804 5.085017556441275e-07
805 4.972382133752943e-07
806 5.059919838738216e-07
807 5.227540454174068e-07
808 5.141472138614614e-07
809 5.252235779989394e-07
810 5.306874080958832e-07
811 5.138553910121205e-07
812 5.260668233836338e-07
813 5.250266115897024e-07
814 4.830073710031021e-07
815 5.079809574660876e-07
816 4.84526932610709e-07
817 5.042112885072575e-07
818 5.118256709781885e-07
819 5.345578421060477e-07
820 4.957547343486697e-07
821 5.01914849609996e-07
822 4.76797807782153e-07
823 5.114056130441579e-07
824 4.892991149828579e-07
825 5.059820435792076e-07
826 4.875300211550468e-07
827 5.234903407322442e-07
828 5.113660865377592e-07
829 5.024794326898555e-07
830 5.06976807625216e-07
831 5.485960030757791e-07
832 4.9555304250499e-07
833 5.140992506038012e-07
834 5.122519081084164e-07
835 5.169862791988544e-07
836 4.915129920962195e-07
837 5.171797003340439e-07
838 4.956462352062264e-07
839 4.936845713942851e-07
840 5.01323404765986e-07
841 5.203060568433947e-07
842 5.068652089119895e-07
843 5.079469701465443e-07
844 5.075749659849917e-07
845 4.779062229073118e-07
846 4.983744395432309e-07
847 5.132153543933139e-07
848 4.922295871033418e-07
849 5.15826110930421e-07
850 5.499512281064469e-07
851 5.325382911324657e-07
852 5.128284974304556e-07
853 5.143293380671303e-07
854 5.322410845374983e-07
855 5.489971557283378e-07
856 5.095574492251586e-07
857 5.123167285720227e-07
858 5.099594317367576e-07
859 5.134071445029935e-07
860 5.30684685122755e-07
861 5.1700054785371e-07
862 5.209693203150829e-07
863 5.151592843163842e-07
864 4.797256744933702e-07
865 5.125602329813523e-07
866 5.300807350297496e-07
867 5.198502352928805e-07
868 4.992157579911975e-07
869 5.070029491513484e-07
870 4.75739095974491e-07
871 5.220349698707296e-07
872 4.877923371093849e-07
873 5.222978016832121e-07
874 5.174952070268894e-07
875 4.952429742248655e-07
876 5.425333578263748e-07
877 4.945612561993416e-07
878 5.14299701234964e-07
879 5.299535326851363e-07
880 4.938275048691528e-07
881 4.911197758825487e-07
882 5.200449066328688e-07
883 5.281383783586078e-07
884 5.41655454334333e-07
885 5.307631985985784e-07
886 5.324337333153671e-07
887 4.976706957176545e-07
888 5.280181819992197e-07
889 5.141907432631743e-07
890 5.105310012292206e-07
891 5.202917247487864e-07
892 5.392291741161197e-07
893 5.038545252901523e-07
894 5.121667739590768e-07
895 4.911509520259037e-07
896 4.921389064725606e-07
897 5.298271290023035e-07
898 5.272408973921362e-07
899 4.817250331667031e-07
900 4.994476898606968e-07
901 5.092769171525766e-07
902 4.862127116616779e-07
903 5.151572854072482e-07
904 5.036614206025653e-07
905 4.993481684282482e-07
906 5.195308454297672e-07
907 5.062648290407904e-07
908 5.083705692299572e-07
909 5.128601155896884e-07
910 4.932215864439067e-07
911 4.886759275571792e-07
912 4.900482476135385e-07
913 5.164633482446642e-07
914 5.046007475079999e-07
915 5.230853795198571e-07
916 5.073317046020381e-07
917 5.12241456132444e-07
918 5.117348985552629e-07
919 5.132958161815837e-07
920 4.965358701703367e-07
921 5.24205447209525e-07
922 5.266051147214253e-07
923 5.156924078385069e-07
924 4.929974315469848e-07
925 5.082821523017507e-07
926 4.970248665326043e-07
927 5.34433055028072e-07
928 5.126764988175124e-07
929 5.090115080313377e-07
930 4.940203248027574e-07
931 5.312904299021716e-07
932 5.01688338366923e-07
933 5.081573313748148e-07
934 5.316960859576982e-07
935 5.361200660701163e-07
936 5.162579082146012e-07
937 4.993054940398703e-07
938 5.179793306531911e-07
939 5.411341944907524e-07
940 4.848153490079266e-07
941 4.91056439995848e-07
942 5.335962199928947e-07
943 5.030376732437316e-07
944 4.927778146266714e-07
945 5.09340136299929e-07
946 4.818888464964473e-07
947 5.139676192477718e-07
948 4.986709456578936e-07
949 5.158829169398736e-07
950 5.027810060020834e-07
951 5.019778136401992e-07
952 5.136739722753066e-07
953 5.032419271995468e-07
954 5.035587682455372e-07
955 5.060747081485087e-07
956 5.111557408629503e-07
957 5.057420767957439e-07
958 4.799030257008217e-07
959 5.073732348820998e-07
960 5.402778463094247e-07
961 5.100112965466766e-07
962 5.381474032542071e-07
963 5.384830060824112e-07
964 5.187003035146261e-07
965 5.115034481344938e-07
966 5.161937042692676e-07
967 5.460202083168871e-07
968 5.139481605982447e-07
969 5.117611509298115e-07
970 5.040401906439659e-07
971 4.998012888372888e-07
972 5.062171343557353e-07
973 5.098377515084478e-07
974 5.066931181070521e-07
975 4.852635322657015e-07
976 5.452130143966402e-07
977 4.959938744453596e-07
978 5.26387749896514e-07
979 4.908259194230945e-07
980 5.113456542262913e-07
981 5.139836923190137e-07
982 4.822646683123209e-07
983 5.112737716641316e-07
984 5.052950532978711e-07
985 5.183282001290073e-07
986 5.208091205181689e-07
987 4.887543547871439e-07
988 5.249397286601539e-07
989 5.062872658484302e-07
990 5.091325850883704e-07
991 5.216024627090801e-07
992 5.095145487853548e-07
993 4.815475640431111e-07
994 4.980096034521826e-07
995 5.126820681698073e-07
996 4.887600842539962e-07
997 5.018294791486472e-07
998 5.029413601008011e-07
999 4.948979176711045e-07
