0 4.275648373009004e-08
1 -3.884708107094078e-08
2 4.0587652297568583e-07
3 -1.8769343566815073e-08
4 3.674530758942502e-07
5 1.4913897350011803e-07
6 2.0834840345497968e-07
7 -4.437461759527844e-08
8 -2.2157072457051214e-08
9 7.76779531747973e-08
10 9.170115097899017e-08
11 1.1332713494450984e-08
12 1.5254824997625592e-07
13 -1.852195620533758e-07
14 3.3784260402231554e-07
15 1.9511618220162265e-07
16 2.171593487892348e-07
17 8.999835317058105e-08
18 -1.5144955051633972e-07
19 1.7484249681543343e-07
20 2.2638283146548989e-07
21 2.62000774313947e-07
22 2.2198298587495243e-07
23 7.852276754587927e-08
24 5.870413018051728e-08
25 1.5510838234356482e-07
26 2.5360164875751924e-07
27 2.513047477749621e-07
28 -1.628728043835199e-08
29 -9.496356515033931e-08
30 3.4101266786849384e-07
31 1.6082805383858342e-07
32 -3.64500771331781e-08
33 2.157081488962379e-07
34 1.372857633410738e-07
35 -9.334270895560904e-08
36 -6.748456845229689e-08
37 -5.1323985969310004e-08
38 -1.4252794437270895e-07
39 -4.384318370647725e-08
40 1.1482581161864285e-07
41 -2.7493433930140847e-07
42 2.776305657515894e-07
43 -1.7016421327288563e-07
44 8.400037220222058e-08
45 -2.5390825380278697e-08
46 -1.5002942027375476e-07
47 1.549968648927482e-07
48 1.8041469197719132e-07
49 1.210553797545046e-07
50 3.7882045771482965e-07
51 1.0263099667771649e-07
52 1.335918251086963e-07
53 1.4920160303978875e-08
54 -5.68409300786389e-08
55 -1.3238797437243744e-09
56 1.4481016984877878e-07
57 1.6934746900864164e-07
58 1.585571986626959e-07
59 -4.2280946892032754e-07
60 -1.0952674936434049e-07
61 -8.170688403072758e-08
62 8.345970255360725e-08
63 2.0910368315231262e-07
64 2.54025451867076e-07
65 9.466998112270294e-08
66 -2.3354635705434904e-07
67 4.6975187336479665e-07
68 1.7140146397218402e-07
69 4.682883603533944e-07
70 2.7107016920574174e-07
71 8.977217566789847e-08
72 -2.3790125954730882e-07
73 3.1715226817574015e-07
74 -6.146726551053168e-08
75 -3.922795074356686e-08
76 2.3848617933118064e-07
77 2.434413931523898e-07
78 1.9777893678954614e-08
79 2.412005371201247e-07
80 4.882907660316994e-08
81 2.3364410830708483e-07
82 6.587773291594357e-08
83 -7.887681875140052e-08
84 -2.7795501680648336e-08
85 -1.2747638125486738e-09
86 -1.5192768352960732e-07
87 6.350686559340713e-07
88 2.961743647502683e-08
89 -7.66470423599464e-08
90 2.7132402022573835e-07
91 2.3285317044333501e-07
92 1.3385675369985373e-07
93 2.0721259025186836e-07
94 -4.631414313784158e-08
95 1.233277170172621e-07
96 2.543674932738288e-07
97 -1.0194200906185521e-07
98 3.1166141865427555e-07
99 -4.878226501714131e-07
100 3.0021347956608936e-07
101 -1.5775829840436013e-07
102 4.933498826291693e-08
103 -1.785469815275868e-08
104 4.2259685729991686e-08
105 7.012010487369949e-08
106 1.8296119549860664e-07
107 -1.418812322152887e-07
108 1.6593698440003877e-07
109 1.253394778969344e-07
110 2.1743369258262585e-07
111 7.916042505715622e-08
112 1.8740064510597407e-07
113 5.444144994607861e-08
114 1.683868780983859e-07
115 9.273681419166298e-08
116 2.2228632050848116e-07
117 5.950154216979785e-09
118 -4.0143691823214476e-08
119 1.4906864333201684e-08
120 2.9221813952949238e-08
121 8.441752997149394e-09
122 -6.31256492868165e-09
123 -2.472199525353564e-07
124 2.9608404918509423e-07
125 9.731792902955966e-08
126 2.8151097270587397e-07
127 -2.2591473261713074e-07
128 3.158708577707345e-08
129 -1.1613164641664071e-07
130 2.894598269267736e-08
131 2.3542298676668627e-07
132 3.7553216023115304e-07
133 -1.4096634571518134e-07
134 2.296832810106447e-07
135 2.3384734734520566e-07
136 2.876304315621997e-07
137 6.731734564788301e-08
138 2.110336323546223e-08
139 1.198696950013065e-07
140 -1.0872261615697233e-07
141 4.22685380702371e-07
142 -2.1022255101905568e-07
143 1.8331475185420435e-07
144 1.5795107504960616e-07
145 2.800286061753826e-07
146 1.4124087936425815e-07
147 1.7357497688502273e-07
148 1.979103828310979e-07
149 8.536980696497073e-08
150 1.5679772844171267e-07
151 3.109265010681841e-08
152 -1.44894250372483e-07
153 5.059524498090332e-08
154 1.1218874330181203e-07
155 1.5183320178543996e-07
156 9.61733459281607e-08
157 3.3363801047919576e-07
158 2.572132188928232e-07
159 1.5478164248531154e-07
160 4.423998627468221e-08
161 -2.717131001557869e-07
162 -8.837483098391064e-08
163 -3.2189088619604823e-07
164 -4.5956705991319406e-08
165 3.200679893563539e-07
166 7.373187808750837e-08
167 -6.399754768560997e-08
168 3.2999548962949303e-07
169 1.1961771368770316e-07
170 -6.750412678243843e-08
171 2.963773792771066e-07
172 1.6612162050388153e-08
173 1.2860315154017938e-07
174 4.9563560011408315e-08
175 5.808331521127765e-07
176 -7.253966485289481e-08
177 3.422768630847006e-08
178 2.592060486707698e-08
179 2.4405720510795133e-07
180 -1.0844205086210739e-07
181 3.2282178219829717e-07
182 2.8567171273602923e-07
183 1.1436758746840625e-07
184 2.2428758170100684e-07
185 2.1606760585735348e-07
186 2.6025191855907784e-07
187 -1.4251691031437188e-07
188 -3.632190546716137e-08
189 8.055549330473918e-08
190 2.3153972547581475e-07
191 -2.6358146177771116e-08
192 3.820070230331607e-07
193 4.918912379759448e-08
194 -5.121380284859669e-08
195 2.812241709159366e-08
196 2.5813177863066653e-09
197 -1.6776462975941478e-08
198 -8.625256015706792e-08
199 4.863744044610773e-08
200 -8.92634856118583e-09
201 8.917629086697664e-08
202 3.1413295749012835e-08
203 1.0222614413478413e-08
204 -1.142130848110564e-07
205 -1.78128258850449e-07
206 9.747179374261696e-08
207 1.5630802126193522e-07
208 4.818531942809149e-07
209 -1.6445293030878517e-08
210 5.322824124377238e-08
211 2.3958301532796047e-07
212 8.956493573552221e-08
213 -5.47983515870623e-08
214 3.340131371446569e-08
215 7.643068868888958e-08
216 -7.000504059468955e-08
217 5.532303744177242e-08
218 8.646523580351668e-08
219 1.7209425726570954e-07
220 9.499393171008868e-08
221 8.193802212273299e-08
222 -1.9949932942041875e-07
223 5.055916251391352e-07
224 2.739917617600536e-07
225 -1.4285833030685463e-07
226 2.9034795337747244e-07
227 3.003485608148537e-07
228 7.297407166411802e-08
229 2.5996005438065765e-08
230 2.0970162202079983e-07
231 4.1667667627962385e-07
232 -4.405704012172347e-08
233 1.1641236411428958e-08
234 1.925567725024324e-07
235 2.69426082960994e-07
236 4.966118818457731e-08
237 1.292518387561131e-07
238 8.625969133424758e-08
239 -3.308008081260962e-08
240 6.570003483863486e-08
241 2.873642522651047e-07
242 2.806822790443364e-07
243 -2.6166244414068937e-07
244 -5.2455420656922064e-08
245 1.9125223606218e-08
246 1.323092110106422e-07
247 -7.962804142059877e-08
248 -2.9925628640773215e-09
249 -9.680153441305166e-08
250 -8.885514676949301e-10
251 1.8268778932349568e-07
252 3.8078787788660156e-08
253 1.2121957477180775e-07
254 1.1592546404617681e-07
255 2.431038181516366e-07
256 1.9450044842621995e-07
257 3.901802158003455e-07
258 3.152850134041769e-07
259 -1.5234221002749892e-07
260 3.816906423802128e-07
261 5.595909032179998e-08
262 2.2655108355904284e-07
263 1.3979886375029019e-08
264 3.397397222712767e-07
265 -3.22324681493327e-07
266 -7.365891480045401e-08
267 3.362599921098543e-11
268 -2.5115297340333047e-07
269 3.9142175810962566e-08
270 1.9005337902114063e-07
271 3.7259218167552185e-07
272 1.0456214834553911e-07
273 1.2853236327574752e-07
274 -1.6310025731192664e-07
275 8.215172781391787e-08
276 -1.0275366481630202e-07
277 2.9417769282917955e-07
278 -1.420628927191051e-07
279 2.1540914244449804e-07
280 -4.195724585965987e-08
281 -4.361706274457925e-08
282 5.551935738677762e-08
283 -3.4264960830831673e-07
284 -7.164497542762174e-08
285 -3.920715206356691e-07
286 -7.032820976172798e-08
287 -6.084341511560243e-08
288 2.6494128699644228e-08
289 3.4537382338078205e-07
290 2.5323633075131593e-07
291 3.800468807756014e-07
292 3.5562237544517954e-07
293 -1.6219755431433092e-08
294 -1.941786386887616e-07
295 1.2651926889398538e-07
296 -1.441284086737708e-07
297 1.8002370815716032e-08
298 1.5247047482831478e-07
299 -7.272421207306538e-08
300 2.0181853741467242e-07
301 2.4271722110870146e-07
302 3.5319498460372927e-07
303 -1.0317160821296349e-07
304 -1.2974310292312589e-07
305 3.8131812363265023e-07
306 8.885982118651402e-08
307 2.346687021544954e-07
308 1.447236675648059e-07
309 2.1952081826914408e-07
310 -1.423775192582824e-08
311 2.8302554118963023e-07
312 9.157354464694846e-08
313 2.184466484398993e-07
314 2.5416432982854235e-07
315 -1.0641402543581391e-07
316 -3.2846489746656284e-07
317 2.0419930517547845e-07
318 3.929335643970941e-08
319 -7.36055370156181e-08
320 1.215028544209956e-07
321 1.2033163619942313e-07
322 3.3507935781685433e-07
323 -3.2428068274781934e-08
324 1.9517155240411027e-07
325 8.533675102706417e-08
326 2.856327891041838e-07
327 3.914908669172981e-07
328 1.4841680588601156e-07
329 -2.3054541231315622e-07
330 2.223533535385658e-08
331 1.684365851839891e-07
332 -1.6994279904998483e-07
333 7.771947225426894e-08
334 -1.7757626670592757e-07
335 -6.187975008840944e-08
336 -4.789434743707656e-08
337 -1.9488906406738146e-07
338 2.1165401369628765e-07
339 -1.0945356315859e-07
340 3.7805418007072804e-07
341 2.573994093443403e-07
342 9.606486037798934e-08
343 -1.1094477633246632e-07
344 2.5077435496212956e-07
345 1.088549093694776e-07
346 2.1899716842191949e-07
347 -1.3668820946385669e-07
348 -2.8261466560108316e-07
349 3.212721920721848e-07
350 -1.1800491192815946e-07
351 1.0456609786465006e-07
352 -2.5587507363604664e-08
353 1.1063952139340023e-07
354 3.2973475542157774e-07
355 1.933805676509814e-07
356 1.810115858865434e-07
357 1.516115930862499e-07
358 -1.7766913032622563e-07
359 2.0858219616571026e-08
360 2.9714180583224085e-07
361 4.079740662488062e-07
362 4.649077626551087e-07
363 4.235105109419146e-07
364 2.7004104991922095e-07
365 5.811966200827113e-07
366 6.200663079513157e-08
367 4.2141396123532146e-07
368 -1.8975409602321087e-07
369 2.4006088743967647e-07
370 4.0082888769449757e-07
371 1.209335054189912e-07
372 2.1052025633707135e-07
373 3.56399476624105e-07
374 2.0844854062167465e-09
375 5.019954558734954e-08
376 -7.441187576441118e-08
377 3.072375511010494e-07
378 -1.8382536257289908e-07
379 -5.3331233339545784e-08
380 1.4394326684486589e-07
381 2.543982139521031e-07
382 3.806759486321544e-07
383 2.817262223690279e-07
384 3.500520057601896e-07
385 2.898554172628409e-07
386 1.5276600688470265e-07
387 1.6278247159134903e-07
388 2.3553775936834313e-08
389 -2.212154327706654e-07
390 3.43225912501329e-07
391 1.8014170268628171e-07
392 2.256531264923334e-07
393 -9.417089115617284e-08
394 1.7012047135878508e-07
395 7.200804477893065e-09
396 -2.754088948976068e-07
397 2.900935458413663e-07
398 1.383435850565022e-07
399 -2.9432648330447776e-07
400 1.3544599972826971e-08
401 3.262284884333688e-08
402 1.0640214634749573e-07
403 -1.092598973299769e-08
404 1.0599618345570484e-07
405 3.959432817995638e-07
406 1.515345181484666e-07
407 5.2547806782278846e-08
408 -1.0670526072997562e-07
409 4.615913164962591e-08
410 3.513683852489048e-07
411 -7.114626985946198e-08
412 9.572953700672351e-08
413 2.665339017873708e-07
414 1.268031699248793e-07
415 3.2140201712301196e-07
416 1.4707789921958624e-07
417 6.986161845003861e-09
418 3.294030186126455e-08
419 -7.870516467496686e-08
420 2.1131084918194282e-07
421 1.7407877494484633e-07
422 2.172276557048947e-07
423 1.933162449275667e-07
424 2.615478429785487e-07
425 6.897215030931239e-08
426 2.8266728752131536e-07
427 1.4793295859425795e-07
428 -1.699817475258868e-07
429 4.721524134831132e-08
430 2.6508245250974434e-10
431 2.408378976695304e-07
432 1.8824116536642284e-07
433 -1.1034906583020672e-07
434 8.237956164935259e-08
435 2.327696866752034e-09
436 -1.4639370673607855e-08
437 -1.7382621989697204e-08
438 1.4808200557559116e-07
439 -1.307960427726094e-07
440 2.7343583191507183e-07
441 2.3028153477540803e-07
442 6.649555550450933e-08
443 4.1683568782991853e-07
444 7.730842197549167e-08
445 4.626540619667714e-08
446 1.2601264715764712e-07
447 3.038690763957257e-07
448 1.4814983066866237e-07
449 -1.6460080832516876e-10
450 1.242917903680577e-07
451 1.6285714243620587e-07
452 2.1087297408674784e-07
453 2.861937267399372e-07
454 -1.1330711018719169e-07
455 9.756939685844666e-08
456 9.283746802234537e-08
457 5.196801497867808e-10
458 -3.04589715222521e-07
459 1.90082617306337e-07
460 -3.8092780045250334e-07
461 1.8844230520384595e-07
462 -3.6359051814460085e-08
463 3.799258745156859e-07
464 -2.6686734699488854e-08
465 2.5284227549585433e-07
466 2.79328513284082e-07
467 1.422104466026435e-07
468 4.5053431205305615e-07
469 1.41981462901837e-07
470 1.0575780435961609e-07
471 6.5989247305119e-08
472 -8.628974461854463e-08
473 1.9272364037976094e-07
474 2.8426120180173005e-08
475 -6.8040275576346e-08
476 1.5648978051746502e-07
477 -1.482912815963219e-07
478 3.4954459209527244e-07
479 2.2314014071661126e-07
480 3.2586378787774065e-07
481 6.738404055873868e-08
482 4.812497046724195e-07
483 1.4803792082906458e-08
484 1.0844979016287373e-07
485 9.427384858393983e-08
486 2.094020333089859e-07
487 1.8106507422992343e-07
488 2.513322861167345e-07
489 2.981806430094949e-07
490 1.218422468034029e-07
491 3.851641780588891e-07
492 3.5305992370284094e-07
493 -2.7085628836465393e-08
494 -5.3774847715211206e-08
495 7.797582496310963e-08
496 1.8545264188539075e-08
497 -1.8278894354763138e-07
498 1.5963977749589243e-07
499 -4.5806595999178654e-08
500 -1.307953844724984e-07
501 2.6848875176843487e-07
502 2.3417596023115064e-07
503 2.5081523232063933e-07
504 -3.522616775880646e-08
505 2.2153726102220452e-07
506 -1.796530854092705e-07
507 1.9440581976601256e-07
508 2.80762953956688e-07
509 6.798641966858823e-08
510 1.5482669640697606e-07
511 8.620705789860327e-08
512 1.6243036729493053e-07
513 3.778830800243842e-07
514 1.5049433208024325e-07
515 2.4507939375087723e-07
516 3.304929441262177e-07
517 3.049341838169814e-07
518 -1.7026494951972705e-07
519 -5.535652489454604e-08
520 -8.603056917975013e-09
521 3.3000494132044976e-07
522 -2.363616454281884e-07
523 4.979892288580692e-07
524 7.250719972341103e-08
525 2.241449900796346e-07
526 -7.995513475850725e-09
527 1.2212460175496616e-07
528 -6.193927658119146e-08
529 2.1722767566680054e-07
530 -1.1945507789612223e-07
531 3.1845760772172125e-08
532 -4.3109283910194096e-08
533 1.5397161367955195e-07
534 1.9646208245761903e-07
535 -2.4566818080078047e-08
536 2.497300081201074e-07
537 1.6018774074323916e-07
538 5.653262779560368e-08
539 1.3175926946789232e-07
540 -4.987503558582012e-08
541 -3.3578972832938667e-08
542 2.214906352988019e-07
543 1.4838821972737855e-07
544 5.8242396866925496e-08
545 2.68911139687634e-07
546 1.3090243966364348e-07
547 3.3525959585208943e-07
548 1.8835330869447212e-07
549 -1.9075099095768272e-07
550 -8.597480586807188e-08
551 -2.180981348653911e-07
552 2.4786405742244974e-07
553 5.70858591633063e-08
554 9.648931407018228e-08
555 -4.580208271196903e-09
556 1.3007925790198425e-08
557 -1.1588309694911398e-07
558 2.1613107563321277e-08
559 8.1040292465959e-08
560 2.389413809225168e-07
561 -3.717052065517811e-07
562 3.837348837423257e-07
563 5.054691227921403e-08
564 -6.514741461479199e-08
565 -2.1901156134194913e-07
566 1.5945857948451881e-07
567 2.54362986575754e-08
568 1.2232477973500728e-08
569 1.5675590200828204e-07
570 2.3555325111973928e-07
571 1.854099343592316e-07
572 1.8118724319341357e-07
573 3.3843980425611485e-07
574 2.3670592084276515e-08
575 2.7218500341783535e-07
576 2.1731396339730174e-07
577 6.220270758591747e-08
578 -2.321117324018698e-07
579 -1.0706203388501589e-07
580 2.4560336448334887e-07
581 3.697003145996436e-07
582 1.3018906809718293e-07
583 2.2061153065661447e-07
584 2.833288488711521e-07
585 2.54213677385449e-07
586 1.0493503779706062e-07
587 1.7180383738493805e-07
588 1.123605788330038e-07
589 5.657456777749201e-07
590 1.2644799822331146e-07
591 1.7919776343314907e-08
592 2.400838593044667e-07
593 -1.9292654972381215e-07
594 1.5166370895333196e-07
595 -1.221384745855008e-08
596 2.0555784220677043e-07
597 1.968711465481884e-07
598 1.2042975798618785e-07
599 3.1321374730056546e-08
600 2.738279721257067e-07
601 5.298138558451038e-07
602 8.44397992434456e-08
603 1.0479077330474746e-07
604 9.582378286625896e-08
605 4.3492637717427044e-07
606 -9.38121253872658e-08
607 4.1128300689007134e-07
608 1.3374487883063455e-08
609 -1.8483158699114663e-07
610 1.7457181688798183e-07
611 1.929370853617107e-07
612 3.709579158864973e-07
613 3.401735502009894e-07
614 1.1041467576971963e-07
615 2.96722140442133e-07
616 1.4373700536146298e-07
617 -2.997383460737597e-08
618 1.7715535288290337e-07
619 5.011263249667552e-07
620 -2.2266846289509556e-07
621 4.540196472409847e-08
622 2.510998915876592e-09
623 4.406031064597877e-07
624 1.582666606344888e-07
625 2.3834724706137167e-07
626 3.942764931596716e-07
627 3.3544090190058627e-07
628 1.6665865673261807e-08
629 2.967598019533996e-07
630 1.6363724365884878e-07
631 -1.0593680799190452e-07
632 2.2312504869841403e-07
633 4.957586928461567e-08
634 1.1739954702507191e-07
635 7.163790260373069e-08
636 2.7115468280250673e-07
637 -2.4932794933803065e-08
638 -4.702140184154054e-08
639 -6.689134730120185e-08
640 -1.57290463239839e-07
641 4.806313892613277e-07
642 6.322434051590269e-08
643 -7.55758879198282e-08
644 6.059566689049113e-07
645 -7.0717289449891e-08
646 2.1514261627995942e-07
647 1.2253393328438956e-07
648 1.2562336540167373e-07
649 2.478377241069605e-07
650 -2.826016082308348e-08
651 -2.9483255144399327e-08
652 1.0629319928223574e-08
653 1.7703741929780824e-07
654 3.168494534701966e-08
655 6.884421078393839e-08
656 -3.692123102076239e-08
657 2.0502579774292125e-07
658 -2.763799254521953e-08
659 -7.168432646387045e-08
660 1.895588106378057e-07
661 1.7474817508442983e-07
662 2.829214620823648e-07
663 4.639426679802517e-08
664 2.1453242409796675e-07
665 2.458114503307285e-07
666 1.9102055492280428e-07
667 2.315424047574017e-07
668 4.083528215033401e-08
669 3.4611460998916053e-07
670 1.7529736288757727e-07
671 2.0727337682479036e-07
672 2.2138987328173747e-07
673 -1.4122944292869996e-07
674 4.482769492976331e-07
675 -8.178302619503898e-08
676 1.4365091953913001e-09
677 9.023513553398004e-08
678 2.881365868401191e-07
679 3.379561824225738e-07
680 -5.530564108579844e-08
681 -3.461071772503595e-08
682 3.249949804937029e-07
683 2.557167307777208e-07
684 3.778196831925343e-08
685 2.069493714652551e-07
686 -1.6708350746875452e-07
687 3.7858187034349515e-07
688 3.2806550226609994e-07
689 2.1828460243407083e-07
690 1.0060489756931912e-07
691 2.0533462600099772e-08
692 3.005572140789569e-08
693 5.21924424738902e-08
694 -8.836738787629228e-08
695 -2.066876598835668e-07
696 1.7864981058457476e-07
697 3.4467416607124246e-07
698 8.811893011104034e-08
699 4.251422090421138e-07
700 -5.5025754562054734e-08
701 1.7498976389057155e-07
702 3.226973429709333e-08
703 1.183291104013153e-07
704 3.056621205584236e-07
705 2.87259559713454e-07
706 2.3802330094918502e-08
707 2.7879270931297037e-07
708 -1.8089455824161442e-07
709 1.7035173369759098e-07
710 -1.2603517653349249e-07
711 1.6172854451532721e-07
712 1.993814671487145e-07
713 2.3216775411713566e-07
714 8.171434470795396e-09
715 -1.3994816969027617e-07
716 9.756136704079412e-08
717 4.517177368826861e-07
718 -4.468071622925541e-08
719 2.567736958856862e-07
720 2.173955391469998e-07
721 1.6275020168535983e-07
722 3.4593215671627034e-07
723 -4.0942974100581844e-08
724 1.000505821883329e-07
725 3.177162466109716e-08
726 1.768072668332403e-07
727 6.64545861861294e-08
728 -1.9667316857467432e-07
729 2.8243355348592485e-07
730 2.9924645318640663e-07
731 1.6528509406850814e-07
732 3.4505635741842476e-07
733 4.1197167991462294e-08
734 2.8741456730529566e-07
735 -1.3656571768391583e-07
736 -6.864715675449799e-08
737 2.0362217171841794e-07
738 3.479120315322222e-08
739 -1.1580361830874585e-07
740 2.368554572986774e-07
741 4.893529595336443e-07
742 2.145911882369275e-08
743 1.1383944911821024e-07
744 8.837415133409622e-08
745 2.638969571251288e-07
746 3.1248691728961946e-07
747 1.7305071024404794e-07
748 -6.920853909971645e-08
749 1.9621394009204877e-07
750 2.0405173441506117e-07
751 -1.330340486049005e-07
752 2.004655890547507e-07
753 6.58256359396057e-08
754 -2.5451044516012863e-08
755 2.6127352820831706e-07
756 3.444444772425703e-07
757 2.8387137567062203e-08
758 8.797161342343595e-08
759 1.1901186951026015e-07
760 1.539864194915083e-07
761 2.2285535379757716e-07
762 -1.0325081238069042e-07
763 -6.870839424809182e-08
764 9.55467814317095e-08
765 2.068187026706911e-07
766 4.127690962644187e-07
767 2.2661604352244195e-07
768 3.0470691488247403e-07
769 1.1454217416800421e-07
770 2.4859941526757446e-07
771 4.948325121194626e-08
772 2.1943873289656234e-07
773 -1.5830707838866992e-07
774 2.653002258941007e-07
775 1.1321768663107476e-07
776 3.7647891617002756e-08
777 3.5049176365266986e-08
778 3.3046155454455296e-07
779 -4.8964654330795977e-08
780 2.801395431509345e-07
781 1.2637925271102165e-07
782 1.9888703696436527e-07
783 1.9472477338213358e-08
784 3.335229787683927e-07
785 2.1521690358811933e-07
786 -1.7724116235796967e-07
787 3.791384894123517e-07
788 2.0638097974012744e-07
789 5.023482973642349e-07
790 -1.439764579854589e-08
791 2.475839548080062e-07
792 1.3946898257381035e-07
793 -2.0673076508805712e-07
794 1.5059713196452405e-07
795 2.0459928480915844e-07
796 4.329912986706154e-07
797 3.5518759229704185e-07
798 -2.8919922724960094e-07
799 2.91007657981803e-07
800 3.3512748319127397e-09
801 3.660040822817776e-07
802 3.667832433695089e-07
803 1.939622782059455e-07
804 3.327972512106147e-07
805 -1.4467360598303683e-07
806 1.827803913069327e-07
807 1.0843879123960894e-07
808 -8.230779453621526e-08
809 3.1802820756116854e-07
810 2.3479786026202167e-08
811 1.8735712028282611e-07
812 -8.94056693924066e-08
813 2.9300856816248464e-08
814 6.774121708776486e-08
815 -4.914945255870346e-07
816 -1.2946369058023966e-07
817 -2.443045848545101e-08
818 -5.854218144589593e-09
819 2.748661618083158e-07
820 -6.001391622923968e-08
821 2.820969298786143e-07
822 3.177339255056894e-08
823 5.5830718755023684e-08
824 5.061394882013285e-07
825 1.610662066150868e-07
826 8.458129047220069e-08
827 3.87611875153506e-07
828 -6.833926251393318e-08
829 3.4298412311957283e-07
830 1.4630821468368902e-07
831 3.4937990607660105e-07
832 -8.725215564962815e-10
833 2.7046626165138237e-07
834 3.4808854953607394e-07
835 2.379334187629337e-07
836 5.33264588885307e-08
837 1.9542053520213565e-07
838 1.151423634906195e-07
839 2.2793493910921815e-07
840 1.7132726625236912e-07
841 -5.494197905445399e-09
842 -5.1723936228234086e-08
843 2.695672132863737e-08
844 1.227755314631354e-07
845 -1.808357767615736e-07
846 1.580529233915028e-07
847 5.374560893736696e-07
848 -8.942400721209159e-08
849 4.579050954570537e-07
850 1.9001546864649335e-07
851 3.9864742299489515e-07
852 1.9674239958830906e-07
853 3.429978661421251e-07
854 4.919187843389351e-07
855 1.1120917953074866e-08
856 2.944939785632787e-07
857 2.433411363454275e-09
858 -1.51695363700061e-08
859 1.6637460325280264e-07
860 1.0498014131603127e-07
861 -5.0846202609517506e-08
862 2.9884795093662614e-07
863 2.526468913878065e-07
864 4.390014477060179e-08
865 -1.6149576380058269e-07
866 1.7914241777844102e-07
867 3.06848261439333e-07
868 1.25613739459192e-07
869 -1.3715991450365328e-08
870 2.3424080851728258e-07
871 1.2514850904198813e-07
872 1.1256661993581359e-07
873 4.902129758005002e-07
874 -3.508935074948946e-08
875 -8.824773116064272e-08
876 3.533270275721705e-07
877 2.301020544812204e-07
878 9.490638015660306e-08
879 2.8346988615142556e-07
880 2.990121401119362e-08
881 8.979126894848932e-08
882 2.695959067237653e-07
883 1.5723087895340278e-07
884 1.3400866762294226e-07
885 2.793290337353181e-07
886 4.167314392810863e-08
887 -1.4500018249584177e-07
888 2.506127149646371e-07
889 1.214107597893043e-07
890 -1.8847990624361722e-07
891 -2.2358043305389442e-08
892 2.2594414957534497e-07
893 2.6065319745177545e-07
894 6.527401798986786e-08
895 1.0313038192253966e-07
896 -3.0223568429471077e-07
897 -4.43145087864032e-08
898 3.3886999705447714e-07
899 1.739950633108626e-07
900 3.491035971933061e-07
901 -5.22267605608551e-09
902 2.2869116173600736e-07
903 3.2216364777995113e-07
904 1.3716959733262666e-07
905 2.874549328487828e-08
906 3.902506633862988e-07
907 -9.485678630150362e-08
908 -8.667576070886982e-09
909 2.0950115464161334e-07
910 2.57048722528486e-07
911 2.043444612773543e-08
912 -1.332644538798252e-07
913 -1.746427988861203e-07
914 4.490662421406955e-07
915 5.2988125560658765e-08
916 1.1852652625020631e-07
917 -7.46761746352377e-10
918 -1.7389508348430416e-07
919 1.3705048499981651e-08
920 -1.543459389041325e-08
921 -5.179906724768396e-08
922 2.6784175157999935e-07
923 2.4838188660124285e-07
924 1.067737051105791e-07
925 1.3549923533029803e-07
926 1.452857639500239e-07
927 3.0986114413632113e-07
928 -8.787234688715158e-08
929 2.483938646251682e-07
930 1.825999974388579e-07
931 1.4319821568059878e-07
932 4.4271372437068014e-08
933 2.2935779399636533e-07
934 2.634716800120413e-07
935 1.139721797529329e-07
936 2.560782976699542e-07
937 1.7295722679457472e-07
938 2.681984252021005e-07
939 1.2512135774794134e-07
940 -4.828391579926676e-08
941 4.4092932507229236e-07
942 -2.8374151570824863e-09
943 -1.4022783903228614e-07
944 -8.062968481385281e-08
945 3.667275596173204e-07
946 5.719443559021061e-08
947 1.019734557537706e-08
948 1.2284916482206957e-07
949 1.7537779420757643e-07
950 3.6552803405641984e-08
951 -2.415129810300157e-07
952 3.625643135280594e-07
953 1.97405201576779e-07
954 6.515886177199327e-08
955 2.180098175536579e-08
956 9.180277160406637e-08
957 2.7756474585009223e-07
958 -2.2947551247806795e-08
959 -3.53278001205624e-08
960 5.286105569423182e-07
961 1.2513402310314756e-07
962 -7.507967438153148e-08
963 -7.384520135331687e-08
964 1.7285103914268455e-07
965 6.114973107199882e-07
966 3.310734007868396e-07
967 -5.437803283710954e-09
968 3.8064776350326135e-08
969 1.0636176122475846e-07
970 9.286067807995817e-08
971 1.5388610678670156e-07
972 1.2781675340038383e-07
973 2.1163544396765935e-07
974 4.324743723822071e-07
975 1.46414823021055e-07
976 1.2018468273997238e-07
977 -1.7065708286323078e-07
978 -1.786730868920849e-08
979 -4.9056080352947795e-08
980 -9.708399857178003e-08
981 -2.607256359518664e-07
982 -4.2389744673883474e-07
983 3.628047326779336e-08
984 8.635353618730199e-08
985 3.4746586761718057e-07
986 2.50663764423799e-07
987 4.731394803633835e-07
988 3.826490387440566e-07
989 2.095990627362066e-07
990 6.529460737931906e-08
991 -4.4429368197954034e-08
992 2.342785841570596e-07
993 2.320882066809379e-08
994 6.604660901583845e-08
995 2.719065591174518e-07
996 -4.4499654204010324e-08
997 -3.32059067259477e-07
998 4.177627499378612e-07
999 1.162961457340582e-07
