0 2.5544211894630215e-08
1 1.677290445117789e-08
2 -8.34040339495412e-08
3 -1.2438007158914582e-07
4 -6.373231106380198e-09
5 1.2805395266141001e-08
6 6.305574040745244e-09
7 1.3238301684946082e-07
8 -4.639600576077585e-08
9 -7.058643258578686e-08
10 -2.8003866032998985e-08
11 -6.182425499986204e-08
12 -2.9018701100983016e-09
13 -6.214231160461887e-08
14 -5.4884468057875194e-08
15 -7.637090062641882e-08
16 -7.594852127584435e-08
17 8.003600142356853e-08
18 -1.8979439692887342e-08
19 -1.1770536044671208e-08
20 -7.095572592501059e-08
21 -5.579530403408131e-08
22 -1.1415037300941558e-08
23 -7.993417449736631e-09
24 -1.5347993013950236e-07
25 -1.0558774367932483e-07
26 -7.256213637886726e-08
27 -5.730664374257822e-08
28 -8.540681504712638e-08
29 -2.850267367567368e-08
30 8.125271232664486e-08
31 -1.0313448177755612e-07
32 -1.6231822564155606e-08
33 -7.438445141343523e-08
34 -1.1445158458032213e-08
35 -5.7847919790217193e-08
36 -1.551956369105472e-08
37 -1.804705967457001e-08
38 2.9437408892509377e-08
39 -1.5551046327628664e-07
40 -7.50363702304551e-08
41 2.9768641481668367e-08
42 -1.1226358826824376e-07
43 -8.122387948947269e-08
44 -3.3426648073769336e-08
45 -5.7199430387905964e-08
46 -1.424255835615165e-07
47 2.5087034599665623e-08
48 -6.658109894015149e-08
49 2.4233879022868434e-09
50 -1.4397205285001328e-07
51 -9.775396313259757e-09
52 -2.4283437221172707e-08
53 -5.9220518210780804e-08
54 -4.59653154096654e-08
55 -5.7218969138958684e-08
56 -1.1766317008603967e-07
57 -6.623158571862583e-08
58 9.156204139376403e-09
59 -3.216083798152705e-08
60 -4.124291577293757e-08
61 -5.204182099443125e-08
62 -3.3493427148356724e-08
63 -7.13245158726095e-08
64 -1.1781624777630234e-07
65 -9.669441982572521e-09
66 -1.088759739592802e-07
67 -1.5194571266447029e-07
68 -4.324197164736594e-09
69 -9.892194757206755e-08
70 -2.2741892319923472e-08
71 6.205861575443002e-09
72 -2.5281724078779036e-08
73 -6.083815524602599e-08
74 1.224562273953615e-08
75 -6.543739574265588e-08
76 1.569067691894951e-08
77 2.458892685246501e-09
78 1.9465816574452207e-08
79 -2.8224029721297432e-08
80 -9.377187525459407e-08
81 2.0672258806524448e-08
82 4.029316370224748e-08
83 5.116519318844135e-08
84 -7.134093947469216e-08
85 -1.0720428125486005e-07
86 -2.6697612472600167e-08
87 -3.656548820145953e-08
88 -6.601214275105798e-08
89 -1.4326135164023264e-07
90 -4.9070670417738224e-08
91 -5.888224398937927e-09
92 -1.4555501956767465e-08
93 -8.581965227203545e-08
94 -7.279954226465234e-08
95 -3.313212989923217e-08
96 -9.526871187302343e-08
97 -4.6910141400503405e-08
98 -1.502760977563347e-07
99 -8.714043587067658e-08
100 -3.65281058660168e-08
101 1.1010866979632988e-08
102 -4.912086940097486e-08
103 -2.725112783350333e-08
104 1.1451928999934215e-08
105 -1.2556389030089454e-08
106 -1.986447065335574e-08
107 -8.885030178846222e-08
108 1.7122564079358928e-08
109 -1.839009147170384e-08
110 -1.1014111798921669e-07
111 -7.718911058776092e-08
112 7.636807004450616e-09
113 3.6832558209238996e-08
114 -9.548427148582856e-08
115 -6.435668039584031e-08
116 -6.798953720591332e-08
117 -3.5641210041553506e-08
118 -1.4575137420460332e-11
119 -9.070053864804753e-08
120 -6.844971697345854e-08
121 -1.4275047531474734e-08
122 5.084954325686706e-08
123 -9.134577780903338e-08
124 -9.808072186260647e-08
125 -3.602518995665421e-08
126 -1.4811828927765443e-09
127 -2.145294794421994e-08
128 1.4537966453854646e-08
129 -4.0609081491812614e-08
130 -3.147987294855129e-08
131 -2.970330828301317e-08
132 1.3274614489225136e-08
133 -4.85070152487776e-08
134 -1.3007125270448955e-07
135 -6.760838903744909e-08
136 -1.3266862783550272e-07
137 -1.3789442334951206e-07
138 -8.841937126779135e-08
139 -6.370759753346806e-08
140 -1.499481569573221e-08
141 -1.520204061746385e-07
142 2.319973291336036e-08
143 -1.2662348987018112e-08
144 -7.068377154895484e-08
145 -1.537085484427331e-08
146 2.7359692686981174e-08
147 -1.5944010732629633e-07
148 -1.716965872210938e-07
149 -1.6379819052967564e-07
150 -5.12599156891017e-08
151 -1.5289976502733224e-07
152 3.531380639548448e-08
153 -6.837843672606092e-08
154 -7.632321178455251e-08
155 -1.5996548193153018e-08
156 2.887327054646644e-09
157 -3.683199487945376e-08
158 -1.4336196625888614e-07
159 -5.246113465966395e-08
160 -1.133251082311607e-08
161 -6.297482875292795e-08
162 -9.142347133844305e-08
163 -6.654427692857404e-08
164 -8.128552787006035e-08
165 -1.0198967060845156e-07
166 -4.9769002940306364e-08
167 -3.0972691338221235e-08
168 -8.426962698893084e-08
169 -1.228956746460595e-07
170 -1.3312273838155425e-07
171 7.581166836007571e-09
172 -8.883667270490834e-08
173 -7.073184300454846e-08
174 -4.47445120893118e-08
175 -1.0605776815237822e-07
176 2.1345369268355446e-09
177 -1.3239780492686056e-07
178 -7.441037493937188e-08
179 -3.374516157947537e-09
180 -6.589081436219657e-09
181 -4.716713920948982e-08
182 -1.021868428243891e-07
183 4.185473321584285e-09
184 3.570594082555856e-08
185 -6.414879628941303e-08
186 -4.5693472643397554e-08
187 -9.45639587851084e-08
188 -4.0359587304314866e-08
189 -8.262747981337312e-08
190 -1.1953867519785738e-07
191 -1.5937381090281693e-08
192 -7.0086685963648286e-09
193 -3.284423657849709e-08
194 2.575254025789251e-08
195 -4.971084976209835e-09
196 -1.172757571113918e-08
197 -8.482826553914565e-09
198 -5.4223310468517416e-08
199 -6.270567506070698e-09
200 -5.2523170278019356e-08
201 -8.781852210222778e-08
202 -6.51064272539139e-08
203 -1.4546234387389737e-07
204 -8.090353836664419e-08
205 -4.019839114947491e-08
206 -7.686847756721598e-08
207 -5.3341351329519034e-08
208 -1.6272804377618285e-07
209 -2.9575866707822503e-08
210 -2.94395262906452e-08
211 -4.7491217191096494e-08
212 -2.9768845964824363e-08
213 -4.6355735595803974e-08
214 -5.1162798477064455e-08
215 -4.990263350529303e-08
216 -5.269304686832572e-08
217 1.5273771055477768e-08
218 -1.2793940586902422e-09
219 -2.7662439813804653e-08
220 1.3472728740984102e-08
221 -6.002300101905022e-08
222 -1.127173202831543e-07
223 -3.720561968493251e-08
224 -6.150699946341947e-08
225 1.421822221479458e-08
226 5.711828726345908e-08
227 -3.078082960695829e-08
228 2.126562078671632e-08
229 3.069791065383018e-08
230 3.357745410240234e-08
231 -1.4201550086333204e-07
232 -9.583506220693195e-09
233 -2.651843154266031e-08
234 -2.7630445927968662e-08
235 -3.920887279883773e-08
236 -2.249933379192075e-08
237 -3.7876694003532694e-08
238 -2.508593515850778e-08
239 -5.008782630672083e-08
240 -7.622562893061744e-08
241 -1.0648389024470982e-07
242 -1.406201599087371e-07
243 3.7100820902743474e-08
244 -9.67796232748592e-08
245 2.1061306874055628e-08
246 -1.382376373533345e-07
247 -9.815850964134721e-09
248 -7.148097645443141e-08
249 -7.598685534107607e-08
250 1.9149809690466624e-08
251 -2.4860203081034703e-08
252 3.0768414253622976e-09
253 -1.6798909556222316e-07
254 -1.752811803550145e-08
255 -9.13134954534184e-08
256 -1.1612294360231734e-07
257 -1.259787510497673e-08
258 -1.397143000515094e-07
259 -9.835321685381477e-08
260 3.8789301138960484e-08
261 -2.5780862009731783e-08
262 -7.999274824211167e-08
263 -1.357970935643578e-07
264 -6.118333835876724e-08
265 -1.5384669343569412e-07
266 -6.93295984479364e-08
267 -1.273460259723939e-07
268 -9.360253459472719e-08
269 -2.861634088625015e-09
270 -9.502242450785062e-09
271 -6.336396667840787e-08
272 -1.273790516776027e-07
273 -9.693702346682746e-08
274 3.1119125071995325e-08
275 -5.409854420833658e-08
276 -8.75296036315033e-08
277 4.5815372671051857e-08
278 -1.365096796626744e-07
279 -2.3385354874843813e-08
280 -2.034687039797918e-09
281 -6.708626091122698e-10
282 -1.3731749792453716e-07
283 -2.3173509985304027e-08
284 -1.2558203149135023e-07
285 -7.026371873254748e-08
286 2.0107496169304937e-08
287 -4.9454686335607835e-08
288 -7.648343575685955e-08
289 -9.583955367529374e-08
290 -3.104206155521469e-08
291 -1.0129216620480076e-08
292 6.642047991247827e-08
293 -6.663809379909174e-08
294 -8.023335688239384e-08
295 -3.310657782158409e-08
296 -1.1762975812214461e-07
297 -8.049540491541379e-08
298 -2.388780957312908e-08
299 2.3585256404435678e-08
300 -1.9538727071601637e-08
301 -7.964532220471509e-08
302 1.0023892992511839e-09
303 8.556961937866911e-10
304 -1.4145642760797424e-07
305 -6.392380732148857e-08
306 -3.209372901598727e-08
307 2.165716568096189e-09
308 -1.0390309434388495e-07
309 -2.3271321533329058e-10
310 -3.811001904630405e-08
311 -3.1659014191324754e-09
312 -5.7795335030600316e-08
313 -3.760172452250332e-08
314 -8.524786283185826e-08
315 -1.4860442920141347e-07
316 -1.2245460231201534e-07
317 -5.543612703448784e-08
318 -1.1242000710687972e-09
319 -8.977785128684543e-08
320 -6.574589823898377e-08
321 -1.7852738195050099e-07
322 -2.7673317771944635e-08
323 -1.059401476900607e-07
324 -6.619819293974559e-08
325 -1.5085314395563725e-08
326 -1.79858761886449e-08
327 -9.834323437620283e-08
328 -4.652820252475572e-08
329 -1.5299598440912565e-07
330 4.7139352918584887e-08
331 -5.495619261043671e-08
332 -5.7103765056201206e-08
333 -7.412053472432859e-08
334 -9.8314486139853e-08
335 -6.230492641797893e-08
336 -1.457830123627075e-10
337 5.698570720025976e-08
338 -5.741938071060648e-08
339 -1.327177160616151e-07
340 -1.2240484999230775e-07
341 -2.217930233473556e-08
342 -6.7848463989935e-08
343 -7.286983223440625e-08
344 3.442201337816536e-08
345 -1.4084629988810135e-07
346 -5.2088010967433777e-08
347 -4.6258596269815504e-08
348 -6.485744193595819e-08
349 -6.218219427981505e-08
350 -1.4148442695161757e-07
351 -4.378828381851139e-08
352 -2.56660120397055e-08
353 -2.8264789166036223e-08
354 -4.652507944690249e-08
355 1.7201911667875677e-08
356 -1.7457401641404143e-08
357 -5.5101003598950466e-08
358 -7.353652717294994e-08
359 -1.4243873233739033e-07
360 -1.0922611196952455e-07
361 -4.250188534152174e-08
362 -1.293493663421702e-08
363 1.1188151052583062e-08
364 -6.096529482784175e-08
365 7.445733304094743e-09
366 -5.903062761610874e-08
367 -7.207339057512543e-08
368 -5.250961295503031e-08
369 -2.2473139347507033e-08
370 1.0841936495704377e-08
371 -7.41439131063031e-08
372 5.895262277243815e-08
373 -1.6495253010948504e-07
374 -1.0015490263640714e-07
375 2.033695848989826e-08
376 9.319288879971653e-09
377 -8.507089228105981e-08
378 -8.483037542421272e-08
379 -2.6502688912219212e-08
380 -1.3169972558136366e-07
381 -4.188007668770151e-08
382 -2.8446688974606733e-08
383 -9.534294877869563e-08
384 -1.0673564879713694e-07
385 -1.0299725740650211e-07
386 -4.4308396971220844e-08
387 -1.439288808691576e-07
388 8.728462331559045e-09
389 -8.972692473389033e-08
390 -7.881224208354117e-08
391 -5.021939822885897e-08
392 -6.008186955121896e-08
393 1.8925785118648336e-08
394 -8.949681873676113e-08
395 -6.001152808575496e-08
396 2.616147893708753e-08
397 -4.122301351477885e-08
398 -5.302322608722967e-08
399 -9.886140693979753e-08
400 -9.931948150607336e-08
401 -7.857426024605474e-08
402 -1.5742520486545607e-07
403 -5.404290988601815e-08
404 -7.406818121101399e-08
405 4.195150617389935e-08
406 -1.1659847585774804e-08
407 -5.12232290187348e-09
408 -4.1098003731650105e-08
409 -5.468082991959855e-08
410 -1.930803492975946e-09
411 -5.5694064645830524e-08
412 -8.081656103342484e-08
413 -4.6814885936969436e-08
414 1.538179643401388e-08
415 -4.899976836953589e-08
416 -8.324688324979492e-08
417 -1.6293164177668598e-07
418 2.422862833378095e-08
419 8.630991548337282e-09
420 -9.556847727111249e-08
421 -6.67897210965356e-08
422 -1.7136784396917605e-08
423 -5.929343245475204e-08
424 -8.85004751691086e-08
425 9.746768554285586e-08
426 -7.782206501275758e-08
427 -9.187360900643845e-08
428 3.3298228741482675e-09
429 -1.0964610107194124e-07
430 -6.462352479106153e-08
431 -1.4135918575696132e-08
432 -9.203048563405925e-08
433 -8.92076982940717e-08
434 -5.121238434565192e-08
435 -3.812127774944962e-08
436 -5.3186579039552806e-08
437 -7.363261646127567e-08
438 -4.49807546765999e-08
439 -7.900446661113481e-08
440 -9.309669310128027e-09
441 -7.517748793307509e-08
442 -9.681993644442184e-09
443 3.0246670254521637e-09
444 -2.167343431277724e-08
445 -9.520785616131825e-08
446 -1.4377497199990403e-07
447 2.3621031307234186e-08
448 -7.522796457997499e-08
449 -8.435521775018096e-08
450 -7.526245665498778e-08
451 -5.405013158625518e-08
452 -5.2034956447478865e-08
453 -1.2292097169063177e-07
454 -5.5931747641795246e-08
455 -5.814229692587805e-08
456 -1.265693597811452e-07
457 -5.8550600836399485e-09
458 -3.9108009862731507e-08
459 -8.469043731153118e-08
460 3.4792591266051326e-08
461 -9.191933297382473e-08
462 5.129631182377563e-08
463 -2.835904622660091e-08
464 -5.526764182343352e-08
465 -6.588895923448336e-08
466 3.2799930807210355e-08
467 5.76182757323682e-08
468 -2.451473528143199e-08
469 9.151022749933224e-08
470 -4.924146756357987e-08
471 -6.509924332321028e-08
472 -1.2500281497931208e-07
473 -6.028038995676922e-08
474 2.289097281161923e-08
475 1.5549446286343547e-08
476 2.2225858195258294e-08
477 -6.460149244412143e-08
478 -1.3997008006151265e-08
479 -1.0751323873340963e-07
480 -1.3986673554721127e-07
481 -1.703551810382921e-07
482 -3.784087580618237e-08
483 -2.3645249469468085e-08
484 -5.4095010420693934e-08
485 8.37222736425011e-09
486 1.9287971443329677e-08
487 -1.3239367149332044e-07
488 5.880368670245643e-10
489 -5.2638336084186e-08
490 -5.844709689419222e-08
491 -9.083272971850112e-08
492 4.610337081216501e-09
493 -2.2697214229958745e-08
494 -5.978811826027171e-08
495 2.4217587492780938e-08
496 -7.419891023845704e-08
497 -5.7911309433146356e-08
498 -6.143475051231311e-08
499 -1.296914561927146e-10
500 -1.1526048707493484e-07
501 -1.3757754286871656e-07
502 -3.6527490860209634e-08
503 -1.704254540398275e-07
504 -8.74689274970873e-08
505 -1.127477198916761e-07
506 -1.684829628659714e-08
507 -7.979507741208482e-09
508 -4.834035453864075e-09
509 -1.7017067254340684e-07
510 3.190861294989356e-08
511 -2.24499501803906e-08
512 -5.179061671859033e-08
513 6.235290252075471e-08
514 -1.3345759972058396e-07
515 -6.478024698590154e-08
516 -1.3738256378338442e-08
517 -2.0540780433526416e-08
518 -9.861087280947974e-08
519 -1.2364812878159823e-07
520 -4.6481704098436224e-08
521 -8.756898172659434e-08
522 -3.248000331866449e-09
523 -2.0547776907568527e-08
524 -3.8487639710829845e-08
525 -7.681707273419012e-08
526 -2.9603390538673834e-08
527 7.303813707140091e-09
528 -7.789393588650878e-08
529 -1.0465510251703418e-07
530 -2.2194928003239206e-07
531 -9.74064727774156e-08
532 -1.0367190422272476e-07
533 -1.411652892359547e-07
534 -7.355897312491572e-08
535 -1.5764388803122724e-07
536 -8.088031102181528e-08
537 -1.0331337289232715e-07
538 -1.3984273574150414e-07
539 -3.832021698484673e-08
540 -8.020856399296188e-08
541 -5.2692142215129704e-09
542 2.7222782915180422e-08
543 7.545188206708894e-08
544 1.5654389787712795e-08
545 8.330591365037815e-08
546 -6.933338960841118e-08
547 -4.9668621722657383e-08
548 -6.203929463605843e-08
549 -1.1679183817872189e-07
550 -2.3437767140782262e-08
551 -5.586426112095532e-08
552 -1.3693230354784665e-08
553 -5.859160672169296e-08
554 -2.417181858551139e-08
555 -1.996710505439233e-08
556 -1.3658021711936554e-07
557 -1.0052218040885228e-08
558 -1.1442557975627399e-07
559 -9.381269675463763e-08
560 -1.7798009388426378e-08
561 -1.3408460801874788e-08
562 4.6125614902030646e-08
563 2.477672945633457e-08
564 -3.592276565345805e-08
565 -4.220879005574926e-08
566 -1.608584801345916e-07
567 3.64394380705268e-08
568 3.1611057772091124e-08
569 -7.639355634534865e-08
570 -4.0498089198847776e-08
571 -4.165191575712841e-10
572 -1.9216531015466936e-08
573 -2.4604967621444992e-08
574 -1.8396325775986695e-08
575 -1.6451236896580684e-08
576 -4.490362842733133e-09
577 -3.052164751984357e-08
578 -1.0644951024520708e-07
579 -2.6563839853817093e-08
580 -3.2263408871777506e-08
581 -1.293193953100681e-07
582 -2.648036583192397e-08
583 -1.2872521400350128e-07
584 -1.1099862988468575e-07
585 -7.167731041144322e-08
586 1.73438763175189e-08
587 -4.927092260625043e-08
588 -2.9369664031438614e-09
589 -1.0963111452244795e-07
590 -5.885946818569583e-08
591 -1.2644164558897274e-07
592 -5.934329301588167e-08
593 -9.883261069575068e-08
594 -6.086045131493025e-08
595 3.5449720050039616e-08
596 -1.3389946571753126e-07
597 2.3857102060072148e-08
598 -1.754017092462699e-08
599 -9.190529836156939e-08
600 -7.831301739375227e-08
601 -8.815388362089161e-08
602 7.129011705955606e-08
603 -3.441138912940429e-08
604 -8.92362848871601e-09
605 -8.986896410667505e-08
606 -7.012282561804681e-08
607 -3.371111729769236e-08
608 -5.404535770781029e-08
609 -6.406884682440486e-09
610 -3.8787393743111836e-08
611 -1.2628034633129317e-07
612 -1.1101838557320402e-07
613 -3.18121408384567e-08
614 -1.1154657837696663e-07
615 -1.665282695897571e-08
616 -9.922513097808579e-08
617 -1.2335455580377189e-08
618 -1.264816176285199e-07
619 -5.780395964289904e-08
620 1.0454768227735433e-08
621 -1.5598089854774743e-08
622 -1.0021123100454669e-07
623 -5.751976239562395e-08
624 -1.6571497083526752e-08
625 -9.731204351080345e-08
626 -2.9159879795923948e-08
627 -1.0057902129218313e-07
628 -4.063129223209478e-08
629 -5.617327499837614e-08
630 -1.1035982351598519e-08
631 -6.606141615028833e-08
632 -4.840103118145948e-08
633 5.965201471740437e-09
634 -4.7038234040283506e-08
635 -1.7414789315944388e-07
636 -1.4249338512889268e-07
637 -4.4467632116139454e-08
638 -6.07951575660954e-08
639 -9.187720828712449e-08
640 -7.576009170327189e-08
641 6.066726931793148e-08
642 -1.7901374421970347e-08
643 -4.076838482393559e-08
644 2.92994973771745e-08
645 -5.214840861724601e-08
646 -5.933489440614121e-08
647 -7.751141883582029e-08
648 -5.4536660935458626e-08
649 -1.7234279685841458e-07
650 -5.341244117312968e-08
651 -8.055940364149613e-08
652 -1.3477677498167568e-08
653 -7.48134065786113e-08
654 1.3367374765394787e-08
655 2.5292620569770607e-08
656 -2.2538079821870355e-09
657 -5.607016216822748e-08
658 -7.799099988144311e-08
659 -1.0754917845010518e-07
660 -1.0113166890419067e-07
661 -2.767932961302665e-08
662 -9.142248344349998e-08
663 -6.922161881213375e-08
664 -1.621902442749701e-07
665 2.5863934557205138e-08
666 -9.422835979207511e-08
667 1.3820043746474403e-09
668 3.02780863410795e-08
669 -1.3969273673607632e-07
670 -6.76684753757031e-08
671 -3.655219677457841e-08
672 2.1115154273942572e-08
673 -1.305638108471755e-07
674 5.8981182017140104e-08
675 -1.3328146649299645e-07
676 -9.54827748388072e-08
677 3.7262824659296205e-08
678 -7.408557511897065e-08
679 -5.758220404607965e-08
680 -8.821302532533978e-08
681 -5.5903360471218e-08
682 2.4938828003943356e-08
683 -3.08857135959075e-08
684 -7.71265974107703e-08
685 -5.5747098375820076e-08
686 4.499014130924032e-08
687 -7.72864778563601e-09
688 -5.05697043224558e-10
689 -1.0212940850467886e-07
690 -3.155670640917583e-08
691 6.23173571292114e-08
692 -1.5128069889458443e-07
693 -1.2895097108486704e-07
694 -2.112521176435808e-09
695 -9.391646721501409e-08
696 2.7150402261489726e-08
697 -1.2033399479044252e-08
698 -7.778922367024338e-08
699 -6.495821066563555e-08
700 -1.8704335613655036e-08
701 -6.708539675388614e-08
702 7.160611916970625e-08
703 -1.600567272284854e-08
704 -8.772898976350136e-09
705 -1.0445797233889915e-07
706 6.062597550240701e-09
707 -6.625243181321859e-08
708 -3.679983649111279e-08
709 -5.7981043918854206e-08
710 6.523607394550357e-08
711 -5.938555900211335e-08
712 -1.6377646539023163e-08
713 -6.491958787507432e-08
714 -9.490595551617045e-08
715 1.912288964436568e-08
716 3.9446220211167145e-08
717 4.93597499953364e-08
718 -3.809104569558931e-09
719 -6.287972112113644e-08
720 -4.775874721896523e-09
721 -1.3279218303878044e-07
722 -3.1397748690754806e-08
723 1.0815686360857727e-08
724 -1.3705275828472353e-07
725 -3.040452558343404e-08
726 -4.612536562380766e-08
727 -4.008022527462105e-08
728 -5.373465529660438e-08
729 4.361863637347039e-08
730 2.5356034779493412e-08
731 -6.745368613325348e-08
732 -9.756377299539378e-08
733 -3.989012953176124e-08
734 4.537160833988464e-08
735 6.902423119571199e-08
736 -1.3226475051180634e-08
737 -5.1438725312334846e-08
738 -1.5122553469339907e-07
739 7.719860609768987e-08
740 -1.5239595904179136e-08
741 -4.746467824564807e-08
742 4.591191426044398e-08
743 -1.2582497224380968e-07
744 -1.251504902180067e-07
745 -8.89736486585978e-08
746 -7.199447256930226e-10
747 8.803625071493794e-08
748 3.8367113407874497e-08
749 -2.4799790802905548e-08
750 -8.514550711597167e-08
751 -4.275877478533471e-08
752 -2.6012688564864044e-08
753 -6.416512265901428e-08
754 -3.302908906413806e-08
755 4.0953699645671203e-08
756 -3.731991748829719e-08
757 -6.593671046858511e-08
758 2.5674191800701982e-08
759 -8.542324348333195e-08
760 -5.850793104147334e-08
761 -2.4901772405579926e-08
762 5.360679736649551e-09
763 -9.895004390931098e-08
764 -2.169163672556117e-09
765 5.535635651745211e-08
766 -5.618863270865971e-08
767 -5.953089891338125e-08
768 -2.9261721793701723e-08
769 -1.0643325204756082e-07
770 -1.0597378764869268e-07
771 -5.9062433303227424e-08
772 -1.258961545650027e-07
773 -3.59811148252654e-08
774 -1.631443451721543e-08
775 -7.232366770612816e-08
776 -1.0693433925377632e-07
777 -3.0806761265410845e-08
778 -3.4427932491744164e-08
779 -8.583860461089584e-08
780 -9.88633480560993e-08
781 -1.2581753360788248e-07
782 -1.5463468710497545e-07
783 -4.716441255882588e-08
784 -9.62040312317899e-08
785 -8.534271204520402e-08
786 -4.612909970629576e-09
787 -9.385909764363342e-08
788 -9.654942011914561e-10
789 -1.1212636503273492e-07
790 -9.786142331844444e-08
791 -7.827099412794109e-08
792 -3.695490233410368e-08
793 1.0150607584832687e-07
794 -1.2078824687383437e-07
795 -1.2368657605393237e-07
796 -9.042882801529893e-08
797 -2.9037951687870023e-08
798 -1.0755497058617593e-07
799 -2.822827864061844e-10
800 -6.888385565959679e-08
801 -1.1525244770568723e-07
802 -1.1023665419632719e-07
803 1.2335644474335374e-08
804 3.1738215282238864e-08
805 2.0973509832436113e-08
806 3.809061494893332e-08
807 -9.306006406528061e-08
808 -4.224167984880925e-08
809 -9.214868274515651e-08
810 -2.490877517564359e-08
811 -1.8895891729659934e-07
812 -8.153982708213957e-08
813 -1.1698777767883616e-07
814 -3.4954401875340036e-08
815 -1.1392933523589073e-07
816 -1.0916026566021537e-07
817 -1.0883679251246209e-07
818 -6.836973429375261e-08
819 -4.871378649108248e-08
820 -1.139819047584552e-07
821 -6.753103170896221e-08
822 -3.3746151345818944e-08
823 4.682163684360098e-08
824 -4.821452150292899e-08
825 1.1212349940081568e-08
826 5.42162547706526e-09
827 -6.781039638387393e-08
828 -5.69523422188409e-08
829 -1.0801037306835753e-07
830 -3.5135026460539786e-08
831 1.864617481267506e-08
832 1.7299074231991176e-08
833 8.100796155288413e-08
834 -9.656883553329608e-08
835 -2.4441119094094123e-08
836 -1.1773105127849877e-07
837 -5.069911319550489e-08
838 -8.954449441033903e-08
839 2.8679917778447766e-08
840 -2.491411963682858e-08
841 -7.651701707914405e-08
842 -2.6394623222047445e-08
843 -4.902540158129237e-08
844 -9.155288730442786e-08
845 -8.36912392283093e-08
846 -2.5052144041931375e-08
847 -1.1364635326495538e-07
848 -1.3861026381466644e-07
849 -3.676114430825983e-08
850 -9.365321208766754e-08
851 -1.1372063964865933e-07
852 -3.9658553652260214e-08
853 -1.2630680225001767e-07
854 -3.462110638078985e-08
855 -6.255316148607659e-08
856 -7.570083369348054e-08
857 -7.785189250426645e-08
858 -3.106164120242838e-08
859 -5.594228208643324e-08
860 -1.0473859374251693e-07
861 -2.83699313935519e-08
862 -8.355768974381569e-08
863 -1.4835990373868063e-07
864 -9.00076183045139e-08
865 -1.0613728914442071e-07
866 5.371264859711597e-09
867 -4.90525955836541e-08
868 -1.7939214229478012e-08
869 -8.335373495909969e-08
870 -1.1001153734971269e-07
871 -9.72725196684189e-08
872 -2.6306279447547712e-08
873 -8.657437368868228e-08
874 -3.539323020300249e-08
875 -1.0245913002794397e-07
876 -7.666596128287155e-08
877 -2.995571130805263e-08
878 -1.0017501913950786e-07
879 -3.172221940547061e-08
880 -1.0132888066256203e-07
881 -1.378226961241042e-07
882 -3.794457735735096e-08
883 -1.2215986896515423e-07
884 -6.502126760929259e-09
885 7.43830169158054e-08
886 -7.678884629424086e-08
887 -7.268568899671972e-08
888 -1.2501886800729471e-07
889 -6.75203995957311e-08
890 -9.004275778490541e-08
891 2.4243144269874663e-08
892 -7.234267723506821e-08
893 -4.655707970116355e-08
894 -3.329089693448922e-08
895 -8.970110533675097e-08
896 2.847958891519375e-09
897 -1.057147571189584e-07
898 -8.667655996558413e-08
899 1.2143579411248742e-08
900 -4.440425228803186e-08
901 -1.9889346276655514e-07
902 -7.80437435101354e-08
903 -6.864115246758603e-08
904 -2.8430137839700723e-08
905 -3.596238490156848e-08
906 9.484208851485218e-09
907 -6.190367914324356e-08
908 -1.1578993660020277e-07
909 -2.120419142107202e-08
910 -3.720821591696067e-08
911 -6.58099772334899e-08
912 -1.2519541543765592e-07
913 -6.935272766031454e-08
914 -1.0280232238892964e-07
915 -8.02810545932192e-08
916 2.2938028192119926e-08
917 -9.74839410788381e-08
918 5.935660709059091e-08
919 -1.441930973970197e-07
920 1.299848495467288e-09
921 -6.546716292192046e-08
922 -8.008256624996299e-08
923 -1.4422826504143568e-07
924 5.0817932115439126e-08
925 -6.109537587102597e-08
926 -1.516983901108272e-08
927 -3.6991059350940447e-08
928 -1.5391072440843011e-07
929 3.7471284935071715e-08
930 -4.926764370456952e-08
931 -1.1326950817191472e-07
932 -8.203338683137745e-08
933 -4.584241126964617e-08
934 9.623700805846628e-09
935 -3.8579570147977087e-08
936 7.251156111744368e-08
937 -2.8750345827379215e-08
938 -3.254604359643842e-08
939 -5.2039639098535424e-08
940 -1.080279523467279e-07
941 -8.860287511994812e-08
942 5.740562497521438e-09
943 4.060955777134235e-08
944 -1.1802361438177313e-08
945 -6.872543844184958e-08
946 -9.510543158424665e-08
947 -9.001758646655083e-08
948 -8.835895636978964e-08
949 -2.880000953568494e-08
950 -1.1911258593158359e-08
951 -1.329424352495416e-08
952 8.633388598357468e-09
953 -5.39521702990863e-08
954 -3.913850443333001e-08
955 2.454720456700499e-08
956 -2.1989769248955764e-08
957 2.1411713112044725e-08
958 -5.5404114152204417e-08
959 -9.28060623956607e-08
960 -1.0435449170310977e-07
961 -6.128455930065825e-08
962 1.6143287181872798e-09
963 -5.354376015011037e-08
964 -7.678321945673444e-08
965 1.191962754176364e-08
966 -1.4516441481882586e-07
967 -1.0766799477949512e-07
968 -1.1985011924254395e-07
969 -1.0616635449856515e-07
970 3.5820363247360017e-08
971 -3.259596638767686e-08
972 -7.72395932271441e-08
973 -8.46384906307618e-09
974 -7.24647049575126e-08
975 -5.658721960893699e-08
976 -7.662143912789312e-08
977 -6.655464858145863e-08
978 7.051915028627326e-08
979 -7.999413152278273e-09
980 -6.975189417796083e-08
981 1.1735958060365973e-08
982 -1.1183410804323198e-07
983 -5.618241604823423e-08
984 -6.160017181984856e-08
985 -5.0009009288302143e-08
986 -1.2918294864805146e-07
987 -3.8135244673730465e-08
988 -1.6938096544186938e-08
989 -8.475511052208813e-08
990 -1.0527104525791684e-07
991 -3.926598314302828e-08
992 -6.565512712776996e-08
993 -6.776086156517165e-08
994 -1.1056004142100015e-07
995 -6.15824265128127e-08
996 -5.95381251293288e-08
997 -7.791657591352738e-08
998 3.0223949525149634e-08
999 -1.1332015385592665e-07
