0 3.691927253308176e-07
1 3.497864278294183e-07
2 3.587169376491392e-07
3 4.0542213237639946e-07
4 3.677076604807441e-07
5 4.1083032709721953e-07
6 3.6505543806686916e-07
7 4.044896247199859e-07
8 3.575719346276268e-07
9 3.514254762881114e-07
10 3.647755836999616e-07
11 3.7734145608632785e-07
12 3.332501289454568e-07
13 3.664378268652215e-07
14 3.8168387132642207e-07
15 3.4537709778759007e-07
16 3.57509626442956e-07
17 3.9218508110583e-07
18 3.88503544101003e-07
19 3.341167864935605e-07
20 3.6825729963971765e-07
21 3.1990353698882554e-07
22 3.5173057725886445e-07
23 3.56380284248228e-07
24 3.529622395731935e-07
25 3.6161157596179126e-07
26 3.283021732857035e-07
27 3.615738773402285e-07
28 3.2673562838926563e-07
29 3.563771242659688e-07
30 4.020056632533631e-07
31 3.774196323153071e-07
32 3.588142432723056e-07
33 3.7796593071135446e-07
34 3.519005195306061e-07
35 3.5276433410092555e-07
36 3.4001211258888475e-07
37 3.933934852053045e-07
38 3.9942646788751675e-07
39 3.5421829914522203e-07
40 3.510978364289888e-07
41 3.5892395872795165e-07
42 3.710335411256796e-07
43 3.529619048836827e-07
44 3.8627208552882683e-07
45 3.811720030565606e-07
46 3.4554185528577654e-07
47 3.791961329792683e-07
48 3.3534402778440543e-07
49 4.05479993924052e-07
50 3.840561539503298e-07
51 3.499383762824267e-07
52 3.791151066746957e-07
53 3.404845247445274e-07
54 3.766236645126432e-07
55 3.684419320177923e-07
56 3.0315812125020616e-07
57 3.772131287368878e-07
58 3.8447937062871974e-07
59 3.283058530509248e-07
60 3.3228844656497833e-07
61 3.76288088172662e-07
62 3.7899470169740335e-07
63 3.429068475403233e-07
64 3.45905397837356e-07
65 3.6728950156592086e-07
66 3.226110992301346e-07
67 3.0550234472283394e-07
68 3.8387334440835497e-07
69 3.203676887571876e-07
70 4.0607055365611276e-07
71 3.580256625850411e-07
72 3.236842266854767e-07
73 3.511636343211506e-07
74 3.467232616424708e-07
75 3.6909598628439193e-07
76 3.555492573276578e-07
77 3.551636093333068e-07
78 4.10636557272596e-07
79 3.175157167250505e-07
80 3.5614450911778714e-07
81 3.7283073148323165e-07
82 4.2352968203845714e-07
83 3.4958208934411306e-07
84 3.3485348958419896e-07
85 3.356640003407446e-07
86 3.5828578923015567e-07
87 3.6489066597351425e-07
88 3.450590234945449e-07
89 3.68951450199415e-07
90 3.748723530418662e-07
91 3.647817614613198e-07
92 3.535668000880893e-07
93 3.4850725640119884e-07
94 3.617220292161019e-07
95 3.548716070569505e-07
96 3.66315371710987e-07
97 3.3275261442714915e-07
98 3.5553590586425994e-07
99 4.149828628257822e-07
100 3.683963550925161e-07
101 3.8489336556331855e-07
102 3.9120091980075875e-07
103 3.640768122341518e-07
104 3.725227473339068e-07
105 3.666268609606592e-07
106 3.529284805001824e-07
107 3.5606760250453054e-07
108 3.6965622876340037e-07
109 3.6388833016139576e-07
110 3.8744380737671703e-07
111 3.295102835084128e-07
112 4.112159426151231e-07
113 3.689990953983856e-07
114 3.4341859378597846e-07
115 3.7226567261010143e-07
116 3.931265061788806e-07
117 4.0031248142662695e-07
118 4.0420327633818786e-07
119 3.522588641417507e-07
120 3.2752497411409883e-07
121 3.493809746789943e-07
122 3.838236954017778e-07
123 3.5083815820185126e-07
124 3.3426682778869516e-07
125 3.930940975417247e-07
126 3.0954235099272045e-07
127 3.8545226230932103e-07
128 4.0266636156453864e-07
129 3.0867827425948327e-07
130 3.572487001405213e-07
131 3.618775540293237e-07
132 3.1661261290675425e-07
133 3.6055169006711786e-07
134 3.3696669668408383e-07
135 3.3517397560017326e-07
136 3.0710294741340395e-07
137 3.230580797168586e-07
138 3.695750612306904e-07
139 3.20431528880397e-07
140 3.8013726851154575e-07
141 3.3360895308076596e-07
142 3.8373783523003604e-07
143 3.783964119380269e-07
144 3.6144038515226477e-07
145 3.408892502853907e-07
146 3.733923023976296e-07
147 3.498233178133732e-07
148 2.95252885194282e-07
149 3.5628242883438794e-07
150 3.422764550235262e-07
151 3.2102585974075686e-07
152 3.569316431118575e-07
153 3.64947393672879e-07
154 3.336824985666773e-07
155 3.7397101338486215e-07
156 3.565951805745897e-07
157 3.7029945455788947e-07
158 3.4009301113778085e-07
159 3.73970455348378e-07
160 3.832174236358538e-07
161 3.153486996063478e-07
162 3.5652744364584305e-07
163 3.3696368008282863e-07
164 3.4638534888850684e-07
165 3.180090206672979e-07
166 3.622650292666498e-07
167 3.71566154983996e-07
168 3.1048918598652003e-07
169 3.8357049931291324e-07
170 3.4895560610517615e-07
171 4.0100652259107563e-07
172 3.1837044983764644e-07
173 3.8711796613592467e-07
174 3.7964677608564476e-07
175 3.319512881469418e-07
176 3.787909241016727e-07
177 3.4948654610361956e-07
178 3.4214909100852217e-07
179 3.3416419960257946e-07
180 3.5953725170408495e-07
181 3.6437153823321236e-07
182 3.6142811441496056e-07
183 3.9287347309053696e-07
184 3.679727103444834e-07
185 3.1879648529028553e-07
186 3.79259611780714e-07
187 3.73500754261529e-07
188 3.5741035626661166e-07
189 3.4619995731740746e-07
190 3.547385018786583e-07
191 3.52440549865786e-07
192 3.698859406451165e-07
193 3.7529587888755755e-07
194 3.306719816466798e-07
195 3.2302202071831704e-07
196 3.5891490940835034e-07
197 3.789485607379746e-07
198 3.90642040677276e-07
199 3.4273727462779877e-07
200 3.602587003767225e-07
201 3.220596591159359e-07
202 3.864572359623335e-07
203 3.5850417029230194e-07
204 4.112415858674473e-07
205 3.59363199860003e-07
206 3.6928482887442983e-07
207 3.488998693276384e-07
208 3.212845227013125e-07
209 3.6756040752545227e-07
210 3.5924169966152516e-07
211 3.7603259515509745e-07
212 4.0470371347439635e-07
213 3.4461314925209585e-07
214 3.4514900572017e-07
215 3.279826633123741e-07
216 3.380200886951894e-07
217 3.5351808647086593e-07
218 3.6421151085013613e-07
219 4.191176739307314e-07
220 3.8800466354010284e-07
221 3.6737016353465783e-07
222 3.6298497906496663e-07
223 3.2100469087934836e-07
224 3.765220744436745e-07
225 3.712285929742214e-07
226 3.934598515846145e-07
227 3.5495842019085863e-07
228 3.6434409940510376e-07
229 3.6204797566403513e-07
230 3.555267269261848e-07
231 3.19459872631382e-07
232 3.6452425928134594e-07
233 3.683179735161407e-07
234 3.571849448463696e-07
235 3.5858598613493455e-07
236 4.135869982754499e-07
237 3.7158108690557247e-07
238 3.7791836234083137e-07
239 3.8606413387902254e-07
240 3.2369036191120686e-07
241 3.514927237895432e-07
242 3.332885853283193e-07
243 3.838882815827823e-07
244 3.5846804805864694e-07
245 3.552943062820063e-07
246 3.6583428507697245e-07
247 3.514482227270495e-07
248 3.801748389994617e-07
249 3.5972887839280265e-07
250 3.568433786526595e-07
251 3.8369285089862115e-07
252 3.549407799254655e-07
253 3.8481692083772413e-07
254 3.740884590007652e-07
255 3.4489110322471524e-07
256 3.4383844304210395e-07
257 3.416888875939193e-07
258 3.439301508053909e-07
259 3.656675014709918e-07
260 3.79606532944901e-07
261 3.5881614061992314e-07
262 3.708657926105026e-07
263 3.3783293055849423e-07
264 3.461459946088533e-07
265 2.999375958254912e-07
266 3.275778801496096e-07
267 3.3310193348149843e-07
268 3.329945174521006e-07
269 3.5658437502551414e-07
270 3.748944226120655e-07
271 3.616302597317955e-07
272 3.6594735364235156e-07
273 3.409367319073709e-07
274 3.7945344536649393e-07
275 3.453565925245362e-07
276 3.1575782301275357e-07
277 3.986234491841054e-07
278 3.345774509162122e-07
279 3.9936584558439426e-07
280 3.715415283907829e-07
281 3.8578721992163594e-07
282 3.544472014215653e-07
283 3.666016515640659e-07
284 3.6672593362788934e-07
285 3.828223599813002e-07
286 3.5380770819343645e-07
287 3.5043050662651245e-07
288 3.260694739338154e-07
289 3.514046619604685e-07
290 3.2162516547907515e-07
291 3.494813237836807e-07
292 3.6734016571186695e-07
293 3.5800881148943474e-07
294 3.389822790027255e-07
295 3.5682554685935165e-07
296 3.5716219530275157e-07
297 3.8069056385187933e-07
298 3.811064764681557e-07
299 3.521634770051471e-07
300 3.7947439185628804e-07
301 3.793796266036146e-07
302 3.449511669853644e-07
303 3.924064927986676e-07
304 3.219038839148088e-07
305 3.4581294575943173e-07
306 3.5447373574462234e-07
307 3.893885364254365e-07
308 3.396637128216567e-07
309 3.3641154063135105e-07
310 3.5752679709778135e-07
311 4.131020946303263e-07
312 3.9727075248891487e-07
313 4.0231475402688815e-07
314 3.6038501763746407e-07
315 3.558054453279638e-07
316 3.2758048700373546e-07
317 3.4382493687886093e-07
318 3.421480974392334e-07
319 3.537230047618684e-07
320 3.5302241164594503e-07
321 3.4768262411086787e-07
322 3.5757933233964413e-07
323 3.7831645846871715e-07
324 3.289238709839884e-07
325 3.3194676928110465e-07
326 3.892234047287458e-07
327 3.7951412925220283e-07
328 3.586051056157108e-07
329 2.7037423728038344e-07
330 3.912851197532223e-07
331 3.3408465576121346e-07
332 3.946376656442916e-07
333 3.442950155307628e-07
334 4.005905453601988e-07
335 3.657295244361317e-07
336 3.7921914721542325e-07
337 3.446534382981779e-07
338 3.5808378048749106e-07
339 3.672474694101794e-07
340 3.385281136930353e-07
341 3.7996954749974285e-07
342 3.5045183653048197e-07
343 3.8086121152521425e-07
344 3.8150515421318573e-07
345 3.631360200672122e-07
346 3.6025938945194214e-07
347 3.6603058283765227e-07
348 3.5167270260168025e-07
349 3.41969205944225e-07
350 3.141656246020364e-07
351 3.9093982679448163e-07
352 3.3168850409216714e-07
353 3.128519826816809e-07
354 3.542951046994686e-07
355 3.599044488596627e-07
356 3.699274004565887e-07
357 3.761629073937039e-07
358 3.5743457714235646e-07
359 3.2014077565933093e-07
360 3.5051067139821785e-07
361 3.6895350622092874e-07
362 3.924842805945357e-07
363 3.9821208916320353e-07
364 3.7330162665708153e-07
365 3.981600940721119e-07
366 3.620236407140598e-07
367 3.818642241756436e-07
368 3.8030057214213646e-07
369 3.583754568260977e-07
370 3.5337316069773944e-07
371 3.7787103333343576e-07
372 3.5353451229902314e-07
373 3.382466910192173e-07
374 3.595061747098732e-07
375 3.9203699260828454e-07
376 3.8704464720205545e-07
377 3.679920001197706e-07
378 3.212281025372218e-07
379 3.593513816214717e-07
380 3.399884394072601e-07
381 3.214277531931974e-07
382 4.1030261454990186e-07
383 3.5024718579409276e-07
384 3.710751321395756e-07
385 3.5092953281342006e-07
386 3.2774899185271553e-07
387 3.287181005926172e-07
388 3.536780138438938e-07
389 3.1745355185244447e-07
390 3.600416463200556e-07
391 3.3732431322629346e-07
392 3.7636333113749714e-07
393 3.7409710933334864e-07
394 3.556449253862898e-07
395 3.6063489124321e-07
396 3.8960932084679046e-07
397 3.3839498190354113e-07
398 3.385451544314076e-07
399 3.255903705709903e-07
400 3.8329277017544e-07
401 3.91444697486853e-07
402 3.2238069650071134e-07
403 3.4942901394208825e-07
404 3.2203474841915685e-07
405 3.770162101811546e-07
406 3.4436137612348084e-07
407 3.9535651715489356e-07
408 3.7380511355132977e-07
409 3.8532225513043485e-07
410 3.6676008898817615e-07
411 3.601769349230883e-07
412 3.5028299068212e-07
413 3.3820240948664775e-07
414 3.5528165318273826e-07
415 3.316078766122769e-07
416 3.7482703247570266e-07
417 3.895023186706859e-07
418 3.70330768523537e-07
419 3.957294993198817e-07
420 3.657147978084814e-07
421 3.5018645729850103e-07
422 3.345936395922018e-07
423 3.5910923483711675e-07
424 3.366891030601571e-07
425 3.6293899723403293e-07
426 3.2440775767880754e-07
427 3.537105676265845e-07
428 3.7124736663055596e-07
429 4.0660264815275956e-07
430 3.3409309628239915e-07
431 3.928294905399865e-07
432 3.5671041984158685e-07
433 3.52152865842374e-07
434 3.8228632013957743e-07
435 3.5841357547643437e-07
436 3.823290872655829e-07
437 3.306256152896869e-07
438 3.2955350526097285e-07
439 3.574504617152316e-07
440 3.73648199468842e-07
441 3.500871671043055e-07
442 3.940763392362381e-07
443 3.8997765021367836e-07
444 3.732913402292258e-07
445 3.429940068427427e-07
446 3.565214990775691e-07
447 3.2854374117638484e-07
448 3.515380195978948e-07
449 3.582758446694021e-07
450 3.5142476125981033e-07
451 3.276988959920738e-07
452 3.6672914803917155e-07
453 3.6958971374010005e-07
454 3.401592345656866e-07
455 3.875255458307508e-07
456 3.5022034518737634e-07
457 3.5530878840328273e-07
458 4.0557746907053946e-07
459 3.7190129529269946e-07
460 3.761595292455811e-07
461 3.731486789920576e-07
462 3.5079282683987336e-07
463 3.3718215359709685e-07
464 3.310749936642138e-07
465 3.677218819059222e-07
466 3.8562347538482505e-07
467 3.697901893676643e-07
468 3.8305797374255794e-07
469 3.6914458302103854e-07
470 3.681896774413741e-07
471 3.8260653588919516e-07
472 3.4778191047787243e-07
473 3.339968448915023e-07
474 4.084177595111796e-07
475 3.819108688962127e-07
476 3.1220060734050643e-07
477 3.488611329440784e-07
478 3.597928529935883e-07
479 3.3542236705670523e-07
480 3.504271225571475e-07
481 3.790705735467882e-07
482 3.325968236643409e-07
483 3.43379905453729e-07
484 3.6484652781551833e-07
485 3.635489202061173e-07
486 3.1807246220784137e-07
487 3.444813587057741e-07
488 3.8901973859721194e-07
489 3.688102036319474e-07
490 3.6179793635907643e-07
491 3.572510110636394e-07
492 3.486123590937117e-07
493 3.535456353651442e-07
494 3.5452040207170807e-07
495 3.7106928537028596e-07
496 3.737052452326423e-07
497 3.574996811301277e-07
498 3.5514915292031596e-07
499 3.349350371867538e-07
500 3.6488267362479493e-07
501 3.4339471644054095e-07
502 3.837942835466359e-07
503 3.3107940324414314e-07
504 3.7425933353857323e-07
505 3.5118492277706396e-07
506 3.644770450446963e-07
507 3.612469550207257e-07
508 3.355769551846233e-07
509 3.3211152194676466e-07
510 3.4291860903233e-07
511 3.5108803221209833e-07
512 3.254827471966713e-07
513 4.005555456365506e-07
514 3.547099851639587e-07
515 3.6948048494964e-07
516 3.640051806035433e-07
517 3.7285347098461465e-07
518 3.685109597256903e-07
519 3.390329834681382e-07
520 3.42458014469466e-07
521 3.465269200033912e-07
522 3.69354829199901e-07
523 3.222894550560374e-07
524 3.7218325614718335e-07
525 3.590968141142359e-07
526 3.504803495517278e-07
527 3.8818715190190557e-07
528 3.5920153915021903e-07
529 3.4266246631831204e-07
530 3.298709465778049e-07
531 3.218481330028223e-07
532 3.406260270267505e-07
533 3.50970011100675e-07
534 3.283948212554094e-07
535 3.095807405093875e-07
536 3.812933506417333e-07
537 3.250358861974742e-07
538 3.2390146765932236e-07
539 3.5759296026078885e-07
540 4.004825447382419e-07
541 3.7642586205328103e-07
542 4.0232889098863957e-07
543 3.464596410686931e-07
544 3.6009121768320276e-07
545 4.1775815765587687e-07
546 3.453664607775562e-07
547 3.617216656111205e-07
548 3.290031733181667e-07
549 3.702546300225114e-07
550 3.687001586963635e-07
551 3.522599161110087e-07
552 3.4739322566061e-07
553 3.2447111186136564e-07
554 3.3976328560783934e-07
555 3.571430772459413e-07
556 3.3108985475121344e-07
557 3.6616030374468705e-07
558 3.5123128888903865e-07
559 3.5555291511731694e-07
560 3.6054571560288476e-07
561 3.875369976993428e-07
562 3.3252299412251005e-07
563 3.5249861603849343e-07
564 3.55654584071673e-07
565 3.565487368560955e-07
566 3.6384701906506765e-07
567 3.705780307919939e-07
568 3.296949991369893e-07
569 3.624735811252309e-07
570 3.7668931830137806e-07
571 3.371970763756797e-07
572 3.495205319134522e-07
573 3.552565303389633e-07
574 3.412648162225104e-07
575 3.6519719533325225e-07
576 3.808839882896352e-07
577 3.5872674106951384e-07
578 3.6933584165007386e-07
579 3.5142201615960527e-07
580 3.4238208479597826e-07
581 3.3055733089974933e-07
582 3.755563412325274e-07
583 3.443766025793008e-07
584 3.646249677139184e-07
585 4.003607323373326e-07
586 4.2359775206123276e-07
587 3.657111973951444e-07
588 3.5428932878856833e-07
589 3.754319727777249e-07
590 3.575019182833562e-07
591 3.6381069972645497e-07
592 3.664003465629406e-07
593 3.511156018923653e-07
594 3.4536809540805717e-07
595 3.4917467282789837e-07
596 3.6020520651370705e-07
597 3.459041901357739e-07
598 3.780809063268327e-07
599 3.290735446512293e-07
600 3.1169136762201895e-07
601 3.4169912581708477e-07
602 3.7635792051581277e-07
603 3.872428017875387e-07
604 3.6614192698337377e-07
605 3.481146233282976e-07
606 3.3125642957758725e-07
607 3.7885642038384984e-07
608 4.003379253809958e-07
609 3.2550743350660036e-07
610 3.6072706270034903e-07
611 3.476856713644818e-07
612 3.460725577586924e-07
613 3.431288621484412e-07
614 3.515966876270422e-07
615 3.4215985988745824e-07
616 3.6679558189574527e-07
617 3.590082082230037e-07
618 3.4893421018060057e-07
619 3.6091392327633567e-07
620 3.085822366821262e-07
621 3.40729292020929e-07
622 3.765790864452775e-07
623 3.703931204528755e-07
624 3.7379453525313416e-07
625 3.712886968532654e-07
626 3.6380510520632786e-07
627 3.189342685049171e-07
628 3.3478959974628295e-07
629 3.998666222433632e-07
630 3.3379377702442617e-07
631 3.4232721228640044e-07
632 3.025352597403594e-07
633 3.378499689840887e-07
634 3.5988934726450826e-07
635 3.5564333121967406e-07
636 3.5099704734998754e-07
637 3.53751611385763e-07
638 3.8301229888655636e-07
639 3.8108514514352486e-07
640 3.4205674618677207e-07
641 3.4241327490755035e-07
642 4.008126631666978e-07
643 3.2778762722317123e-07
644 3.9374733312543706e-07
645 3.6657967417598303e-07
646 3.3892246775731275e-07
647 3.688383802022908e-07
648 3.7306734078843455e-07
649 3.4513156978460804e-07
650 3.5613003854756236e-07
651 3.7522240527954293e-07
652 3.3992586626616257e-07
653 3.8218123720218437e-07
654 3.533847140353592e-07
655 3.3838419646417555e-07
656 3.495491646242802e-07
657 3.4072846810108916e-07
658 3.258032091730488e-07
659 3.3176876647496497e-07
660 3.677466887733436e-07
661 3.2613452440751996e-07
662 3.3578767804820847e-07
663 3.7664020707929676e-07
664 3.612999355927509e-07
665 3.6603993909261676e-07
666 3.538860244370347e-07
667 3.882402270853912e-07
668 3.7358955921703815e-07
669 3.7991490048118746e-07
670 3.569038551107237e-07
671 3.8537246959459185e-07
672 3.5548913303830436e-07
673 3.91887241993995e-07
674 4.0197612976702967e-07
675 3.1948174872293705e-07
676 3.163909060507188e-07
677 3.717243991011098e-07
678 3.6009744111798585e-07
679 3.711360308681514e-07
680 4.033141722160092e-07
681 3.69605187149827e-07
682 3.5697667884590796e-07
683 3.597855455810451e-07
684 3.390034722928852e-07
685 3.774857927867041e-07
686 3.4732073947336203e-07
687 3.802886892296044e-07
688 3.485163378388673e-07
689 3.308351241604378e-07
690 3.5987744522853236e-07
691 4.054580097020544e-07
692 3.8076466566394483e-07
693 3.7574224918706273e-07
694 3.632134047330477e-07
695 3.1497517739313966e-07
696 3.35501223759937e-07
697 4.0772214067502833e-07
698 3.95484761576908e-07
699 3.3530347988107797e-07
700 3.8867176435660563e-07
701 3.740936341609749e-07
702 3.705443294055602e-07
703 3.554503396043625e-07
704 3.631519975881751e-07
705 3.399901786796052e-07
706 3.6309474007006497e-07
707 3.639661214321075e-07
708 3.920831460144809e-07
709 3.5000024662466994e-07
710 3.800911514692778e-07
711 3.7070124732785424e-07
712 3.784388592853699e-07
713 3.6511014577344814e-07
714 3.2490351087653657e-07
715 3.8690343196245914e-07
716 3.708110923858542e-07
717 3.3615330214775247e-07
718 3.692401156824929e-07
719 3.5827807764201817e-07
720 3.4821555271395157e-07
721 3.4408243297369394e-07
722 3.634293940183179e-07
723 3.791900015047484e-07
724 3.325935003741739e-07
725 3.66157103800965e-07
726 3.3776844243585854e-07
727 3.684238514867577e-07
728 3.4159661499029924e-07
729 3.652050748207895e-07
730 4.100002647924557e-07
731 3.2677707682115657e-07
732 3.4579625757660213e-07
733 3.805803978282288e-07
734 3.7248351359816455e-07
735 3.9993216068535597e-07
736 3.6926293807964775e-07
737 3.714977825579671e-07
738 3.3219826170800177e-07
739 4.047131241083821e-07
740 3.817493705618602e-07
741 3.437197507868547e-07
742 3.646873741031627e-07
743 3.5962335170761854e-07
744 3.705362976267791e-07
745 3.617037952145264e-07
746 3.3051185503874315e-07
747 3.586015870853128e-07
748 3.930373756674536e-07
749 3.2554339226523064e-07
750 3.321428465368878e-07
751 3.4729641045757365e-07
752 3.780133028186181e-07
753 3.764156418197989e-07
754 3.4111487904395564e-07
755 3.7391664408059164e-07
756 3.3634083592981455e-07
757 3.473525525338723e-07
758 3.749913543813978e-07
759 3.40229796761302e-07
760 3.6096555097956855e-07
761 3.662776418272116e-07
762 3.6333453919751883e-07
763 3.289225991399064e-07
764 3.5402891413081114e-07
765 3.2316367408423e-07
766 3.2957265097988417e-07
767 3.836846950970197e-07
768 3.4723634599762445e-07
769 3.5365053564103546e-07
770 3.256717361222125e-07
771 3.342356306218496e-07
772 3.604709389049294e-07
773 3.865871557384638e-07
774 3.693345808545524e-07
775 3.883893680262748e-07
776 3.6406694016007453e-07
777 3.4349770204063164e-07
778 3.4123225407789163e-07
779 3.71008736425273e-07
780 3.68336243227507e-07
781 3.870447727252206e-07
782 3.2085906379704706e-07
783 3.3700349600867006e-07
784 3.226825046806473e-07
785 3.582030703615216e-07
786 4.139474612527148e-07
787 3.7374343725218287e-07
788 3.5166187391024726e-07
789 3.424014936029826e-07
790 3.6413142492359323e-07
791 3.6374103988207423e-07
792 3.7266207291488373e-07
793 3.5921365615212264e-07
794 3.512439728838486e-07
795 3.322915491028152e-07
796 3.414552736655135e-07
797 3.6642802112946904e-07
798 3.705489615976599e-07
799 3.966393303617054e-07
800 3.29721815891721e-07
801 3.128866213641858e-07
802 3.545634401048742e-07
803 4.004555118387702e-07
804 3.3376397174707136e-07
805 3.520939792170371e-07
806 3.6852003602058723e-07
807 3.51163919386986e-07
808 4.01317784326592e-07
809 3.572101955564891e-07
810 3.291652587719279e-07
811 3.311503975104138e-07
812 3.380452255290085e-07
813 3.381715135966406e-07
814 3.5402302010339306e-07
815 3.370211893293147e-07
816 3.483981176611923e-07
817 3.456570756384869e-07
818 3.097117840747045e-07
819 3.250501081870514e-07
820 3.5138958800747296e-07
821 3.7020171823213743e-07
822 3.791110601829749e-07
823 3.4791320273372526e-07
824 3.569283440940651e-07
825 3.4370488072905117e-07
826 3.4573758522035546e-07
827 3.5638421988590437e-07
828 3.2972275833627014e-07
829 3.3863579773301656e-07
830 3.6451106831895934e-07
831 3.573349311426191e-07
832 3.266179824413659e-07
833 3.7087798840632727e-07
834 3.6345895558785603e-07
835 3.577990245700717e-07
836 3.4283344900693654e-07
837 3.6336864578794246e-07
838 3.504868111994328e-07
839 4.058525030417117e-07
840 3.44745338164008e-07
841 3.492470740693502e-07
842 3.4744610525220444e-07
843 3.7445948793807324e-07
844 3.7184752587268535e-07
845 3.7675596510396373e-07
846 3.6095363004009933e-07
847 3.4962897866528904e-07
848 3.3601354498528624e-07
849 3.130510832360105e-07
850 3.654008017559706e-07
851 3.447155373984902e-07
852 3.7692853212404575e-07
853 3.8201832869006085e-07
854 3.6359719622373146e-07
855 3.5682656045743693e-07
856 3.7119006049747763e-07
857 3.3108042854762807e-07
858 3.7718782022643836e-07
859 3.4215776043067127e-07
860 3.3969632347591314e-07
861 3.5567097441438445e-07
862 3.7088464166302144e-07
863 3.843732635739886e-07
864 3.6045126600092815e-07
865 3.579374910680026e-07
866 3.5637196469410733e-07
867 3.9930603561141645e-07
868 3.6291771057632034e-07
869 3.595887345071905e-07
870 3.731250415807294e-07
871 3.4632578203515695e-07
872 3.485695698933347e-07
873 3.480327365973695e-07
874 3.541647936388907e-07
875 3.140837569808536e-07
876 3.4291956374453784e-07
877 3.8768078027315046e-07
878 3.5828870127450926e-07
879 3.6611760913120673e-07
880 3.8983465829508357e-07
881 3.541146600537822e-07
882 3.704654661551035e-07
883 3.3704301143545347e-07
884 3.114091375928326e-07
885 3.280032560758264e-07
886 3.1884218527194363e-07
887 3.6724787391785334e-07
888 3.470621348248355e-07
889 3.318130967977418e-07
890 3.3413720501628487e-07
891 2.939029834410374e-07
892 3.625206065177163e-07
893 3.864953687429645e-07
894 3.499452352200579e-07
895 3.1603364638073474e-07
896 3.697371358430608e-07
897 3.130145430360923e-07
898 3.351217514563146e-07
899 3.8776599162809484e-07
900 3.2324462433985976e-07
901 3.36264340460537e-07
902 3.6656305810908704e-07
903 3.659774342714514e-07
904 3.554711547214645e-07
905 3.791356491962628e-07
906 3.762021648238562e-07
907 3.898564389144272e-07
908 3.5966154544221205e-07
909 3.7213627469083365e-07
910 3.2209248289885146e-07
911 3.51734595831267e-07
912 3.599311151802208e-07
913 3.441581210290668e-07
914 3.504014481471507e-07
915 3.488973402649517e-07
916 3.8157632968354095e-07
917 3.7112769157430407e-07
918 3.7004163602249683e-07
919 3.2334640101147646e-07
920 3.55620257987585e-07
921 3.2799242449801383e-07
922 3.785221100713165e-07
923 3.597280234773939e-07
924 3.4399963502619805e-07
925 3.399215170812152e-07
926 3.7126830864363314e-07
927 3.517064204283579e-07
928 3.4402360133077126e-07
929 4.113465681994741e-07
930 3.7318896988849467e-07
931 3.4382541969378545e-07
932 3.467384108970237e-07
933 3.879594807497e-07
934 3.6641682319697024e-07
935 3.55828778213885e-07
936 4.1263743701002727e-07
937 3.215105478866866e-07
938 3.569104619517082e-07
939 3.7825993524852135e-07
940 3.2441703596721907e-07
941 3.5044304989838273e-07
942 4.2442288081012497e-07
943 3.7242607227202913e-07
944 3.334635843847845e-07
945 3.5260334194903617e-07
946 3.620332667788077e-07
947 3.322785480391425e-07
948 3.431005737850167e-07
949 3.674900993764524e-07
950 3.7284695582445684e-07
951 3.5702800369559973e-07
952 3.640004900112745e-07
953 3.603298161481834e-07
954 3.8594945135018566e-07
955 3.1855854801540365e-07
956 3.447272877863421e-07
957 3.781646436003262e-07
958 3.6459004310066966e-07
959 3.141575582474087e-07
960 3.721536211354236e-07
961 3.7061793553981033e-07
962 4.326530182134288e-07
963 3.715356331964481e-07
964 3.178138931089445e-07
965 3.343037406114032e-07
966 3.7742217444928205e-07
967 3.6346516762434666e-07
968 3.647197672189762e-07
969 3.611629668368551e-07
970 3.659406989504179e-07
971 3.3046096013173474e-07
972 3.920799200460773e-07
973 3.269322470020414e-07
974 3.8595316848309517e-07
975 3.5118646012923635e-07
976 3.291114001046206e-07
977 3.7013980278454836e-07
978 3.5145128312447116e-07
979 3.5531784318608376e-07
980 3.5467990751124784e-07
981 3.2053174284973466e-07
982 3.4971747657102354e-07
983 3.6021710648153285e-07
984 3.599129819069381e-07
985 3.7983521824194227e-07
986 3.4296998970212373e-07
987 3.5910522719786657e-07
988 3.6855573725906773e-07
989 3.698900059849815e-07
990 3.512182661379027e-07
991 4.024436923290951e-07
992 3.6425232918127635e-07
993 3.565168604530549e-07
994 3.174080734278679e-07
995 3.2831584035004533e-07
996 3.2735681434918316e-07
997 3.634052329949615e-07
998 3.8443525765920034e-07
999 3.989347930125272e-07
