0 5.194253273431705e-07
1 5.240189427208017e-07
2 5.854068437726602e-07
3 7.006670200811008e-07
4 5.086588282163641e-07
5 5.552202226606606e-07
6 4.921829285925077e-07
7 3.7945949494805836e-07
8 5.257141492925862e-07
9 5.903252759669369e-07
10 5.211725461377505e-07
11 6.624735631929012e-07
12 5.370729861701186e-07
13 6.240982282764657e-07
14 5.928524755494787e-07
15 6.171962202713256e-07
16 6.020424171678021e-07
17 4.247265546321913e-07
18 5.750853139227205e-07
19 5.705675382798528e-07
20 6.031543910212713e-07
21 5.555142613543304e-07
22 5.346719525992352e-07
23 5.164849039077899e-07
24 7.193198492795366e-07
25 6.912070982830391e-07
26 6.026749861015349e-07
27 5.831061797680006e-07
28 5.926989582677333e-07
29 5.52879681960153e-07
30 4.543317405141254e-07
31 6.68114972280651e-07
32 5.067363488808058e-07
33 5.687746049816046e-07
34 5.501714451637479e-07
35 6.173136518070674e-07
36 4.88738921370908e-07
37 6.436152789910812e-07
38 5.140173745830516e-07
39 7.052282359149498e-07
40 6.606322569447766e-07
41 5.266402857033761e-07
42 6.089220992513432e-07
43 6.296862368101244e-07
44 5.626685444808484e-07
45 6.360535882644191e-07
46 7.053279852365377e-07
47 5.407872523764984e-07
48 5.956895719823517e-07
49 6.02302261582536e-07
50 7.566972954049624e-07
51 5.143072314744126e-07
52 6.13645559481386e-07
53 6.155530620208227e-07
54 6.05652235421648e-07
55 5.893265487354633e-07
56 6.302891083273076e-07
57 5.972692605841315e-07
58 5.095736216973998e-07
59 5.508319750625835e-07
60 5.646811383531519e-07
61 5.978323902324793e-07
62 6.16439223356276e-07
63 5.606134914837668e-07
64 6.723460125081459e-07
65 5.524608323196218e-07
66 6.547736912313195e-07
67 6.669398930652821e-07
68 5.237520193046527e-07
69 6.742880093485349e-07
70 6.134836629767291e-07
71 4.905768660281079e-07
72 5.441237484022877e-07
73 5.738801969886019e-07
74 4.843919681188901e-07
75 6.143105383654116e-07
76 5.230189726764639e-07
77 5.123533034248543e-07
78 5.858903796772763e-07
79 5.271919328987433e-07
80 6.455941674821605e-07
81 4.544342010604864e-07
82 5.086185600320812e-07
83 5.025841120901809e-07
84 5.720863307716369e-07
85 6.679282452646736e-07
86 6.289331211292957e-07
87 5.605633426232695e-07
88 5.801650308856898e-07
89 6.750241678363702e-07
90 6.08208211343029e-07
91 5.300993343933288e-07
92 5.298213590386931e-07
93 6.098060702173027e-07
94 6.394001202071887e-07
95 6.013028777421618e-07
96 6.419702557119528e-07
97 5.923086109970863e-07
98 6.896395491401669e-07
99 7.190219986660229e-07
100 5.439245909751591e-07
101 5.745191111423629e-07
102 6.132904987394958e-07
103 6.149177245289585e-07
104 5.258709554761613e-07
105 5.438258897910919e-07
106 5.603006063166348e-07
107 6.5770677660724e-07
108 5.20409766777425e-07
109 5.579467147382589e-07
110 7.039194528550101e-07
111 6.114635931125246e-07
112 5.705271147694675e-07
113 5.070326679403787e-07
114 6.422024158384905e-07
115 6.319924163625884e-07
116 6.554939152971572e-07
117 5.909207335249416e-07
118 5.37179161274621e-07
119 6.18269810965855e-07
120 6.251247797688051e-07
121 5.184713599309035e-07
122 5.402103115198758e-07
123 6.68661512364765e-07
124 6.915900607358071e-07
125 6.031494176874265e-07
126 4.760572549033813e-07
127 5.779474336395249e-07
128 5.382060866229902e-07
129 5.328142487688926e-07
130 5.380975799227925e-07
131 5.670079077985845e-07
132 4.862077871153262e-07
133 5.72524370613144e-07
134 6.770080001898038e-07
135 5.697028841454021e-07
136 6.491615188909643e-07
137 7.049018568352104e-07
138 6.790573123062489e-07
139 5.926300347432204e-07
140 5.912730163720388e-07
141 6.642402754033362e-07
142 5.289238786786275e-07
143 5.799271051624427e-07
144 6.048886315467855e-07
145 5.219242646978825e-07
146 5.252453067758385e-07
147 7.909754095580867e-07
148 6.922907400213777e-07
149 7.296782352274556e-07
150 6.156388018421963e-07
151 6.659069156144191e-07
152 5.594833126360606e-07
153 5.969646884372303e-07
154 6.012689182615631e-07
155 5.738936956268921e-07
156 5.495341352946902e-07
157 6.300417346219363e-07
158 7.076316852535659e-07
159 5.974423999123493e-07
160 6.354593549832764e-07
161 5.646746985220377e-07
162 7.121207256902032e-07
163 5.731177267660549e-07
164 5.962693025726153e-07
165 6.27664635899377e-07
166 5.715918785829483e-07
167 5.519257696806305e-07
168 5.734009344479128e-07
169 7.255237145569341e-07
170 6.845931149701382e-07
171 5.093662125650235e-07
172 6.041478656532438e-07
173 6.323429320941824e-07
174 6.078467947421105e-07
175 6.274254802217658e-07
176 5.101189086097309e-07
177 6.660798513544717e-07
178 6.420121825098812e-07
179 5.135818719459476e-07
180 5.422498326583602e-07
181 5.28865147609824e-07
182 6.534535984504536e-07
183 5.241718951086542e-07
184 4.636734589058321e-07
185 5.953207734725614e-07
186 5.659877561436986e-07
187 6.497863637569e-07
188 5.415190565404705e-07
189 6.424248373683317e-07
190 6.852858429165702e-07
191 5.517141239779183e-07
192 5.81408859434648e-07
193 5.321363735764333e-07
194 4.755512503681836e-07
195 5.155450903026892e-07
196 5.483590554042518e-07
197 5.956835222318814e-07
198 5.923157553757942e-07
199 4.7667093492730133e-07
200 6.231840879830434e-07
201 5.968244949783116e-07
202 6.078349583677696e-07
203 8.047548861979239e-07
204 6.635780870407737e-07
205 5.809477186011308e-07
206 6.437098127874613e-07
207 5.839831305383248e-07
208 7.104041171684648e-07
209 5.992455276819872e-07
210 5.927480865960095e-07
211 5.893015558027241e-07
212 6.171521877693536e-07
213 5.637228140275842e-07
214 5.397323869981498e-07
215 5.872130922031998e-07
216 5.89446794066411e-07
217 5.440604960335973e-07
218 5.335346023259398e-07
219 6.102177908559457e-07
220 5.163116302752887e-07
221 6.034681905778847e-07
222 6.75727865063274e-07
223 5.868267070421507e-07
224 6.464812149861889e-07
225 5.111558950852831e-07
226 5.465211698021555e-07
227 5.174786327428618e-07
228 4.783669077127088e-07
229 4.810677719581766e-07
230 5.299076574100466e-07
231 6.76882325738442e-07
232 5.566285754691469e-07
233 5.415212947248351e-07
234 5.749949315562649e-07
235 5.653640133278572e-07
236 5.900195851776481e-07
237 5.460121874825884e-07
238 5.335872418544117e-07
239 5.496015765421892e-07
240 6.189742033415329e-07
241 6.224746855364814e-07
242 7.198889077906125e-07
243 5.327088372053369e-07
244 6.72856606716906e-07
245 4.898880985229875e-07
246 7.247734624209141e-07
247 5.479212292921481e-07
248 6.38546793758559e-07
249 5.986753562975236e-07
250 5.241835753359108e-07
251 5.92974592089851e-07
252 4.832182725881646e-07
253 6.935419186400126e-07
254 5.328770873954154e-07
255 6.963034921009082e-07
256 6.310518249217774e-07
257 5.096715443384804e-07
258 6.593831767682915e-07
259 6.913756595529622e-07
260 4.801016741265134e-07
261 5.677933137375983e-07
262 6.089793509208665e-07
263 6.424643938770685e-07
264 6.537508114914706e-07
265 6.64188095714582e-07
266 5.801748889685621e-07
267 6.265631003413151e-07
268 6.036078846724284e-07
269 5.387411161099523e-07
270 5.595700169370147e-07
271 6.46951726908055e-07
272 7.398101416646887e-07
273 6.716946933377898e-07
274 4.7367624570946874e-07
275 5.412736221776603e-07
276 5.667913581911095e-07
277 5.130776812575924e-07
278 6.6852705367882e-07
279 5.483986853393463e-07
280 5.649211994115267e-07
281 5.851060216877614e-07
282 6.7369977976515e-07
283 5.224084099402219e-07
284 6.644459832739966e-07
285 6.147176114245985e-07
286 4.2436656852786254e-07
287 6.007550200732788e-07
288 5.840898006845442e-07
289 6.503375932034067e-07
290 5.301788881765966e-07
291 5.077847955080635e-07
292 5.174513534588326e-07
293 5.82630128703312e-07
294 6.232479939755814e-07
295 5.751934695313172e-07
296 6.120203422687423e-07
297 6.695908406150435e-07
298 5.130920007730482e-07
299 4.742015508426302e-07
300 5.528373528940208e-07
301 6.971378456303181e-07
302 5.012962492160777e-07
303 5.751614211541297e-07
304 7.090378094983126e-07
305 6.505915485330998e-07
306 5.535258176989332e-07
307 5.601403732014564e-07
308 6.560837207575147e-07
309 5.35170639453639e-07
310 5.60697820932908e-07
311 5.642513447687361e-07
312 6.44946020282398e-07
313 5.757484140525714e-07
314 6.535663985313872e-07
315 7.235227722874373e-07
316 6.849834385113746e-07
317 5.917427241884796e-07
318 5.201751210040672e-07
319 6.191095753427324e-07
320 6.348477185393132e-07
321 7.449933025697431e-07
322 5.84032370457008e-07
323 6.575305220279755e-07
324 5.532052744637468e-07
325 5.52647028227447e-07
326 5.536141116359345e-07
327 6.479426269836137e-07
328 5.88739310360932e-07
329 6.251161357909437e-07
330 5.244783757399838e-07
331 5.893134052692447e-07
332 6.030151256222241e-07
333 6.187793757531347e-07
334 6.928629505606578e-07
335 5.849327364671265e-07
336 5.534178739546092e-07
337 4.578492024687452e-07
338 6.246586402688528e-07
339 6.829865912900632e-07
340 6.639992984454177e-07
341 5.623504352481232e-07
342 6.41249763303109e-07
343 6.726236552243036e-07
344 5.213127334778927e-07
345 7.081615883347076e-07
346 6.197774934873235e-07
347 6.224584388009148e-07
348 5.999200063207727e-07
349 6.003412479648706e-07
350 6.555035194578549e-07
351 5.618284186396017e-07
352 5.24941501130817e-07
353 5.93850547991808e-07
354 5.899551886044618e-07
355 5.2607435729753e-07
356 6.081601052308097e-07
357 6.651253904365852e-07
358 6.075809235522536e-07
359 6.821418542697539e-07
360 6.856729317871274e-07
361 5.53064688960176e-07
362 5.815876172827221e-07
363 4.774823889290132e-07
364 6.038845724712898e-07
365 5.225281340237417e-07
366 6.1479801284671e-07
367 6.152597032920815e-07
368 5.804441507010552e-07
369 5.951666393359025e-07
370 5.413057572565026e-07
371 6.009029078512495e-07
372 4.5046239878870164e-07
373 6.882464821236997e-07
374 6.831619902727086e-07
375 4.962738895347292e-07
376 5.006597722677795e-07
377 6.244604961929438e-07
378 6.494874051600804e-07
379 5.380123357786733e-07
380 6.58097559927209e-07
381 5.550227044853506e-07
382 6.059285930007382e-07
383 5.940707514687679e-07
384 6.260541066149544e-07
385 6.369590156959658e-07
386 5.800912720201828e-07
387 6.932201712728719e-07
388 5.095065203369861e-07
389 6.132976024392242e-07
390 6.348167183646713e-07
391 5.770492134445272e-07
392 6.406449191810684e-07
393 4.795215670849631e-07
394 6.173070541467868e-07
395 5.838305415092884e-07
396 5.804746686157204e-07
397 5.540541773248404e-07
398 5.572184542775641e-07
399 6.462848369406736e-07
400 6.513938013978767e-07
401 6.504373547839821e-07
402 7.000152072869736e-07
403 5.943178734336946e-07
404 5.96666322797952e-07
405 5.184355922536492e-07
406 5.475682708606337e-07
407 5.581383666237449e-07
408 5.99545581575126e-07
409 6.604953580037919e-07
410 5.466212595433721e-07
411 6.349079025887975e-07
412 5.677251674065877e-07
413 5.655915743705757e-07
414 5.162887210692204e-07
415 5.885044733885632e-07
416 6.346596657380627e-07
417 7.406375043730957e-07
418 4.870945098580985e-07
419 5.192792265650528e-07
420 6.692284813850406e-07
421 5.835390723167062e-07
422 5.974339557064436e-07
423 5.839889332349903e-07
424 6.176925709217576e-07
425 4.067229254653588e-07
426 6.396629752944309e-07
427 6.411374600312741e-07
428 5.351770915293885e-07
429 6.868532015979961e-07
430 6.065505012097639e-07
431 5.561958355846073e-07
432 6.495796329258352e-07
433 6.300521095306047e-07
434 6.070049177593172e-07
435 5.789527425277727e-07
436 5.984899461618862e-07
437 5.803198030641314e-07
438 6.130501160212526e-07
439 6.292764660545208e-07
440 5.310470909146102e-07
441 6.207142319688161e-07
442 6.050953969165365e-07
443 5.765326590165644e-07
444 5.754009087159593e-07
445 6.208564333484197e-07
446 6.836190304450194e-07
447 4.894128327638153e-07
448 6.194599702790133e-07
449 6.38769477565946e-07
450 6.038913585739617e-07
451 6.216858706289351e-07
452 5.930894284674337e-07
453 6.662301085531791e-07
454 6.036364474168548e-07
455 6.439581382794152e-07
456 6.530782313422935e-07
457 5.4764895931739e-07
458 6.027128493547195e-07
459 6.846980777810213e-07
460 5.289911588015663e-07
461 6.800026270309275e-07
462 4.629109206333221e-07
463 5.518897343755194e-07
464 5.746784072548217e-07
465 6.120023012755619e-07
466 5.100095205113294e-07
467 5.189446546595804e-07
468 5.666809341248044e-07
469 4.657970537771506e-07
470 5.359771174030485e-07
471 6.308654193855146e-07
472 6.250829459077532e-07
473 5.700102767307492e-07
474 5.358315281305942e-07
475 5.801525814843342e-07
476 4.861058087666156e-07
477 6.254792299976968e-07
478 5.548255121188799e-07
479 6.182389201375834e-07
480 7.128073404939416e-07
481 7.483240053451077e-07
482 5.043629538635854e-07
483 5.379577872410655e-07
484 6.129413940029659e-07
485 5.106167715603368e-07
486 5.189401446132425e-07
487 6.990098941614066e-07
488 6.068836555120427e-07
489 5.514925090913212e-07
490 6.172610108011591e-07
491 6.14630082067229e-07
492 5.145358266662729e-07
493 6.068961195827796e-07
494 5.754893118490821e-07
495 5.599548638095903e-07
496 6.294843439048018e-07
497 6.182743001894881e-07
498 6.178218308887617e-07
499 5.559985241154037e-07
500 6.40458434057272e-07
501 7.067542508978239e-07
502 6.286661126097443e-07
503 6.761060347972815e-07
504 6.794776573119624e-07
505 6.871377046661039e-07
506 6.100166454603456e-07
507 5.683024676592017e-07
508 5.338949538195466e-07
509 7.288005226168907e-07
510 4.428094387734198e-07
511 5.34250169275104e-07
512 5.812779269481157e-07
513 4.982743514873112e-07
514 6.878340922730071e-07
515 5.831870137473065e-07
516 5.596731616331702e-07
517 5.446422445524908e-07
518 6.546423124811013e-07
519 6.430054577584328e-07
520 5.808197038561218e-07
521 6.013935546973622e-07
522 5.809072398114166e-07
523 5.180506052917558e-07
524 6.201843404479557e-07
525 6.1138210739856e-07
526 6.154621709624972e-07
527 5.902246918803597e-07
528 6.392667834732e-07
529 6.609451402897919e-07
530 7.544289275470556e-07
531 6.14673465466828e-07
532 6.553681811250373e-07
533 7.451966050123875e-07
534 6.044701186481058e-07
535 7.314357393372617e-07
536 6.849795043755581e-07
537 6.15330056411213e-07
538 6.808260071631433e-07
539 5.653171267410211e-07
540 6.784374731861437e-07
541 5.438061918141831e-07
542 5.227074088215228e-07
543 4.812652389946195e-07
544 5.275904244019599e-07
545 4.740835869807163e-07
546 5.511749835383834e-07
547 5.930014418444202e-07
548 5.872691054570297e-07
549 6.685139199285359e-07
550 5.413786791927044e-07
551 6.005121867313874e-07
552 5.457773742660913e-07
553 6.185074132898691e-07
554 5.556137207370807e-07
555 5.305997980990525e-07
556 6.506069721860628e-07
557 5.42049064661567e-07
558 6.66266974005014e-07
559 6.474429626124587e-07
560 5.321471872287114e-07
561 5.628395857587093e-07
562 4.962562457889911e-07
563 5.323103902124775e-07
564 5.70697703759166e-07
565 5.554606659407222e-07
566 7.027273512647491e-07
567 5.358139322764214e-07
568 4.90351016794372e-07
569 5.621964096542097e-07
570 5.740347533545899e-07
571 4.990662837576956e-07
572 5.476467113037737e-07
573 5.354238643307341e-07
574 5.987464449475851e-07
575 5.314030193263795e-07
576 5.620763532944842e-07
577 6.276886260018325e-07
578 6.779298932256431e-07
579 5.1757347545884e-07
580 5.986936593842305e-07
581 6.956388213266693e-07
582 5.756936410613282e-07
583 6.656586423481668e-07
584 6.73272742327974e-07
585 6.850635655033767e-07
586 5.886235085303939e-07
587 5.637231693143685e-07
588 5.458545434947983e-07
589 7.264653581584962e-07
590 6.264950709460244e-07
591 6.892553212065865e-07
592 5.940369068707719e-07
593 6.802972907212729e-07
594 5.683118200603086e-07
595 5.160396091585786e-07
596 6.760259069050471e-07
597 5.076161181411493e-07
598 5.668738868016895e-07
599 6.075958073887348e-07
600 5.690895193706545e-07
601 6.470224866139434e-07
602 5.024086768413752e-07
603 5.901086396288576e-07
604 5.101951276220937e-07
605 6.611668522444095e-07
606 6.237335716489728e-07
607 5.563480690729567e-07
608 6.043541322411201e-07
609 4.771172085463996e-07
610 5.84344394613865e-07
611 6.399706990391198e-07
612 6.871998132681143e-07
613 5.425925026667437e-07
614 5.764522738399416e-07
615 5.577547490227554e-07
616 6.335863301639664e-07
617 5.305323321315915e-07
618 7.031461018844563e-07
619 6.069131951675339e-07
620 4.89280531719975e-07
621 5.275210480938104e-07
622 6.022761269734121e-07
623 6.372365246907765e-07
624 5.403498393369361e-07
625 6.636109278046565e-07
626 5.073672219133816e-07
627 6.803563812082869e-07
628 5.208451783943e-07
629 6.592028377526323e-07
630 5.278222888632213e-07
631 6.165570450879863e-07
632 5.891363898942206e-07
633 5.120736850561615e-07
634 5.941980172200733e-07
635 7.237176511650264e-07
636 6.755632455668381e-07
637 5.802471092808632e-07
638 5.833701892846746e-07
639 6.425200218123098e-07
640 5.941600038163407e-07
641 4.5541646702863843e-07
642 5.733587854789199e-07
643 5.748262290057685e-07
644 5.286735155118368e-07
645 5.776710594000025e-07
646 5.941165253785823e-07
647 6.49144846467063e-07
648 6.110934545759676e-07
649 7.341229040172373e-07
650 5.788424940652528e-07
651 6.425274888195071e-07
652 5.504380190160105e-07
653 5.787641141030085e-07
654 5.248009090392139e-07
655 4.845488941976438e-07
656 5.273115540296208e-07
657 5.72095029791401e-07
658 5.897374644436574e-07
659 6.398782803319255e-07
660 6.276064163218269e-07
661 5.546551567378574e-07
662 6.224250285182696e-07
663 6.521735214127785e-07
664 6.822154559910079e-07
665 5.008097163009149e-07
666 5.998214382957686e-07
667 5.893762025098078e-07
668 4.573902015017809e-07
669 7.14351294732306e-07
670 5.990889733070638e-07
671 5.947108380098121e-07
672 5.130345413649574e-07
673 6.978057352595621e-07
674 4.799129168031242e-07
675 6.79523293310494e-07
676 6.512429200140541e-07
677 4.89480868342829e-07
678 5.928474710885989e-07
679 5.93489374033825e-07
680 6.378524025443322e-07
681 6.349758337497195e-07
682 4.840794658514585e-07
683 5.571483342183597e-07
684 5.817972529603015e-07
685 5.86510140857213e-07
686 4.940289034042847e-07
687 5.257432098826865e-07
688 5.674807775646018e-07
689 6.959888703868708e-07
690 5.720884484831511e-07
691 5.319823920989955e-07
692 7.353847531647751e-07
693 7.288216969778536e-07
694 5.975370369658761e-07
695 6.608210531931309e-07
696 4.269915743959534e-07
697 5.522229843128873e-07
698 6.230882446295707e-07
699 5.4982650452509e-07
700 5.670323664068745e-07
701 5.90127696375288e-07
702 4.466630819721913e-07
703 5.77250979318335e-07
704 5.366420635657817e-07
705 6.674377479566674e-07
706 4.941809231847967e-07
707 6.816813989111878e-07
708 5.737679004129736e-07
709 6.290868331550401e-07
710 4.673155522246418e-07
711 6.291866369575756e-07
712 5.213960865935776e-07
713 6.12412566675018e-07
714 6.764073602491634e-07
715 5.723421227730216e-07
716 5.076886850563294e-07
717 4.5854998621691756e-07
718 5.578174924988981e-07
719 5.834415959429523e-07
720 5.104747274450233e-07
721 7.25323100743253e-07
722 5.485114791069441e-07
723 5.163635399772215e-07
724 6.578178107944221e-07
725 5.906352020867604e-07
726 5.963392106321552e-07
727 5.745797126830937e-07
728 5.572851893241471e-07
729 4.593186628051283e-07
730 5.383077475758066e-07
731 6.287113365378522e-07
732 6.188494685681254e-07
733 6.068902507103354e-07
734 4.6741279303173493e-07
735 4.3114326510160125e-07
736 5.830399246110067e-07
737 5.748806668442202e-07
738 6.974525561625184e-07
739 4.84077568657707e-07
740 5.852068097460506e-07
741 5.873755842714579e-07
742 4.7261479363982716e-07
743 6.757937160356779e-07
744 7.310640532159808e-07
745 6.47025781725086e-07
746 5.24978820563139e-07
747 3.8354333440604115e-07
748 4.807254899567312e-07
749 5.751709385020567e-07
750 6.379845149473722e-07
751 5.925787408981934e-07
752 5.979001947953075e-07
753 6.412608566150551e-07
754 6.099647824151788e-07
755 4.870859284983375e-07
756 5.431182288099869e-07
757 6.227056229513056e-07
758 4.80203917274138e-07
759 6.313848216369447e-07
760 5.545311150579629e-07
761 5.602242156034093e-07
762 4.6104292908516767e-07
763 6.442464773328786e-07
764 5.048091241710216e-07
765 3.675441443963369e-07
766 5.433378890919412e-07
767 5.94812771847303e-07
768 6.063787583278285e-07
769 6.540927196827153e-07
770 6.500579789706888e-07
771 5.688244727434461e-07
772 6.772463771944247e-07
773 5.703692144505438e-07
774 5.64541703622314e-07
775 6.41246989464134e-07
776 6.501672812435826e-07
777 5.795636740058789e-07
778 5.464822059516976e-07
779 6.439816862689081e-07
780 6.561566565096594e-07
781 7.078368560047536e-07
782 6.73914631069717e-07
783 6.05258072188101e-07
784 5.744175092857543e-07
785 6.140299462905011e-07
786 5.93998360294274e-07
787 6.711444448696785e-07
788 5.864951191092743e-07
789 6.79635099174931e-07
790 6.334546310431473e-07
791 6.074329508787611e-07
792 5.317508845673192e-07
793 3.9967345266019596e-07
794 6.701596786532081e-07
795 6.892970726347664e-07
796 6.131743623249269e-07
797 5.603822789622203e-07
798 6.18319308380886e-07
799 5.891760058202673e-07
800 5.726726486252958e-07
801 5.748740185939345e-07
802 6.648407954807768e-07
803 5.126538676625737e-07
804 5.08187497693538e-07
805 5.220832231315782e-07
806 4.4324631152441563e-07
807 6.275445761617184e-07
808 5.67971478366052e-07
809 6.466980856805602e-07
810 5.489331541743735e-07
811 7.304163229116968e-07
812 5.662927553120904e-07
813 6.915159958427685e-07
814 5.890718663207085e-07
815 6.637563058297495e-07
816 6.320639445102493e-07
817 6.055887222078964e-07
818 6.291113938316539e-07
819 5.681410309537831e-07
820 6.528276819518854e-07
821 6.259553456210578e-07
822 5.763601730787449e-07
823 4.0666873893899124e-07
824 6.224127086207855e-07
825 4.803134556823639e-07
826 5.661128859682726e-07
827 6.304197899626884e-07
828 5.487142290503792e-07
829 6.386347187458449e-07
830 6.225172032203028e-07
831 4.313214700996653e-07
832 5.255061033640043e-07
833 4.0747725679302194e-07
834 6.437888968185147e-07
835 5.077785138994634e-07
836 6.229683319027237e-07
837 5.78507574252373e-07
838 5.567383035973974e-07
839 5.526115474015223e-07
840 5.818125005681019e-07
841 6.213888108364049e-07
842 5.573442248326119e-07
843 6.090359680740729e-07
844 6.051441031583743e-07
845 6.136289246940455e-07
846 5.779534037297454e-07
847 6.976929446149102e-07
848 6.519569347191399e-07
849 5.628514953519617e-07
850 6.222924345388344e-07
851 6.43829642533304e-07
852 5.948271440028089e-07
853 6.702095819260081e-07
854 5.552741146313991e-07
855 6.2754733222359e-07
856 6.262826398311734e-07
857 6.143260173700971e-07
858 6.189624199636087e-07
859 6.005250224156074e-07
860 6.767198339024812e-07
861 5.597957300151389e-07
862 6.142831566654436e-07
863 7.333089818754592e-07
864 6.48574129906558e-07
865 6.582447948726881e-07
866 5.090205646625541e-07
867 6.285234456075888e-07
868 5.284340730371888e-07
869 6.483147827575438e-07
870 6.664554158171833e-07
871 6.300155972288697e-07
872 5.289760563132332e-07
873 6.123224611156238e-07
874 5.730070052332978e-07
875 6.151839032502003e-07
876 6.130816617436075e-07
877 5.670211259410295e-07
878 6.529074200379841e-07
879 5.54823138250587e-07
880 6.397760029517602e-07
881 6.441687767271806e-07
882 6.202901845232844e-07
883 6.590748671723807e-07
884 5.308506417751068e-07
885 4.171844418310683e-07
886 5.598728274626171e-07
887 6.821227206233805e-07
888 6.542308352426643e-07
889 5.543766845779502e-07
890 6.356415245446255e-07
891 4.820216188106987e-07
892 6.12823754606378e-07
893 6.377706015286608e-07
894 5.356118293569266e-07
895 6.421373831057305e-07
896 5.43070150865264e-07
897 6.166072499285124e-07
898 6.41307415710731e-07
899 6.176854847940943e-07
900 5.487467638225226e-07
901 7.424067301117944e-07
902 6.032613139192065e-07
903 5.658976355806392e-07
904 5.868267577754079e-07
905 6.01397320646919e-07
906 5.571620376146994e-07
907 6.026669680605943e-07
908 6.434944710849512e-07
909 5.793373746724848e-07
910 5.303140022080144e-07
911 6.437858439385646e-07
912 6.583169643319419e-07
913 5.93724785681781e-07
914 6.361524819804069e-07
915 6.131949836952897e-07
916 5.138655241518714e-07
917 6.947726124637068e-07
918 4.817572223199491e-07
919 6.470022628880759e-07
920 5.23221760676503e-07
921 5.974052201454178e-07
922 5.846548698872149e-07
923 7.441737220343691e-07
924 5.054484514095323e-07
925 6.241116868213227e-07
926 5.444935097057963e-07
927 5.599925113184962e-07
928 6.951983839910133e-07
929 5.186503163581561e-07
930 6.38455162081647e-07
931 6.702877618320833e-07
932 6.237904699554948e-07
933 6.25292395663992e-07
934 5.280321193908874e-07
935 5.962631942458283e-07
936 4.4329178593182366e-07
937 5.461319265544665e-07
938 5.799855292231303e-07
939 5.760320513564839e-07
940 6.008787296698139e-07
941 6.427084103170108e-07
942 5.49845581185169e-07
943 4.908290039851848e-07
944 5.727791010135134e-07
945 6.261600988106807e-07
946 6.329597659792473e-07
947 6.198322469311638e-07
948 6.067084634599586e-07
949 5.777870964276463e-07
950 5.857084045562693e-07
951 5.740196132153358e-07
952 5.251759474170462e-07
953 5.834814678881157e-07
954 6.365934256919787e-07
955 4.765688570203406e-07
956 5.905474058281419e-07
957 5.245053274933849e-07
958 5.680134904836026e-07
959 6.407585888200907e-07
960 6.975117712823888e-07
961 5.877150212854677e-07
962 5.28400132024032e-07
963 6.448960783861614e-07
964 6.019285924510183e-07
965 4.964281519254842e-07
966 6.92895179365518e-07
967 6.097074821008159e-07
968 6.416249823854361e-07
969 6.327979659863849e-07
970 4.729114225216645e-07
971 5.384284263347298e-07
972 6.65937325761896e-07
973 4.78271431962425e-07
974 6.98436430378932e-07
975 6.122573121471774e-07
976 6.26463076697479e-07
977 6.355955427616188e-07
978 4.2322827414206267e-07
979 5.170475183328079e-07
980 5.940615700853907e-07
981 4.98868604384069e-07
982 6.682635081547104e-07
983 5.393966557594625e-07
984 6.303817534904268e-07
985 5.892868454357463e-07
986 6.468612788536494e-07
987 5.626713159195959e-07
988 5.579862923122996e-07
989 6.218121275772579e-07
990 6.458592702107973e-07
991 6.286306278581566e-07
992 6.325191330421209e-07
993 6.225743229617395e-07
994 6.359000529341475e-07
995 5.963748626203294e-07
996 5.439417339950354e-07
997 6.871333363220875e-07
998 4.824020574394442e-07
999 7.114870009111749e-07
