0 1.753091631397397e-07
1 1.920738297952952e-07
2 2.188749354853525e-07
3 4.252561241378053e-08
4 2.1977005396772466e-07
5 3.494620251271949e-08
6 2.1227939568000824e-07
7 1.3253980225174994e-07
8 2.5190427564486696e-07
9 2.1438896627928308e-07
10 2.2274170056024738e-07
11 1.406376300152688e-07
12 2.411296549329911e-07
13 1.8271001460630695e-07
14 1.7686913039709036e-07
15 2.2507550390524565e-07
16 2.3500248142118944e-07
17 1.5219370492735963e-07
18 1.1483629139221644e-07
19 2.1364048313214342e-07
20 2.1220173150151496e-07
21 2.901109728857075e-07
22 2.032591295533659e-07
23 2.0049300043705303e-07
24 1.9728323945203618e-07
25 1.8114306937027493e-07
26 2.848738005245138e-07
27 2.1732847346990322e-07
28 2.746605476470863e-07
29 2.1265848889598332e-07
30 1.1391073970268164e-07
31 1.4063153770672e-07
32 2.409437212318377e-07
33 2.042325064960477e-07
34 2.2994279792318353e-07
35 1.5721735192370348e-07
36 3.1140247064271103e-07
37 3.0583816047772154e-08
38 1.0405753763525812e-07
39 1.6603722086244566e-07
40 1.6054767923295078e-07
41 1.925665770717442e-07
42 1.9555886800650922e-07
43 1.6784507591794508e-07
44 1.457970342695948e-07
45 1.131596003348728e-07
46 1.967738542531684e-07
47 1.643495050800403e-07
48 2.2821437426000713e-07
49 1.8900463705264774e-08
50 8.070677881361435e-08
51 2.6267789663221174e-07
52 1.2555777947441925e-07
53 2.1795641257982635e-07
54 1.2094005729340254e-07
55 1.852774975471414e-07
56 2.997994668938958e-07
57 1.318910498045295e-07
58 1.6374909419209822e-07
59 2.462151724187073e-07
60 2.4687451745537504e-07
61 1.795603071580477e-07
62 1.0016062996721732e-07
63 2.9409515102218946e-07
64 2.138960318457802e-07
65 1.7555024729225676e-07
66 2.552556665299347e-07
67 3.2241820622815007e-07
68 1.4573320822307172e-07
69 2.388546833121488e-07
70 7.822776343082189e-08
71 2.503135666693539e-07
72 3.068689197333595e-07
73 2.1339133939707292e-07
74 2.3234743092489945e-07
75 1.556983597987976e-07
76 2.0319506252328573e-07
77 2.396125793228514e-07
78 2.472997878670112e-08
79 2.9126548976674543e-07
80 1.848322440881103e-07
81 1.9799785533189562e-07
82 8.914292810035993e-08
83 1.8389022562699992e-07
84 2.596301236173728e-07
85 2.0036619203437854e-07
86 1.3984219356642827e-07
87 1.9921477865145126e-07
88 2.3300548795975896e-07
89 2.2036868802529236e-07
90 1.607616467487748e-07
91 2.128559681981363e-07
92 2.1933872927769432e-07
93 2.1886018117433165e-07
94 1.9506317028561613e-07
95 1.8728230334091126e-07
96 1.5373196072313342e-07
97 2.1855600707535016e-07
98 1.9185334387120893e-07
99 2.5741441713755106e-08
100 1.9301506502165067e-07
101 1.015971770357869e-07
102 8.994933942322918e-08
103 1.4627910332203453e-07
104 1.7105293399879006e-07
105 1.9140246609206436e-07
106 2.0650241351625554e-07
107 1.4140883302330984e-07
108 1.9125900608839562e-07
109 1.7027737831010136e-07
110 9.746065809425495e-08
111 2.5784115688033907e-07
112 6.584739416835535e-08
113 1.6479048723308695e-07
114 1.8476971843766342e-07
115 1.229684349278575e-07
116 7.120271683576075e-08
117 8.86837781054966e-08
118 1.3558930327929855e-07
119 2.2189687182477544e-07
120 2.259458799273419e-07
121 2.5591006988479e-07
122 8.624593657585797e-08
123 1.8101499950087375e-07
124 2.0266280122086007e-07
125 1.1484186291430569e-07
126 3.7632948097435397e-07
127 1.2597355361613487e-07
128 8.953014587584488e-08
129 3.577897607155865e-07
130 2.023606480041968e-07
131 2.0806467168440286e-07
132 3.002592712878591e-07
133 1.9498414071259932e-07
134 2.013339736823108e-07
135 2.744184603987143e-07
136 3.2436139686445e-07
137 2.4356541930817145e-07
138 1.0916030391050117e-07
139 2.8952364650035756e-07
140 1.1451604660562682e-07
141 2.640820144435257e-07
142 1.497398990687144e-07
143 1.125676217187862e-07
144 2.1683436526838646e-07
145 2.591434055316275e-07
146 1.5114034127935788e-07
147 1.0468070532726911e-07
148 3.56696652022031e-07
149 1.7617157712342596e-07
150 2.0319735862094984e-07
151 3.1987177373176626e-07
152 1.2713808804492704e-07
153 1.9050825776840024e-07
154 2.617785696149861e-07
155 1.2721656568896932e-07
156 2.277377453095129e-07
157 1.1260233244598487e-07
158 2.0562858101006567e-07
159 1.6682716717592696e-07
160 6.217986875090618e-08
161 3.300704046230071e-07
162 1.2537884997787316e-07
163 2.280666878322922e-07
164 2.663853905030007e-07
165 2.882865528463655e-07
166 2.2119110872609933e-07
167 1.586813104711096e-07
168 3.31137182233986e-07
169 9.366877988094981e-08
170 1.9812078717856407e-07
171 1.2605047799597922e-07
172 3.0650584918077005e-07
173 9.012151420859772e-08
174 1.5476744569532008e-07
175 2.6961417724098776e-07
176 1.9407296670396443e-07
177 2.3493796702018527e-07
178 2.0703128833851768e-07
179 2.5716693702897395e-07
180 2.0934813680187065e-07
181 2.061758033808774e-07
182 1.9557790984068332e-07
183 1.2526164568998024e-07
184 2.0277410291117903e-07
185 2.7851014112396444e-07
186 1.435158735571772e-07
187 1.5291405718347727e-07
188 2.1709146536170717e-07
189 1.9624389417937999e-07
190 2.0779995057393054e-07
191 1.9129683775992907e-07
192 1.541065257922329e-07
193 1.822653339502614e-07
194 2.527275768209929e-07
195 3.0207882040816016e-07
196 1.829296072274226e-07
197 1.1950438941778512e-07
198 1.2722177906086301e-07
199 2.922535861141242e-07
200 1.8144044543040625e-07
201 2.8783105783952223e-07
202 1.3561862122971456e-07
203 1.1471162928372323e-07
204 7.812346678662486e-08
205 1.9022279297846894e-07
206 1.8467122085338165e-07
207 2.371829970542117e-07
208 2.631889938261582e-07
209 1.5926508288566376e-07
210 1.4971196272957418e-07
211 1.827605881418872e-07
212 4.449563704985932e-08
213 2.763619678504171e-07
214 2.6192067446930455e-07
215 2.3214343547573307e-07
216 2.676468863118038e-07
217 1.913243443283566e-07
218 1.86136238761699e-07
219 3.75754064916669e-08
220 1.5501370073854048e-07
221 1.577952124156682e-07
222 1.8325547319991693e-07
223 2.615630099934941e-07
224 1.0068221718436602e-07
225 1.7572262599598227e-07
226 8.351556392858019e-08
227 2.4700651604009303e-07
228 2.2893706424548902e-07
229 1.9802628151930363e-07
230 1.779006792979371e-07
231 3.04827897225603e-07
232 1.8016746400916084e-07
233 1.919121282636128e-07
234 1.9265637133625114e-07
235 1.956780081095271e-07
236 5.964893690334825e-08
237 1.8919195522248402e-07
238 2.1576993603446917e-07
239 1.7248081923819686e-07
240 2.5750430841733253e-07
241 2.2582541116357732e-07
242 2.0679725901321513e-07
243 1.1091119186435638e-07
244 1.6502336403681515e-07
245 2.1239900283384113e-07
246 1.3324778001753588e-07
247 2.0750921373842724e-07
248 1.1240436932223046e-07
249 1.7271685796351452e-07
250 1.7531447038565867e-07
251 1.2817226706671756e-07
252 2.2961028251504526e-07
253 1.595049376024804e-07
254 2.05721204266685e-07
255 1.501158333784619e-07
256 2.1876509477087395e-07
257 2.551734217055594e-07
258 2.738462370448531e-07
259 1.3298140008331462e-07
260 1.491442000575654e-07
261 1.5982137982318318e-07
262 1.8622589972828673e-07
263 2.4060560526720366e-07
264 1.6735215579638997e-07
265 3.2601107636060864e-07
266 2.714179830466314e-07
267 2.727316184219713e-07
268 2.8278261144269144e-07
269 2.079100984489761e-07
270 1.4266161334570086e-07
271 1.3919224097015172e-07
272 9.799877632067202e-08
273 1.9122494159451211e-07
274 1.7282157368684186e-07
275 2.914988560511845e-07
276 3.075133819171156e-07
277 1.0911613680831624e-07
278 2.524501181269402e-07
279 1.5375650420650512e-07
280 1.5364101321778995e-07
281 1.0558662840638812e-07
282 2.465609302092003e-07
283 2.163627519128825e-07
284 1.953448689139089e-07
285 1.6255197925312499e-07
286 2.859515534376428e-07
287 1.953208707447229e-07
288 2.752679728893571e-07
289 2.0733903697189513e-07
290 2.8351896509556617e-07
291 2.5288016568196093e-07
292 1.430710561886227e-07
293 2.681986292767e-07
294 2.345130002278287e-07
295 2.13403803894464e-07
296 2.318821665257587e-07
297 1.0571877620522059e-07
298 1.852751965579877e-07
299 2.2440856925342588e-07
300 1.7303832547295438e-07
301 6.00178111144294e-08
302 2.3957054845668745e-07
303 1.0672390212109958e-07
304 2.2148091233817652e-07
305 1.5846919633906857e-07
306 2.2504703306173087e-07
307 9.706153977779975e-08
308 2.0345505301194004e-07
309 2.262110112838243e-07
310 2.119504502042033e-07
311 4.6520429640558505e-08
312 9.384450315494395e-08
313 1.0088898380082732e-07
314 1.6424416748287783e-07
315 1.5768917620039344e-07
316 2.2214999972864674e-07
317 2.0086416405016452e-07
318 2.360813935891889e-07
319 2.2857763926637742e-07
320 1.6826103635027613e-07
321 1.9530791893711205e-07
322 1.6338229456979714e-07
323 1.261053408664081e-07
324 3.0545674074092785e-07
325 2.674669565142389e-07
326 1.5865913009154455e-07
327 1.448753733994748e-07
328 1.8958595918978983e-07
329 4.3555773666966145e-07
330 8.308276629802498e-08
331 2.474142320676048e-07
332 1.1079264281760638e-07
333 2.440721537745806e-07
334 8.127781625760617e-08
335 2.04656843624048e-07
336 1.237990761387257e-07
337 2.3181196304524494e-07
338 1.4907075957306474e-07
339 1.592463914961592e-07
340 2.3651720259471702e-07
341 1.6060017180985692e-07
342 1.907699436111319e-07
343 1.0901037010069696e-07
344 1.6447219392869924e-07
345 1.781946977294281e-07
346 1.921142945197706e-07
347 1.4515793112956957e-07
348 2.0062376338850034e-07
349 2.0371953274281356e-07
350 3.0449853093615047e-07
351 1.6014799836699958e-07
352 2.6145397247304435e-07
353 2.3943568580725236e-07
354 2.3382626410726513e-07
355 1.797310784886524e-07
356 1.141303487455377e-07
357 8.150140155877134e-08
358 1.8070417771549096e-07
359 2.8068136951799504e-07
360 1.6782388497586548e-07
361 2.1267010012779861e-07
362 8.674248769495452e-08
363 1.401642618016559e-07
364 1.545807609524279e-07
365 1.722594535511271e-07
366 2.0405145222647748e-07
367 1.51359337603256e-07
368 1.4286808440901955e-07
369 1.4458031917644938e-07
370 1.8076519022362844e-07
371 1.5527483020055957e-07
372 2.050542662996378e-07
373 2.5762637900004606e-07
374 1.8179104039066875e-07
375 1.322878646089129e-07
376 1.4357429824688036e-07
377 2.0259956452732122e-07
378 2.2221494923096776e-07
379 2.1728196693349347e-07
380 2.5638007240076815e-07
381 2.715522180691479e-07
382 6.000317775265838e-08
383 2.6569896057440723e-07
384 1.6965926209986518e-07
385 2.39638646891227e-07
386 2.4702513107041414e-07
387 2.5385762385440905e-07
388 2.2091344287978636e-07
389 2.839518413396686e-07
390 1.8418529008444394e-07
391 2.503635014849543e-07
392 8.779777333200853e-08
393 2.08480732324678e-07
394 1.9227255500886054e-07
395 1.9259396811825273e-07
396 9.370994590925739e-08
397 2.5837774136796967e-07
398 2.7952356249486995e-07
399 2.2401964465033744e-07
400 1.4598955482621375e-07
401 1.0063977012422007e-07
402 2.567648245138147e-07
403 2.0980113115743459e-07
404 2.6995410953953186e-07
405 1.4154149397200008e-07
406 2.1645117701907208e-07
407 1.0520868304496505e-07
408 1.2478187866611433e-07
409 8.68689616713377e-08
410 1.8067152528242476e-07
411 1.6022109456676098e-07
412 2.591011093982184e-07
413 2.5229569240640005e-07
414 1.9501766478648661e-07
415 2.561763706438879e-07
416 1.7774629167334241e-07
417 1.1818838823537003e-07
418 1.7772036518030103e-07
419 1.4536271458360874e-07
420 1.5630572910752611e-07
421 2.042668797120986e-07
422 1.9836546378145936e-07
423 2.023026981105631e-07
424 2.5831246039773074e-07
425 2.386341598770168e-07
426 2.5345343881185155e-07
427 1.8979480886676503e-07
428 1.6219060136138818e-07
429 8.67321961988546e-08
430 2.0594027728085995e-07
431 1.3886577678397121e-07
432 1.7107569857583852e-07
433 1.589835746963043e-07
434 1.221707896107105e-07
435 1.6793052688898493e-07
436 1.5754501109866283e-07
437 2.874707414945729e-07
438 2.533736244780631e-07
439 2.0490884808880212e-07
440 2.002363726677581e-07
441 2.2891745414700576e-07
442 7.318460878355874e-08
443 1.2868999830639476e-07
444 1.587701297096072e-07
445 2.5959637307536904e-07
446 1.7614811923608153e-07
447 2.4998970845098467e-07
448 1.8260486022351083e-07
449 1.8794531290888742e-07
450 2.0102850917974766e-07
451 2.1379597510745675e-07
452 1.561120772757194e-07
453 1.6867576613526954e-07
454 2.1420240667763606e-07
455 1.1541204678872087e-07
456 2.4879397917083726e-07
457 1.984749673756872e-07
458 1.0387638451872262e-07
459 1.124845504759509e-07
460 1.506330816895937e-07
461 1.0832242600328663e-07
462 2.0984429094574344e-07
463 2.5774027411766565e-07
464 2.500959380940964e-07
465 2.0738442707626792e-07
466 1.450127052713004e-07
467 1.1754094510521549e-07
468 1.506489730552602e-07
469 1.6561602707248022e-07
470 2.318462129256427e-07
471 1.1687447112367989e-07
472 2.530933710927921e-07
473 2.62711597873731e-07
474 8.466230794653553e-08
475 8.926341564737228e-08
476 3.100822915260828e-07
477 1.87736951257261e-07
478 1.9691092136785724e-07
479 2.648749554744013e-07
480 1.9115365326736609e-07
481 1.3750181236801397e-07
482 2.797422245985965e-07
483 2.5431192347715456e-07
484 1.5841567183514897e-07
485 1.859849209294996e-07
486 2.5419503255746337e-07
487 2.112375743931947e-07
488 6.366849367050551e-08
489 2.0992390568655683e-07
490 2.0428210461660492e-07
491 1.8622884926061285e-07
492 2.2223705688350423e-07
493 1.6788273255932174e-07
494 2.582218305663235e-07
495 1.3884999961590137e-07
496 1.6744823902489178e-07
497 1.9496241855682993e-07
498 1.5242818363960746e-07
499 2.2880675525186398e-07
500 2.1702412518369598e-07
501 1.959995091487299e-07
502 9.268127414046088e-08
503 2.955410668323675e-07
504 1.1859537682443652e-07
505 1.73993392414761e-07
506 1.47332699242495e-07
507 1.7750076943545504e-07
508 2.3545645795220781e-07
509 2.3737062900915986e-07
510 2.7343642360635736e-07
511 2.3360369177268256e-07
512 2.727605786893181e-07
513 7.560770530334099e-08
514 1.5960670500323495e-07
515 1.8868696732625908e-07
516 1.7429414574353707e-07
517 1.5945797541094456e-07
518 1.9552423194869992e-07
519 2.3848036623494693e-07
520 2.357958655928542e-07
521 2.4443473869842785e-07
522 9.747435797433599e-08
523 2.8578140982128546e-07
524 1.2085643402282666e-07
525 2.2705399735564428e-07
526 1.5841365649708163e-07
527 4.0860694136715e-08
528 1.9533382438497014e-07
529 2.0901508504018148e-07
530 2.6718089342525877e-07
531 3.0826037762547795e-07
532 1.9589390306712793e-07
533 1.4643150267003137e-07
534 2.8187254024583127e-07
535 2.4601426024694114e-07
536 6.692307319243094e-08
537 3.3994683514271216e-07
538 2.7202640287396945e-07
539 2.0924043226648873e-07
540 6.417159383669883e-08
541 1.3815755909221507e-07
542 7.939089488269122e-08
543 1.5123610183721646e-07
544 1.5951105110858137e-07
545 4.70483018390669e-08
546 2.517268496985459e-07
547 1.798322421747652e-07
548 2.6024482523250725e-07
549 1.470448175239604e-07
550 2.0396225130051034e-07
551 2.0196104960117347e-07
552 2.2121250419119438e-07
553 2.611191799024854e-07
554 2.331457183839499e-07
555 2.3070645626349492e-07
556 2.9321951455108097e-07
557 1.7950038740863044e-07
558 2.0106219624761177e-07
559 2.0358065581845357e-07
560 2.3331089638868318e-07
561 1.4746424479096706e-07
562 2.584703344157759e-07
563 1.788281442849807e-07
564 1.949764296503661e-07
565 2.552745372258044e-07
566 2.0575272956591206e-07
567 1.4760353697608706e-07
568 2.54669666682108e-07
569 2.374760953330102e-07
570 1.836895771685443e-07
571 2.7521094251970587e-07
572 2.3949619747163325e-07
573 1.9817524722516177e-07
574 1.6762087339385667e-07
575 2.1377755506627244e-07
576 1.4380678814339276e-07
577 1.1132513906044894e-07
578 1.6220566889484518e-07
579 2.6192309866211985e-07
580 1.9951511112658373e-07
581 2.40263289204682e-07
582 1.742920500470205e-07
583 2.1003496768014805e-07
584 1.719116928809738e-07
585 5.2324766727675244e-08
586 1.1729856982094811e-08
587 2.0952860890677773e-07
588 1.8990078101986414e-07
589 1.1253396318738515e-07
590 1.7198268523689985e-07
591 1.713090828265165e-07
592 1.6663998054937447e-07
593 1.6167573357343663e-07
594 2.818025050278392e-07
595 2.0631451271476053e-07
596 1.7480122070348824e-07
597 2.3469204844571235e-07
598 1.26411550639708e-07
599 3.142754911188592e-07
600 3.366425802089836e-07
601 1.9944308714529317e-07
602 1.3602096653481912e-07
603 1.3079243500423123e-07
604 2.3498974682170703e-07
605 1.7314618850914902e-07
606 2.425644868019888e-07
607 1.8095725345703162e-07
608 9.919097727203239e-08
609 3.1434458299756435e-07
610 2.050541806367876e-07
611 2.2278174120203247e-07
612 1.6168689850738593e-07
613 2.3860411899800226e-07
614 2.7384854580286764e-07
615 1.8557925603068864e-07
616 1.9643108476525785e-07
617 2.2334744980580855e-07
618 1.9269111762394267e-07
619 1.9774660854580125e-07
620 3.226977635090766e-07
621 2.320575573170656e-07
622 2.007319998677449e-07
623 1.3626099210692198e-07
624 1.7982465380465647e-07
625 1.637636656594907e-07
626 2.5077889151579963e-07
627 2.3226931981448263e-07
628 2.5554352765296913e-07
629 6.390581750328292e-08
630 2.621599508879044e-07
631 2.3713038843124164e-07
632 2.946047815363341e-07
633 2.5374405487743215e-07
634 1.6320677402631158e-07
635 1.814860823341221e-07
636 2.3039439983823358e-07
637 2.0040725625884967e-07
638 1.616491218087244e-07
639 1.3389248121223913e-07
640 2.309767083664792e-07
641 2.4340706015457664e-07
642 8.923850999408717e-08
643 2.667960748752762e-07
644 1.0444015625207995e-07
645 1.8348766277203803e-07
646 2.0434156353953555e-07
647 1.7896401866137717e-07
648 1.5688061198044316e-07
649 2.3464884133827704e-07
650 2.3616357978912377e-07
651 1.2777574413603184e-07
652 2.0412951682714277e-07
653 1.550625193911771e-07
654 1.9821450550607475e-07
655 2.5126224317707385e-07
656 2.0980219307338773e-07
657 2.7805167764790707e-07
658 2.7674681995033893e-07
659 2.629846535528647e-07
660 2.1040321694095701e-07
661 2.799348206669802e-07
662 2.4993784878572386e-07
663 9.949169265680624e-08
664 2.336261532483148e-07
665 2.0253730676136055e-07
666 2.353918475093773e-07
667 7.001149446136814e-08
668 1.9740681346998327e-07
669 1.3121504621953626e-07
670 1.9389114708780646e-07
671 1.0928619756394528e-07
672 1.9051252212099902e-07
673 1.012441423786809e-07
674 1.0318423238428343e-07
675 2.6878792149435716e-07
676 2.0887316434156782e-07
677 1.6820908185818617e-07
678 2.088314468753942e-07
679 1.7378514702582873e-07
680 9.661569136361551e-08
681 1.3078316236642613e-07
682 2.0731260624939665e-07
683 2.001109731669767e-07
684 2.632018658937383e-07
685 1.7808797599503468e-07
686 1.9311743693230816e-07
687 1.8319476489960583e-07
688 1.8879750983970546e-07
689 1.7685953793163158e-07
690 1.9708014133865952e-07
691 8.038375592214979e-08
692 1.467001188776697e-07
693 1.292284164596058e-07
694 1.1014736255186786e-07
695 2.3471323604233492e-07
696 3.196301237838058e-07
697 9.553096341747318e-08
698 1.3545685102833752e-07
699 2.9775431103945236e-07
700 1.4197785799692203e-07
701 1.8720498600674452e-07
702 1.874994608893133e-07
703 1.867208934603227e-07
704 2.1089286142412401e-07
705 2.2578573169687895e-07
706 2.237402462201283e-07
707 1.2911302360510644e-07
708 1.3529262090294757e-07
709 2.071233121873068e-07
710 1.4901855016192681e-07
711 1.4167110411940494e-07
712 1.783696234809395e-07
713 1.885448195315247e-07
714 1.933606903054854e-07
715 1.0088490815475545e-07
716 1.5182169120521283e-07
717 2.4209587085935196e-07
718 1.5161567884901047e-07
719 1.870240228284949e-07
720 2.3495875855006248e-07
721 2.0635745401117398e-07
722 1.7193338637672773e-07
723 1.5908201365271442e-07
724 2.738406942127434e-07
725 1.058267165856465e-07
726 2.4416306635121135e-07
727 1.7420298628889492e-07
728 2.623157935853212e-07
729 2.2306059535717595e-07
730 1.062698056197879e-07
731 2.3160838708795293e-07
732 2.3177450954030624e-07
733 1.0938313430383418e-07
734 1.8062270428465305e-07
735 1.7203323431084486e-07
736 1.3358321837599693e-07
737 1.906075693703108e-07
738 2.8847972707286597e-07
739 7.314362921039392e-08
740 1.075137670741294e-07
741 1.9321998870884232e-07
742 1.9475104197780394e-07
743 2.033142872171302e-07
744 1.092105602694101e-07
745 1.4805811910903963e-07
746 2.698384001849096e-07
747 2.2241657379866338e-07
748 1.3065317060682516e-07
749 2.227150404694176e-07
750 2.3594399407878353e-07
751 1.8088447838530307e-07
752 1.0257340826080203e-07
753 1.5721564032135823e-07
754 1.76336898092907e-07
755 2.0926331960006808e-07
756 2.3320264874463243e-07
757 2.0808407338807923e-07
758 1.9748360235244385e-07
759 2.1703865319761538e-07
760 2.4529714649460544e-07
761 1.653719162734509e-07
762 2.417021621097945e-07
763 2.125101116281062e-07
764 2.274435299085726e-07
765 3.4110161932670225e-07
766 2.8840758153520723e-07
767 1.5473835655556215e-07
768 1.8619173465421632e-07
769 2.2329747971228987e-07
770 2.586156434581633e-07
771 2.890987284436452e-07
772 2.024536841765263e-07
773 1.491989688263547e-07
774 1.705650134784053e-07
775 1.2344588525056014e-07
776 1.7478685782604252e-07
777 2.2644727129011844e-07
778 2.5720931033686394e-07
779 1.5108598282031027e-07
780 1.5581011618567797e-07
781 9.277975626309578e-08
782 3.134886970848606e-07
783 2.054444572912554e-07
784 3.2377172352885693e-07
785 1.9710088012468137e-07
786 5.586297664590853e-08
787 1.4513779395350404e-07
788 1.440583065089814e-07
789 2.0100680216831108e-07
790 1.5714017518081018e-07
791 1.9462956689537574e-07
792 2.257136072254899e-07
793 2.1891449346477183e-07
794 1.962957039862789e-07
795 2.2933841804805696e-07
796 2.3800532655849261e-07
797 1.8050559571915506e-07
798 1.9344113484211468e-07
799 6.68077538417679e-08
800 2.854254181878163e-07
801 3.6473654853690803e-07
802 1.8776340784316717e-07
803 9.615783979622826e-08
804 2.392000011548524e-07
805 1.9872839208125984e-07
806 2.2552162073289385e-07
807 2.2146755000759592e-07
808 1.241843958260398e-07
809 1.644058626290581e-07
810 2.443821574797887e-07
811 2.55625037269159e-07
812 2.656267551162611e-07
813 1.8189269173346276e-07
814 2.069838899547614e-07
815 2.530417407639792e-07
816 2.293921046313053e-07
817 2.7242322239407e-07
818 2.630860208162686e-07
819 2.664153284994682e-07
820 2.2057684131234516e-07
821 1.4328613115037418e-07
822 1.5816515861080293e-07
823 2.973058595779014e-07
824 1.657350934092914e-07
825 2.668903788393214e-07
826 2.0102813531775716e-07
827 1.7253810169151426e-07
828 2.8909618261173644e-07
829 2.324869940080323e-07
830 1.4169968389984362e-07
831 2.7322199145020545e-07
832 2.657772987475184e-07
833 1.969133382880066e-07
834 1.9479802252337596e-07
835 2.5207162685487354e-07
836 2.6075941045337776e-07
837 2.0564394835525002e-07
838 2.6722045122749116e-07
839 7.18923012772331e-08
840 2.1624279044338177e-07
841 2.0367717618361213e-07
842 2.1821133129297666e-07
843 1.2622044454773012e-07
844 1.8736714404762533e-07
845 1.581591228580491e-07
846 2.0418063606830847e-07
847 1.6140885924026307e-07
848 2.283391579423187e-07
849 2.747930856648336e-07
850 1.9228459469458384e-07
851 2.0665212344859385e-07
852 1.5415320300994243e-07
853 1.4688738841129523e-07
854 2.0038416939464462e-07
855 2.1425277512655356e-07
856 1.98101279922891e-07
857 2.4650832449343863e-07
858 8.985523529374806e-08
859 2.1782427669566408e-07
860 2.0040382248582564e-07
861 2.3056491176885837e-07
862 2.1324616496015074e-07
863 1.1517525818250963e-07
864 1.7453850666157848e-07
865 1.821448081761939e-07
866 2.1761228210657355e-07
867 6.374112281692361e-08
868 2.0079084673158012e-07
869 1.9254906458502097e-07
870 1.5612353795895227e-07
871 2.4085606577893957e-07
872 2.376597859541288e-07
873 2.0499720330082572e-07
874 2.066225465198492e-07
875 2.913839378670627e-07
876 2.387915324367325e-07
877 1.2384897759782705e-07
878 1.9797143319001355e-07
879 2.1329551079711624e-07
880 1.5209547691340763e-07
881 2.602024450237333e-07
882 1.5552470080373443e-07
883 2.556825050228843e-07
884 2.7721596668908864e-07
885 2.823878540093289e-07
886 3.3565310910514386e-07
887 1.0603376593870907e-07
888 2.3469393086375603e-07
889 2.8432493123884364e-07
890 2.3720212663979264e-07
891 3.207767093363083e-07
892 1.9108791112869805e-07
893 7.27710556155102e-08
894 2.2396180876500728e-07
895 2.42767358463267e-07
896 1.7869364608444372e-07
897 2.9433443395955805e-07
898 2.3992025153096626e-07
899 2.518557450546269e-08
900 2.70702514683676e-07
901 2.7530779222261665e-07
902 1.676715839489021e-07
903 2.6297911303791934e-07
904 1.7418329487802313e-07
905 1.390002637172529e-07
906 1.2612845208775537e-07
907 1.564397625393567e-07
908 2.1474289853178722e-07
909 1.7486373098611935e-07
910 3.4240166794224724e-07
911 1.8873484974413878e-07
912 2.0226354537352306e-07
913 2.2266686224537636e-07
914 2.0584424823425273e-07
915 2.2530706300306473e-07
916 1.7218612507566398e-07
917 1.2326842441235472e-07
918 1.985686294267212e-07
919 3.0027198219325636e-07
920 2.179626972555716e-07
921 2.433565646860294e-07
922 1.8681226589885522e-07
923 1.3112601864185048e-07
924 2.0710930322336134e-07
925 2.1902846062172178e-07
926 1.8016952845456234e-07
927 1.9157384435075434e-07
928 2.0881960328943283e-07
929 8.479802719822846e-08
930 1.079079511428764e-07
931 2.245795565989396e-07
932 2.268409208569272e-07
933 8.632035877142539e-08
934 1.9781640066057516e-07
935 2.0180613054200995e-07
936 1.1440958839842832e-07
937 2.7454607117860904e-07
938 1.9598067425865847e-07
939 2.0695941171441837e-07
940 3.1015720920125255e-07
941 2.227657975674513e-07
942 7.627095872069358e-08
943 1.7637580428131914e-07
944 2.0733660951609708e-07
945 1.9756416449190784e-07
946 2.0519975101697918e-07
947 2.3549928104710747e-07
948 2.592899110136265e-07
949 1.665099611768568e-07
950 1.1510289902311987e-07
951 1.72238514812175e-07
952 2.00110894150406e-07
953 1.7287295904742998e-07
954 1.0141440185995059e-07
955 2.9413104802565937e-07
956 1.8667937328119498e-07
957 1.6389037179478347e-07
958 2.217172905822391e-07
959 2.854600398746502e-07
960 1.505560357254255e-07
961 1.7333743962820303e-07
962 3.984774200090102e-08
963 1.375980617482698e-07
964 3.100435455547451e-07
965 2.3585578328614366e-07
966 1.5727753277567165e-07
967 2.0616026733371934e-07
968 2.1062887763603673e-07
969 2.1711700513085618e-07
970 2.1851765517244886e-07
971 2.772843112229885e-07
972 9.294358560986843e-08
973 3.186067283763042e-07
974 8.059495440018574e-08
975 1.7742718565166445e-07
976 2.484284541348546e-07
977 1.4246985048670454e-07
978 2.2875849172266336e-07
979 2.2482523378837385e-07
980 2.113962250432469e-07
981 2.665676452032982e-07
982 2.0585502080446473e-07
983 2.40695811408146e-07
984 1.5877671462137708e-07
985 1.3478803917988016e-07
986 2.541678284751103e-07
987 2.1934921860485327e-07
988 1.61087983413591e-07
989 1.6787460838694095e-07
990 2.439009814214185e-07
991 9.426022030973923e-08
992 1.5128399503525735e-07
993 1.9269881702361241e-07
994 2.6053409657367477e-07
995 2.4808962000568464e-07
996 2.850816978492317e-07
997 1.1231127027234758e-07
998 1.821338107746766e-07
999 5.9290848955688814e-08
