0 2.1498285263940247e-07
1 1.8756178313842165e-07
2 1.6066200150005955e-07
3 1.4057466289065066e-07
4 2.2001706753962914e-07
5 2.2638770789366867e-07
6 2.235746779889161e-07
7 3.231240968582163e-07
8 1.9429557627816727e-07
9 1.571822631046001e-07
10 2.070053301865221e-07
11 1.4755086467925997e-07
12 1.6706058958147846e-07
13 1.5834859558724675e-07
14 1.8546244507838652e-07
15 1.3617504621812572e-07
16 1.600856575241398e-07
17 2.8678719537349953e-07
18 1.9837672301316178e-07
19 1.511217489340145e-07
20 1.6409758231652378e-07
21 1.422828528884452e-07
22 1.8247970052613936e-07
23 1.9851008604957791e-07
24 8.903595115125171e-08
25 1.1619579790285698e-07
26 1.3554010340099094e-07
27 1.710725938783778e-07
28 1.2438641638336678e-07
29 1.8354119331451114e-07
30 2.791500465297878e-07
31 1.3809675012339718e-07
32 2.060452160025005e-07
33 1.9057628344267437e-07
34 1.8039892453182212e-07
35 1.392416066787623e-07
36 2.0163733909924037e-07
37 1.6847337285005972e-07
38 2.4393272801201155e-07
39 9.115230468302108e-08
40 1.1886257460719909e-07
41 2.034154608309843e-07
42 1.6168388139391198e-07
43 1.3476489060757864e-07
44 2.0304253834051306e-07
45 1.6089657860010812e-07
46 8.880602636340847e-08
47 2.1288764508235773e-07
48 1.3513846365214632e-07
49 1.9685780717394443e-07
50 9.324400036539438e-08
51 1.9522065668972804e-07
52 1.735133613667737e-07
53 1.3506672125225056e-07
54 1.7079964456916524e-07
55 1.7031613564715754e-07
56 8.342054651112625e-08
57 1.7287439344709712e-07
58 2.3282918339052592e-07
59 1.513578337607532e-07
60 1.4857841591280174e-07
61 1.7884118181464603e-07
62 1.6869509470809137e-07
63 1.6594837869868425e-07
64 1.0389910219861912e-07
65 1.9330294272313166e-07
66 9.15677872823195e-08
67 6.786744634265922e-08
68 2.2403216898611224e-07
69 8.507829221163692e-08
70 1.9863286074429349e-07
71 2.1806505156478882e-07
72 1.6027824877814188e-07
73 1.623495265787923e-07
74 2.0670418935802888e-07
75 1.615469871114578e-07
76 1.9758028738880928e-07
77 2.049970774768041e-07
78 2.164184115791793e-07
79 1.567496749948986e-07
80 1.3207093579923725e-07
81 2.388111421877208e-07
82 2.736657001240184e-07
83 2.0107714758273836e-07
84 1.4958344001922802e-07
85 9.64399972081659e-08
86 1.4146839238170767e-07
87 1.858807451945661e-07
88 1.495913475109797e-07
89 1.3039531196896349e-07
90 1.7413903481739716e-07
91 2.0301514148024614e-07
92 1.8983092522863576e-07
93 1.3669519482665615e-07
94 1.4505923803753178e-07
95 1.543366518775608e-07
96 1.3949057779717719e-07
97 1.332834291103584e-07
98 1.0355934885083411e-07
99 1.5170252960478688e-07
100 1.919996085234963e-07
101 1.9729941304075485e-07
102 1.8113173312886933e-07
103 1.590292738858503e-07
104 2.1302932782433777e-07
105 1.97367874987045e-07
106 1.7579502428889205e-07
107 1.2294456755709302e-07
108 2.1375889290537833e-07
109 1.800362356333028e-07
110 1.2752980371306431e-07
111 1.2348486878503876e-07
112 2.2562578152615808e-07
113 2.1918917187187696e-07
114 1.1564488750135903e-07
115 1.4961602118163762e-07
116 1.602469524950482e-07
117 2.0134883165266272e-07
118 2.410482205602657e-07
119 1.4124422897548258e-07
120 1.1436118313701802e-07
121 1.9574717861120703e-07
122 2.1506306429631078e-07
123 1.1472928430683551e-07
124 9.094459992283005e-08
125 1.882715810918014e-07
126 1.8092891953022596e-07
127 1.9470778884765747e-07
128 2.322126073061757e-07
129 1.48001691814416e-07
130 1.8828251163848768e-07
131 1.7853993823268506e-07
132 1.7853659597687168e-07
133 1.7248953437073654e-07
134 8.926891364972011e-08
135 1.508642953110186e-07
136 8.235906560646802e-08
137 7.379599224334443e-08
138 1.26017075685077e-07
139 1.2697330299919328e-07
140 1.8621644972293057e-07
141 9.566809761340432e-08
142 2.217901730396967e-07
143 1.889699641710209e-07
144 1.60952123101319e-07
145 1.8419771112529407e-07
146 2.1842466609148147e-07
147 4.4743194676768705e-08
148 4.93418545731657e-08
149 8.232748162349992e-08
150 1.3261513529243086e-07
151 8.783371284781069e-08
152 1.7569117511379663e-07
153 1.6446397145226883e-07
154 1.3141953931317544e-07
155 1.8259008582514018e-07
156 1.8848220288222187e-07
157 1.5276568561910641e-07
158 8.226714122225484e-08
159 1.789952697869398e-07
160 1.611181204518625e-07
161 1.4010319028336439e-07
162 9.531891752257953e-08
163 1.4403177254400325e-07
164 1.5409947343086052e-07
165 1.0144642999023062e-07
166 1.7537611715664532e-07
167 1.9061331883742532e-07
168 1.276071133968383e-07
169 1.1149288179417972e-07
170 1.0337572039903765e-07
171 2.4726462245645006e-07
172 1.1955873676449847e-07
173 1.6487517161075846e-07
174 1.7354223430712547e-07
175 1.2079223149231678e-07
176 2.2791554248786988e-07
177 1.1521912357707178e-07
178 1.1873220843265597e-07
179 1.8238402132471246e-07
180 1.883973882294566e-07
181 1.9464719665637367e-07
182 1.3005340535018697e-07
183 2.2884748392968583e-07
184 2.390324608933604e-07
185 1.226954389637461e-07
186 1.9048989759495412e-07
187 1.4504548889631487e-07
188 1.8457970231368018e-07
189 1.2152326776691283e-07
190 1.116287567561149e-07
191 1.7647414662437773e-07
192 1.8103861665970906e-07
193 2.087238232709749e-07
194 1.9676557649709084e-07
195 1.7009928615979e-07
196 1.8254547594156527e-07
197 1.8605074470690074e-07
198 1.889005126531709e-07
199 2.0957219674867947e-07
200 1.4925968912553164e-07
201 1.2178729278142956e-07
202 1.8129126371947646e-07
203 5.2764222864602124e-08
204 1.7478715623573072e-07
205 1.6962167703715785e-07
206 1.5322773128652544e-07
207 1.6174525256141244e-07
208 6.100171862162254e-08
209 1.6971304714408239e-07
210 1.5932669785374255e-07
211 1.7750019309368137e-07
212 1.8961078497535915e-07
213 1.715614766175073e-07
214 1.74852526733099e-07
215 1.3232613323417223e-07
216 1.4987190222123886e-07
217 1.8280968915546394e-07
218 2.005800098077453e-07
219 2.095775967054219e-07
220 2.2853279627696498e-07
221 1.6324411632417235e-07
222 1.1996340774697646e-07
223 1.3289538881859787e-07
224 1.5125930957452794e-07
225 2.158738731493446e-07
226 2.240671914984164e-07
227 1.9721653900522604e-07
228 2.3197524755835642e-07
229 2.232015199035662e-07
230 1.9488341329983283e-07
231 7.96178490783137e-08
232 1.8651434725184488e-07
233 1.997193306818841e-07
234 1.6946197368664733e-07
235 1.6841677741591547e-07
236 2.1666710135996837e-07
237 1.978366483955317e-07
238 2.1253130742060275e-07
239 2.1040434307865964e-07
240 1.1253281728891079e-07
241 1.3561331920512131e-07
242 6.920968760261596e-08
243 2.1951181813259926e-07
244 1.1861001795230827e-07
245 2.101712108261558e-07
246 9.464236366625411e-08
247 1.821943656215992e-07
248 1.5733161090417573e-07
249 1.501791975647331e-07
250 1.962452127897605e-07
251 1.8826839482329588e-07
252 2.1852107387845128e-07
253 1.2985359114489014e-07
254 2.1048831085931404e-07
255 9.184491282707017e-08
256 1.18390184346835e-07
257 1.8640123991638302e-07
258 1.1191169335850258e-07
259 1.1556947335182124e-07
260 2.4351582331457924e-07
261 1.6778511591647288e-07
262 1.6149381232972315e-07
263 1.1304982739882916e-07
264 1.1659886916174862e-07
265 6.849536084080064e-08
266 1.4053018590334384e-07
267 1.1573260478467408e-07
268 1.3539717219228984e-07
269 1.9309976492345305e-07
270 1.959610454761302e-07
271 1.3409620234864996e-07
272 8.521660313609843e-08
273 1.049822731486253e-07
274 2.457965319944199e-07
275 1.7910005043202543e-07
276 1.3397054706106777e-07
277 2.4328115093491445e-07
278 9.910189307647533e-08
279 2.2795360221368128e-07
280 1.9307936552556148e-07
281 1.9463647105009134e-07
282 1.1838937830713396e-07
283 2.0330293869681625e-07
284 1.30320674012371e-07
285 1.7371382405206745e-07
286 2.4255206916277273e-07
287 1.509104253994849e-07
288 1.3308206110111833e-07
289 1.2559948958227322e-07
290 1.5795406826015282e-07
291 1.9403929280890903e-07
292 2.122458880033679e-07
293 1.7175229957305918e-07
294 1.2300496179944272e-07
295 1.7281907277483906e-07
296 1.4729218451950426e-07
297 1.4214912880003683e-07
298 2.228039136658048e-07
299 2.1850619652676138e-07
300 2.088751474462446e-07
301 1.245320925307188e-07
302 1.932976205162265e-07
303 2.06306082235401e-07
304 6.346285096673272e-08
305 1.141396624599675e-07
306 1.7633331266363394e-07
307 2.0372925780983035e-07
308 1.0551218432223511e-07
309 1.7004092535979958e-07
310 1.7726727759115972e-07
311 2.20835246940053e-07
312 1.7131560559399233e-07
313 2.0788496563291788e-07
314 1.2734226764401262e-07
315 8.949958519298397e-08
316 7.845454583626339e-08
317 1.4220064269917248e-07
318 1.8866935389297908e-07
319 1.463387390073573e-07
320 1.339538439459339e-07
321 6.849447649441848e-08
322 1.6601171686506071e-07
323 1.4153320896418064e-07
324 1.528183374771435e-07
325 1.631015649199384e-07
326 2.1735119712016157e-07
327 1.4806352273933168e-07
328 1.629368559192583e-07
329 5.81474612277509e-08
330 2.2944598125453537e-07
331 1.388857407976487e-07
332 1.9129752462088464e-07
333 1.3839405632333533e-07
334 1.5125184664128116e-07
335 1.7072534982353213e-07
336 2.002665784481309e-07
337 2.1909144833895418e-07
338 1.4171935672933335e-07
339 1.1807715869977449e-07
340 1.0811391257264714e-07
341 1.9463223484945916e-07
342 1.2887945127284026e-07
343 1.4160898605649232e-07
344 2.2663265353311198e-07
345 1.0319399199287745e-07
346 1.5251414537025338e-07
347 1.5306838271012875e-07
348 1.5024910844394265e-07
349 1.3499371647499607e-07
350 8.611447954389562e-08
351 2.0674884541528275e-07
352 1.7068556531633193e-07
353 1.1843572386120557e-07
354 1.6352024112586094e-07
355 1.98898436889337e-07
356 1.6570547361179743e-07
357 1.3551858546738117e-07
358 1.4686855290698997e-07
359 7.624208580518913e-08
360 1.052595892271953e-07
361 1.925812840611302e-07
362 1.9786429049885208e-07
363 2.5536536475669906e-07
364 1.6790473042352586e-07
365 2.431549179800679e-07
366 1.5773355583915433e-07
367 1.738236232019026e-07
368 1.8562503548555824e-07
369 1.5999667739202293e-07
370 1.8699378410029468e-07
371 1.7241377809682255e-07
372 2.3381995070347591e-07
373 9.207060506194226e-08
374 1.2018364542374488e-07
375 2.4136571405513746e-07
376 2.3372023291434655e-07
377 1.5690846561713975e-07
378 9.753237859595474e-08
379 1.9430766116272944e-07
380 1.1182377364041131e-07
381 1.430899129922727e-07
382 2.0275373411566714e-07
383 1.5287405159142532e-07
384 1.4986996549874672e-07
385 1.3251242703924974e-07
386 1.3817205452573115e-07
387 7.652710401772673e-08
388 2.016841670475707e-07
389 1.1143879373785493e-07
390 1.4096323019425317e-07
391 1.5208715448171344e-07
392 1.4972756347656073e-07
393 2.364366559770554e-07
394 1.4318051381431783e-07
395 1.7091779150532263e-07
396 2.023517174074814e-07
397 1.6192097619363798e-07
398 1.641563375213071e-07
399 9.835876609764045e-08
400 1.5142900907006464e-07
401 1.6149036750734611e-07
402 6.409794709024001e-08
403 1.533619759169071e-07
404 1.2065176822955053e-07
405 2.2044327980494654e-07
406 1.7377671485084235e-07
407 2.1201549526228672e-07
408 1.7012827618675493e-07
409 1.4904611156899902e-07
410 1.9444652844533102e-07
411 1.4677136523547027e-07
412 1.6841019308869848e-07
413 1.593911319641124e-07
414 2.0218612553739824e-07
415 1.3874126213021385e-07
416 1.593437700029791e-07
417 1.131781749733715e-07
418 2.2823971534250162e-07
419 2.4267670576599806e-07
420 1.26218603390156e-07
421 1.5434201967513964e-07
422 1.366523248466652e-07
423 1.6185508455267002e-07
424 1.3097254888454604e-07
425 2.7136741395318826e-07
426 1.0264629355902338e-07
427 1.2988970506542307e-07
428 2.0160618176157757e-07
429 1.60506697165591e-07
430 1.2772384981525306e-07
431 2.153035502593749e-07
432 1.3327384420090613e-07
433 1.2991535726952208e-07
434 1.7709428611854204e-07
435 1.6155403983233047e-07
436 1.8287461109542688e-07
437 1.427264019717677e-07
438 1.2781714972283367e-07
439 1.4540033966322717e-07
440 2.1094176663171178e-07
441 1.42231317365123e-07
442 1.9142847505168213e-07
443 2.0390667040833076e-07
444 1.857888818714463e-07
445 1.328146032241547e-07
446 1.0686895643274904e-07
447 1.8925773295965044e-07
448 1.3744137089140197e-07
449 1.4127371647857994e-07
450 1.4368968923793518e-07
451 1.1758464394407811e-07
452 1.6707058774113497e-07
453 1.3207686922620068e-07
454 1.368384522039125e-07
455 1.6226730549648497e-07
456 1.2114050405633684e-07
457 1.8048462898533553e-07
458 2.0452959748300742e-07
459 1.2259472494386056e-07
460 2.1754979989287882e-07
461 1.2603269484108524e-07
462 2.2290704360276307e-07
463 1.6330097639003417e-07
464 1.4413029146676455e-07
465 1.655572465333712e-07
466 2.389481705209955e-07
467 2.0673378056408514e-07
468 2.0131641387087347e-07
469 2.445598209841925e-07
470 2.00316461969095e-07
471 1.6409164580357798e-07
472 1.3402882743158287e-07
473 1.5141828208316538e-07
474 2.3893471405494754e-07
475 1.9167066354176383e-07
476 1.728829529198893e-07
477 1.3124131851312503e-07
478 1.849970652677676e-07
479 1.2500982394509358e-07
480 9.581664261128118e-08
481 9.617972714151507e-08
482 1.8148559405200861e-07
483 1.783787431090814e-07
484 1.5198007748444387e-07
485 2.0856581104864054e-07
486 1.6034013536748117e-07
487 9.14145949651451e-08
488 1.8573218874359792e-07
489 1.9332193836412094e-07
490 1.5919373667437535e-07
491 1.4120263448250506e-07
492 1.9125771200613746e-07
493 1.4876923365899798e-07
494 1.7286545838724245e-07
495 1.950525464383877e-07
496 1.6114987241161788e-07
497 1.511651867617107e-07
498 1.4098751078810745e-07
499 1.5916107884020882e-07
500 1.4522173767430665e-07
501 8.333965128324241e-08
502 1.6866347004834778e-07
503 8.885613500611364e-08
504 1.3271480958998063e-07
505 1.0032554270329871e-07
506 1.603402481212696e-07
507 1.8045245042644665e-07
508 1.747827949143453e-07
509 6.318789219575149e-08
510 2.2591704740435646e-07
511 1.8445078996444396e-07
512 1.3579585939755274e-07
513 2.514810020335588e-07
514 9.856721368757908e-08
515 1.7512555016673988e-07
516 1.8546338224594275e-07
517 1.9964154841812427e-07
518 1.4044192301753988e-07
519 1.1084729706899043e-07
520 1.555524783604578e-07
521 1.4590931246431848e-07
522 1.761495556136645e-07
523 1.6156245208440233e-07
524 1.5903598466325792e-07
525 1.5721534602736097e-07
526 1.426179136618065e-07
527 1.8450411023021431e-07
528 1.3994291004480136e-07
529 1.0990513688179642e-07
530 4.8109058828506546e-08
531 1.1966839545746885e-07
532 1.0402872261193811e-07
533 6.76409226917323e-08
534 1.28384285875838e-07
535 3.7840311721303324e-08
536 1.3017195036295908e-07
537 1.2687073004110277e-07
538 8.142558255728133e-08
539 1.748424213707147e-07
540 1.5313308988705817e-07
541 2.0340084938904908e-07
542 2.3966682612564013e-07
543 2.0756401656664206e-07
544 1.950877699871133e-07
545 2.8108291039971e-07
546 1.6667830511611247e-07
547 1.6149243400594563e-07
548 1.3129127810038863e-07
549 1.2463814033818432e-07
550 1.978925034251637e-07
551 1.5317352693018394e-07
552 1.7725291445859633e-07
553 1.23613965672166e-07
554 1.631393660341936e-07
555 1.9119450732166068e-07
556 1.0577248989952735e-07
557 1.9309098060249522e-07
558 1.1585454764767397e-07
559 1.3099558889199105e-07
560 2.021125044387584e-07
561 2.1176613857108678e-07
562 1.9337398022627297e-07
563 1.902617314211561e-07
564 1.673342140771268e-07
565 1.802785951106252e-07
566 1.0838195627492148e-07
567 2.0943517834589163e-07
568 1.8963538760406665e-07
569 1.793930976694169e-07
570 1.9320279621762578e-07
571 1.9374359919635753e-07
572 1.8338750988963084e-07
573 1.8219084559988484e-07
574 1.3444655514839897e-07
575 2.0145341392463936e-07
576 2.0154538936682684e-07
577 1.3635005289799937e-07
578 1.2574601870585795e-07
579 1.992831720410792e-07
580 1.4476900261413038e-07
581 8.679137810314009e-08
582 1.8795886304601377e-07
583 1.0668801397413167e-07
584 1.2820598573460518e-07
585 1.5238301182527607e-07
586 2.2790774570614414e-07
587 1.8288482882119066e-07
588 1.79885887228498e-07
589 1.0985003962521498e-07
590 1.4312228131500074e-07
591 1.1181247314712272e-07
592 1.6793100339219445e-07
593 1.0881913850880036e-07
594 1.651762306017481e-07
595 1.960996706886528e-07
596 1.1268019088198492e-07
597 1.953221320912723e-07
598 1.85977749002568e-07
599 1.2847065101182502e-07
600 1.2523849644255682e-07
601 1.1534270153596415e-07
602 2.3448477223823785e-07
603 1.8927891853519438e-07
604 2.1766092078545083e-07
605 1.1243110126688816e-07
606 1.1925996762775082e-07
607 2.0279145777508467e-07
608 1.9529678216420412e-07
609 1.8882449286840566e-07
610 1.7307754199594768e-07
611 1.223914811516402e-07
612 9.652149384556731e-08
613 1.7165255626034972e-07
614 1.59011302718157e-07
615 1.6233224126986462e-07
616 1.4644026173818403e-07
617 1.9652665578563565e-07
618 9.546655102228978e-08
619 1.5642338885786364e-07
620 1.7082660377024334e-07
621 1.7907296648122834e-07
622 1.7365945797074293e-07
623 1.5260783838615428e-07
624 2.0622472726777758e-07
625 1.3671348532631047e-07
626 2.0853505928314994e-07
627 8.036218027333258e-08
628 1.70640810325316e-07
629 1.6227947091012555e-07
630 1.7581273459006155e-07
631 1.4053333202490525e-07
632 1.1294578945179345e-07
633 1.858838530583142e-07
634 1.5824310620805642e-07
635 8.579785966968712e-08
636 1.1128415885950524e-07
637 1.6546828694098962e-07
638 1.9013625617130943e-07
639 1.5107324323030106e-07
640 1.4102385082768218e-07
641 2.2334897775455057e-07
642 2.0994667983527395e-07
643 1.4241819172150664e-07
644 2.313848505407672e-07
645 1.7799023354091865e-07
646 1.391269803134486e-07
647 1.4583529327074144e-07
648 1.6495144719476833e-07
649 7.578078642057788e-08
650 1.6630952900061412e-07
651 1.4722889155542007e-07
652 1.6453422978097006e-07
653 1.8428562143168077e-07
654 1.914070227275347e-07
655 1.9558269276896595e-07
656 1.8786232096415072e-07
657 1.602348640592004e-07
658 1.305590850902942e-07
659 1.138182795256223e-07
660 1.5152141600109873e-07
661 1.5775242381851752e-07
662 1.2722388543848917e-07
663 1.427624152633355e-07
664 1.2165940436463733e-07
665 2.1721344683145668e-07
666 1.5185089425870275e-07
667 1.923699964259829e-07
668 2.479077353623682e-07
669 1.1586120231218135e-07
670 1.5455564866506917e-07
671 1.8370964663148107e-07
672 1.9902491792849328e-07
673 1.347200840080985e-07
674 2.605817856235188e-07
675 7.67546585449962e-08
676 8.750353488331374e-08
677 2.303353180927642e-07
678 1.6353010740575724e-07
679 1.7161759787659457e-07
680 1.7590345901796195e-07
681 1.525777505327173e-07
682 2.1749998573272575e-07
683 1.8141104929827373e-07
684 1.4479685524892906e-07
685 1.8410583776423173e-07
686 2.0108616694118082e-07
687 2.1792944926797508e-07
688 1.6886130881081885e-07
689 7.950428474760848e-08
690 1.7409594511753512e-07
691 2.476887792409241e-07
692 1.095044644713194e-07
693 1.0989710268512453e-07
694 1.615920422810334e-07
695 8.171079698723213e-08
696 2.2709637729226501e-07
697 2.2896170744466406e-07
698 1.8076478638689144e-07
699 1.5854110204083643e-07
700 2.0610444026815955e-07
701 1.7947432195693958e-07
702 2.497684754894926e-07
703 1.7092988539271636e-07
704 1.9983500525734603e-07
705 1.0372763924038208e-07
706 2.1913203268191003e-07
707 1.2267161863298054e-07
708 2.0296938757677956e-07
709 1.40789356447898e-07
710 2.498366356443643e-07
711 1.5413376980710985e-07
712 2.1442415992857137e-07
713 1.5932460948391208e-07
714 8.358674091034144e-08
715 2.039250425866556e-07
716 2.1936226478061527e-07
717 2.124207511367102e-07
718 1.8876910190574004e-07
719 1.6509955512488314e-07
720 1.9353205974822223e-07
721 8.199630198189577e-08
722 1.8602034735435735e-07
723 2.2084504131958938e-07
724 9.941018042622554e-08
725 1.6041254348114699e-07
726 1.4099502078784204e-07
727 1.7780095604498885e-07
728 1.6183474509074293e-07
729 2.460381611089167e-07
730 2.416490814117661e-07
731 1.0908930873296265e-07
732 1.3075576548315067e-07
733 1.7458924463531713e-07
734 2.4215302252401263e-07
735 2.967417078326418e-07
736 1.743530477556597e-07
737 1.8124247304219426e-07
738 8.806244265160883e-08
739 2.5877822522261356e-07
740 1.8787853120693325e-07
741 1.477287023365063e-07
742 2.367603508367828e-07
743 1.1938086783965484e-07
744 9.862217180908682e-08
745 1.3183849834586497e-07
746 1.7616699010148988e-07
747 2.695537795013776e-07
748 2.518700081892025e-07
749 1.4065871969494932e-07
750 1.1375418562259928e-07
751 1.52086352960469e-07
752 1.7887381168137087e-07
753 1.6035253430535983e-07
754 1.366130546310832e-07
755 2.39439772197632e-07
756 1.623975354072268e-07
757 1.3558954593811885e-07
758 2.4303438294567416e-07
759 1.226174135478879e-07
760 1.836765379702168e-07
761 1.8185488983275857e-07
762 2.3038964095618651e-07
763 1.0320785107597332e-07
764 2.0591292262454808e-07
765 2.456042628562085e-07
766 1.592742424294022e-07
767 1.856410019633215e-07
768 1.471166693941663e-07
769 1.2124180627998166e-07
770 9.336660222184014e-08
771 1.5392574050152446e-07
772 1.1908373709202201e-07
773 2.0005626280219817e-07
774 1.8663923251818853e-07
775 1.638972810647399e-07
776 1.3353048715878297e-07
777 1.5876362657258577e-07
778 1.69952849220595e-07
779 1.456711249571564e-07
780 1.347515598488783e-07
781 1.1864850470909532e-07
782 8.296866146959211e-08
783 1.3526605018968632e-07
784 1.3664460528526965e-07
785 1.510240996975881e-07
786 2.1630231258226391e-07
787 1.3657356565176615e-07
788 1.5847863896161709e-07
789 1.0084233766933694e-07
790 1.4079773206209662e-07
791 1.5733975314045943e-07
792 2.0842772100775627e-07
793 2.678215449003541e-07
794 1.0668473907154798e-07
795 8.82071112340388e-08
796 1.3098897620552468e-07
797 1.877169135037075e-07
798 1.5833030695473312e-07
799 2.0024821025360204e-07
800 1.4696858789945394e-07
801 1.3258835194373393e-07
802 1.1716795424095395e-07
803 2.40258225126024e-07
804 1.8835204656111721e-07
805 1.9232945408555716e-07
806 2.529719110646547e-07
807 1.3682280519903836e-07
808 2.1366085482838062e-07
809 1.2677812409434385e-07
810 1.54013462652017e-07
811 5.95889438259429e-08
812 1.495621041164871e-07
813 8.56925858895515e-08
814 1.637191210993799e-07
815 1.0801205779037884e-07
816 1.3028949342885762e-07
817 1.3975730335445651e-07
818 9.417948111990902e-08
819 1.4491573673650343e-07
820 1.2112877322272779e-07
821 1.5667370152632252e-07
822 1.9208095638797975e-07
823 2.496323695945808e-07
824 1.449912753559513e-07
825 2.1102475515456105e-07
826 1.660256546450632e-07
827 1.3631531461732684e-07
828 1.5490596989080993e-07
829 1.1407840281348847e-07
830 1.500833186123924e-07
831 2.474780466989743e-07
832 1.698901850377666e-07
833 2.724037589745547e-07
834 1.3859596931240438e-07
835 2.072716514650223e-07
836 1.3345492518196488e-07
837 1.7499655589856287e-07
838 1.694840958055949e-07
839 2.3039749615256413e-07
840 1.616463451403378e-07
841 1.341834925814584e-07
842 1.6887041844744715e-07
843 1.6274231601161732e-07
844 1.6235324556157852e-07
845 1.5983569599674073e-07
846 1.7310073327278065e-07
847 9.498820263607526e-08
848 9.918991183519918e-08
849 1.3539423540847712e-07
850 1.5060254004951708e-07
851 1.1898477498000797e-07
852 1.822827480067925e-07
853 1.3812095218716128e-07
854 1.8231229712994713e-07
855 1.4903460575097982e-07
856 1.5665569376882112e-07
857 1.2214313750157708e-07
858 1.6288635442830812e-07
859 1.3799691112643966e-07
860 9.705463357138214e-08
861 1.811982864979766e-07
862 1.6449439280236764e-07
863 1.1011034843520296e-07
864 1.343907284608766e-07
865 1.2449713738167768e-07
866 2.0647147236287785e-07
867 1.8073918879482926e-07
868 1.9713187573393871e-07
869 1.3649186628519273e-07
870 1.373782799614e-07
871 1.3157989351120326e-07
872 1.820028179254542e-07
873 1.367328488532981e-07
874 1.6930211485572245e-07
875 1.0506750547332444e-07
876 1.4004578347893044e-07
877 1.9998458540979873e-07
878 1.2808675549049106e-07
879 1.9042695269973363e-07
880 1.6248928260890783e-07
881 1.3064207438014594e-07
882 1.6763850181463288e-07
883 1.0706329915303344e-07
884 1.4763573315369428e-07
885 2.2849395101621276e-07
886 1.4226347955131196e-07
887 1.2142388277285272e-07
888 1.1630397904854846e-07
889 1.5572347393066593e-07
890 1.1465368667350503e-07
891 1.6238509810347753e-07
892 1.5591274126715156e-07
893 1.5783631693781274e-07
894 1.8575875816643214e-07
895 9.286392229681671e-08
896 2.0670143758115205e-07
897 1.0471284933298864e-07
898 1.1336263846246874e-07
899 1.769325976406796e-07
900 1.4426961369937362e-07
901 6.545874845561442e-08
902 1.6137628359244726e-07
903 1.874935591650254e-07
904 1.6201117941401162e-07
905 1.8182853164909604e-07
906 1.9612620100159666e-07
907 1.8500490082694304e-07
908 1.345857872629042e-07
909 1.8354449364617902e-07
910 1.689751980418741e-07
911 1.3306129401598823e-07
912 1.2423859349576474e-07
913 1.4483855222844238e-07
914 1.2556916400069535e-07
915 1.4241677487958167e-07
916 2.2755435242632532e-07
917 1.176031352215774e-07
918 2.36333365040122e-07
919 9.622320153798587e-08
920 1.9767430113324917e-07
921 1.2678608217268115e-07
922 1.826867407850503e-07
923 8.029913812297191e-08
924 1.9708640587676778e-07
925 1.3234602974268949e-07
926 1.9614369530648955e-07
927 1.654108426939845e-07
928 8.63732622072409e-08
929 2.527319032371531e-07
930 1.502228963818398e-07
931 1.0952252320630554e-07
932 1.3630523486285756e-07
933 1.7525091397763435e-07
934 2.0299405956345497e-07
935 1.6097778363393034e-07
936 2.94441680885578e-07
937 1.482689465106606e-07
938 1.701643420019082e-07
939 1.9228961849161385e-07
940 1.2394740905576623e-07
941 1.307313658249972e-07
942 2.509040915504532e-07
943 2.3014008012834547e-07
944 1.4829475405561616e-07
945 1.4100242935931583e-07
946 1.438592961528051e-07
947 1.1858467047634975e-07
948 1.4343926326945086e-07
949 1.7924092787023965e-07
950 1.7940919970513153e-07
951 1.7221199507640263e-07
952 2.068085175759274e-07
953 1.6540297533732116e-07
954 1.6269877887341496e-07
955 1.86344392206951e-07
956 1.5175207128838037e-07
957 2.1968988386364194e-07
958 1.814475394445476e-07
959 9.273225086851883e-08
960 1.268744619965779e-07
961 1.744022237176119e-07
962 2.632778876765009e-07
963 1.4926411380870994e-07
964 1.2202678576606493e-07
965 1.8681223846050863e-07
966 1.2462385829313429e-07
967 1.5301472382306011e-07
968 1.3638319227134462e-07
969 1.417281349793231e-07
970 2.34439921680039e-07
971 1.643247510153607e-07
972 1.505690354448001e-07
973 1.9494220769560157e-07
974 1.3188867305093972e-07
975 1.4173789559012755e-07
976 1.1676169546383274e-07
977 1.473866887714506e-07
978 2.4570818526043397e-07
979 1.9519358310604436e-07
980 1.558017123332327e-07
981 1.7187965887195001e-07
982 1.1613748175107867e-07
983 1.9249562401330556e-07
984 1.4022692078811617e-07
985 1.804754706503162e-07
986 1.2108421039473482e-07
987 1.792902502069126e-07
988 1.9065720922103272e-07
989 1.5545767575835484e-07
990 1.2916457187761177e-07
991 1.8366596680111014e-07
992 1.4274358615118692e-07
993 1.4419518767915167e-07
994 9.738684994186999e-08
995 1.2630484952734577e-07
996 1.5158757792350496e-07
997 1.1577595160713495e-07
998 2.476451016076214e-07
999 1.3543435572345395e-07
