0 5.134442407724125e-07
1 4.90784576357797e-07
2 5.079960480115852e-07
3 6.388639375511174e-07
4 4.846223642818926e-07
5 5.685571710652699e-07
6 4.774999591240212e-07
7 4.637580561692271e-07
8 4.7017883970469575e-07
9 5.218792551994153e-07
10 4.837272070532891e-07
11 6.060916675934314e-07
12 4.837499615786104e-07
13 5.660772553346708e-07
14 5.467838172146235e-07
15 5.317447797882732e-07
16 5.311636774834566e-07
17 4.754765304769014e-07
18 5.541690609915406e-07
19 5.072029829318616e-07
20 5.298182570081078e-07
21 4.672199626919247e-07
22 4.931152241359285e-07
23 4.84538784520514e-07
24 5.958820293359245e-07
25 5.968587273829368e-07
26 5.153311439606912e-07
27 5.211027236233628e-07
28 4.802042515481933e-07
29 5.118439457862466e-07
30 5.013838889461234e-07
31 5.895629089200268e-07
32 4.647177600978018e-07
33 5.141472322848093e-07
34 5.003083080662749e-07
35 5.483653453423742e-07
36 4.324199783614448e-07
37 6.309982243340883e-07
38 5.359990422386535e-07
39 5.878793657788327e-07
40 5.779945147040251e-07
41 5.104148033439175e-07
42 5.348269933722017e-07
43 5.570862156776449e-07
44 5.379691486451778e-07
45 5.915947919283902e-07
46 5.876292305224215e-07
47 5.265960235079003e-07
48 5.09307513733228e-07
49 6.040602745504775e-07
50 6.550540268130823e-07
51 4.633774877894254e-07
52 5.838877560403765e-07
53 5.378428732398843e-07
54 5.671748827445356e-07
55 5.276678419676227e-07
56 4.865189591358422e-07
57 5.51432786528638e-07
58 5.062786975337034e-07
59 4.730165573227014e-07
60 4.877310242280811e-07
61 5.476401663271515e-07
62 5.875981959227007e-07
63 4.794150506722935e-07
64 5.530795787915238e-07
65 5.214480595870044e-07
66 5.270136166266928e-07
67 5.009645446397276e-07
68 5.227511411185446e-07
69 5.549869931763784e-07
70 6.054777228261349e-07
71 4.6430465001898034e-07
72 4.6795381088632274e-07
73 5.089454425677524e-07
74 4.5454569216416366e-07
75 5.610679364831859e-07
76 4.91151306202847e-07
77 4.798508027318324e-07
78 6.056941901317739e-07
79 4.4579719926267126e-07
80 5.684745933054563e-07
81 4.3574955134552177e-07
82 5.534828784426497e-07
83 4.894286368715638e-07
84 4.917170250478161e-07
85 5.561794369756769e-07
86 5.700950135195102e-07
87 5.166083011729165e-07
88 4.896888409874968e-07
89 5.718096910578337e-07
90 5.682283055333514e-07
91 4.979235086498829e-07
92 4.888775060916214e-07
93 5.144689220652825e-07
94 5.696100304959026e-07
95 5.386115123668721e-07
96 5.652772951959051e-07
97 5.122351189203371e-07
98 5.720664509656576e-07
99 6.824668865902547e-07
100 4.967724126070441e-07
101 5.65556197275273e-07
102 5.863621173068175e-07
103 5.702197410108093e-07
104 5.171924406670361e-07
105 5.148659079751647e-07
106 5.126287053929657e-07
107 5.823606128626628e-07
108 4.977004076593763e-07
109 5.119482907528208e-07
110 6.207751167582286e-07
111 5.109174174335799e-07
112 5.820651179617231e-07
113 5.014033042657286e-07
114 5.469373766931437e-07
115 5.7162003112174e-07
116 6.161430685285324e-07
117 5.730905034644956e-07
118 5.459110056456637e-07
119 5.340850228442702e-07
120 5.308851111214974e-07
121 4.7476291268923523e-07
122 5.489328889299762e-07
123 5.765572125935028e-07
124 5.864583045155424e-07
125 5.748741845002866e-07
126 4.028167930506288e-07
127 5.541850107124872e-07
128 5.490084806430271e-07
129 4.333385058678127e-07
130 4.987145870025846e-07
131 5.098343056884092e-07
132 4.2351464893910695e-07
133 5.16036475514947e-07
134 5.547473101345505e-07
135 4.829402375902719e-07
136 4.995785107320369e-07
137 5.778503104597986e-07
138 6.12635107229883e-07
139 4.945402857534924e-07
140 5.687256836238784e-07
141 5.266141816546878e-07
142 5.269975379802193e-07
143 5.622594039331703e-07
144 5.373868533238155e-07
145 4.737391074771002e-07
146 5.267384090403956e-07
147 6.595247647062656e-07
148 5.112936723676124e-07
149 6.000695676961831e-07
150 5.318194919364535e-07
151 5.188637766994558e-07
152 5.372648688159962e-07
153 5.349338811269143e-07
154 4.988340753715213e-07
155 5.407921378221906e-07
156 5.080869823944486e-07
157 5.823341451881989e-07
158 5.825984039535932e-07
159 5.549940540837846e-07
160 6.072487262140433e-07
161 4.6677153960036686e-07
162 6.176193470880366e-07
163 4.866765136966581e-07
164 5.143831703344145e-07
165 5.008333661333396e-07
166 5.071342655603072e-07
167 5.139471544686807e-07
168 4.6469243365098394e-07
169 6.394499696263487e-07
170 5.748728858105024e-07
171 5.252045542574479e-07
172 4.907235649479582e-07
173 5.923878075641653e-07
174 5.63505498307463e-07
175 5.2273289860816e-07
176 4.996733756196573e-07
177 5.583568081552982e-07
178 5.44854362084135e-07
179 4.6882267854131415e-07
180 4.984977697220375e-07
181 4.797781816664423e-07
182 5.601513161948633e-07
183 5.231034874561484e-07
184 4.612556387754653e-07
185 4.91587249893232e-07
186 5.276730678245228e-07
187 5.815339730416944e-07
188 4.890076131506021e-07
189 5.523697880105787e-07
190 5.815451736076118e-07
191 4.982845701785069e-07
192 5.512388322931422e-07
193 5.028241675042029e-07
194 4.4174450223399323e-07
195 4.4657517212587357e-07
196 5.05191163369918e-07
197 5.83253538079212e-07
198 5.546618731284315e-07
199 4.3347301516998173e-07
200 5.577850725707043e-07
201 4.851145087439151e-07
202 5.673177532498815e-07
203 6.838988881391323e-07
204 6.257576444196477e-07
205 5.298533603903325e-07
206 5.82789373780071e-07
207 5.197502388029951e-07
208 5.557377711489083e-07
209 5.591709941416096e-07
210 5.42492107269075e-07
211 5.305931064868683e-07
212 6.043593819731873e-07
213 4.970448815576649e-07
214 4.6764120558364144e-07
215 5.027878478880861e-07
216 5.13016185364824e-07
217 5.063474325919578e-07
218 5.082446082512185e-07
219 6.104486780713805e-07
220 5.093708143937494e-07
221 5.477864251572236e-07
222 5.713943666580391e-07
223 5.031897689959537e-07
224 6.025434786578371e-07
225 4.963734812764105e-07
226 5.674822646152307e-07
227 4.7159930411201357e-07
228 4.687580306190217e-07
229 4.6856423830115894e-07
230 5.147710547629347e-07
231 5.259656760229051e-07
232 5.224979202129652e-07
233 5.088558019282749e-07
234 5.199662171696767e-07
235 5.036318814768209e-07
236 5.944078760666486e-07
237 5.067093968476496e-07
238 4.998102533819728e-07
239 5.196494188183556e-07
240 5.10114783380739e-07
241 5.259649966296652e-07
242 5.882975864675239e-07
243 5.410065405638076e-07
244 5.835800472221108e-07
245 4.624612417386015e-07
246 6.201640549385631e-07
247 5.052022113978596e-07
248 5.883720910573797e-07
249 5.210664683474517e-07
250 5.005961926404414e-07
251 5.717104508669331e-07
252 4.645398633210304e-07
253 5.93712381816298e-07
254 5.042190036216385e-07
255 5.973723013877113e-07
256 5.175415306418011e-07
257 4.5716880080015814e-07
258 5.315230057889372e-07
259 6.068012053823586e-07
260 4.967832983068997e-07
261 5.129747158726207e-07
262 5.382459817020032e-07
263 5.33274301443039e-07
264 5.730670988131649e-07
265 5.0984784284799e-07
266 4.910948057810046e-07
267 5.056173918906298e-07
268 5.110231028277305e-07
269 5.064862725503881e-07
270 5.363598679217284e-07
271 5.783753894233005e-07
272 6.323897307202829e-07
273 5.771972943316863e-07
274 4.816834761956163e-07
275 4.682649465828635e-07
276 4.6112475104710447e-07
277 5.345891250160159e-07
278 5.496040232216048e-07
279 5.393047419055808e-07
280 5.424209698305e-07
281 5.787552549494004e-07
282 5.602337606293156e-07
283 4.794757231565335e-07
284 5.676286577986966e-07
285 5.619089815042383e-07
286 3.9905974975736627e-07
287 5.36078744881222e-07
288 4.837738953695415e-07
289 5.601086213562333e-07
290 4.521758362558435e-07
291 4.5266557258980595e-07
292 5.174476739772446e-07
293 5.11518084682682e-07
294 5.200197939598316e-07
295 5.240341760731962e-07
296 5.196609876005411e-07
297 6.109630346076882e-07
298 4.912924526744507e-07
299 4.51171134192729e-07
300 5.306388870578488e-07
301 6.373173496220318e-07
302 4.5026822278603914e-07
303 5.676193475667499e-07
304 5.722080305529758e-07
305 5.638544355914884e-07
306 4.88554530217209e-07
307 5.453933793988297e-07
308 5.482133267204899e-07
309 4.814266040814836e-07
310 5.100143868908678e-07
311 5.631444809481487e-07
312 6.099927318047917e-07
313 5.554643728338231e-07
314 5.659952884484559e-07
315 6.10849403444294e-07
316 5.484091519944092e-07
317 5.101063257970637e-07
318 4.856204038462039e-07
319 5.374695911164735e-07
320 5.581988459197958e-07
321 6.019742235490217e-07
322 5.384817650632613e-07
323 5.833559843891773e-07
324 4.5848844986832165e-07
325 4.915879431023119e-07
326 5.43830578050878e-07
327 5.770195169147736e-07
328 5.327145986452731e-07
329 4.352719300507032e-07
330 5.437513261297676e-07
331 5.045911289268643e-07
332 5.767385089348454e-07
333 5.313314005466969e-07
334 6.408605980180303e-07
335 5.196894962127987e-07
336 5.35438010218843e-07
337 4.3969457854783505e-07
338 5.607220418226043e-07
339 5.833650644442858e-07
340 5.592709042590448e-07
341 5.274757377058836e-07
342 5.562693919827839e-07
343 6.094007169519901e-07
344 5.255743361379426e-07
345 5.935179827113158e-07
346 5.508570016322986e-07
347 5.648255745617683e-07
348 5.272568103377484e-07
349 5.140724415659204e-07
350 5.152552182473823e-07
351 5.320919786020449e-07
352 4.5928933001750635e-07
353 5.099941492577561e-07
354 5.216038940718388e-07
355 5.031335853875993e-07
356 5.750218384309466e-07
357 6.055446830410923e-07
358 5.274175464476728e-07
359 5.301372675212587e-07
360 5.8910277103565e-07
361 5.022817768624706e-07
362 5.649847013348195e-07
363 4.880694356325365e-07
364 5.515799800122534e-07
365 5.215363710522196e-07
366 5.521128583802686e-07
367 5.688989888064632e-07
368 5.413216645970944e-07
369 5.487418445052753e-07
370 5.130251922888933e-07
371 5.450311775947612e-07
372 4.52737610399356e-07
373 5.507080590998741e-07
374 5.973952770775556e-07
375 5.009888630376513e-07
376 5.019460532991342e-07
377 5.539688466721783e-07
378 5.457956938520038e-07
379 5.010696901567664e-07
380 5.469958059251692e-07
381 4.719395743923354e-07
382 5.967033325271838e-07
383 5.00809905033523e-07
384 5.48183197015828e-07
385 5.398516326922886e-07
386 4.958499799248267e-07
387 5.458761325527463e-07
388 4.744018131576363e-07
389 5.004140383377146e-07
390 5.571493660350502e-07
391 5.002998509360142e-07
392 5.927037103735776e-07
393 4.6853357368298984e-07
394 5.380749355383671e-07
395 5.319362856097154e-07
396 5.801731818229873e-07
397 4.82905477490223e-07
398 4.813728416615668e-07
399 5.349524287037336e-07
400 5.779718047172444e-07
401 6.034711940877079e-07
402 5.445798063257763e-07
403 5.31216639796527e-07
404 4.887413675159071e-07
405 5.205050460800932e-07
406 4.994027949938512e-07
407 5.458515034914532e-07
408 5.606305483912068e-07
409 6.045111741707697e-07
410 5.168916423738871e-07
411 5.763749200253102e-07
412 4.949283327820194e-07
413 4.978632194506972e-07
414 4.96731591957711e-07
415 4.999234660707057e-07
416 5.696638539475389e-07
417 6.479631178262597e-07
418 4.80016239345262e-07
419 5.35235626525129e-07
420 5.835094749120754e-07
421 5.127776665948123e-07
422 5.308967989713934e-07
423 5.096113562402974e-07
424 5.226560022489856e-07
425 4.3453451543097373e-07
426 5.234862223217277e-07
427 5.522649193785316e-07
428 5.087563620340813e-07
429 6.394700551333882e-07
430 5.224274612705172e-07
431 5.444091561491145e-07
432 5.765206964039836e-07
433 5.51528228309346e-07
434 5.684302259656836e-07
435 5.201762257807324e-07
436 5.50214783306301e-07
437 4.892271763122802e-07
438 5.246562451833056e-07
439 5.552933940449482e-07
440 5.022340969745098e-07
441 5.405541126359246e-07
442 5.951546186751859e-07
443 5.62412525226357e-07
444 5.44128228014304e-07
445 5.186842782824363e-07
446 5.749409025077587e-07
447 4.531105660915565e-07
448 5.421460308127923e-07
449 5.676928734853992e-07
450 5.220851178728781e-07
451 5.320292355349467e-07
452 5.434858046987403e-07
453 5.794062298088513e-07
454 5.226410778870509e-07
455 5.947584507674578e-07
456 5.37294685261979e-07
457 4.980708587912553e-07
458 5.867316383194815e-07
459 6.053352458061909e-07
460 5.272259063842514e-07
461 6.066226185641807e-07
462 4.5784074777848314e-07
463 4.806427484597616e-07
464 4.926537891150968e-07
465 5.555528565297024e-07
466 5.26667020693092e-07
467 5.113836603514007e-07
468 5.429749839706878e-07
469 4.919847306819759e-07
470 4.831163929825818e-07
471 5.855203052269336e-07
472 5.261976446695708e-07
473 4.893189947732875e-07
474 5.531381343819069e-07
475 5.694442252789394e-07
476 4.1975590065095016e-07
477 5.396334308992812e-07
478 5.210743723256081e-07
479 5.065013011360045e-07
480 6.07074969666783e-07
481 6.322052761216926e-07
482 4.3944063888371917e-07
483 4.829344687641239e-07
484 5.473103397544888e-07
485 4.889501404836036e-07
486 4.5715405869370727e-07
487 5.767766586660623e-07
488 5.989902822713524e-07
489 5.056123542535867e-07
490 5.54393141392066e-07
491 5.315827947071142e-07
492 4.7029764535022817e-07
493 5.511914774122959e-07
494 5.125276373408331e-07
495 5.475691652119536e-07
496 5.753961450060064e-07
497 5.570804586380142e-07
498 5.499044148903614e-07
499 4.953544322893037e-07
500 5.544816927841761e-07
501 5.841649399740555e-07
502 5.979339650274388e-07
503 5.234304254567371e-07
504 6.133445718179058e-07
505 5.766820562263671e-07
506 5.627080637903819e-07
507 5.345730071651414e-07
508 4.917305335261829e-07
509 5.80290063176636e-07
510 4.18096202018754e-07
511 4.78344208487269e-07
512 4.859158288339825e-07
513 5.322389783941514e-07
514 5.703994542753079e-07
515 5.230428859811016e-07
516 5.218911898259559e-07
517 5.181678537663434e-07
518 5.686811051575118e-07
519 5.227556901103944e-07
520 5.131470711216736e-07
521 5.123150062598062e-07
522 5.62575846971522e-07
523 4.419134824015883e-07
524 5.733199320369023e-07
525 5.42050811288585e-07
526 5.586335620583407e-07
527 5.779762224384762e-07
528 5.6262515290913e-07
529 5.5427590793249e-07
530 5.865089754780334e-07
531 5.034447046416818e-07
532 5.42366568374369e-07
533 6.138591664148566e-07
534 5.014779306224778e-07
535 5.661744829181334e-07
536 6.24104332133648e-07
537 5.020957989489511e-07
538 5.426092879831881e-07
539 5.115570546260586e-07
540 6.280736790120121e-07
541 5.253909850293972e-07
542 5.414924045109535e-07
543 4.831368657288609e-07
544 5.058192684348299e-07
545 5.358541521440795e-07
546 4.762028535427372e-07
547 5.304550306227226e-07
548 4.850415255063242e-07
549 5.729820710986048e-07
550 5.032499322228893e-07
551 5.373332587361292e-07
552 4.956621542315515e-07
553 5.29989239944331e-07
554 4.950483324244287e-07
555 4.801707538375403e-07
556 5.23332475947053e-07
557 5.043783318950922e-07
558 5.656085368805984e-07
559 5.584398202135409e-07
560 5.011336309501391e-07
561 5.591804284321071e-07
562 4.616488098859788e-07
563 5.088916759854541e-07
564 5.114828001417065e-07
565 4.892202004195567e-07
566 5.893709754286101e-07
567 5.34550316210033e-07
568 4.5137558686329046e-07
569 4.931241737013324e-07
570 5.35548021316627e-07
571 4.523916254552923e-07
572 5.016634132058619e-07
573 4.806842693564157e-07
574 5.269274428901476e-07
575 4.975946198681694e-07
576 5.448461487402295e-07
577 5.643937465285562e-07
578 5.876508466533506e-07
579 4.7268856371365216e-07
580 5.296541648236601e-07
581 5.786117252850978e-07
582 5.388667615023643e-07
583 5.580358045196232e-07
584 5.910818495424113e-07
585 6.448775106554484e-07
586 6.160464908335677e-07
587 5.03681974686488e-07
588 5.000428724555253e-07
589 6.407542932698385e-07
590 5.576576263008585e-07
591 5.82702067598253e-07
592 5.414303462007643e-07
593 5.867727373278686e-07
594 4.869217514045193e-07
595 4.888720673132075e-07
596 5.72448683519768e-07
597 4.6738228883674767e-07
598 5.267287191399015e-07
599 4.934701952685588e-07
600 4.4231538596862447e-07
601 5.53929462894055e-07
602 5.276262467113283e-07
603 5.589186479167744e-07
604 4.835104947064016e-07
605 5.666103164670379e-07
606 5.248205639822981e-07
607 5.296439415106706e-07
608 5.798248957717522e-07
609 4.142434661602409e-07
610 5.34965051299068e-07
611 5.35526645140632e-07
612 5.806058964090067e-07
613 4.824124695887193e-07
614 4.804314000661482e-07
615 5.065848723058298e-07
616 5.518993261409955e-07
617 4.935223612344979e-07
618 5.918648404203418e-07
619 5.376795267214823e-07
620 4.246727151596463e-07
621 4.7610081788905667e-07
622 5.383751767075701e-07
623 5.911652052549413e-07
624 5.197284636616959e-07
625 5.836171625520293e-07
626 4.6117620201329804e-07
627 5.61495178399476e-07
628 4.497929746922131e-07
629 6.176566669066403e-07
630 4.74492711619883e-07
631 5.450713539497878e-07
632 4.901068767326775e-07
633 4.6154168346731677e-07
634 5.342218905705636e-07
635 5.969660730856468e-07
636 5.607257747118978e-07
637 5.258474483551363e-07
638 5.420263115379747e-07
639 5.73222240276374e-07
640 5.023713690230912e-07
641 4.45139893910211e-07
642 5.656633553005927e-07
643 4.918625432839164e-07
644 5.441181397157976e-07
645 5.291638806548351e-07
646 5.155506123783839e-07
647 5.818355085089765e-07
648 5.559037219381773e-07
649 5.94226916908825e-07
650 5.053867793620397e-07
651 5.752018690931518e-07
652 4.953983687578368e-07
653 5.271719550128293e-07
654 4.888053158504148e-07
655 4.405112502291475e-07
656 4.890651135771144e-07
657 4.972274659978881e-07
658 4.884864413750477e-07
659 5.289032141960903e-07
660 5.429237657812967e-07
661 4.902313015182406e-07
662 5.285960113282864e-07
663 5.931115083240054e-07
664 5.774502903026199e-07
665 4.811289392802793e-07
666 5.141159935731031e-07
667 5.877124519541662e-07
668 4.6341451053051457e-07
669 6.218886691694732e-07
670 5.258879654783729e-07
671 5.590377244628775e-07
672 4.853304760529808e-07
673 6.20888921112694e-07
674 5.12191905942786e-07
675 5.428329954973676e-07
676 5.429309561585479e-07
677 4.906647999030391e-07
678 5.284211307909889e-07
679 5.381553564754476e-07
680 5.914967355375664e-07
681 5.886149378355185e-07
682 4.6777223641119667e-07
683 5.066559067388193e-07
684 4.850443299558631e-07
685 5.405554083548627e-07
686 4.745772971666233e-07
687 5.028815803085314e-07
688 5.227953238988659e-07
689 5.851909855256928e-07
690 5.233605378432361e-07
691 5.758800578803179e-07
692 6.356123694833066e-07
693 6.435748891672473e-07
694 5.576559314994186e-07
695 5.374327418930627e-07
696 3.918887536440815e-07
697 5.527328670770123e-07
698 5.759262193313481e-07
699 4.585274595864968e-07
700 5.511902237406999e-07
701 5.385888998322592e-07
702 4.5730491696305056e-07
703 5.329738117573658e-07
704 5.046486865547002e-07
705 5.505133372128015e-07
706 4.709751430886992e-07
707 6.127701638735641e-07
708 5.488278113770976e-07
709 5.59395861498557e-07
710 4.870260369354695e-07
711 5.707416991138094e-07
712 4.956850395144685e-07
713 5.483756041207937e-07
714 5.648218166441471e-07
715 5.70883234893564e-07
716 5.067779969630428e-07
717 4.387183761507965e-07
718 5.314341295301757e-07
719 5.253473052018575e-07
720 4.6759856161846746e-07
721 6.038321572296117e-07
722 5.106403742459929e-07
723 5.080759707930469e-07
724 5.216070079632437e-07
725 5.458223449090874e-07
726 5.131201578913471e-07
727 5.263613157113271e-07
728 4.780211042662554e-07
729 4.683182333483688e-07
730 5.505585634865124e-07
731 5.19429285745096e-07
732 5.193359309023648e-07
733 5.714971744105843e-07
734 4.7680481777631675e-07
735 4.835534647658462e-07
736 5.497186047114498e-07
737 5.160011052242526e-07
738 5.652628251294287e-07
739 5.162064438238568e-07
740 5.635244853327016e-07
741 5.193733622397357e-07
742 4.784762577935197e-07
743 5.699866953954192e-07
744 6.338185695555666e-07
745 5.678059523329472e-07
746 4.754257206545876e-07
747 3.999073686539363e-07
748 4.992962333954098e-07
749 5.06312164824109e-07
750 5.347749138017293e-07
751 5.366241672260189e-07
752 5.762262870635992e-07
753 5.901535098488788e-07
754 5.422311592245553e-07
755 4.87953644101797e-07
756 4.76457867924003e-07
757 5.39079175124509e-07
758 4.869917066195238e-07
759 5.346804787179674e-07
760 4.902392027252984e-07
761 5.17643550008103e-07
762 4.3300107191044093e-07
763 5.390611931399553e-07
764 4.7639546230562374e-07
765 3.451096152454979e-07
766 4.5948240492784033e-07
767 5.538918571855384e-07
768 5.462032825140659e-07
769 5.440656917150023e-07
770 5.167706052629836e-07
771 4.857482171497579e-07
772 5.695704701705037e-07
773 5.402131189417832e-07
774 5.2805754644134e-07
775 5.868438369002194e-07
776 5.6334908599479e-07
777 5.179141555649418e-07
778 4.78586969810897e-07
779 5.745771135933458e-07
780 5.785741341502278e-07
781 6.14794618987357e-07
782 5.236963497774642e-07
783 5.330958567894887e-07
784 4.6618268326883254e-07
785 5.436593801068477e-07
786 6.044983402709923e-07
787 5.994517943319455e-07
788 5.445918609172186e-07
789 5.693857560223169e-07
790 5.59907413731069e-07
791 5.378099883642765e-07
792 4.912986485281912e-07
793 4.2680691553904317e-07
794 5.568851508190621e-07
795 5.698091725501575e-07
796 5.118836305438354e-07
797 5.263935413949812e-07
798 5.457230171537968e-07
799 5.901662814210635e-07
800 4.859911619872756e-07
801 4.5855642494973384e-07
802 5.67093044092697e-07
803 5.229041280056044e-07
804 4.761630816475585e-07
805 4.891294611689114e-07
806 4.521686438934285e-07
807 5.422782772979956e-07
808 5.509069050313351e-07
809 5.594087697537153e-07
810 4.717386751458213e-07
811 5.688959463076778e-07
812 4.708998373077645e-07
813 5.764710591069742e-07
814 5.350926120372422e-07
815 5.570370153644443e-07
816 5.374701788720691e-07
817 4.995566172689299e-07
818 5.049681099538176e-07
819 4.867692561698751e-07
820 5.449033908550358e-07
821 5.734179687668998e-07
822 5.451451113472577e-07
823 3.9183235668966863e-07
824 5.641712577056614e-07
825 4.5179695971227174e-07
826 5.189117466300392e-07
827 5.498534432583754e-07
828 4.6175278750491005e-07
829 5.288279675045057e-07
830 5.618597340461659e-07
831 4.2028023793779567e-07
832 4.6914443018081417e-07
833 4.362327154473169e-07
834 5.556367123011606e-07
835 4.641965281145774e-07
836 5.255607407661486e-07
837 5.194506749775957e-07
838 4.760775446365182e-07
839 5.722083892042144e-07
840 5.29271630002686e-07
841 5.318716059919023e-07
842 4.970061357196832e-07
843 5.566891848156338e-07
844 5.271412484309269e-07
845 5.391394657211689e-07
846 5.229123248273028e-07
847 5.883123422683613e-07
848 5.24321384109666e-07
849 4.777099764845097e-07
850 5.413471419855721e-07
851 5.447301964776768e-07
852 5.591044585235659e-07
853 5.832291938090363e-07
854 4.998674485799977e-07
855 5.581359584346367e-07
856 5.532862090545837e-07
857 5.161382739668241e-07
858 5.836850659224192e-07
859 5.122809626178402e-07
860 5.687325721385847e-07
861 5.086362731304837e-07
862 5.435880092884748e-07
863 6.366749811337291e-07
864 5.70984796922074e-07
865 5.657051453298888e-07
866 4.851773717363775e-07
867 6.093649424084337e-07
868 4.878506487708873e-07
869 5.679944001229677e-07
870 5.867884859073332e-07
871 5.327699435745688e-07
872 4.66587632042691e-07
873 5.219577803801754e-07
874 5.195565454748344e-07
875 4.884617557815367e-07
876 5.310547553654253e-07
877 5.393661605145738e-07
878 5.583749956332944e-07
879 5.086879435399324e-07
880 5.672880854617772e-07
881 5.367764370649263e-07
882 5.819246572567205e-07
883 5.412618381941361e-07
884 4.5428110868210135e-07
885 4.0214489141759183e-07
886 4.5529946339109064e-07
887 6.135578352653713e-07
888 5.452889322156464e-07
889 4.6804443064611e-07
890 5.309246620310956e-07
891 4.237112094453352e-07
892 5.48213003918398e-07
893 5.924304153994453e-07
894 4.917973356750867e-07
895 5.247183410035951e-07
896 5.298745683218276e-07
897 4.92617307348638e-07
898 5.333904307517826e-07
899 6.142521554193786e-07
900 4.575243743468933e-07
901 5.818924934845433e-07
902 5.417068468322159e-07
903 5.010287005949005e-07
904 5.36128962894617e-07
905 5.717412519037973e-07
906 5.447100704114656e-07
907 5.521852229266812e-07
908 5.429957947989205e-07
909 5.347504357096578e-07
910 4.533362414024331e-07
911 5.719753445849809e-07
912 5.531164779718978e-07
913 5.098128779611103e-07
914 5.348689063537481e-07
915 5.309913163827456e-07
916 5.075410206524526e-07
917 6.086817599867235e-07
918 4.840968013995988e-07
919 5.049081931554426e-07
920 4.924228756377098e-07
921 5.029558898272094e-07
922 5.28541055573172e-07
923 6.28670075352859e-07
924 4.870261985883712e-07
925 5.443253591369184e-07
926 5.069693424182808e-07
927 4.996267906122629e-07
928 5.609300774687843e-07
929 5.475376660825132e-07
930 5.842836071724932e-07
931 5.675698702526694e-07
932 5.389917015115331e-07
933 5.998493819544913e-07
934 4.966034817902522e-07
935 5.356114898237674e-07
936 4.973150380556531e-07
937 4.6300319698686216e-07
938 5.31027622352321e-07
939 5.29555292151158e-07
940 4.823901798965048e-07
941 5.51137618037941e-07
942 5.717564495092951e-07
943 4.950409097318925e-07
944 5.14650633244434e-07
945 5.522384721345269e-07
946 5.484436100008429e-07
947 5.215288421371864e-07
948 5.207620064524482e-07
949 5.388539930360999e-07
950 5.608482563433412e-07
951 5.303947915033233e-07
952 5.022494459570482e-07
953 5.300155686958515e-07
954 5.901745920849653e-07
955 4.27097564940096e-07
956 5.333257592789172e-07
957 5.160246322910328e-07
958 5.058569577202195e-07
959 5.098916868661198e-07
960 6.225889904311898e-07
961 5.373690967305282e-07
962 5.619474717935592e-07
963 5.874808078618491e-07
964 4.952271958648278e-07
965 4.5656661988446893e-07
966 5.97577258926284e-07
967 5.2588347529664e-07
968 5.436407304486829e-07
969 5.41186424849771e-07
970 4.6548717963149663e-07
971 4.676646647414216e-07
972 6.06548000416707e-07
973 4.202751562083265e-07
974 6.402016987341969e-07
975 5.405093539132471e-07
976 5.271433833635676e-07
977 5.727565273070904e-07
978 4.234473594270129e-07
979 4.7098030164372586e-07
980 5.168469427995169e-07
981 4.3766371726727135e-07
982 5.742697578913481e-07
983 4.873738808920893e-07
984 5.553340700810037e-07
985 5.514877549459212e-07
986 5.421990064972867e-07
987 5.070012131114322e-07
988 5.304110452187981e-07
989 5.550626909587042e-07
990 5.4811198755376e-07
991 5.978341998327449e-07
992 5.650199084074e-07
993 5.475479493220668e-07
994 5.169124358642102e-07
995 4.983233862700437e-07
996 4.4870334376426453e-07
997 6.09637886743456e-07
998 4.91106487573061e-07
999 6.50296253533843e-07
