0 6.364659242482085e-08
1 6.270539976011333e-08
2 5.530690081458418e-08
3 -2.6989212626717692e-09
4 9.016115731444515e-08
5 6.325883436563726e-08
6 8.763573309704641e-08
7 1.3416999526599706e-07
8 8.312199299108065e-08
9 4.199019599474422e-08
10 8.523443508028578e-08
11 6.834508467473885e-10
12 5.0145310413970395e-08
13 2.3390068556804918e-08
14 4.969162709683071e-08
15 2.6597564790325085e-08
16 3.883840500791116e-08
17 1.1387807609816463e-07
18 5.257318559816575e-08
19 4.039106974111822e-08
20 4.9530715096063734e-08
21 4.823313768833767e-08
22 5.843850482580218e-08
23 7.444190516089415e-08
24 -1.4724381099021107e-08
25 -4.909532767079298e-09
26 2.428803526763504e-08
27 5.071093591812904e-08
28 4.6847558406197735e-08
29 5.078406904596841e-08
30 1.0684626566430116e-07
31 1.5092497205829393e-08
32 9.049312790646806e-08
33 6.904750107396261e-08
34 5.870885882427028e-08
35 2.244144179331603e-08
36 9.97374425017279e-08
37 -3.229052128952764e-09
38 7.530287956544692e-08
39 -1.0992268947033294e-08
40 2.3565210965686025e-10
41 6.040253103260458e-08
42 4.6346438012394955e-08
43 1.376853544823325e-08
44 5.9550564153250225e-08
45 1.625343514988423e-08
46 -1.7041548515899366e-08
47 6.717422649622556e-08
48 3.5039146007722155e-08
49 2.8002538813142776e-08
50 -3.19260954724194e-08
51 8.363106556206733e-08
52 1.7849652874393643e-08
53 1.9196892558702328e-08
54 2.9709497723342888e-08
55 5.326940993957688e-08
56 2.292959077712479e-08
57 4.141268244251864e-08
58 8.67910175943311e-08
59 5.911869905727941e-08
60 4.66346403145357e-08
61 4.728568937517692e-08
62 1.3802052514883468e-08
63 6.338174675623636e-08
64 1.4242417098895269e-08
65 5.850695895177205e-08
66 1.0333659959892364e-08
67 1.4692002461677057e-08
68 6.970929418580811e-08
69 -9.030606184807053e-09
70 2.6096579946498584e-08
71 8.913055712326937e-08
72 5.9413494846082414e-08
73 4.832586743381153e-08
74 8.800398160062265e-08
75 2.8966425716243142e-08
76 7.31499730578561e-08
77 7.745452447434029e-08
78 3.454296175402222e-08
79 7.198002896987208e-08
80 5.749615310516357e-09
81 1.2639674822653505e-07
82 8.375764342618445e-08
83 6.283943666976526e-08
84 4.593038584589731e-08
85 -1.301949147673855e-10
86 1.248587620852802e-08
87 5.7223099847149173e-08
88 6.2741697680239e-08
89 1.8641802276161797e-08
90 2.755038417628913e-08
91 7.193481869171588e-08
92 6.609774655570252e-08
93 4.304455713427894e-08
94 1.3649765287841644e-08
95 3.387311992345679e-08
96 2.2174197327130295e-08
97 2.7069563206448674e-08
98 6.709307812666011e-09
99 -2.2514598783007147e-08
100 7.479587755640573e-08
101 3.953115652449959e-08
102 2.9157089740681574e-08
103 1.900527758318565e-08
104 6.199187099660521e-08
105 5.976272153805072e-08
106 5.144627503586991e-08
107 -1.972101639373223e-09
108 8.297782158365749e-08
109 5.969376199217477e-08
110 4.832014445219936e-09
111 2.8483334167015563e-08
112 5.330579032442381e-08
113 7.688878036517989e-08
114 1.3419556736901923e-08
115 2.319808944533459e-08
116 7.843594529618494e-09
117 5.062747683467282e-08
118 7.429470023774571e-08
119 2.883338617900278e-08
120 1.1105741463993421e-08
121 7.530113415695374e-08
122 5.726394031186566e-08
123 -1.2065611612446854e-10
124 -2.1785147109661915e-08
125 3.709026847291572e-08
126 9.094225730396339e-08
127 4.812731740854754e-08
128 6.96134677067875e-08
129 6.810163050654024e-08
130 6.124128882293683e-08
131 6.378620459502196e-08
132 8.824850272957644e-08
133 5.414848463697006e-08
134 -3.2069565541529225e-10
135 5.4088233737839004e-08
136 1.743352552629823e-08
137 -2.772902524756542e-08
138 -1.2350910582657042e-08
139 3.048073795029712e-08
140 3.675678494378309e-08
141 1.989092025910955e-08
142 6.638048334797083e-08
143 3.7520956575089137e-08
144 3.768468397164238e-08
145 6.470522869064613e-08
146 6.347872549342323e-08
147 -6.384819963617704e-08
148 -3.525238321081973e-09
149 -1.5506857368799742e-08
150 2.7393579223480238e-08
151 1.1645912661855047e-08
152 3.435654176782297e-08
153 4.1854242122430615e-08
154 4.380994665478933e-08
155 4.822261784907545e-08
156 5.938212659976836e-08
157 1.548563069760728e-08
158 -1.6225537110710125e-08
159 4.1056492843583874e-08
160 6.589416123786275e-09
161 5.0128755319292983e-08
162 -2.5236744740167304e-08
163 5.30905256276759e-08
164 4.424854758491611e-08
165 2.3904385893135012e-08
166 6.338693539130193e-08
167 6.523045512886073e-08
168 4.437533262508516e-08
169 -2.1466968966503655e-08
170 -1.8217362722984149e-09
171 8.23186078057869e-08
172 3.547415092204977e-08
173 1.8096404890871186e-08
174 3.089260995849294e-08
175 2.1330086921086772e-08
176 8.252748409083876e-08
177 7.343760559009509e-09
178 1.750243647836544e-08
179 6.312695242419774e-08
180 6.560312766698616e-08
181 8.257601392087894e-08
182 1.9420596300950607e-08
183 7.879297839174736e-08
184 1.0303317245948265e-07
185 3.6254657930686863e-08
186 6.24502340278503e-08
187 1.2847938123871674e-08
188 7.009610068818171e-08
189 1.0864811654085502e-08
190 -1.7772892122968932e-09
191 6.883879460489644e-08
192 3.533490519843883e-08
193 7.825069036541203e-08
194 8.2136705961608e-08
195 7.171136605782027e-08
196 6.109683933525293e-08
197 1.9300849737204505e-08
198 5.156660296395219e-08
199 9.90912808942106e-08
200 2.2881720928475644e-08
201 4.018818349600829e-08
202 4.082836329709434e-08
203 -7.558188286215813e-08
204 1.6064646827168802e-08
205 4.178994226764502e-08
206 1.2739356232773093e-08
207 4.04922327610539e-08
208 -1.5217024930343995e-08
209 2.6284680203162186e-08
210 3.250573904826518e-08
211 5.739646559503032e-08
212 2.7003037680807776e-08
213 5.685004918247409e-08
214 7.785741667358706e-08
215 3.2367898854117845e-08
216 3.4740121121737475e-08
217 5.65200525891794e-08
218 6.446087292196701e-08
219 3.718040222091751e-08
220 8.322027295956094e-08
221 3.776931870084297e-08
222 1.803069623168607e-08
223 2.9472473781909715e-08
224 2.2785427501188802e-09
225 7.803976717270833e-08
226 4.753308432800309e-08
227 7.884862679446138e-08
228 9.345107062356225e-08
229 9.22337315318219e-08
230 4.8090398139517864e-08
231 7.849566721729729e-09
232 5.0136613677445027e-08
233 6.809673582938963e-08
234 4.9980225065349396e-08
235 5.620470673622818e-08
236 4.3912737166554024e-08
237 7.238823630360797e-08
238 8.069189131003675e-08
239 7.506418571141118e-08
240 2.4492857981179018e-08
241 3.598160018650718e-08
242 -2.756906661861646e-08
243 5.8060457364432486e-08
244 1.229541045983191e-09
245 9.066925598363729e-08
246 -2.422473084330799e-08
247 5.862335985886863e-08
248 1.8268110888296045e-08
249 4.8346480440764456e-08
250 6.449439765136356e-08
251 3.06740381375105e-08
252 8.717352333401341e-08
253 1.581805408467489e-08
254 7.425472284439587e-08
255 -2.2572936372339612e-08
256 3.680874397058474e-08
257 7.743228086611456e-08
258 2.6153368582919843e-08
259 -9.523049011579082e-09
260 8.796442370024192e-08
261 5.609635223547329e-08
262 4.508988629958964e-08
263 1.481580700643214e-08
264 -4.679795741743494e-09
265 4.842263365133667e-10
266 4.43518221620269e-08
267 3.441533148173686e-08
268 2.7838493728715354e-08
269 6.023801034950822e-08
270 5.525712415039619e-08
271 7.719696315668902e-09
272 -2.6922283678294004e-08
273 -1.1642674630314997e-08
274 9.881527328477417e-08
275 7.773373463483195e-08
276 5.588453051646279e-08
277 7.433103568060724e-08
278 -5.993347399553929e-10
279 7.271941973225292e-08
280 4.7771053323478605e-08
281 2.6085453698225975e-08
282 1.5153343169584606e-08
283 8.633346406074025e-08
284 1.9214157123887932e-08
285 3.831345345058463e-08
286 1.3356271389975935e-07
287 3.051507474441046e-08
288 4.6769397346339336e-08
289 1.0330955611503421e-08
290 6.735409598254416e-08
291 9.177266069083442e-08
292 6.362991804209854e-08
293 5.299940510299001e-08
294 3.058534320021595e-08
295 4.396664193275858e-08
296 4.662606156889975e-08
297 6.232318888505605e-10
298 9.055291070820653e-08
299 1.0032699991441092e-07
300 6.643261939744425e-08
301 -1.9082391540870206e-08
302 9.304076534485324e-08
303 4.715017211284006e-08
304 -2.4933300844628408e-08
305 3.5068650128980862e-09
306 7.372233271337511e-08
307 6.017850736188445e-08
308 8.475841653600859e-09
309 5.99876939106167e-08
310 5.2408327958444624e-08
311 6.863715351988873e-08
312 1.2790119801008395e-08
313 6.232559819743984e-08
314 1.6585974218071056e-08
315 -2.0742838066335373e-08
316 2.586846514567229e-09
317 4.4292008660585034e-08
318 5.875438708783739e-08
319 3.207549948422844e-08
320 1.93721622426418e-08
321 -2.2094889851349733e-08
322 3.6556939223310725e-08
323 1.938924135293822e-08
324 6.767973357656539e-08
325 4.603555714322302e-08
326 5.9184322062333015e-08
327 2.0666814701785467e-08
328 3.611659112060272e-08
329 2.9179491150423255e-08
330 6.406047773354693e-08
331 3.573042774402794e-08
332 3.9270239454790035e-08
333 2.9235592426376388e-08
334 -2.9485271214613018e-09
335 5.604323245812636e-08
336 5.893339229467242e-08
337 9.984953752172265e-08
338 1.702028094987505e-08
339 8.969706568267399e-09
340 -2.4538034530760438e-09
341 5.994938312934837e-08
342 1.681875264693307e-08
343 6.369113278896874e-09
344 6.416663250978914e-08
345 -9.340033821164411e-10
346 3.238116544784569e-08
347 2.509265571857272e-08
348 3.847179860103504e-08
349 3.651051549072575e-08
350 9.03504036175935e-09
351 6.626077398123911e-08
352 7.284023100719642e-08
353 1.4171172963388785e-08
354 4.746705363010568e-08
355 6.510430407702038e-08
356 1.9903942252542472e-08
357 1.5970407384037731e-09
358 4.5286930856515684e-08
359 9.69754754595128e-09
360 -9.413983458694798e-09
361 7.42261193794684e-08
362 5.0382100448072746e-08
363 1.0760734601147837e-07
364 3.76785379228121e-08
365 8.911274473028107e-08
366 2.72418754993625e-08
367 3.2796795229085034e-08
368 5.1855069889805116e-08
369 3.06909889184157e-08
370 5.319964606265131e-08
371 4.833986265818218e-08
372 9.86251231010017e-08
373 9.069026312521108e-09
374 -8.568847386000666e-09
375 9.586102437185589e-08
376 8.517116703391357e-08
377 3.152435612885259e-08
378 -3.3814640329811932e-09
379 6.350202789175114e-08
380 8.291217829906557e-09
381 4.6916398919121085e-08
382 3.9003891824248414e-08
383 5.6323359990140904e-08
384 3.5753793643846804e-08
385 2.656245035880311e-08
386 4.046421081914966e-08
387 3.015412693989715e-09
388 8.288927779996235e-08
389 2.5080703412938017e-08
390 2.304844144563599e-08
391 4.722853271451745e-08
392 1.070410199922933e-08
393 1.0276383008739583e-07
394 3.175938759381498e-08
395 4.307220474977344e-08
396 3.509751805001064e-08
397 5.5541577080109805e-08
398 6.077642553978642e-08
399 6.350408605842337e-09
400 2.8486883882152337e-08
401 1.4009221063778147e-08
402 -6.127921947943699e-09
403 2.8371453366060692e-08
404 3.812793652273281e-08
405 6.674774349902493e-08
406 5.3184545728244405e-08
407 6.506660175215441e-08
408 3.067089877754401e-08
409 1.4537286030453026e-08
410 5.833740185529626e-08
411 1.3321991082006189e-08
412 5.9425687579906425e-08
413 4.6827640238019274e-08
414 6.519489610705393e-08
415 4.1950760313268114e-08
416 2.9760784810413623e-08
417 -2.2944295220545586e-08
418 9.31867908256984e-08
419 7.117412245093131e-08
420 8.040879747673051e-09
421 4.4334646605506624e-08
422 1.8395819085770143e-08
423 5.9357090922366564e-08
424 2.758732444361295e-08
425 1.1872286141167356e-07
426 1.5388134931448864e-08
427 2.1867402260759443e-08
428 7.065974359655663e-08
429 1.209855250821378e-09
430 2.432561674459122e-08
431 6.163680422775168e-08
432 6.214040509950448e-09
433 1.6193659504670548e-08
434 3.754496502034057e-08
435 4.560386821540754e-08
436 5.453782027912146e-08
437 4.36679264910501e-08
438 2.041905601859624e-08
439 2.1826332845640153e-08
440 7.893874526057779e-08
441 2.494454439150784e-08
442 2.8063230886524967e-08
443 4.772016454470606e-08
444 4.171808908195957e-08
445 3.7191724198838434e-08
446 3.5346281367278917e-09
447 7.300223895450202e-08
448 2.4112486863023944e-08
449 1.29368332837614e-08
450 3.9360862910384943e-08
451 1.5084147499083362e-08
452 3.78896259147846e-08
453 1.3041464876106281e-08
454 3.0066026830172056e-08
455 2.0017102748220035e-08
456 2.9248247954961056e-08
457 6.619681016344894e-08
458 4.3450608801729725e-08
459 -9.01137285707285e-10
460 6.467560823665494e-08
461 -4.429271461373254e-09
462 8.772178453852955e-08
463 6.125577800011749e-08
464 4.477731367171081e-08
465 2.5975211094210304e-08
466 7.301846232442366e-08
467 6.938847299854188e-08
468 5.594523028320851e-08
469 8.131733522644467e-08
470 8.898902044923243e-08
471 2.1020172822979274e-08
472 2.965627940238926e-08
473 5.0910077914256214e-08
474 6.934584740513684e-08
475 3.7333432265795795e-08
476 8.327326397933813e-08
477 2.6612286548516807e-08
478 4.4491473206860394e-08
479 4.113287862886602e-08
480 -2.4288158697964095e-08
481 -1.729915670607652e-08
482 8.721521644790605e-08
483 6.247056168771206e-08
484 3.255089620225384e-08
485 7.737070989098361e-08
486 6.134126513798058e-08
487 -6.726835926220923e-09
488 2.0704774154683105e-08
489 6.809669262581879e-08
490 3.048500010564093e-08
491 3.441901571464322e-08
492 7.95585297247776e-08
493 1.8086470617136924e-08
494 4.9548731524911525e-08
495 4.1675087586899526e-08
496 2.0525256711104798e-08
497 1.7506450402813816e-08
498 2.3490874658604e-08
499 4.778144940522955e-08
500 2.867782891919196e-08
501 -1.8346301997794533e-08
502 1.4813256793943353e-08
503 2.1215395864586605e-08
504 -6.079130581806807e-09
505 2.6250927187659944e-10
506 2.6520248202852845e-08
507 4.0553949114534916e-08
508 4.78476085885456e-08
509 -2.342091870041818e-08
510 1.1228417484242984e-07
511 7.682681621068987e-08
512 4.6704354499811265e-08
513 8.153706548030729e-08
514 8.504770321944032e-09
515 5.857457522213098e-08
516 5.660123595683971e-08
517 6.444128702407533e-08
518 2.3097837018166796e-08
519 2.9231016220901306e-08
520 3.9470325039943734e-08
521 4.562302244746717e-08
522 2.5118874773406803e-08
523 7.092479146851408e-08
524 2.2947604466869216e-08
525 3.0962884121082156e-08
526 1.2236485658893492e-08
527 3.4435200973949096e-08
528 1.593037797747439e-08
529 1.1588923502671746e-08
530 -3.4154673056465005e-08
531 2.7270817178141724e-08
532 1.6306129991088597e-08
533 -2.785478372405004e-08
534 3.659682120384836e-08
535 -3.065578391543134e-08
536 -9.68455749802867e-09
537 3.19401308368317e-08
538 -2.7877709760188252e-09
539 5.323392162185343e-08
540 4.9298112618905355e-09
541 6.41049680612375e-08
542 7.676408690131915e-08
543 6.78377080243718e-08
544 6.101913123974093e-08
545 9.381009995921392e-08
546 6.70696205808269e-08
547 4.398060530529201e-08
548 4.880713472053113e-08
549 1.8953774224831644e-08
550 6.895922109296328e-08
551 2.8225665660400963e-08
552 5.9312046277393996e-08
553 1.2857295634984183e-08
554 4.901297154825071e-08
555 7.762971949831479e-08
556 1.7589090889009814e-08
557 6.935225131934894e-08
558 8.422094069149018e-09
559 1.7561074606511005e-08
560 6.420102452924719e-08
561 4.216280190046937e-08
562 7.325914029505293e-08
563 5.405179055016797e-08
564 5.25307269543624e-08
565 7.1141107452419e-08
566 -3.386807876603791e-09
567 5.25382838279718e-08
568 7.606382854497145e-08
569 7.262073906451723e-08
570 5.764358751569714e-08
571 8.184486516381954e-08
572 5.733894408930273e-08
573 7.793105407825946e-08
574 2.677950500393817e-08
575 6.986466286606656e-08
576 5.151580023882261e-08
577 1.8214158591225398e-08
578 8.114053633347055e-09
579 8.022787823163137e-08
580 3.171680811780576e-08
581 -2.1782615568716847e-08
582 4.777815917609545e-08
583 2.4259524874946982e-09
584 1.0530107083106562e-09
585 -9.05021805167862e-09
586 3.8118487866795725e-08
587 7.280815787181201e-08
588 6.246658050018911e-08
589 -2.339544415870582e-08
590 2.114350576532085e-08
591 6.1635436928018635e-09
592 4.1041874907832844e-08
593 -4.798675271017859e-09
594 6.436131148133809e-08
595 6.807875468522762e-08
596 5.5046217954059395e-09
597 8.122768202510521e-08
598 6.41688397599332e-08
599 4.2305498442857644e-08
600 6.728053493149794e-08
601 5.282307883967759e-09
602 6.258989395764277e-08
603 4.458972314955078e-08
604 8.518649347515296e-08
605 4.262696898509026e-09
606 2.0503935898887866e-08
607 5.7651390510863983e-08
608 4.338175100282039e-08
609 9.644381772280065e-08
610 3.988031403372999e-08
611 2.432258197565118e-08
612 -5.00739544889264e-09
613 6.1350655642302e-08
614 6.968402976802413e-08
615 4.5968853624434134e-08
616 3.031093299291947e-08
617 6.735664776091094e-08
618 -1.4459625986083594e-08
619 3.8525228450983445e-08
620 7.409605807852042e-08
621 6.857155013595797e-08
622 4.82881962378431e-08
623 2.5627319117960096e-09
624 6.110835977132148e-08
625 1.2752048037192506e-08
626 9.423825636321648e-08
627 -1.6964792443174937e-08
628 7.950224774821079e-08
629 1.2785579707066923e-08
630 6.117445912586579e-08
631 1.1355332588757074e-08
632 1.8154319876239226e-08
633 7.83077423320768e-08
634 4.050155607846595e-08
635 -1.432700987732225e-08
636 1.0326438305631398e-08
637 4.030514124162879e-08
638 5.575293897653203e-08
639 2.7259924240088762e-08
640 4.920293880254929e-08
641 9.43100569741564e-08
642 5.235586525932557e-08
643 4.058451043956218e-08
644 6.406243980100277e-08
645 5.0769073264456964e-08
646 3.5767715802177164e-08
647 9.566124638565181e-09
648 3.558574901602885e-08
649 -2.240206317105179e-08
650 5.889776666090941e-08
651 2.4158625873897303e-08
652 5.349512962475376e-08
653 6.317398494579044e-08
654 7.01355736443134e-08
655 8.998250461958097e-08
656 6.54150515255689e-08
657 4.8648026571979586e-08
658 4.217643405944457e-08
659 1.9347099734973863e-08
660 4.066392092265095e-08
661 4.0835005892661096e-08
662 2.1266731978161732e-08
663 9.241401864535656e-09
664 4.139968029994162e-09
665 8.578726924056016e-08
666 4.83371759948567e-08
667 2.316884552052259e-08
668 1.0389283600630206e-07
669 -1.1303131399239428e-08
670 4.6112920274881916e-08
671 4.932771213566897e-08
672 7.404645527347188e-08
673 3.246492438122174e-09
674 9.337781303552538e-08
675 -1.0040707288953196e-08
676 -8.4251150693804e-09
677 8.620156685765855e-08
678 4.186694849176661e-08
679 4.651404560620502e-08
680 3.407227824925286e-08
681 5.628788656500474e-09
682 8.785237337957943e-08
683 6.349643751648236e-08
684 5.765262635405545e-08
685 5.050305570760586e-08
686 7.258993005008596e-08
687 8.379758786807365e-08
688 4.255021243777912e-08
689 -2.5622264482902967e-08
690 4.533470310148842e-08
691 5.026007153848254e-08
692 -1.9572513479815332e-08
693 -3.126127215896292e-08
694 3.175421615410888e-08
695 -3.2582756806169798e-09
696 1.232795300934173e-07
697 7.110285574897709e-08
698 4.07027516618199e-08
699 7.10633293254203e-08
700 5.097110433924056e-08
701 4.907517645525936e-08
702 1.0916140345562285e-07
703 3.98234003803632e-08
704 6.680847117482604e-08
705 1.2255710056658988e-08
706 9.016986819651529e-08
707 -1.59260995164853e-08
708 5.7291484320525257e-08
709 1.2400850134515861e-08
710 9.742099875497397e-08
711 2.4794376120237807e-08
712 8.408248882291558e-08
713 3.454467538861537e-08
714 -1.449362763841561e-08
715 4.02771788066668e-08
716 7.237007798251565e-08
717 9.270909154706263e-08
718 4.7523185061183695e-08
719 4.462799034671052e-08
720 7.743591683457887e-08
721 -2.6616039555193755e-08
722 5.828756495392982e-08
723 7.543169818313777e-08
724 2.450038942282551e-08
725 3.428619174040858e-08
726 3.583948702413924e-08
727 5.1457287648363074e-08
728 6.455215817087964e-08
729 9.51988103738925e-08
730 7.522842111214372e-08
731 2.3721431351646495e-08
732 3.4450514999305164e-08
733 3.340700524404989e-08
734 9.361875646103425e-08
735 1.1832279649220647e-07
736 3.361179570040433e-08
737 6.821021575952493e-08
738 -1.3436492640956652e-08
739 9.895639705105179e-08
740 4.006662881791181e-08
741 3.635816894474429e-08
742 9.070941938569266e-08
743 1.4896522320119225e-08
744 -2.343902771344324e-08
745 1.6201040343791923e-08
746 5.645962923358631e-08
747 1.4343556448768162e-07
748 9.60084480882868e-08
749 3.120186914084939e-08
750 1.6087385189557507e-08
751 2.687134281721429e-08
752 2.5241789648417374e-08
753 1.4908911670614274e-08
754 2.093471535140543e-08
755 9.054216572602154e-08
756 5.984730393857043e-08
757 2.6759758568247983e-08
758 9.034301065775043e-08
759 2.3050590835905116e-08
760 7.351376963261797e-08
761 5.670506036707336e-08
762 1.1742651110058487e-07
763 6.853668496686734e-09
764 7.73853425138468e-08
765 1.4882010576930488e-07
766 6.955537150861786e-08
767 4.732668884156585e-08
768 2.1797558923198616e-08
769 2.6257393943839666e-08
770 1.9960801092367744e-08
771 5.1109790501777605e-08
772 1.7056146797685996e-08
773 6.085059674683718e-08
774 5.271490676065036e-08
775 2.7786428112870554e-08
776 2.0340364472373006e-08
777 3.957092339269593e-08
778 6.651168445505233e-08
779 1.994583278744292e-08
780 1.0079813942960434e-08
781 3.108663687054755e-09
782 8.97968031668525e-09
783 1.8920610761798443e-08
784 5.3163766045858506e-08
785 3.0064588303865016e-08
786 3.421976401029904e-08
787 2.801973306910528e-09
788 2.7518507689809012e-08
789 4.955985452846269e-10
790 2.0509929583743503e-08
791 3.828067700521801e-08
792 8.376076347496342e-08
793 1.2296393695608213e-07
794 1.0661345054253578e-08
795 -1.2297771631232249e-08
796 4.070238273392536e-08
797 4.9300177276816374e-08
798 3.7670910736106245e-08
799 2.8775430836752637e-08
800 4.6841895807319384e-08
801 5.2527391735135984e-08
802 7.551334539286533e-09
803 8.793553903336685e-08
804 6.292488655473429e-08
805 6.835822068893705e-08
806 1.0602981693199243e-07
807 2.203322781343475e-08
808 6.20426599712894e-08
809 1.7672238479411547e-08
810 6.377353423170201e-08
811 -1.5499331310858235e-08
812 6.579653010726093e-08
813 -1.413344544669473e-08
814 3.327709952648396e-08
815 -2.9949999802904455e-09
816 2.2809640025069437e-08
817 5.09107376550059e-08
818 2.22867994253333e-08
819 4.60674215198535e-08
820 2.5156907069154058e-08
821 1.987591317624789e-08
822 4.965628455538772e-08
823 1.347706210734766e-07
824 1.0248000399378149e-08
825 8.601069856845431e-08
826 3.9378270943029054e-08
827 2.6463176747214747e-08
828 6.425292449716165e-08
829 2.150363065312072e-08
830 2.7383304340125874e-08
831 1.213119209199077e-07
832 6.067600966470492e-08
833 1.251072016616351e-07
834 2.7895066066078917e-08
835 9.272138515820015e-08
836 2.8759227951543538e-08
837 5.6984712017190293e-08
838 7.106858454331217e-08
839 5.4432115165278694e-08
840 3.309794824093618e-08
841 3.2638288554018075e-08
842 5.897793003367867e-08
843 3.549858454410338e-08
844 5.771956732153808e-08
845 5.162643244473234e-08
846 5.0684495057570243e-08
847 -7.69876172628973e-09
848 2.146975069546974e-08
849 4.0985324527510054e-08
850 4.12630650137229e-08
851 1.716417251100106e-08
852 3.864177256279856e-08
853 2.1650527745557958e-08
854 6.96532492383427e-08
855 2.0696940593711668e-08
856 3.421982963932761e-08
857 2.3782712508447183e-08
858 1.8041512121708216e-08
859 4.21267094938243e-08
860 -8.496336626774057e-09
861 5.7649264922294326e-08
862 4.21638388396056e-08
863 -1.6167875442171596e-08
864 1.0767679851189605e-08
865 1.3591846193605304e-08
866 7.221979787115488e-08
867 1.609217792230558e-08
868 7.876588553969241e-08
869 1.567183868271092e-08
870 1.411057196295923e-08
871 2.9267863721444524e-08
872 8.334838157439462e-08
873 3.984534695122463e-08
874 4.5007856234267465e-08
875 3.470590691883939e-08
876 2.6855664232161713e-08
877 6.47137580120883e-08
878 1.980493790393843e-08
879 6.499019212266559e-08
880 4.2678311482187154e-08
881 2.7125092971507403e-08
882 1.749124196151657e-08
883 1.2563827836874576e-08
884 5.5701859503297696e-08
885 1.1537783465800693e-07
886 5.989664240915105e-08
887 -1.4848520883823293e-08
888 1.4804957079905125e-08
889 6.411794662139443e-08
890 1.774916194812934e-08
891 6.113862837601651e-08
892 2.9699825898709235e-08
893 1.9656231264848163e-08
894 6.323063642991797e-08
895 7.208083465538248e-09
896 5.4928097325874296e-08
897 2.898269335574108e-08
898 1.9006384705370252e-08
899 9.204167965851764e-09
900 6.1722111564198e-08
901 -1.6444286153988102e-08
902 4.011205652567375e-08
903 7.105803582367422e-08
904 3.4855167421504976e-08
905 3.040043641862307e-08
906 4.268256030430489e-08
907 5.4869604189385834e-08
908 3.5674508559704226e-08
909 5.534700263893064e-08
910 6.849537522427597e-08
911 3.482913456572658e-09
912 2.4487825095789184e-08
913 4.52224104824638e-08
914 3.0588387965414335e-08
915 3.087235888846628e-08
916 8.051433035904822e-08
917 -4.226709062591402e-09
918 8.990643900747126e-08
919 2.7159740739558372e-08
920 6.50145885745006e-08
921 3.234168708020772e-08
922 5.9046283123033215e-08
923 -3.0660150971178165e-08
924 6.077997060123442e-08
925 1.6613538580275962e-08
926 6.998496952958864e-08
927 5.524065474397329e-08
928 2.596679018808566e-09
929 7.800271624855843e-08
930 1.915920722345549e-08
931 -3.0482790220081442e-09
932 2.3234880821620047e-08
933 1.8422717382845093e-08
934 7.509334760387173e-08
935 3.855690173844433e-08
936 1.1746989785215599e-07
937 5.80913396691871e-08
938 4.0457938106069487e-08
939 5.8463684365532593e-08
940 4.491697977342727e-08
941 2.0086197610920255e-08
942 7.442319754182647e-08
943 7.697802086456506e-08
944 2.7801100415949585e-08
945 2.0365357618999722e-08
946 3.11271029527643e-08
947 1.8050465936595983e-08
948 3.302712529347802e-08
949 4.346557089655367e-08
950 3.308735816366103e-08
951 4.520920268825603e-08
952 7.021917464521942e-08
953 4.084398237073242e-08
954 2.3265156715837437e-08
955 8.357310437898306e-08
956 2.9702318823003283e-08
957 7.370443274635214e-08
958 6.948045638088395e-08
959 1.743258439487286e-08
960 -1.3981389441316136e-08
961 4.483977687899308e-08
962 8.570571157242117e-08
963 1.3392656217612845e-08
964 2.904666459229529e-08
965 7.207866279848091e-08
966 5.734355420249578e-09
967 4.7711945410897955e-08
968 3.1737524230907306e-08
969 3.472828333473081e-08
970 9.761509670370132e-08
971 6.244148129333326e-08
972 1.3473981437969902e-08
973 9.884656864679161e-08
974 -1.8860229519488223e-08
975 2.6984483997729602e-08
976 1.5131478756133215e-08
977 1.723838744133566e-08
978 1.2261519355496426e-07
979 8.321170433518661e-08
980 5.1599071157896236e-08
981 7.847109010705067e-08
982 -3.1240516431870244e-09
983 7.468613746831129e-08
984 2.7052639735412125e-08
985 4.188469846173859e-08
986 1.5283011565105282e-08
987 6.095040233319866e-08
988 5.066074823468316e-08
989 3.20806395812524e-08
990 1.8268385119972816e-08
991 2.935459561824612e-08
992 1.8318854394606415e-08
993 2.6670121735207005e-08
994 1.170776029000714e-08
995 3.571730291013005e-08
996 7.503615074799148e-08
997 -1.0730453157764935e-08
998 9.36813196293859e-08
999 -1.3815928488540903e-08
