0 1.574990557045179e-07
1 1.5759880017225677e-07
2 1.5439801141395926e-07
3 1.563440867082354e-07
4 1.6306001010518835e-07
5 1.5621242742789358e-07
6 1.5761188419759346e-07
7 1.5612370629113e-07
8 1.5360102763980466e-07
9 1.573758494221052e-07
10 1.598622109083747e-07
11 1.6390727128413065e-07
12 1.5309739767746558e-07
13 1.6331078671052627e-07
14 1.5134928907962872e-07
15 1.611331384220835e-07
16 1.5834020278953274e-07
17 1.5935420528119814e-07
18 1.5980407156934875e-07
19 1.593780631977419e-07
20 1.5406881050563838e-07
21 1.587022436627378e-07
22 1.6035743401521403e-07
23 1.627719074133287e-07
24 1.602648608553178e-07
25 1.618083364216642e-07
26 1.6466179543433263e-07
27 1.614149759096518e-07
28 1.621334218639422e-07
29 1.5697930325027222e-07
30 1.5885610703262506e-07
31 1.6465828051657898e-07
32 1.573577779159956e-07
33 1.6232082543727545e-07
34 1.5689588394828314e-07
35 1.5837385909198405e-07
36 1.5697677368251936e-07
37 1.58175859183323e-07
38 1.581466091688231e-07
39 1.6078470774864058e-07
40 1.567760369183827e-07
41 1.575350518799147e-07
42 1.5455991318745057e-07
43 1.6065471556189927e-07
44 1.6018327662420764e-07
45 1.5858912723716285e-07
46 1.5433645928901665e-07
47 1.5704005639728228e-07
48 1.5511433661445734e-07
49 1.5741568073018135e-07
50 1.5819607732984735e-07
51 1.5794613475895355e-07
52 1.5523087918745184e-07
53 1.584934895851028e-07
54 1.6312926418628156e-07
55 1.6137248695681057e-07
56 1.5733239410708733e-07
57 1.6010563704506054e-07
58 1.5940144027477888e-07
59 1.5666087270747918e-07
60 1.522818829402539e-07
61 1.5743298857220587e-07
62 1.6353874377481514e-07
63 1.5529961283456122e-07
64 1.573620187191951e-07
65 1.5719719058696639e-07
66 1.5460888162225991e-07
67 1.5751442799564877e-07
68 1.5710422631046675e-07
69 1.6025857390992934e-07
70 1.566383500517529e-07
71 1.629745742684813e-07
72 1.603597323624333e-07
73 1.6289585633330393e-07
74 1.6330361889468856e-07
75 1.6022122536620102e-07
76 1.5789951935093637e-07
77 1.5643175247785502e-07
78 1.5981738205953923e-07
79 1.5881241478146958e-07
80 1.6022038149461697e-07
81 1.5840889009997514e-07
82 1.5768983423197597e-07
83 1.57667247801028e-07
84 1.5761828732713274e-07
85 1.6596797034519223e-07
86 1.6219137272555595e-07
87 1.6166121120772388e-07
88 1.5711916463606052e-07
89 1.592404609796798e-07
90 1.636006267857516e-07
91 1.5760488494113404e-07
92 1.612762438262543e-07
93 1.582076541881324e-07
94 1.573129878945684e-07
95 1.5593447832017365e-07
96 1.6068176368099114e-07
97 1.5836505777914087e-07
98 1.5796514164502851e-07
99 1.6101126318189489e-07
100 1.561791559199631e-07
101 1.5634169831948627e-07
102 1.608622884752916e-07
103 1.578732423745007e-07
104 1.5753281056787795e-07
105 1.6352151100503455e-07
106 1.5643324627262446e-07
107 1.6054171905276652e-07
108 1.5500814102269873e-07
109 1.5978259476704551e-07
110 1.5992631033823917e-07
111 1.6530267388909672e-07
112 1.5445870886303797e-07
113 1.6131072832306194e-07
114 1.6011083148606805e-07
115 1.577454117941733e-07
116 1.58592237749281e-07
117 1.608710123897092e-07
118 1.609972610881989e-07
119 1.6291836398886543e-07
120 1.6163984815846289e-07
121 1.569490316514278e-07
122 1.638239273363958e-07
123 1.590209452588521e-07
124 1.579810352657162e-07
125 1.578727820719583e-07
126 1.5821133917565923e-07
127 1.5527102951666515e-07
128 1.5624905499265164e-07
129 1.5805264143591845e-07
130 1.604188284753041e-07
131 1.567033409916567e-07
132 1.5549484713427085e-07
133 1.567827141102712e-07
134 1.589854177308098e-07
135 1.5942663194207277e-07
136 1.5700064769703374e-07
137 1.5685377961305045e-07
138 1.593860722792452e-07
139 1.5501087590614363e-07
140 1.6042259126311364e-07
141 1.554750999785351e-07
142 1.5881473743170988e-07
143 1.6038751710552724e-07
144 1.5858183242074224e-07
145 1.5777923372072434e-07
146 1.5430647493678027e-07
147 1.587336700406274e-07
148 1.5919413096364793e-07
149 1.5699737984855733e-07
150 1.5774918933931556e-07
151 1.5953696584890572e-07
152 1.605482170267378e-07
153 1.573319786133306e-07
154 1.6227922466574538e-07
155 1.5834739211311058e-07
156 1.582776229603538e-07
157 1.6094513285312668e-07
158 1.657760862641741e-07
159 1.6160200249747563e-07
160 1.572034279679024e-07
161 1.5968968097317423e-07
162 1.5881292579883196e-07
163 1.5773115565122122e-07
164 1.6187984366587767e-07
165 1.608765879333343e-07
166 1.5959647694687555e-07
167 1.5663018853837762e-07
168 1.5906789368199187e-07
169 1.6045018013666175e-07
170 1.6010974182067798e-07
171 1.5779424657882686e-07
172 1.5631209688571155e-07
173 1.6353759804123662e-07
174 1.5919693296325366e-07
175 1.6004469969706105e-07
176 1.581219464946357e-07
177 1.6283567119477971e-07
178 1.569601779646691e-07
179 1.6017992348980356e-07
180 1.5954061266632583e-07
181 1.5843219479835856e-07
182 1.6127251861449767e-07
183 1.6287950418394502e-07
184 1.6370880378918372e-07
185 1.61582731539274e-07
186 1.5419476879121545e-07
187 1.5691162257529898e-07
188 1.582033367703102e-07
189 1.5584944300652252e-07
190 1.6064002794148793e-07
191 1.5671142416913354e-07
192 1.6235795995871272e-07
193 1.6115850962757369e-07
194 1.5698804575758516e-07
195 1.6318329106387826e-07
196 1.623572210843617e-07
197 1.624494937018586e-07
198 1.5936910643717312e-07
199 1.6062726579762118e-07
200 1.556951049604233e-07
201 1.572023522965768e-07
202 1.5708446414504488e-07
203 1.5651171333423662e-07
204 1.593707889776844e-07
205 1.5792793811445297e-07
206 1.5765466970930627e-07
207 1.56367789902739e-07
208 1.5848143437975053e-07
209 1.54603757309592e-07
210 1.5964970998548287e-07
211 1.56246217518835e-07
212 1.5913957629149917e-07
213 1.5711563225454553e-07
214 1.5283216051249567e-07
215 1.5851382251596827e-07
216 1.5525667947787346e-07
217 1.5890710328937884e-07
218 1.6157902066838384e-07
219 1.596099664644724e-07
220 1.566455379104704e-07
221 1.5595938030557688e-07
222 1.55578256924198e-07
223 1.5830647704468795e-07
224 1.6652459668628534e-07
225 1.5387540539663255e-07
226 1.5689193423971106e-07
227 1.5981291490406112e-07
228 1.591847972163463e-07
229 1.6221290311937986e-07
230 1.597184485736463e-07
231 1.5599005956233788e-07
232 1.553261990540615e-07
233 1.5701931734789414e-07
234 1.55632349680272e-07
235 1.5521958250011282e-07
236 1.5818670755670304e-07
237 1.570759783312196e-07
238 1.597055873696154e-07
239 1.575045315048421e-07
240 1.640174972820421e-07
241 1.5625384220307438e-07
242 1.6159832832214946e-07
243 1.605225905737947e-07
244 1.5873018066715251e-07
245 1.6041694964126765e-07
246 1.5916871848772723e-07
247 1.622016737937494e-07
248 1.5805000168649277e-07
249 1.5056527895640904e-07
250 1.5690093601091666e-07
251 1.53736018102142e-07
252 1.607515386862668e-07
253 1.5882728652175483e-07
254 1.5998567140707523e-07
255 1.538868104476739e-07
256 1.5857486014267568e-07
257 1.6182296729591318e-07
258 1.5662133516840787e-07
259 1.603176712756688e-07
260 1.5653572575322532e-07
261 1.6165333020289232e-07
262 1.611319325783556e-07
263 1.590409113453155e-07
264 1.5912641056200654e-07
265 1.5795604403424913e-07
266 1.56660579552536e-07
267 1.6206383079365132e-07
268 1.5886095344571988e-07
269 1.5953033521840456e-07
270 1.568981924646851e-07
271 1.5528932233109174e-07
272 1.5853154680126678e-07
273 1.5946914583639885e-07
274 1.512834729959425e-07
275 1.5742631768847127e-07
276 1.593993808281272e-07
277 1.5827441499158875e-07
278 1.6137914336069908e-07
279 1.5911599795673496e-07
280 1.5919956573685858e-07
281 1.5602601456431796e-07
282 1.6021167039157065e-07
283 1.5930479347442284e-07
284 1.5704274973117266e-07
285 1.572216972262043e-07
286 1.6248939243469412e-07
287 1.5657071187574452e-07
288 1.6150532741360204e-07
289 1.593357310803571e-07
290 1.57294425261726e-07
291 1.5792003621333933e-07
292 1.5988832515537866e-07
293 1.6159002310000326e-07
294 1.5752774391180974e-07
295 1.5998111688380517e-07
296 1.5397674989764366e-07
297 1.60879876060113e-07
298 1.607622696599851e-07
299 1.5750451444043947e-07
300 1.5593106376560562e-07
301 1.60075530541479e-07
302 1.5855487710096777e-07
303 1.551575173830212e-07
304 1.5564317231831154e-07
305 1.632188791001834e-07
306 1.5689396407439107e-07
307 1.5896639263403573e-07
308 1.6374849225907308e-07
309 1.643675626547595e-07
310 1.5970140474768953e-07
311 1.6019384044950068e-07
312 1.5414884044288387e-07
313 1.601888078482488e-07
314 1.593696622137263e-07
315 1.5979011214912104e-07
316 1.564253192311353e-07
317 1.623014142945522e-07
318 1.5700515232947532e-07
319 1.6436168499802977e-07
320 1.563941631521373e-07
321 1.6052960185215792e-07
322 1.6165489149320198e-07
323 1.5587341194019822e-07
324 1.610357835423805e-07
325 1.5591797532736105e-07
326 1.5740293572172088e-07
327 1.6016255147776122e-07
328 1.6314357854160367e-07
329 1.611333783520347e-07
330 1.5601146980766102e-07
331 1.5652962271374045e-07
332 1.5731612242498845e-07
333 1.5805495701726015e-07
334 1.6305558515470324e-07
335 1.6043583607526712e-07
336 1.5999015389795717e-07
337 1.545954649273214e-07
338 1.5779494021588775e-07
339 1.5857779896764294e-07
340 1.5353234340683525e-07
341 1.5324818811571478e-07
342 1.5794195941464649e-07
343 1.626486758447921e-07
344 1.5697765757355911e-07
345 1.5684258585840397e-07
346 1.6132525897211312e-07
347 1.5903982125378686e-07
348 1.590409633933882e-07
349 1.5944650688968592e-07
350 1.5575544130707972e-07
351 1.5774266501705087e-07
352 1.5888812416847595e-07
353 1.5564662028454191e-07
354 1.5789459929555851e-07
355 1.6041218003285758e-07
356 1.6446706407762647e-07
357 1.5747092955618023e-07
358 1.6318858218646516e-07
359 1.5798397444228392e-07
360 1.6098122329619548e-07
361 1.6117052036709634e-07
362 1.6028503218099696e-07
363 1.580676009536673e-07
364 1.6183371762013182e-07
365 1.576202274742265e-07
366 1.5536142520760168e-07
367 1.5220999912111757e-07
368 1.6107770578706613e-07
369 1.6155036689147832e-07
370 1.5960231539303656e-07
371 1.6204278191378197e-07
372 1.5569029144925427e-07
373 1.591931525999034e-07
374 1.571367929143635e-07
375 1.6037459984059106e-07
376 1.5874783355701772e-07
377 1.5878483811517178e-07
378 1.6039616262747156e-07
379 1.6109800187741296e-07
380 1.6406834899981983e-07
381 1.6005718757816363e-07
382 1.580855536266086e-07
383 1.5594225835792565e-07
384 1.5714824654160064e-07
385 1.6188007917172657e-07
386 1.5976773603803845e-07
387 1.6018272605464216e-07
388 1.6120380442628746e-07
389 1.5888150749805002e-07
390 1.5771639665666795e-07
391 1.584696926784374e-07
392 1.5402029408488946e-07
393 1.577838120575537e-07
394 1.6046498389000006e-07
395 1.5731419259250948e-07
396 1.5537407916973243e-07
397 1.6186833449943476e-07
398 1.613577546249449e-07
399 1.6116882914977252e-07
400 1.584689484786488e-07
401 1.5942558024367965e-07
402 1.5546756077684422e-07
403 1.575863558754903e-07
404 1.5751668847953127e-07
405 1.5748563406825157e-07
406 1.593730642299446e-07
407 1.6094079157152444e-07
408 1.607650120568561e-07
409 1.5808914131513516e-07
410 1.6015470933630736e-07
411 1.6141642523555918e-07
412 1.5809448123710822e-07
413 1.569537508601813e-07
414 1.6253107014535406e-07
415 1.5697207498240156e-07
416 1.6307680582708633e-07
417 1.6243568289077677e-07
418 1.572400525983243e-07
419 1.604985676688678e-07
420 1.6016421575449816e-07
421 1.594822570361031e-07
422 1.562402522104366e-07
423 1.5889763410947847e-07
424 1.550716052231671e-07
425 1.5532469640108832e-07
426 1.6010750594685977e-07
427 1.6199530546344133e-07
428 1.561876390364365e-07
429 1.5732220105549548e-07
430 1.57821777793117e-07
431 1.600509959429674e-07
432 1.6331489679949184e-07
433 1.568264786870211e-07
434 1.523084789101515e-07
435 1.6249959638336144e-07
436 1.5527164539882342e-07
437 1.5791807379751267e-07
438 1.60660341833163e-07
439 1.5878368943193173e-07
440 1.643948195805681e-07
441 1.545661542382173e-07
442 1.6038716461351285e-07
443 1.5694341723087136e-07
444 1.564246535967914e-07
445 1.6348344625256242e-07
446 1.5826006431519354e-07
447 1.5484149884110868e-07
448 1.597734154287681e-07
449 1.6132956728627188e-07
450 1.6001863498197506e-07
451 1.5894814964352369e-07
452 1.5947787568587338e-07
453 1.5885266261046744e-07
454 1.5948934925470765e-07
455 1.5462177122940046e-07
456 1.5811270239636275e-07
457 1.6344277189637307e-07
458 1.5686826223507647e-07
459 1.5635052985842293e-07
460 1.56037502009714e-07
461 1.620512134133629e-07
462 1.598953450370821e-07
463 1.5677284187969097e-07
464 1.6067856703330332e-07
465 1.5283498993580816e-07
466 1.5734776263905944e-07
467 1.498900191142969e-07
468 1.5437678896238807e-07
469 1.6293274507507755e-07
470 1.591392057090178e-07
471 1.5879899296253882e-07
472 1.5733238793938934e-07
473 1.6058970747804335e-07
474 1.5959899747262203e-07
475 1.574369463528594e-07
476 1.5893765588188789e-07
477 1.583297045138044e-07
478 1.5523231274419753e-07
479 1.6273470087040693e-07
480 1.5940057186291698e-07
481 1.5872835955597773e-07
482 1.5832811600964144e-07
483 1.6087020797885655e-07
484 1.5569271547565004e-07
485 1.5778337562361614e-07
486 1.5512825205634296e-07
487 1.6104328304601429e-07
488 1.5677714851526222e-07
489 1.5617056184284656e-07
490 1.5709772337613885e-07
491 1.5539323508949806e-07
492 1.5905501198755458e-07
493 1.5592870964503546e-07
494 1.5881690916505088e-07
495 1.5249609116574143e-07
496 1.57690836011744e-07
497 1.588406001180194e-07
498 1.6163007913690005e-07
499 1.5847141479907085e-07
500 1.6343611341519868e-07
501 1.6149132468103846e-07
502 1.5660180358491878e-07
503 1.550388796308335e-07
504 1.6094938397966992e-07
505 1.5666884067776624e-07
506 1.5834214355458735e-07
507 1.631138994660082e-07
508 1.567337116174356e-07
509 1.577167198156291e-07
510 1.5736115624173856e-07
511 1.6218683385429477e-07
512 1.6041841951125126e-07
513 1.5812984871939485e-07
514 1.6055526643460226e-07
515 1.6252191245999522e-07
516 1.5757186473319745e-07
517 1.592491841669923e-07
518 1.5959990275683576e-07
519 1.6008256744036198e-07
520 1.5601796441301826e-07
521 1.596085488649663e-07
522 1.5225517232659467e-07
523 1.641591838640186e-07
524 1.6371312711087364e-07
525 1.6111294948919368e-07
526 1.609029856203949e-07
527 1.6045634351891779e-07
528 1.5528784332315095e-07
529 1.5738489718936086e-07
530 1.6204398055126042e-07
531 1.6188596457878262e-07
532 1.58062296432291e-07
533 1.5678885578312293e-07
534 1.6120179444193138e-07
535 1.5783722324515084e-07
536 1.5361012893444113e-07
537 1.6250425867315336e-07
538 1.563117891980558e-07
539 1.618406788477353e-07
540 1.6185260935802425e-07
541 1.5779152337133568e-07
542 1.5612629175533417e-07
543 1.580447275926739e-07
544 1.6067660203003694e-07
545 1.559049405782017e-07
546 1.540889627617912e-07
547 1.5727347868800473e-07
548 1.586367575541553e-07
549 1.5763463658248192e-07
550 1.573067884700474e-07
551 1.5967002786053663e-07
552 1.572245334956252e-07
553 1.5742417905432595e-07
554 1.6122209917951948e-07
555 1.5432982022819805e-07
556 1.578083460148372e-07
557 1.5659335838277446e-07
558 1.6107179257311423e-07
559 1.5986091406543198e-07
560 1.5553546397260792e-07
561 1.5905916989103115e-07
562 1.638161169698606e-07
563 1.6014099995305694e-07
564 1.5930082598932602e-07
565 1.5824171490987966e-07
566 1.5434069940327399e-07
567 1.585792814688398e-07
568 1.5759976666454685e-07
569 1.5797217067660183e-07
570 1.5985416824278452e-07
571 1.618248068017913e-07
572 1.5609645402920895e-07
573 1.5779112011256387e-07
574 1.5929910670332133e-07
575 1.5903710391629533e-07
576 1.6032463177889459e-07
577 1.6252622247483494e-07
578 1.5708344657023913e-07
579 1.568577111607289e-07
580 1.5587441920605135e-07
581 1.5837275514887983e-07
582 1.5813125198328546e-07
583 1.612797759226432e-07
584 1.6060511271280812e-07
585 1.5735757029159575e-07
586 1.6117568399077261e-07
587 1.585275453565798e-07
588 1.606205118631695e-07
589 1.5651409093113697e-07
590 1.5804691382441483e-07
591 1.5749228781204435e-07
592 1.6183239496506663e-07
593 1.5602740503955928e-07
594 1.5874201125281791e-07
595 1.6111886909046627e-07
596 1.6051634545881616e-07
597 1.575658871836702e-07
598 1.5980388893961522e-07
599 1.6036875801894632e-07
600 1.6030848988406622e-07
601 1.5356728734759548e-07
602 1.619594210778519e-07
603 1.5977427497595168e-07
604 1.5750365591454338e-07
605 1.610684865657363e-07
606 1.6391121121888161e-07
607 1.57437212065995e-07
608 1.579017205771819e-07
609 1.5522514664063462e-07
610 1.5788768663527367e-07
611 1.6358154095411884e-07
612 1.6032471697674286e-07
613 1.57846793873056e-07
614 1.569585432093933e-07
615 1.5707000205023215e-07
616 1.6239413022114555e-07
617 1.6070301881603267e-07
618 1.559374642334122e-07
619 1.55823967503777e-07
620 1.5917131258924586e-07
621 1.610945039976133e-07
622 1.6156636729823423e-07
623 1.6481724859019063e-07
624 1.585944587523203e-07
625 1.63714121318007e-07
626 1.6087068722985455e-07
627 1.611902430440749e-07
628 1.571124937028005e-07
629 1.605689784407426e-07
630 1.564130216158442e-07
631 1.5554265945997834e-07
632 1.6408273730412744e-07
633 1.5640272490572283e-07
634 1.5876583291151842e-07
635 1.5740931531307831e-07
636 1.537482423107654e-07
637 1.55645214527399e-07
638 1.6181163861920316e-07
639 1.6088540079902452e-07
640 1.5781687045242922e-07
641 1.586911859402892e-07
642 1.550258889531744e-07
643 1.6113261789062995e-07
644 1.5913079464880023e-07
645 1.607687528032988e-07
646 1.583283961502125e-07
647 1.5814546690657342e-07
648 1.620047966619489e-07
649 1.6141779465596417e-07
650 1.6089662379886353e-07
651 1.6027307364734058e-07
652 1.6294477946195636e-07
653 1.5648011716279786e-07
654 1.609273868701077e-07
655 1.5577811839195098e-07
656 1.6494895052300635e-07
657 1.5431037523021286e-07
658 1.5938083513771768e-07
659 1.5696725017847576e-07
660 1.5922445881524781e-07
661 1.5843164038430453e-07
662 1.5820387794394554e-07
663 1.5459970216178334e-07
664 1.5772666608977506e-07
665 1.5940190092502035e-07
666 1.5685746633526206e-07
667 1.5909193053959852e-07
668 1.5516736071595726e-07
669 1.602486333792956e-07
670 1.5752177444509742e-07
671 1.5736652186769096e-07
672 1.5851564401337298e-07
673 1.562914454758496e-07
674 1.62902468846417e-07
675 1.60833886601646e-07
676 1.5796037346464783e-07
677 1.570373136536753e-07
678 1.5521142439378104e-07
679 1.5839720103251542e-07
680 1.5562900126404762e-07
681 1.603973564754516e-07
682 1.575482835090737e-07
683 1.6298569302445223e-07
684 1.5895097406548167e-07
685 1.583868596224461e-07
686 1.598964033685879e-07
687 1.611681808679309e-07
688 1.6177480032113025e-07
689 1.6336253235029823e-07
690 1.5951782710477358e-07
691 1.5981458532568524e-07
692 1.5609836436854747e-07
693 1.5882423424656755e-07
694 1.628706195945868e-07
695 1.6160941598523026e-07
696 1.5694348536700306e-07
697 1.6149312456024112e-07
698 1.579831201076897e-07
699 1.596936939904257e-07
700 1.5885997592241104e-07
701 1.5804525404665924e-07
702 1.5843562246840221e-07
703 1.5562892893960285e-07
704 1.6500283073882883e-07
705 1.5703423832775653e-07
706 1.6081192472717838e-07
707 1.608864636527256e-07
708 1.5693183054804835e-07
709 1.5800697455443053e-07
710 1.6118925226272857e-07
711 1.638537557593283e-07
712 1.5889858746275963e-07
713 1.5859079643031073e-07
714 1.5619650952440717e-07
715 1.5856063644836574e-07
716 1.6239536426222215e-07
717 1.5517008887117255e-07
718 1.582443970398934e-07
719 1.6569083616289406e-07
720 1.5633327613817254e-07
721 1.589616356429934e-07
722 1.5897863656026996e-07
723 1.546092515395937e-07
724 1.569997888252624e-07
725 1.6127135352913388e-07
726 1.5937070358648705e-07
727 1.6153714183159814e-07
728 1.601095140639356e-07
729 1.5850008976541418e-07
730 1.58780222352202e-07
731 1.5993557033756877e-07
732 1.5906454637799906e-07
733 1.6310531891684907e-07
734 1.5813325498269014e-07
735 1.6287366438151916e-07
736 1.5678546386009152e-07
737 1.6267498726066354e-07
738 1.6007999079876727e-07
739 1.5984564350892732e-07
740 1.616904801816107e-07
741 1.583806992251167e-07
742 1.583350680796275e-07
743 1.5990922688055275e-07
744 1.598137944970797e-07
745 1.6273878797674197e-07
746 1.604987482618432e-07
747 1.588691975305028e-07
748 1.5858563215038877e-07
749 1.562428644100517e-07
750 1.5267566214817584e-07
751 1.5785747964389218e-07
752 1.5889838661168584e-07
753 1.5927915154281807e-07
754 1.5788123343107032e-07
755 1.645040204630239e-07
756 1.6281480375172882e-07
757 1.579510168913925e-07
758 1.6083671516495395e-07
759 1.6216381325831284e-07
760 1.557184829664318e-07
761 1.5806420446115852e-07
762 1.5726829227551947e-07
763 1.545378793617153e-07
764 1.5793970957642072e-07
765 1.524831818553636e-07
766 1.639814765502532e-07
767 1.5894107826760173e-07
768 1.6235663570792528e-07
769 1.6109203160408482e-07
770 1.587516568080075e-07
771 1.5360649983955377e-07
772 1.6431664918528824e-07
773 1.5781500687109542e-07
774 1.5736400722964742e-07
775 1.5999690062530498e-07
776 1.5902781743085515e-07
777 1.619103849503453e-07
778 1.5966389341630193e-07
779 1.6049662321789946e-07
780 1.583696713152728e-07
781 1.606119090616972e-07
782 1.588196462953234e-07
783 1.5693675868598201e-07
784 1.6243679250847952e-07
785 1.6101684802306277e-07
786 1.5847582248497926e-07
787 1.6360869519783166e-07
788 1.5954982672674005e-07
789 1.572279271223247e-07
790 1.609312993712442e-07
791 1.5715663803988487e-07
792 1.5784038449346983e-07
793 1.5809686479351807e-07
794 1.5822542903480958e-07
795 1.5833003878493852e-07
796 1.6189467265835766e-07
797 1.5512114002737148e-07
798 1.6057312817803775e-07
799 1.5638188955172116e-07
800 1.574508385579241e-07
801 1.592421602725041e-07
802 1.5461026829390638e-07
803 1.6296821853917584e-07
804 1.6068946780958365e-07
805 1.5716864230305578e-07
806 1.6150789594643206e-07
807 1.610380669037253e-07
808 1.596690547570311e-07
809 1.5490210333601688e-07
810 1.5902078802687887e-07
811 1.597886204990228e-07
812 1.6457348862902795e-07
813 1.5859479214919867e-07
814 1.5697957846450185e-07
815 1.5645003355947404e-07
816 1.5989850218907908e-07
817 1.6075541115049043e-07
818 1.580602700380831e-07
819 1.5867350554360112e-07
820 1.5935034426910248e-07
821 1.595089551331465e-07
822 1.576237638462677e-07
823 1.6469847384754017e-07
824 1.5663166888595198e-07
825 1.6171923606548393e-07
826 1.5668792591637583e-07
827 1.5815745728416541e-07
828 1.605476492193025e-07
829 1.593805687521581e-07
830 1.5545425092378974e-07
831 1.5693501723581342e-07
832 1.5850493047136493e-07
833 1.6259316155510633e-07
834 1.6043708663707197e-07
835 1.5633185957695497e-07
836 1.5721127378380549e-07
837 1.5758430657496042e-07
838 1.5772802154121505e-07
839 1.595457841870879e-07
840 1.631133498382803e-07
841 1.5866653398153956e-07
842 1.5575104735069296e-07
843 1.5645742032094756e-07
844 1.5881149864800647e-07
845 1.6143755422973552e-07
846 1.6175903561472191e-07
847 1.6144972814708028e-07
848 1.5948473238373735e-07
849 1.6003068396725916e-07
850 1.5982318240260957e-07
851 1.6058261813029635e-07
852 1.5689753135282186e-07
853 1.6102480791409486e-07
854 1.6065159135975842e-07
855 1.5803160967790726e-07
856 1.5908012271359345e-07
857 1.5865096486192644e-07
858 1.6359097822745468e-07
859 1.573516727519597e-07
860 1.5847872327700646e-07
861 1.5873581999987504e-07
862 1.5906114793612186e-07
863 1.535236127078451e-07
864 1.6146565979740016e-07
865 1.5738718561502124e-07
866 1.5403665028838284e-07
867 1.6033594143934698e-07
868 1.5894987346728867e-07
869 1.5782177296132275e-07
870 1.6107457132837322e-07
871 1.6328845494524941e-07
872 1.637980224799018e-07
873 1.582452442601099e-07
874 1.5926050400654549e-07
875 1.5330397059020309e-07
876 1.5963925913910584e-07
877 1.5785531904756797e-07
878 1.578370797941693e-07
879 1.5839620496337788e-07
880 1.6305722018300814e-07
881 1.5730351504825264e-07
882 1.5627091244429113e-07
883 1.5669556075507416e-07
884 1.5472904771024482e-07
885 1.561270931911076e-07
886 1.5776564309647222e-07
887 1.623009530382352e-07
888 1.581028924049113e-07
889 1.5605764231143914e-07
890 1.6082293015493683e-07
891 1.5586356825182808e-07
892 1.5564451117908885e-07
893 1.5678564363368844e-07
894 1.5486057207668375e-07
895 1.5554274724641992e-07
896 1.5923838562097823e-07
897 1.54661985229391e-07
898 1.6183156790838464e-07
899 1.5642762287754544e-07
900 1.5780554774008032e-07
901 1.5780124190164026e-07
902 1.5666026481676897e-07
903 1.6155080191387563e-07
904 1.5645962208393974e-07
905 1.5722048455635777e-07
906 1.5409858099855094e-07
907 1.5747621118603625e-07
908 1.574529987699349e-07
909 1.5663614522354687e-07
910 1.5464582250212683e-07
911 1.6100063477622234e-07
912 1.5937585616525284e-07
913 1.565301071675871e-07
914 1.5479464092364797e-07
915 1.584917164258133e-07
916 1.5250757154338737e-07
917 1.547043168285994e-07
918 1.5642260081032998e-07
919 1.616994598915203e-07
920 1.635667794462593e-07
921 1.5903812698384286e-07
922 1.6083674275158214e-07
923 1.5505833852882476e-07
924 1.5920680298580386e-07
925 1.599538087013957e-07
926 1.5588349649724174e-07
927 1.584325824550639e-07
928 1.6227238848413072e-07
929 1.6307357211361224e-07
930 1.5979873088305801e-07
931 1.6066328240348447e-07
932 1.6051208330076751e-07
933 1.5656240575009705e-07
934 1.5809988180649473e-07
935 1.5716277534444814e-07
936 1.5367856124257147e-07
937 1.585629258799642e-07
938 1.6052940604929275e-07
939 1.575243346831675e-07
940 1.60379262979246e-07
941 1.574183763092576e-07
942 1.6686382412827057e-07
943 1.578482808700896e-07
944 1.6071128842626412e-07
945 1.5638880828804968e-07
946 1.634365822876663e-07
947 1.5731623374677077e-07
948 1.5939574936030364e-07
949 1.5699031018484648e-07
950 1.6075938010407824e-07
951 1.59910093717915e-07
952 1.5837204722792796e-07
953 1.583740016935355e-07
954 1.6421221570084888e-07
955 1.6021610683895262e-07
956 1.624805337853525e-07
957 1.5952868228168026e-07
958 1.601612982125719e-07
959 1.5641378868407684e-07
960 1.6221391596647813e-07
961 1.6133565911732922e-07
962 1.5760176274116338e-07
963 1.6190422154905134e-07
964 1.631268260419605e-07
965 1.607227294052156e-07
966 1.570990155810175e-07
967 1.5283702161240138e-07
968 1.596542916136472e-07
969 1.585237582773037e-07
970 1.5930084243094965e-07
971 1.5943396843099023e-07
972 1.602843931070436e-07
973 1.5828834008747342e-07
974 1.588560825627772e-07
975 1.5368408351162153e-07
976 1.5801261461812627e-07
977 1.576397613226603e-07
978 1.5743168463096175e-07
979 1.579814034516392e-07
980 1.547365523127867e-07
981 1.5984082002253866e-07
982 1.5755103245117834e-07
983 1.625577804283093e-07
984 1.5497082049469763e-07
985 1.5925611081253142e-07
986 1.590842488843394e-07
987 1.6140814856487046e-07
988 1.5427909994546195e-07
989 1.632818055758663e-07
990 1.5932641815498923e-07
991 1.6348999368126687e-07
992 1.6342730109451e-07
993 1.5652837184599407e-07
994 1.5872819581715588e-07
995 1.5553710770528838e-07
996 1.5917846939347444e-07
997 1.579416929891422e-07
998 1.594516765271507e-07
999 1.5899618634633212e-07
