0 1.9102602665655908e-07
1 1.9440796455885294e-07
2 1.942539740105138e-07
3 1.9365947606618285e-07
4 1.9385618137668826e-07
5 1.9334712388339513e-07
6 1.9024027293749074e-07
7 1.9263116929747864e-07
8 1.9523101140917176e-07
9 1.952002899297969e-07
10 1.921686654126981e-07
11 1.8704021949949217e-07
12 1.9413483660055512e-07
13 1.898314994527548e-07
14 1.9612420697803064e-07
15 1.9468040257432576e-07
16 1.8910221463555924e-07
17 1.9906997075789077e-07
18 1.896533662218485e-07
19 1.967402487922928e-07
20 1.9010833974480296e-07
21 1.9348042546028778e-07
22 1.9300865086161732e-07
23 1.9529078245777883e-07
24 1.9592983950150317e-07
25 1.966703225309285e-07
26 1.8886131640528927e-07
27 2.0112693950016087e-07
28 1.9035188292253607e-07
29 1.9617094702293089e-07
30 1.879444609131656e-07
31 1.942306601594537e-07
32 1.957634233802797e-07
33 1.9893985424309335e-07
34 1.9261520268771764e-07
35 1.9366737972718825e-07
36 1.9880240904216e-07
37 1.977244660819277e-07
38 1.924331428753092e-07
39 1.9009223447175196e-07
40 1.872710245378276e-07
41 1.8850905733334453e-07
42 1.9998614466864185e-07
43 2.0160177081392512e-07
44 1.9762470994561033e-07
45 1.8875568130881318e-07
46 1.9814105049298315e-07
47 1.9556685623757146e-07
48 1.935779073861601e-07
49 1.9449858372982738e-07
50 1.8379718000675822e-07
51 1.9113741771382045e-07
52 1.9702502541465462e-07
53 1.898700815041216e-07
54 1.9193469551179113e-07
55 1.929256627343861e-07
56 1.8962431064547795e-07
57 1.8878848067699262e-07
58 1.9615905267700986e-07
59 1.8778238330350085e-07
60 1.933192653183747e-07
61 1.9214490742630261e-07
62 1.9727996421703473e-07
63 1.8959962634375712e-07
64 1.8647962355915082e-07
65 1.9052483959360576e-07
66 1.9060834166113344e-07
67 2.0037378948372796e-07
68 1.9397358294109167e-07
69 1.9791813653001565e-07
70 2.038651873968819e-07
71 1.9439855421160576e-07
72 1.9159023755878295e-07
73 1.9570259182448463e-07
74 1.971561405932711e-07
75 1.9145602220836708e-07
76 1.957456823413782e-07
77 1.8626139049719464e-07
78 1.929594702730157e-07
79 1.9349190414888432e-07
80 1.9455773634108194e-07
81 1.971048101211831e-07
82 1.9577490245160602e-07
83 2.0286690479346598e-07
84 1.8775503050261017e-07
85 1.945244759578373e-07
86 1.973154354801157e-07
87 1.9940145041885768e-07
88 1.8886282364200823e-07
89 1.9765792753768702e-07
90 1.9046772973643268e-07
91 1.922140498375223e-07
92 1.9758794174071957e-07
93 1.9404015594946497e-07
94 1.8880721351102682e-07
95 1.934740112026382e-07
96 1.9935902151969971e-07
97 1.9916570126138155e-07
98 2.004590360263432e-07
99 1.9409420866973599e-07
100 1.9171758288378747e-07
101 1.9167002213925396e-07
102 2.0105176438613583e-07
103 1.983521373505875e-07
104 1.9296369926805506e-07
105 1.9717295415330109e-07
106 1.9775253029167963e-07
107 1.980507876086861e-07
108 1.9884296729869843e-07
109 1.9374073447417188e-07
110 1.9472715209771866e-07
111 1.9114016321984342e-07
112 1.924578481646826e-07
113 1.9152462919334855e-07
114 1.9572569487215008e-07
115 1.8889273455287615e-07
116 1.9636791357924084e-07
117 1.9598548884480945e-07
118 1.9131939531855517e-07
119 1.912294272542266e-07
120 1.986386089443497e-07
121 1.9854576625265474e-07
122 1.927571199003867e-07
123 1.9448724673976181e-07
124 1.9750432307073654e-07
125 1.949383229005752e-07
126 1.9470042260272237e-07
127 1.9510092403915842e-07
128 1.9598207702483766e-07
129 1.9047154565414738e-07
130 1.9562365803907425e-07
131 1.9310874400050728e-07
132 1.9937420483619897e-07
133 1.9767682330273976e-07
134 1.8944333645009072e-07
135 1.9207244772535297e-07
136 1.9645102004736178e-07
137 1.9513516964714276e-07
138 1.937084046016772e-07
139 1.9376727058523017e-07
140 1.9061865951272344e-07
141 1.9102760240270037e-07
142 1.9823310921406185e-07
143 1.9873688658951767e-07
144 1.9444069571632384e-07
145 1.9430829757983951e-07
146 1.9173888368338938e-07
147 1.9242440494063068e-07
148 1.9208020149832703e-07
149 1.990876738508904e-07
150 1.9752310963717192e-07
151 1.9232243196766986e-07
152 1.9455901055439593e-07
153 1.904258301393175e-07
154 1.8643135992929696e-07
155 2.0063349636727914e-07
156 1.9275042089315978e-07
157 1.9743084396388572e-07
158 1.910069695201188e-07
159 1.9192004197251628e-07
160 1.9137549726252606e-07
161 1.9912049243958314e-07
162 1.9035687936980161e-07
163 1.9460720825265506e-07
164 1.9913612993695302e-07
165 1.886455183017268e-07
166 1.9145406056947626e-07
167 1.9256288326230466e-07
168 1.9809855442116323e-07
169 1.9424117837635626e-07
170 1.980617913086924e-07
171 1.9526956317435589e-07
172 1.9632975102807994e-07
173 1.9067391741128e-07
174 1.917518318482193e-07
175 1.966281511448734e-07
176 1.8919870067005944e-07
177 1.964895637110874e-07
178 1.9282162927554306e-07
179 1.9200970192762203e-07
180 1.9396279062855105e-07
181 1.9793817198431115e-07
182 2.0268981874726165e-07
183 1.891669945109549e-07
184 1.95586217908857e-07
185 1.962896725893865e-07
186 1.8792447864016238e-07
187 1.8468359815252087e-07
188 1.9002696269404962e-07
189 1.9971966932813414e-07
190 1.9276226760838417e-07
191 1.990188654709163e-07
192 1.9335635289803127e-07
193 1.9248028882468398e-07
194 1.8931823089784305e-07
195 1.9080242975170798e-07
196 1.910001054526994e-07
197 1.972318569603125e-07
198 1.956672140164883e-07
199 1.9302166779038564e-07
200 1.969169159685231e-07
201 2.0009564802274372e-07
202 1.972908345600348e-07
203 1.9399630842253894e-07
204 1.8574106866735347e-07
205 1.889984938938787e-07
206 1.9386556377544236e-07
207 1.8846092094261396e-07
208 1.9591125461959995e-07
209 2.0263883236046106e-07
210 1.932427832231067e-07
211 1.9588688973575313e-07
212 1.8962849989018435e-07
213 1.938727111335833e-07
214 1.892617360239162e-07
215 1.9305258426262238e-07
216 1.9504675872767053e-07
217 2.0122107583124225e-07
218 1.9290029698040565e-07
219 1.9494676534705436e-07
220 1.944210060747851e-07
221 1.9673407826619597e-07
222 1.882373579798313e-07
223 1.855952405182201e-07
224 1.9712034995363607e-07
225 1.9377811397627248e-07
226 1.92206794115009e-07
227 1.9336400379659038e-07
228 2.0202669477368597e-07
229 1.9612372796946635e-07
230 1.9385476228503407e-07
231 1.986204475833261e-07
232 1.9710579538991022e-07
233 2.005295300324502e-07
234 1.9767080458993508e-07
235 1.9265246459577787e-07
236 1.9378966902316046e-07
237 1.9120732763436864e-07
238 1.9735930438392264e-07
239 1.984187266472422e-07
240 1.954934792754356e-07
241 1.9721015491614613e-07
242 1.9037856723384463e-07
243 1.860747676627664e-07
244 1.974525009680423e-07
245 1.8580844675304246e-07
246 1.872915491969233e-07
247 1.9049412911483655e-07
248 1.9188737046805076e-07
249 1.8910076274908693e-07
250 1.9358800790651223e-07
251 1.8964388590754483e-07
252 1.9119698699238943e-07
253 1.9558150115642216e-07
254 1.910341060493248e-07
255 1.9140870176405568e-07
256 1.9964628835509286e-07
257 1.9410479400454123e-07
258 1.8955078858272487e-07
259 1.918408518363265e-07
260 1.9137382911849762e-07
261 1.8891761714997625e-07
262 1.9644036029848304e-07
263 1.9105348036507298e-07
264 1.931515977587127e-07
265 1.9528051490273965e-07
266 1.8765939330471872e-07
267 1.952645390882548e-07
268 2.012046611671387e-07
269 1.902059051000486e-07
270 1.9401201903288306e-07
271 1.8931405090345815e-07
272 1.9653050718750963e-07
273 1.9306849169678802e-07
274 1.907951365260797e-07
275 1.9969807901583736e-07
276 1.9279129943106202e-07
277 1.9247121754684582e-07
278 1.9514323144072658e-07
279 1.8720572576976803e-07
280 1.9603041769712328e-07
281 1.957353547001361e-07
282 1.917627016008268e-07
283 2.0041805947524561e-07
284 1.8784290911092358e-07
285 1.977615185651398e-07
286 1.8925816295994225e-07
287 1.9184335916929887e-07
288 1.972927628712925e-07
289 1.8994977096093764e-07
290 1.9701688997200463e-07
291 1.9848332985581291e-07
292 1.930269554477274e-07
293 1.9181202395649965e-07
294 1.91019549518027e-07
295 1.9384467087460516e-07
296 1.8877930210512114e-07
297 1.9602903742353004e-07
298 1.9917899667204309e-07
299 1.9719997728805755e-07
300 1.955639003528839e-07
301 1.9311177074967988e-07
302 1.904564180326274e-07
303 1.907468588827854e-07
304 1.921307722924731e-07
305 1.914904642874512e-07
306 1.9785601112699648e-07
307 1.9515597210265304e-07
308 1.9142090967312807e-07
309 1.8802146296330923e-07
310 2.0309454854037246e-07
311 1.927816750613931e-07
312 1.9885164929703313e-07
313 1.9267932563369996e-07
314 2.0020640305680732e-07
315 1.9939351049832096e-07
316 1.9728391029531242e-07
317 1.9649503012350256e-07
318 1.9854683132303487e-07
319 2.0028577241423918e-07
320 1.8952078108678966e-07
321 1.9580364382701888e-07
322 1.982505965969239e-07
323 1.9355582013646924e-07
324 1.9719117638215544e-07
325 2.0158255274704452e-07
326 1.9255353236611164e-07
327 1.937655325978309e-07
328 2.0089506708281735e-07
329 1.946875121002651e-07
330 1.9480469356333308e-07
331 1.9256172509787385e-07
332 1.902903715659525e-07
333 1.9787166222040023e-07
334 1.9956957955557377e-07
335 1.9450191335353906e-07
336 1.9049541994844404e-07
337 1.9290662928568468e-07
338 2.0056866636072108e-07
339 1.9744787289516172e-07
340 1.9229229559424292e-07
341 1.8823864427304192e-07
342 1.953861045841446e-07
343 1.884300002484658e-07
344 1.9606700631740328e-07
345 1.935798090908528e-07
346 2.008294442284387e-07
347 1.91679884499423e-07
348 2.0219936065541573e-07
349 1.9779384493659934e-07
350 1.8795554472338065e-07
351 1.9398079001809625e-07
352 1.9766253405560133e-07
353 1.9072965163676696e-07
354 1.9233441242754188e-07
355 1.9208247596943245e-07
356 1.9153240619487437e-07
357 1.9009001324805211e-07
358 1.9286138367175333e-07
359 1.9262187100668258e-07
360 1.9020995040202443e-07
361 1.9134018415598916e-07
362 1.9004577924025695e-07
363 1.925584724822538e-07
364 1.9336054889532278e-07
365 1.9699579746562852e-07
366 1.9654951042328054e-07
367 1.96308515720729e-07
368 1.8848604488328086e-07
369 1.9222857256276668e-07
370 1.916793152732079e-07
371 1.9321705856811087e-07
372 1.9679880110251548e-07
373 2.0375258940212844e-07
374 1.9279517809156703e-07
375 1.915102423761053e-07
376 1.9188823421841314e-07
377 2.0073355061903596e-07
378 1.9066883085265827e-07
379 1.9295680797836492e-07
380 1.9315362841475308e-07
381 1.9533518087484333e-07
382 1.9463723849990893e-07
383 1.8828713645623917e-07
384 1.901714977402913e-07
385 1.9109617278843282e-07
386 1.8962174422588698e-07
387 1.913943632056537e-07
388 1.8931600750714086e-07
389 1.9407288930174743e-07
390 2.0045470456644102e-07
391 1.9028276265790502e-07
392 1.9984053429282548e-07
393 1.9287678856449466e-07
394 1.8967723079200257e-07
395 1.949835898470106e-07
396 1.8969111599241199e-07
397 1.9566709115732725e-07
398 2.02163850060703e-07
399 1.9137840293236287e-07
400 1.962310237604883e-07
401 1.8987080775324195e-07
402 1.9594828632970115e-07
403 1.9629819473306754e-07
404 1.9361167867895006e-07
405 1.8668200183910647e-07
406 2.0406081689103013e-07
407 1.9598552655373606e-07
408 1.9964689693642818e-07
409 1.9402294641212153e-07
410 2.0053603935252246e-07
411 1.9214845899048438e-07
412 1.9051211229698644e-07
413 1.8945537142195292e-07
414 1.966492119408529e-07
415 1.992797415923085e-07
416 1.9867614007293293e-07
417 1.9657119411731005e-07
418 1.979974468953933e-07
419 1.8779653898757638e-07
420 1.9344073582499268e-07
421 1.9366973797512983e-07
422 2.000822977789687e-07
423 1.9510121689528967e-07
424 1.917808202840374e-07
425 1.9377457123883005e-07
426 1.9460685933468096e-07
427 1.9656033318761308e-07
428 1.9462887798195592e-07
429 1.939671795514906e-07
430 1.9353837509465573e-07
431 1.9552214311404977e-07
432 1.936264757255383e-07
433 1.9448551834089644e-07
434 1.9700460690285905e-07
435 1.904195206201648e-07
436 1.9024723826894332e-07
437 1.9754983744221995e-07
438 1.9890867427579565e-07
439 1.9467681336454146e-07
440 1.9239589524148426e-07
441 1.9146163696994434e-07
442 1.9323961865456657e-07
443 1.924390154940985e-07
444 1.936881277863757e-07
445 1.894015317616886e-07
446 1.9268711347243021e-07
447 1.9171311898351346e-07
448 1.95890636208307e-07
449 1.9407742157027715e-07
450 1.9853129144534935e-07
451 1.9507466580030695e-07
452 1.9625497658855579e-07
453 1.9423840541864215e-07
454 1.943239138482289e-07
455 1.9364851840002548e-07
456 1.9787018401065532e-07
457 1.9701715371054385e-07
458 1.9270563932213877e-07
459 1.987667322900357e-07
460 1.966605538054973e-07
461 1.880233537791185e-07
462 1.9329539610376087e-07
463 1.862891457243233e-07
464 1.9877114160243321e-07
465 1.8833331969082955e-07
466 1.9571678215125998e-07
467 2.011591155247174e-07
468 1.9539612720542346e-07
469 2.044066042526083e-07
470 1.9289853832112375e-07
471 2.007720321216627e-07
472 1.93280160329958e-07
473 1.902411294527187e-07
474 1.9336687702806796e-07
475 1.9468529533033929e-07
476 1.914583332292358e-07
477 1.9807925471502898e-07
478 1.9456097531120028e-07
479 1.9095941799865151e-07
480 1.936619018877823e-07
481 1.940592129551044e-07
482 1.9457955790003147e-07
483 1.926882720029564e-07
484 2.0058764560293817e-07
485 1.8807798735720537e-07
486 1.9397251033748785e-07
487 1.8905587444689378e-07
488 1.9038754675517698e-07
489 1.9404670497464185e-07
490 1.9731948719467606e-07
491 1.9585350599172278e-07
492 1.9222188894221717e-07
493 1.987788123991322e-07
494 1.9952873339715172e-07
495 1.9504832420042533e-07
496 1.9659295595226288e-07
497 1.927718085798557e-07
498 1.9586513347784373e-07
499 1.9747229252139334e-07
500 1.9767436487566568e-07
501 1.904815471739443e-07
502 1.9671372808350367e-07
503 1.9446185322974626e-07
504 1.9529104715289925e-07
505 1.9907466569485406e-07
506 1.990966312486978e-07
507 1.9662565772325515e-07
508 1.9675380766637364e-07
509 1.8941262879514866e-07
510 1.948874080775144e-07
511 1.9031594274349243e-07
512 1.893242052831803e-07
513 1.9135268289289834e-07
514 1.9461553575311905e-07
515 1.9459834730197478e-07
516 1.970029765116341e-07
517 1.9562992104909082e-07
518 1.9102494238275956e-07
519 1.984017488461274e-07
520 1.930945324198033e-07
521 1.9581053922942705e-07
522 1.919895320761263e-07
523 1.9272604687215574e-07
524 1.9930087070816314e-07
525 1.8692298252527507e-07
526 1.9412487037335365e-07
527 1.8927580452622982e-07
528 1.9633706210007833e-07
529 1.9821844287953135e-07
530 1.9389153945586879e-07
531 1.9815779764750282e-07
532 2.0013495274355368e-07
533 1.9358066012086115e-07
534 1.924754669992954e-07
535 1.956752707837582e-07
536 1.9242519348282317e-07
537 1.9426327848072158e-07
538 1.95727240645537e-07
539 1.969091036482985e-07
540 1.8722480608671028e-07
541 1.9772190988033753e-07
542 1.918565521626561e-07
543 1.9256823699292028e-07
544 1.958994337456382e-07
545 1.9747212776144627e-07
546 1.9243560494006311e-07
547 1.9197959578596803e-07
548 1.8867288730618354e-07
549 1.9211982287703831e-07
550 1.9240376117519435e-07
551 1.93584891184065e-07
552 1.934241501424511e-07
553 1.9305977498237453e-07
554 1.880399527641814e-07
555 1.9341037918151337e-07
556 1.8844110168540957e-07
557 1.9488286924424453e-07
558 1.945538180227255e-07
559 1.9890278717987717e-07
560 1.9904914222303736e-07
561 1.9441230274521908e-07
562 1.9630960884643147e-07
563 1.9794455015672113e-07
564 1.8738968987712003e-07
565 1.9554564711759275e-07
566 1.9093001302500716e-07
567 1.9189718400618696e-07
568 1.939817770110648e-07
569 1.885085130044874e-07
570 1.8724759434322836e-07
571 1.9644738678306775e-07
572 2.0038342130547832e-07
573 1.9372757039977433e-07
574 1.926865858180979e-07
575 1.910304376666262e-07
576 2.0587396458277916e-07
577 1.896460633116581e-07
578 1.9502007607507506e-07
579 1.924462265825598e-07
580 1.971850070849524e-07
581 1.918836276120342e-07
582 1.9529577024171424e-07
583 1.8996004581990028e-07
584 1.9037679240005906e-07
585 1.9833268389405696e-07
586 1.9196949360145438e-07
587 1.9340570314976918e-07
588 1.9638367181426102e-07
589 1.9112456022035706e-07
590 1.9630109778920676e-07
591 1.9775520839952487e-07
592 2.0101420136901379e-07
593 1.9037550487497935e-07
594 1.9695011389587592e-07
595 1.8742199347417185e-07
596 2.0148516860871703e-07
597 1.9213342027595074e-07
598 1.9166281400604644e-07
599 1.9920289445099997e-07
600 1.9243517180873396e-07
601 1.859422976456989e-07
602 1.985940057484215e-07
603 1.9777129919491928e-07
604 1.993372046445493e-07
605 1.9474340706176282e-07
606 1.90740547264868e-07
607 1.9137619221083438e-07
608 1.891200150409864e-07
609 1.9039901997236137e-07
610 1.8921586702057227e-07
611 2.012516041526412e-07
612 1.8897738490664115e-07
613 1.874608933697215e-07
614 1.9279965711228402e-07
615 1.942033745493372e-07
616 1.9017122562243585e-07
617 1.981892476592187e-07
618 1.9814709695137535e-07
619 1.8925087734849912e-07
620 1.9129427097745261e-07
621 1.9642960821419716e-07
622 1.9696956981101183e-07
623 1.9769544208818898e-07
624 1.9066844680076113e-07
625 1.9652033994902723e-07
626 1.9868918603009296e-07
627 1.9680221347305689e-07
628 1.928095306111347e-07
629 1.9500818652807108e-07
630 1.9127546277934703e-07
631 1.89558580800803e-07
632 1.9472508716905578e-07
633 1.9073534417958493e-07
634 1.985924472938756e-07
635 2.0175078357687062e-07
636 1.930781147641618e-07
637 1.8921746189367053e-07
638 1.9688194246362518e-07
639 1.966618437591028e-07
640 1.9655489466861257e-07
641 1.9393616560197174e-07
642 1.925591388462028e-07
643 1.9111824349995687e-07
644 1.9361458448963396e-07
645 1.9683465106396905e-07
646 1.913660932840679e-07
647 1.9575412192755342e-07
648 1.9170580742259175e-07
649 1.9234876083062552e-07
650 1.9645482571263052e-07
651 1.9341813448487755e-07
652 1.93470285850814e-07
653 1.9488824443017884e-07
654 1.8757105769991682e-07
655 1.9277167014615736e-07
656 1.8726971908934024e-07
657 1.9332573375766346e-07
658 1.938771580942349e-07
659 1.926186221072727e-07
660 1.8876489813750747e-07
661 1.89725568436598e-07
662 1.966161108457396e-07
663 1.9111721503742701e-07
664 1.9466204814052935e-07
665 1.9710217382091223e-07
666 1.9550550345688843e-07
667 1.8908367394558455e-07
668 1.899158674421063e-07
669 1.9469384520345088e-07
670 1.980523841007986e-07
671 1.9843753226497572e-07
672 1.9824631722277146e-07
673 1.920628998215912e-07
674 1.9759878582721154e-07
675 1.9789690300308318e-07
676 1.9731641590702164e-07
677 2.0323481569916987e-07
678 2.0439821104714344e-07
679 1.9458976592421154e-07
680 1.88615581547692e-07
681 1.9941835042947743e-07
682 1.930666206979283e-07
683 1.894495403109827e-07
684 2.0211208084972927e-07
685 1.9962213649653866e-07
686 1.9627232087740336e-07
687 1.8957996596398314e-07
688 1.9562686496151714e-07
689 1.9676953511295009e-07
690 1.9130657968830293e-07
691 1.9006675156494202e-07
692 1.941144150626637e-07
693 1.9808190866101045e-07
694 1.961209371654024e-07
695 1.9223677641723296e-07
696 1.9365547986170632e-07
697 1.9614811403153033e-07
698 1.9646516593657608e-07
699 1.9378084298823666e-07
700 1.932378220037337e-07
701 1.8905538599339176e-07
702 1.9524176471165822e-07
703 2.0074888793973475e-07
704 1.9598311457440468e-07
705 2.0196748960042896e-07
706 1.875388621762123e-07
707 1.9578987243095747e-07
708 1.943937382420231e-07
709 1.9834947680362955e-07
710 1.8831314952531558e-07
711 2.003278869861465e-07
712 1.9568200430491985e-07
713 1.9424245416705825e-07
714 1.8979070260940152e-07
715 1.9557964477271673e-07
716 1.9448461736305828e-07
717 1.9020380295048934e-07
718 1.9221534106230872e-07
719 1.92729010054843e-07
720 1.9492860111057464e-07
721 2.0030232470211723e-07
722 1.892291082830585e-07
723 1.9239213054623857e-07
724 1.8394591062719427e-07
725 1.9241231589726816e-07
726 1.9024414280279835e-07
727 1.8956690665209437e-07
728 1.8996122367801237e-07
729 1.9324155086782336e-07
730 1.9363166978680415e-07
731 1.937935736822173e-07
732 1.9534220675173307e-07
733 1.9977300363000032e-07
734 1.9263154368115307e-07
735 1.9722840152087846e-07
736 1.9828218057957694e-07
737 1.9437338310929976e-07
738 1.9180936513133529e-07
739 1.9013802984431112e-07
740 1.9715452748902065e-07
741 1.9231323329964985e-07
742 1.9833156438045412e-07
743 1.9807558826784311e-07
744 1.941861711527623e-07
745 1.8899101822488223e-07
746 1.98427840726493e-07
747 1.9572952123803603e-07
748 1.935465240622798e-07
749 1.956818666910928e-07
750 1.9171356071092532e-07
751 1.9359383775283028e-07
752 1.9272217657749505e-07
753 1.9317030976976142e-07
754 1.9477469244705273e-07
755 1.9915170206952802e-07
756 1.9803381951964457e-07
757 1.9195883761442547e-07
758 1.922496004979321e-07
759 1.908415918416877e-07
760 1.9773240033625896e-07
761 1.8325324772158533e-07
762 1.9585200310687662e-07
763 1.9179910783195653e-07
764 1.9686772359860564e-07
765 1.9261041925776972e-07
766 1.913525530567141e-07
767 1.957427581802879e-07
768 1.891451660184552e-07
769 1.953812284107845e-07
770 1.9392295536456171e-07
771 1.933282220978493e-07
772 1.930186011085988e-07
773 1.8904531425018297e-07
774 1.8891936072746833e-07
775 1.908868266682888e-07
776 1.958599130573056e-07
777 2.0422166499439628e-07
778 1.9379968941686582e-07
779 1.896489606009141e-07
780 1.9478207794421965e-07
781 1.9137396161178084e-07
782 1.9512493196105264e-07
783 1.9222582403422152e-07
784 1.9706035982672602e-07
785 1.9414039305149903e-07
786 2.002456219622004e-07
787 1.9175874779823506e-07
788 1.999948542977093e-07
789 1.9462396684760723e-07
790 1.9409569249029413e-07
791 1.9189182687256182e-07
792 1.8835524518863324e-07
793 1.9446435049786695e-07
794 1.9285748293223683e-07
795 1.9423458092434353e-07
796 1.8882021025775476e-07
797 1.9094405360227814e-07
798 1.963855519945984e-07
799 1.8359698121245168e-07
800 1.9118836830956861e-07
801 1.9258477780560918e-07
802 1.931846116393533e-07
803 1.975445663274364e-07
804 1.9262082371873602e-07
805 2.0083697578930038e-07
806 1.9414320862501236e-07
807 1.8808884631904328e-07
808 1.8949744929028876e-07
809 1.9405956119499426e-07
810 1.910036099287225e-07
811 1.8916137759263393e-07
812 1.882204569865532e-07
813 1.995317501870254e-07
814 1.9346095626624248e-07
815 1.8737291373248124e-07
816 1.9440111366064283e-07
817 1.9096799662259797e-07
818 1.9426707250685914e-07
819 1.9100668772105063e-07
820 1.9512515339740808e-07
821 1.9480668927438054e-07
822 1.9199418315228757e-07
823 1.9622235818933232e-07
824 1.9247214337057442e-07
825 1.951188064248962e-07
826 1.9778427102118816e-07
827 1.9696384486639658e-07
828 1.9550139126918454e-07
829 1.9284955112544804e-07
830 1.9292483913624976e-07
831 1.9689051106002704e-07
832 1.9014743350174468e-07
833 1.9388091669835278e-07
834 1.8773619816043753e-07
835 1.921329583903603e-07
836 1.974948328030596e-07
837 1.886618679422439e-07
838 1.9283442637266774e-07
839 1.9704292801582025e-07
840 1.9700217400878556e-07
841 1.994791622624635e-07
842 1.9118573861132425e-07
843 2.00260263270108e-07
844 1.9668688456706153e-07
845 1.9227706800015075e-07
846 1.9628050027576721e-07
847 1.9583649352008304e-07
848 1.9447972615991444e-07
849 1.9678887114861816e-07
850 1.9366924741590168e-07
851 1.9277955053990949e-07
852 1.8916528627600263e-07
853 1.983834315127744e-07
854 1.918555681767364e-07
855 1.9559389386043127e-07
856 1.97923891583674e-07
857 2.0209089600644348e-07
858 1.9129704747037058e-07
859 1.9414491494936798e-07
860 1.9533152286303322e-07
861 1.9214288630628096e-07
862 1.9971115088892486e-07
863 1.947898407590024e-07
864 2.0259139731159632e-07
865 1.9409096190068304e-07
866 1.955400964727857e-07
867 1.90586343444677e-07
868 1.917160337733874e-07
869 1.8965455847994734e-07
870 1.9521979181496836e-07
871 2.007469905167741e-07
872 1.8848788550471368e-07
873 1.9617585545717492e-07
874 1.9007576832856336e-07
875 1.916954281825965e-07
876 1.914332759138099e-07
877 1.9288513385372242e-07
878 1.9290392047174343e-07
879 1.9141508640696714e-07
880 1.9683896643497573e-07
881 1.959093662251705e-07
882 2.0033582111042513e-07
883 1.97697051901471e-07
884 1.8798635835902527e-07
885 1.912700131187153e-07
886 1.8860860335562986e-07
887 1.8776597432889344e-07
888 1.9202840350218493e-07
889 1.9809880633805627e-07
890 2.0114065062412695e-07
891 1.8678467388946315e-07
892 1.9148632577018465e-07
893 1.9157149088434342e-07
894 1.9490431371589502e-07
895 1.9145186516513778e-07
896 1.930120292574886e-07
897 1.9301128944881647e-07
898 1.9709851404251515e-07
899 1.8977316811267626e-07
900 1.8755291147664387e-07
901 1.9233625424915853e-07
902 1.9091843196001784e-07
903 1.9636064151296566e-07
904 1.9810017400950467e-07
905 1.926229578389353e-07
906 1.9879608876671014e-07
907 1.8880386957459573e-07
908 1.9802127968358452e-07
909 1.990359851728504e-07
910 1.9442965664241406e-07
911 1.9766529265642077e-07
912 1.8920925161233051e-07
913 1.9381354054430733e-07
914 1.924073923911385e-07
915 2.0007874085651877e-07
916 1.8957675769335933e-07
917 1.9563277695017482e-07
918 1.9069252027986774e-07
919 1.920731319695254e-07
920 2.008003314149515e-07
921 1.8786565067687604e-07
922 2.020696197720562e-07
923 1.9956871384179365e-07
924 1.9338040927547105e-07
925 1.949291897149533e-07
926 1.8972907331902907e-07
927 1.9356228905516078e-07
928 1.8873212907922438e-07
929 1.9023681735979197e-07
930 1.843130174992006e-07
931 1.9539496903952195e-07
932 1.9533457938948942e-07
933 2.003043697173942e-07
934 1.897530962499413e-07
935 1.9586428937938998e-07
936 1.9410720264116693e-07
937 1.9779397257473206e-07
938 1.9687231673664552e-07
939 1.9011838830284317e-07
940 1.9312362981945113e-07
941 1.9762432827974274e-07
942 1.9156824388748054e-07
943 1.921504402484791e-07
944 1.8899629482267875e-07
945 1.9409437447731746e-07
946 1.976746093014139e-07
947 1.8863513643349318e-07
948 1.931232054425476e-07
949 1.9540563417585782e-07
950 1.886270421044803e-07
951 1.883305437934423e-07
952 1.9530358825438493e-07
953 1.9312639611711103e-07
954 1.9352653620180358e-07
955 1.9267846091483487e-07
956 1.9617421774088382e-07
957 1.8329598184263e-07
958 1.9623672989308953e-07
959 1.9284843485161984e-07
960 1.9187750904429698e-07
961 1.9289647466839765e-07
962 1.9678184889244982e-07
963 1.8849321332620146e-07
964 1.899216790585281e-07
965 1.951656171432738e-07
966 1.9299450438862283e-07
967 1.9523265062401908e-07
968 1.9631225527417016e-07
969 1.9483587680380903e-07
970 1.8621286510927415e-07
971 1.9205672992752464e-07
972 1.915299187949719e-07
973 1.9091988710619496e-07
974 1.9771829940885634e-07
975 1.933738474748318e-07
976 1.900178983392194e-07
977 1.95942583242492e-07
978 1.9431113891092464e-07
979 1.9562523130746398e-07
980 1.902750789790802e-07
981 1.9072308781692297e-07
982 1.955197218936324e-07
983 2.0008017418118683e-07
984 1.975983191587282e-07
985 1.9626180216242527e-07
986 1.899498894411785e-07
987 1.889025958785348e-07
988 1.9471342611014971e-07
989 1.9628395444325288e-07
990 1.9286593185549845e-07
991 1.97564061556091e-07
992 2.0189793138145352e-07
993 1.954663473003055e-07
994 1.9864303901930634e-07
995 1.9157254921311894e-07
996 1.923201090580297e-07
997 1.9844063116561658e-07
998 1.8982672511879706e-07
999 1.9087983696918604e-07
