0 1.9556421719646364e-07
1 1.9984137309277398e-07
2 1.9806009784956634e-07
3 1.9786831088333294e-07
4 2.000985756409163e-07
5 1.9728323599918088e-07
6 1.950911275690041e-07
7 1.9730455203566636e-07
8 1.9865029994379457e-07
9 1.9949528533918333e-07
10 1.9831008320164442e-07
11 1.9574996622792407e-07
12 1.9765378728430015e-07
13 1.9761658566094483e-07
14 1.987521983478409e-07
15 2.005262724015837e-07
16 1.9453996418039247e-07
17 2.0337969014735107e-07
18 1.962064613696899e-07
19 2.0204668050687755e-07
20 1.9420296427833003e-07
21 1.9861912313964398e-07
22 1.9936549381107317e-07
23 2.0157772882772692e-07
24 2.0086746157851133e-07
25 2.0270799555594452e-07
26 1.967699188326571e-07
27 2.0643530868054702e-07
28 1.968697459348475e-07
29 2.006838291611904e-07
30 1.94650411858401e-07
31 2.012578840225985e-07
32 1.9995177579681564e-07
33 2.0508167303643675e-07
34 1.9748422306281023e-07
35 1.9917064298610734e-07
36 2.0377231644814717e-07
37 2.0233181423607282e-07
38 1.9732741582831122e-07
39 1.97482941472635e-07
40 1.9372301951002806e-07
41 1.9370146265380613e-07
42 2.0297741214399702e-07
43 2.0701426491119904e-07
44 2.0243023416865574e-07
45 1.9494678809905648e-07
46 2.0098801609910214e-07
47 2.0012010538278775e-07
48 1.9691042967726523e-07
49 1.988145371916722e-07
50 1.906714410552113e-07
51 1.9658306083544346e-07
52 2.0042779942918846e-07
53 1.9604172676239288e-07
54 1.988212925393099e-07
55 1.9921870155245472e-07
56 1.95082142495344e-07
57 1.9518065184034034e-07
58 2.0157994283348152e-07
59 1.9321064554451815e-07
60 1.9632204916144776e-07
61 1.9776148318237718e-07
62 2.0384892819263934e-07
63 1.9349667475944652e-07
64 1.9253397546917415e-07
65 1.9601436201797874e-07
66 1.950041299714007e-07
67 2.0478363833570383e-07
68 1.992124267906371e-07
69 2.0300250982183539e-07
70 2.068768043282472e-07
71 2.0170770717581796e-07
72 1.9813430191207544e-07
73 2.0267004005843634e-07
74 2.0412138839234808e-07
75 1.9777159749060095e-07
76 2.0058045820094822e-07
77 1.9154207863849563e-07
78 1.9854516366960505e-07
79 1.985036674650771e-07
80 2.0110819014228245e-07
81 2.0176371506728134e-07
82 2.0039031837847843e-07
83 2.0586871221127992e-07
84 1.9407966106067267e-07
85 2.0252928483805313e-07
86 2.0418200092265178e-07
87 2.0516477562798269e-07
88 1.9391794850585104e-07
89 2.0329776947505568e-07
90 1.985426678728855e-07
91 1.9669873796064945e-07
92 2.0336648011279032e-07
93 1.9873496642101886e-07
94 1.943237278385474e-07
95 1.966946420730418e-07
96 2.0465368063074425e-07
97 2.0400294975329054e-07
98 2.050849067455397e-07
99 2.0091855722896442e-07
100 1.96353515413031e-07
101 1.9655827682186874e-07
102 2.063966862042152e-07
103 2.0228651216211387e-07
104 1.9788703602699965e-07
105 2.042936185134342e-07
106 2.0196202672280152e-07
107 2.032609245173738e-07
108 2.020513743853607e-07
109 1.9921659303611776e-07
110 2.011780429955201e-07
111 1.9978975780693603e-07
112 1.9661158577307524e-07
113 1.9827947186961774e-07
114 2.0087688895975664e-07
115 1.9454475445145446e-07
116 2.0133286407410917e-07
117 2.0131467031392962e-07
118 1.9760331551511552e-07
119 1.9854269532892424e-07
120 2.042766032795264e-07
121 2.01611688582994e-07
122 1.9953960684418938e-07
123 2.003847583065517e-07
124 2.0141224656072173e-07
125 2.001534743710478e-07
126 1.997563962358794e-07
127 1.9889120998064016e-07
128 2.00135446484793e-07
129 1.9662290602581203e-07
130 2.0173096123642925e-07
131 1.9799305426918673e-07
132 2.0232017790652564e-07
133 2.0200615033728834e-07
134 1.9504438342166568e-07
135 1.974127546503188e-07
136 2.0026527972808827e-07
137 2.0026537539699977e-07
138 1.9870991282782206e-07
139 1.9811934702906767e-07
140 1.9665643096445814e-07
141 1.9522504700060398e-07
142 2.0286705677308327e-07
143 2.0435989762123385e-07
144 1.9978682523140259e-07
145 1.9879243546608344e-07
146 1.9583340681197218e-07
147 1.98690824116466e-07
148 1.9716945504352213e-07
149 2.024105374108052e-07
150 2.0087814472037113e-07
151 1.987909352844055e-07
152 1.999141742009061e-07
153 1.9504557157546896e-07
154 1.9433819720109947e-07
155 2.0458245686208841e-07
156 1.9800331741473554e-07
157 2.033249716799047e-07
158 2.0016591144441128e-07
159 1.9919559514099149e-07
160 1.9588629786828e-07
161 2.0411004739924554e-07
162 1.9594733778741359e-07
163 1.9996822063179323e-07
164 2.0497186577781922e-07
165 1.9496328710121197e-07
166 1.9817360906369873e-07
167 1.9747045101726812e-07
168 2.0356722956929788e-07
169 1.9995672482771242e-07
170 2.038186490985141e-07
171 1.99854503491661e-07
172 2.005424759319589e-07
173 1.9810508030637082e-07
174 1.9754592901663024e-07
175 2.0239400014847697e-07
176 1.9506519384903157e-07
177 2.0331799486703216e-07
178 1.9725018387653238e-07
179 1.985435227938385e-07
180 1.995144498394949e-07
181 2.0204409517702208e-07
182 2.0805212488658154e-07
183 1.9612178431297685e-07
184 2.0261274587581027e-07
185 2.0183314739242413e-07
186 1.9234823180207896e-07
187 1.903423140229035e-07
188 1.9574277012550902e-07
189 2.0316920214462355e-07
190 1.9939495906062533e-07
191 2.0320219473800322e-07
192 2.0035618355445414e-07
193 1.9934800005844508e-07
194 1.9473366796581652e-07
195 1.9894745337711158e-07
196 1.9838500923135516e-07
197 2.026816678328061e-07
198 2.0113521143078333e-07
199 1.9954239711023108e-07
200 2.0075008693088626e-07
201 2.0452467103949504e-07
202 2.0125471104013297e-07
203 1.9809856939852286e-07
204 1.9201122788624434e-07
205 1.9552544384684416e-07
206 1.9912138083733474e-07
207 1.9381817859132064e-07
208 2.00344001898458e-07
209 2.0492378132464959e-07
210 1.985588176149676e-07
211 2.002987236500236e-07
212 1.951338701453722e-07
213 1.9894266343665645e-07
214 1.9278940830267223e-07
215 1.9867544666647596e-07
216 1.9892942785320536e-07
217 2.0664476471485433e-07
218 1.9944846313800267e-07
219 2.009463700338534e-07
220 1.9893088529552675e-07
221 2.0163619153095998e-07
222 1.94174936153206e-07
223 1.9241493961073517e-07
224 2.051684383267832e-07
225 1.9650833475661106e-07
226 1.9743262985154263e-07
227 1.9924926864957809e-07
228 2.0628035878148638e-07
229 2.024123936724651e-07
230 1.9925777507106302e-07
231 2.0225750072883185e-07
232 2.0138652046166084e-07
233 2.0419105018277626e-07
234 2.0098467394623827e-07
235 1.966351238363566e-07
236 1.9869865387794262e-07
237 1.9662950537324932e-07
238 2.0298817790322458e-07
239 2.037075896105422e-07
240 2.0284522899725336e-07
241 2.011804655774983e-07
242 1.9806239197608692e-07
243 1.937766801853146e-07
244 2.02494513833187e-07
245 1.930958388893629e-07
246 1.932843795017054e-07
247 1.9776137565937569e-07
248 1.9688829154657343e-07
249 1.912610228654933e-07
250 1.98555568497452e-07
251 1.937046226979451e-07
252 1.9723060276299125e-07
253 1.9988886633954611e-07
254 1.9728174876576375e-07
255 1.943869036511947e-07
256 2.0404358200458898e-07
257 2.0042458547141007e-07
258 1.9486003099314032e-07
259 1.984643278415165e-07
260 1.9677859526612187e-07
261 1.963545468002465e-07
262 2.0153418093283008e-07
263 1.9709446254935546e-07
264 1.9898686331047938e-07
265 2.0021833028958392e-07
266 1.9263712769641007e-07
267 2.0206365497490156e-07
268 2.047594756972946e-07
269 1.965600939053012e-07
270 1.9862818904238057e-07
271 1.9430072406222332e-07
272 2.0068497003805367e-07
273 1.98833507127323e-07
274 1.9415101944853695e-07
275 2.0451148712026443e-07
276 1.983461271809303e-07
277 1.973272073253234e-07
278 2.0167748393075738e-07
279 1.9406711932769168e-07
280 2.006806226441439e-07
281 2.013911874961921e-07
282 1.977685074265335e-07
283 2.060962040830158e-07
284 1.935266202938387e-07
285 2.0112777285726102e-07
286 1.970948431871538e-07
287 1.9696387163771668e-07
288 2.0302631692869377e-07
289 1.9684649362525662e-07
290 2.0119739475514292e-07
291 2.0335876473660553e-07
292 1.9880517748433393e-07
293 1.9874235689152996e-07
294 1.9647551178460081e-07
295 2.0034999858338207e-07
296 1.931534092297078e-07
297 2.0235895763823318e-07
298 2.043244545892392e-07
299 2.0211513364999039e-07
300 1.9987336399956743e-07
301 1.9937294387748714e-07
302 1.962245903350752e-07
303 1.9435426221444105e-07
304 1.963065661320307e-07
305 1.9801625341865708e-07
306 2.0214990254115202e-07
307 2.0000591506134452e-07
308 1.9886090300751711e-07
309 1.967425501366575e-07
310 2.078057621730574e-07
311 1.9845767264686156e-07
312 2.0108874869652252e-07
313 1.9886519724115303e-07
314 2.0514628261100422e-07
315 2.0528009314471112e-07
316 2.0139871666571812e-07
317 2.0264485461477093e-07
318 2.0234188481678662e-07
319 2.070305690165118e-07
320 1.9470235379895067e-07
321 2.0154578360088065e-07
322 2.031935562697964e-07
323 1.982106281553252e-07
324 2.0275442015803298e-07
325 2.0477684125805167e-07
326 1.9754066179119013e-07
327 1.994516029722945e-07
328 2.0723445914598026e-07
329 2.0132423261128844e-07
330 1.9978311358421294e-07
331 1.971256810539992e-07
332 1.9595467429399647e-07
333 2.0283804014482743e-07
334 2.0604426016394072e-07
335 2.0066431075961085e-07
336 1.9751568098423443e-07
337 1.9696391766903004e-07
338 2.0519894611841714e-07
339 2.0217826197069885e-07
340 1.959887091113e-07
341 1.928058484285026e-07
342 2.0006939107440317e-07
343 1.963057062195422e-07
344 2.0053480417089032e-07
345 1.9823989948992172e-07
346 2.06382950166986e-07
347 1.9833279239304837e-07
348 2.0644238256357072e-07
349 2.0276977448278952e-07
350 1.9288298434361685e-07
351 1.986177600591445e-07
352 2.0277824436583809e-07
353 1.9557820267328325e-07
354 1.9860675283404378e-07
355 1.9830484804642072e-07
356 1.990357599370371e-07
357 1.945912882645843e-07
358 1.9983988902355852e-07
359 1.9747236111751624e-07
360 1.9684359541686443e-07
361 1.981046356244975e-07
362 1.968641419620912e-07
363 1.9834567539512494e-07
364 1.998072677300952e-07
365 2.01132102821632e-07
366 1.99708635466335e-07
367 1.9896532680042157e-07
368 1.9526222533778095e-07
369 1.9880805810189723e-07
370 1.9786200857730553e-07
371 1.99599577768992e-07
372 2.0135712206832934e-07
373 2.0807860425333915e-07
374 1.9809976336222524e-07
375 1.9821003650224813e-07
376 1.97169462140521e-07
377 2.0505287384409172e-07
378 1.9687603681549335e-07
379 1.9956074365498555e-07
380 2.000718886389474e-07
381 2.0092813707689509e-07
382 1.9957749144628678e-07
383 1.9341065079442107e-07
384 1.9581261771517628e-07
385 1.984896178826389e-07
386 1.9569808966637688e-07
387 1.9800286488400738e-07
388 1.9616657375597616e-07
389 1.9997409429688808e-07
390 2.0517038101771086e-07
391 1.9583681075038554e-07
392 2.0244417719926465e-07
393 1.9777208623728686e-07
394 1.9521387137267364e-07
395 1.9986651012346603e-07
396 1.9387926581497e-07
397 2.0161890801581705e-07
398 2.072842207296476e-07
399 1.9700753086942972e-07
400 2.008534896436977e-07
401 1.961444405793372e-07
402 2.0013576717824073e-07
403 1.9985762798186324e-07
404 1.9780783577484806e-07
405 1.9262804271915743e-07
406 2.0837909100441905e-07
407 2.0212897712728072e-07
408 2.0511803687340621e-07
409 1.9864482953671634e-07
410 2.053470004249279e-07
411 1.985137743486108e-07
412 1.9540485333229062e-07
413 1.9520436361939218e-07
414 2.0374130357520852e-07
415 2.027638597874e-07
416 2.052135431789929e-07
417 2.0346549480346858e-07
418 2.0198428548207834e-07
419 1.9411674419152086e-07
420 1.9919575260713305e-07
421 1.9912895808714695e-07
422 2.0374651126187742e-07
423 2.0017732637477642e-07
424 1.9585446558149613e-07
425 1.985140038992381e-07
426 2.0002821964334026e-07
427 2.032171359887432e-07
428 1.9853247283758857e-07
429 1.9922389371808387e-07
430 1.986745533737276e-07
431 2.0152459943479538e-07
432 1.9992555053268507e-07
433 1.980241446623087e-07
434 1.9938609424608248e-07
435 1.973552864926197e-07
436 1.947982346472299e-07
437 2.0230071226300012e-07
438 2.0399605953076882e-07
439 2.0021636270134393e-07
440 1.9927978674314005e-07
441 1.9637764229076588e-07
442 1.9897390433033492e-07
443 1.9757317437732704e-07
444 1.9863166783281948e-07
445 1.9711563205555222e-07
446 1.984974922478906e-07
447 1.957878853935183e-07
448 2.0210848340252465e-07
449 2.0079591198424804e-07
450 2.0377073188899664e-07
451 2.0045566891225958e-07
452 2.0160947780862498e-07
453 1.9985464844713406e-07
454 1.9994027301351892e-07
455 1.971010964886125e-07
456 2.0191678527585487e-07
457 2.0338721566591325e-07
458 1.9705595298152897e-07
459 2.021361573364806e-07
460 2.015091841995599e-07
461 1.9570792227339969e-07
462 1.9901471534235212e-07
463 1.9202403853022966e-07
464 2.0501338814046362e-07
465 1.915567334291634e-07
466 2.0061292834120777e-07
467 2.029686425094411e-07
468 1.9892602047749032e-07
469 2.103050476289919e-07
470 1.98746824299e-07
471 2.0542131141147435e-07
472 1.9847993119041756e-07
473 1.9642675323347465e-07
474 1.9788690932849345e-07
475 2.0040238498698112e-07
476 1.9705008099398973e-07
477 2.0321870959729298e-07
478 1.975490580072182e-07
479 1.988398913873572e-07
480 1.9943018814074405e-07
481 1.9834310815498616e-07
482 1.9962161446102263e-07
483 1.9968087748163075e-07
484 2.0411515315270842e-07
485 1.9282240408913446e-07
486 1.9728958852063696e-07
487 1.9631788956457292e-07
488 1.9444768790787445e-07
489 1.98503250185536e-07
490 2.0216009993504461e-07
491 1.9913793297542306e-07
492 1.9776043527930666e-07
493 2.0291158065264865e-07
494 2.040550210077427e-07
495 1.9793175747382999e-07
496 2.0164082051422429e-07
497 1.9823541742191535e-07
498 2.0203564099038397e-07
499 2.0235157666795407e-07
500 2.0457693992060547e-07
501 1.977524235719092e-07
502 2.0192930481860702e-07
503 1.9835032740741636e-07
504 2.0186381579407635e-07
505 2.0355423093063725e-07
506 2.035581952926338e-07
507 2.032606380083793e-07
508 2.0077598382941677e-07
509 1.9521681883050624e-07
510 1.998687540148137e-07
511 1.9729731146816018e-07
512 1.9681390254417917e-07
513 1.972865859665289e-07
514 2.00846273615446e-07
515 2.0214059544178226e-07
516 2.0219968360946563e-07
517 2.0046083578002e-07
518 1.972747210579209e-07
519 2.0312786664663438e-07
520 1.9692077496367184e-07
521 2.0202099901000685e-07
522 1.9520843318365442e-07
523 2.0038924227260028e-07
524 2.0589157300750915e-07
525 1.9372538655172488e-07
526 1.9995988752615681e-07
527 1.9574561359846714e-07
528 2.0006738743884014e-07
529 2.0233689868918102e-07
530 2.0068223757395816e-07
531 2.0337691192850225e-07
532 2.041725396301788e-07
533 1.9807419988667254e-07
534 1.9950115361047592e-07
535 1.995607836673627e-07
536 1.9576696249131493e-07
537 2.0179823123778842e-07
538 2.0028236860853746e-07
539 2.035039336166271e-07
540 1.9366832686823074e-07
541 2.0194582288292866e-07
542 1.971541474593323e-07
543 1.979785881372661e-07
544 2.0169741870963636e-07
545 2.013821005576992e-07
546 1.962192515980908e-07
547 1.967429467982363e-07
548 1.9478302457119395e-07
549 1.9616687369303286e-07
550 1.9730316606615036e-07
551 1.9959876508382856e-07
552 1.9855181803000447e-07
553 1.975361750451358e-07
554 1.9478352849745235e-07
555 1.9695991586399838e-07
556 1.9359539763685024e-07
557 2.0028621208508856e-07
558 2.013715969130157e-07
559 2.03911102625936e-07
560 2.0368940240530094e-07
561 2.0048921451180092e-07
562 2.0322523609647957e-07
563 2.0261787272749162e-07
564 1.9385764663457146e-07
565 2.008235433371663e-07
566 1.958560130186926e-07
567 1.9716137824720275e-07
568 1.994467569153448e-07
569 1.9488241097112398e-07
570 1.9412262832282112e-07
571 2.0257320538357845e-07
572 2.0418592128506952e-07
573 1.9906488500965948e-07
574 1.9831316955914033e-07
575 1.9655204262407044e-07
576 2.1069876530904497e-07
577 1.97671586729833e-07
578 1.9971366725663668e-07
579 1.9693561381918397e-07
580 2.014895100985326e-07
581 1.9700814154427293e-07
582 2.0040445397742539e-07
583 1.9660271308353592e-07
584 1.970759825457171e-07
585 2.0231169418632326e-07
586 1.9898067638155207e-07
587 1.98407069235657e-07
588 2.0132366466062618e-07
589 1.9646692247949706e-07
590 2.0064380611643335e-07
591 2.021749339947911e-07
592 2.0711844478221869e-07
593 1.9543994887535985e-07
594 2.0199665845561644e-07
595 1.9468267884482192e-07
596 2.0643992050354048e-07
597 1.9741160277699537e-07
598 1.9782865552426245e-07
599 2.0429053106178952e-07
600 1.9796560617799734e-07
601 1.9046817581221172e-07
602 2.0502129761331055e-07
603 2.0280102806024624e-07
604 2.0312399921472937e-07
605 2.014115551325017e-07
606 1.9818730917187443e-07
607 1.971109941440448e-07
608 1.9470425862296264e-07
609 1.9581310848300236e-07
610 1.941278541373283e-07
611 2.075298768954396e-07
612 1.9520684164380728e-07
613 1.9343843974991969e-07
614 1.9827477821870312e-07
615 1.9892425183443833e-07
616 1.974506181612505e-07
617 2.0431299147424883e-07
618 2.0131472118959162e-07
619 1.9395125060719035e-07
620 1.966641901643691e-07
621 2.0160864882775404e-07
622 2.032094501396543e-07
623 2.0578338419946636e-07
624 1.9603115067904893e-07
625 2.036518089535042e-07
626 2.045791832349895e-07
627 2.0320061227086186e-07
628 1.9705649730698794e-07
629 2.0148335845034238e-07
630 1.9555077902045558e-07
631 1.9407967864426152e-07
632 2.0171712388434044e-07
633 1.960996725355385e-07
634 2.0353999847843558e-07
635 2.051220413584448e-07
636 1.9691859345045196e-07
637 1.9462320833155273e-07
638 2.0317921384535897e-07
639 2.0250835047480535e-07
640 2.0200535546111855e-07
641 1.9947498526267093e-07
642 1.9719571854363358e-07
643 1.9738695772576813e-07
644 1.9881647893861993e-07
645 2.0334437358053605e-07
646 1.9674416802350096e-07
647 2.0108017091908454e-07
648 1.9885271286798047e-07
649 1.9934052772486199e-07
650 2.0238074083678464e-07
651 1.9886052207524144e-07
652 2.0056566109399894e-07
653 1.9917061878862001e-07
654 1.9500751475828785e-07
655 1.9672872055656018e-07
656 1.9601474095802805e-07
657 1.979460722501725e-07
658 1.9971343203813807e-07
659 1.972161096249446e-07
660 1.947312363859835e-07
661 1.9562957378768413e-07
662 2.0172298572882332e-07
663 1.9514066110330464e-07
664 1.9894907838812625e-07
665 2.0168005702226533e-07
666 2.001278289796147e-07
667 1.956811915277617e-07
668 1.9429977423889875e-07
669 2.005934448644646e-07
670 2.021455327980262e-07
671 2.0259924386623387e-07
672 2.0236857003913e-07
673 1.9640917885790317e-07
674 2.0414507679281094e-07
675 2.0380217927668226e-07
676 2.0149900905425852e-07
677 2.0611750950051972e-07
678 2.0702857877773962e-07
679 1.99472621736701e-07
680 1.9348726894097963e-07
681 2.0486266809640126e-07
682 1.980026772630703e-07
683 1.97220326779299e-07
684 2.0599735311523984e-07
685 2.033682180306091e-07
686 2.0156091226991103e-07
687 1.9606015236844387e-07
688 2.0230925359093352e-07
689 2.032223209942826e-07
690 1.975858217962467e-07
691 1.9579064672091265e-07
692 1.9809369073023395e-07
693 2.0202027753008955e-07
694 2.0291789769960378e-07
695 1.9885540505349665e-07
696 1.9750182187127546e-07
697 2.0261828623363686e-07
698 2.0101690566666568e-07
699 1.9977306371285484e-07
700 1.9892074437661455e-07
701 1.9606496674338358e-07
702 2.0046743642003613e-07
703 2.038502558935595e-07
704 2.039280411882179e-07
705 2.049898489967196e-07
706 1.9464684696569462e-07
707 2.0163779383654267e-07
708 1.9944247965982849e-07
709 2.0320498575305633e-07
710 1.9561363665647282e-07
711 2.0688002463768864e-07
712 2.0055674802694187e-07
713 2.000904285790495e-07
714 1.9477700574849211e-07
715 2.0075229720285424e-07
716 2.0124836264421506e-07
717 1.9472323425877777e-07
718 1.975319419727531e-07
719 2.007736177703022e-07
720 1.9968592601497422e-07
721 2.055105712332323e-07
722 1.9578972162159823e-07
723 1.9638494592975263e-07
724 1.895617293545506e-07
725 1.9885441564763558e-07
726 1.956303073052296e-07
727 1.9718892666217074e-07
728 1.9607829235148452e-07
729 1.982241627442799e-07
730 1.9887697340450852e-07
731 1.9909329628508303e-07
732 2.0046403052829624e-07
733 2.0641462707046246e-07
734 1.9731305699450594e-07
735 2.0410095438940945e-07
736 2.0171051624486297e-07
737 2.0106905331548022e-07
738 1.9772648675812937e-07
739 1.9649057361584313e-07
740 2.0331178256761596e-07
741 1.976882384180772e-07
742 2.0322916814052052e-07
743 2.0267954604920415e-07
744 2.005116332165218e-07
745 1.9568356288223799e-07
746 2.037598356322852e-07
747 2.0051582061822714e-07
748 1.987577515862563e-07
749 1.998002557181747e-07
750 1.9523902610729195e-07
751 1.986404359338154e-07
752 1.9788838322907216e-07
753 1.9832115965801965e-07
754 1.9924759451817814e-07
755 2.0655517388236463e-07
756 2.0456151411133199e-07
757 1.9673006493691226e-07
758 1.984669861624459e-07
759 1.973022206751686e-07
760 2.0132916883759673e-07
761 1.9004579565084546e-07
762 2.0057908910481947e-07
763 1.954775084402321e-07
764 2.0159654273951816e-07
765 1.9508011565612947e-07
766 1.9855555261924748e-07
767 2.00626752487315e-07
768 1.9656961038106316e-07
769 2.0090061113495283e-07
770 1.9849818935463613e-07
771 1.964920037735632e-07
772 2.0094491228335706e-07
773 1.949180511006117e-07
774 1.9401872350088408e-07
775 1.975766694062635e-07
776 2.0155784859719742e-07
777 2.0964492728865617e-07
778 1.9940347549235114e-07
779 1.9622301492315558e-07
780 1.9942642100935605e-07
781 1.974712374000954e-07
782 1.993849053413273e-07
783 1.975159568199768e-07
784 2.0327053033564804e-07
785 2.0093481716364e-07
786 2.0441126918078842e-07
787 2.002390930557224e-07
788 2.0553470169129431e-07
789 1.9977100420335028e-07
790 2.0079268079675058e-07
791 1.961128910295321e-07
792 1.941927078304199e-07
793 1.9920685720547434e-07
794 1.979382903455717e-07
795 1.9912256170297278e-07
796 1.95801725957971e-07
797 1.955445518647698e-07
798 2.0245979489544471e-07
799 1.898023354918672e-07
800 1.9596689112531103e-07
801 1.9823688741752813e-07
802 1.9657031359087323e-07
803 2.0386825671816486e-07
804 1.9919923665568023e-07
805 2.042457441992879e-07
806 2.006799136401234e-07
807 1.9476653940594222e-07
808 1.9549726717772695e-07
809 1.9803710489608134e-07
810 1.960788739673858e-07
811 1.9599976168177138e-07
812 1.9652493639021852e-07
813 2.0353445979743731e-07
814 1.981992322311797e-07
815 1.9223544506335116e-07
816 1.997176641420559e-07
817 1.9681618761178527e-07
818 1.992655444100035e-07
819 1.9699034251711757e-07
820 2.005688556411238e-07
821 2.0014247845940712e-07
822 1.9762489255110804e-07
823 2.0380180723994824e-07
824 1.970279108222873e-07
825 2.01630807928568e-07
826 2.0050568772935488e-07
827 2.014547969289318e-07
828 2.0097576090912212e-07
829 1.9871316938312626e-07
830 1.9658131748815363e-07
831 2.0173484608736755e-07
832 1.9574933243389962e-07
833 2.0067968353848424e-07
834 1.9465399436195528e-07
835 1.9710455562734385e-07
836 2.014508300059731e-07
837 1.9408760493656034e-07
838 1.9736413462815095e-07
839 2.0243389916874093e-07
840 2.032621471374514e-07
841 2.0385331700048596e-07
842 1.9628949014309875e-07
843 2.0241592553399757e-07
844 2.011208115775928e-07
845 1.9812597505550747e-07
846 2.0267533979651555e-07
847 2.0146942386444695e-07
848 2.002344822100368e-07
849 2.0285223813070037e-07
850 1.992825858422387e-07
851 1.991426646890932e-07
852 1.9523451257543828e-07
853 2.0349844611326272e-07
854 1.984218315485517e-07
855 2.0030577054252599e-07
856 2.0276991152138528e-07
857 2.0579292473909235e-07
858 1.9830430417742721e-07
859 1.9890197238524201e-07
860 2.009894642882722e-07
861 1.973601226567253e-07
862 2.0434387328950388e-07
863 1.981631426745345e-07
864 2.0878146451933388e-07
865 1.9848215598747715e-07
866 1.9863155177131168e-07
867 1.9694567678264662e-07
868 1.9792833496346924e-07
869 1.9512048410628262e-07
870 2.0169600857397648e-07
871 2.072745265835298e-07
872 1.9671282280245653e-07
873 2.0085034659030791e-07
874 1.9574157437536566e-07
875 1.9494938663152503e-07
876 1.9779335672860903e-07
877 1.980422291024664e-07
878 1.9796029310194032e-07
879 1.9705911056432818e-07
880 2.036140382185344e-07
881 2.0163125819470783e-07
882 2.044910388904739e-07
883 2.0179314792471573e-07
884 1.926917850469075e-07
885 1.9655417220387378e-07
886 1.945079807027401e-07
887 1.961383981461586e-07
888 1.9724663223786346e-07
889 2.0216192674450117e-07
890 2.056644182045548e-07
891 1.9132712534031783e-07
892 1.9606178243086647e-07
893 1.9625419752532452e-07
894 1.985500535619916e-07
895 1.9554386688252912e-07
896 1.9816837556009595e-07
897 1.9670556622993048e-07
898 2.0324094382129613e-07
899 1.9519591748727594e-07
900 1.943718271133247e-07
901 1.974563760354585e-07
902 1.9652084837262946e-07
903 2.0317770180898795e-07
904 2.0169760869477453e-07
905 1.9741932953715947e-07
906 2.013021865003285e-07
907 1.9433408078832043e-07
908 2.0184190116215787e-07
909 2.0265219639554043e-07
910 1.970213472650667e-07
911 2.036628850282578e-07
912 1.960037547795239e-07
913 1.98799424196911e-07
914 1.9621140228884177e-07
915 2.04786627020262e-07
916 1.9350533254750452e-07
917 1.9960554261014758e-07
918 1.9492557273136765e-07
919 1.9861071983233358e-07
920 2.07610439207235e-07
921 1.9445706808061997e-07
922 2.060397320150592e-07
923 2.0255878221968793e-07
924 1.9836128850634274e-07
925 2.0098288021116995e-07
926 1.9453419230269828e-07
927 1.9958626178773383e-07
928 1.9593316968381533e-07
929 1.9896281881915792e-07
930 1.9143270730581734e-07
931 2.0188725012006744e-07
932 2.008179347499699e-07
933 2.0399605166420636e-07
934 1.9525557926166745e-07
935 2.0048461729186918e-07
936 1.9677297956228407e-07
937 2.0293699859329457e-07
938 2.0317277480120507e-07
939 1.9500114883263545e-07
940 1.9976677797007743e-07
941 2.022759577953993e-07
942 2.0044260871389967e-07
943 1.9699815725108694e-07
944 1.96221734386838e-07
945 1.9798348471304296e-07
946 2.05510975483615e-07
947 1.9453215065335087e-07
948 1.9811377286972357e-07
949 1.9939855172103167e-07
950 1.9481053176406753e-07
951 1.947912634883212e-07
952 1.9997883959572062e-07
953 1.978711935230782e-07
954 2.0198030616559508e-07
955 1.9813354739060518e-07
956 2.0242613558478858e-07
957 1.897057000376491e-07
958 2.0241896006293023e-07
959 1.9738943232444769e-07
960 1.986020336519359e-07
961 1.9907824743354108e-07
962 2.0160923115671217e-07
963 1.957507326306775e-07
964 1.974831134131277e-07
965 2.0084280154814243e-07
966 1.9791144474828685e-07
967 1.981829389042359e-07
968 2.0156406609061444e-07
969 2.010695526515729e-07
970 1.9314339958828226e-07
971 1.9812032969285954e-07
972 1.978253576795003e-07
973 1.960759960122933e-07
974 2.028350487857576e-07
975 1.972390541478093e-07
976 1.957340955342094e-07
977 2.0057787459569032e-07
978 1.989632717594956e-07
979 2.001439104381185e-07
980 1.9449300339681435e-07
981 1.9732053623483852e-07
982 2.006428840664142e-07
983 2.068150331716806e-07
984 2.0078768307452678e-07
985 2.013114351182042e-07
986 1.9604901416762568e-07
987 1.9576306421837724e-07
988 1.9830117213658916e-07
989 2.0284690839991356e-07
990 1.984107802929935e-07
991 2.038671887129738e-07
992 2.0814270188024645e-07
993 2.0023851745666415e-07
994 2.0381049418427367e-07
995 1.9581233964610097e-07
996 1.9832328906144127e-07
997 2.0294280143832866e-07
998 1.9623858192080206e-07
999 1.9699289404477343e-07
