0 1.9163413765829492e-07
1 1.957677402424313e-07
2 1.9269901601986295e-07
3 1.931520054960993e-07
4 1.9738604451816954e-07
5 1.9244889475419625e-07
6 1.914950505690184e-07
7 1.928583369517912e-07
8 1.9287156212004295e-07
9 1.9464750989760476e-07
10 1.953842438878632e-07
11 1.9560966766386297e-07
12 1.9200535307810394e-07
13 1.9638310648932268e-07
14 1.9200317535528487e-07
15 1.9708422072664272e-07
16 1.9159560550723092e-07
17 1.9821374479349914e-07
18 1.9388385475590805e-07
19 1.977166575203277e-07
20 1.8961845844390365e-07
21 1.946856776213144e-07
22 1.964148520967669e-07
23 1.985925031652604e-07
24 1.9660823644006656e-07
25 1.991481992431914e-07
26 1.9600365521375856e-07
27 2.0167578113095602e-07
28 1.9475844530130595e-07
29 1.9573343548449206e-07
30 1.9257384709320392e-07
31 1.9910268203069615e-07
32 1.9498938546780787e-07
33 2.0130753505171832e-07
34 1.9342239114573934e-07
35 1.9542344128856033e-07
36 1.986230779055055e-07
37 1.9732975866744198e-07
38 1.933542359164612e-07
39 1.9559068051842077e-07
40 1.9133994335425684e-07
41 1.9058637273101967e-07
42 1.962042359374481e-07
43 2.02057287147541e-07
44 1.9778943207679005e-07
45 1.9239296175884936e-07
46 1.9444787160538822e-07
47 1.9525865711878453e-07
48 1.916948630755214e-07
49 1.9410185484672682e-07
50 1.893862436254253e-07
51 1.9317966419815736e-07
52 1.9454397046521145e-07
53 1.933751114724101e-07
54 1.9679780708881736e-07
55 1.9634588111805246e-07
56 1.9186388913892825e-07
57 1.9288697032527698e-07
58 1.9745313783574007e-07
59 1.9025798878392655e-07
60 1.904087881635835e-07
61 1.9415482012324212e-07
62 2.007159409998086e-07
63 1.8917939110482908e-07
64 1.90195589189665e-07
65 1.9262346690187202e-07
66 1.906263693098429e-07
67 1.9908534691897852e-07
68 1.9511546322686994e-07
69 1.9843544666566685e-07
70 1.9977297341796222e-07
71 1.994017659629429e-07
72 1.9550488768418352e-07
73 1.9999498472662246e-07
74 2.0112467230458857e-07
75 1.9514090102936658e-07
76 1.9593540894007707e-07
77 1.8873522477259468e-07
78 1.9505299592054736e-07
79 1.9462880286816167e-07
80 1.9794931910909156e-07
81 1.969376467198709e-07
82 1.9566067360085103e-07
83 1.9909724657814884e-07
84 1.917091380631318e-07
85 2.0102069119401078e-07
86 2.0099279670370002e-07
87 2.0101343086816147e-07
88 1.9058564607093128e-07
89 1.9897447632733326e-07
90 1.9743204595616864e-07
91 1.9255807741301418e-07
92 1.9947548099012442e-07
93 1.9448079994643133e-07
94 1.9119232876007332e-07
95 1.9151703273881217e-07
96 2.0004820027998134e-07
97 1.9893918127559903e-07
98 1.9958555014815862e-07
99 1.9807218986524926e-07
100 1.9213978144805928e-07
101 1.9246063501224557e-07
102 2.015140413822014e-07
103 1.9681817797473538e-07
104 1.9381024647911924e-07
105 2.014537329347565e-07
106 1.9649472391849533e-07
107 1.9889518019415252e-07
108 1.9576678596280522e-07
109 1.957151143950586e-07
110 1.97945764133781e-07
111 1.9905193795477137e-07
112 1.9174591509882385e-07
113 1.9593322298748178e-07
114 1.9691616338751736e-07
115 1.9160088204850348e-07
116 1.9683080018160144e-07
117 1.9742284632926993e-07
118 1.9501431377392476e-07
119 1.9674667341426826e-07
120 2.001078049207059e-07
121 1.9549531010066693e-07
122 1.9737510143717745e-07
123 1.9673354509917465e-07
124 1.9604669800198965e-07
125 1.9592482276128194e-07
126 1.9565158272864832e-07
127 1.9351175922937866e-07
128 1.9495744145206318e-07
129 1.9362396479825459e-07
130 1.98159644330652e-07
131 1.937339810226593e-07
132 1.9575530623390362e-07
133 1.9663078132174865e-07
134 1.921118886166833e-07
135 1.9399058730718657e-07
136 1.9493319546911017e-07
137 1.957922078789484e-07
138 1.9483467953996747e-07
139 1.9316227507762272e-07
140 1.9404672622725545e-07
141 1.9079437773198978e-07
142 1.978932188543015e-07
143 2.0006164973514284e-07
144 1.9581804012548904e-07
145 1.942912069848171e-07
146 1.91064421622499e-07
147 1.9549405382991827e-07
148 1.9359254265349612e-07
149 1.963349458187522e-07
150 1.9523611849190548e-07
151 1.9586765817738855e-07
152 1.9627786722709308e-07
153 1.9126778763406698e-07
154 1.9357381090199362e-07
155 1.987783011307055e-07
156 1.9417157298840707e-07
157 1.994406739554375e-07
158 1.9982718553463628e-07
159 1.9712899903782356e-07
160 1.918294116941811e-07
161 1.993014781939421e-07
162 1.9284139596678282e-07
163 1.9579997679881391e-07
164 2.009530785066103e-07
165 1.9283387503560364e-07
166 1.9566842911259643e-07
167 1.9333502307631304e-07
168 1.9914338602988787e-07
169 1.9646545677217135e-07
170 1.9950661093925533e-07
171 1.9520378756793459e-07
172 1.953155674232322e-07
173 1.9651961809584168e-07
174 1.9431391701729524e-07
175 1.985290067596077e-07
176 1.9226157894316156e-07
177 2.0034406125903606e-07
178 1.9287306461124394e-07
179 1.9584331561264577e-07
180 1.9583123973898243e-07
181 1.9673296780745041e-07
182 2.029942922964971e-07
183 1.945637187397289e-07
184 2.0013549813382495e-07
185 1.9810693756331492e-07
186 1.8840636979376404e-07
187 1.8797602201639998e-07
188 1.9271848585227932e-07
189 1.9690726172701664e-07
190 1.9672256401816313e-07
191 1.97570968934433e-07
192 1.979886453787827e-07
193 1.968776392344082e-07
194 1.9147521921064244e-07
195 1.9774864638795927e-07
196 1.9652906599621877e-07
197 1.9885402083437804e-07
198 1.97089308293284e-07
199 1.9670094723923644e-07
200 1.9508880206317855e-07
201 1.9887254865648964e-07
202 1.9581528163417584e-07
203 1.932110136951269e-07
204 1.9019202204069394e-07
205 1.930690729629223e-07
206 1.9507070199815865e-07
207 1.9052034287406916e-07
208 1.9565482479965036e-07
209 1.9732031347380733e-07
210 1.9493424634775563e-07
211 1.952536285607954e-07
212 1.9215919908811745e-07
213 1.9474247218016545e-07
214 1.8797407676733228e-07
215 1.9511680048372138e-07
216 1.9366503354206405e-07
217 2.0150590196508765e-07
218 1.9678738680194588e-07
219 1.973537186324129e-07
220 1.9431642695413673e-07
221 1.96587720169493e-07
222 1.9117761758094362e-07
223 1.9069763690193776e-07
224 2.033217550578082e-07
225 1.9063944301510928e-07
226 1.9355636994194368e-07
227 1.9593342343020775e-07
228 2.0055013701183578e-07
229 1.9918129066320264e-07
230 1.9558188007135127e-07
231 1.963449564154958e-07
232 1.9594362732120987e-07
233 1.9805106019869856e-07
234 1.949202095541912e-07
235 1.9174305431237107e-07
236 1.9458058994357417e-07
237 1.930609376613766e-07
238 1.9882050137790128e-07
239 1.9875076852477334e-07
240 2.0050776038347083e-07
241 1.955652904442449e-07
242 1.9643184358487951e-07
243 1.9276070566496515e-07
244 1.978762587731207e-07
245 1.918310060425577e-07
246 1.9099754525704657e-07
247 1.9599384669104656e-07
248 1.9307483571293856e-07
249 1.8539160544773677e-07
250 1.9426872979169658e-07
251 1.892152074889012e-07
252 1.945368093640792e-07
253 1.953054684692761e-07
254 1.945960206737514e-07
255 1.8898791027503998e-07
256 1.9869301159845583e-07
257 1.9750811148227904e-07
258 1.9140253276038778e-07
259 1.9585576271674145e-07
260 1.9310985461749116e-07
261 1.9498610284866073e-07
262 1.9740062873629282e-07
263 1.9418939751454634e-07
264 1.9556623715324912e-07
265 1.9577295792133282e-07
266 1.8940224934265524e-07
267 1.9923713407477624e-07
268 1.9869045553507203e-07
269 1.9404074481611204e-07
270 1.940463539436477e-07
271 1.9044729667599696e-07
272 1.9578965863192542e-07
273 1.955401944157426e-07
274 1.8863561884867504e-07
275 1.990378063578775e-07
276 1.9488695563114872e-07
277 1.9343491481174907e-07
278 1.985715006836642e-07
279 1.921410771459778e-07
280 1.9620301153569697e-07
281 1.9687203140030007e-07
282 1.9489032907740846e-07
283 2.0125850244212683e-07
284 1.9064266978127586e-07
285 1.9550035974848307e-07
286 1.958822093783883e-07
287 1.9305247461083516e-07
288 1.9910139557423662e-07
289 1.945456511955943e-07
290 1.959754060454534e-07
291 1.983150068808916e-07
292 1.9551349311794606e-07
293 1.9643329364334556e-07
294 1.9303305977129902e-07
295 1.9729825603478433e-07
296 1.8897419556749058e-07
297 1.9894742284102482e-07
298 1.9976122291977865e-07
299 1.9736319528629251e-07
300 1.9472924875436603e-07
301 1.9633925452790692e-07
302 1.9313792414820335e-07
303 1.8965916689915405e-07
304 1.9166178918144675e-07
305 1.9588285922303248e-07
306 1.9681278338599952e-07
307 1.9574344926885537e-07
308 1.9725473248240407e-07
309 1.9649871108577072e-07
310 2.0214665589802876e-07
311 1.9515121701717845e-07
312 1.9407862225625336e-07
313 1.958341349064124e-07
314 1.9999911776754205e-07
315 2.0084539331660497e-07
316 1.9598285987296728e-07
317 1.992619479750825e-07
318 1.9664465999014822e-07
319 2.036017546863441e-07
320 1.9117539275256385e-07
321 1.9784840983599647e-07
322 1.9871739091899023e-07
323 1.9376401185091826e-07
324 1.9884418967085939e-07
325 1.9803340115013917e-07
326 1.935500983049711e-07
327 1.959979689206522e-07
328 2.0333059836672139e-07
329 1.983093073259565e-07
330 1.952628580835693e-07
331 1.926808553671779e-07
332 1.9271487233529333e-07
333 1.9793695228128174e-07
334 2.0242021432132784e-07
335 1.9736747338943136e-07
336 1.9524990442142854e-07
337 1.919661608284573e-07
338 1.9960150557849382e-07
339 1.9729243114141966e-07
340 1.907193528766942e-07
341 1.886415061534251e-07
342 1.9543242547563346e-07
343 1.953178309910823e-07
344 1.9557591231874673e-07
345 1.9384516453847328e-07
346 2.017531770265923e-07
347 1.956436727773998e-07
348 2.0055803059739073e-07
349 1.9813532778405725e-07
350 1.8948956918784712e-07
351 1.9422578084468484e-07
352 1.9818251019529548e-07
353 1.9163225790052264e-07
354 1.9530746442012276e-07
355 1.9545836284800007e-07
356 1.975584130377887e-07
357 1.9082644713919464e-07
358 1.9772978008030757e-07
359 1.9357172895339458e-07
360 1.9465157476579574e-07
361 1.9572914702837502e-07
362 1.9467381523200466e-07
363 1.9481661456492528e-07
364 1.970916876731986e-07
365 1.9594434447506616e-07
366 1.937607339078547e-07
367 1.922712406821257e-07
368 1.934620164610051e-07
369 1.9641271173713628e-07
370 1.9496367631887515e-07
371 1.96959494931942e-07
372 1.9611673713355712e-07
373 2.020131071016466e-07
374 1.9420511358912904e-07
375 1.9575567172440192e-07
376 1.9367317642108834e-07
377 1.994402061695855e-07
378 1.9425494008546788e-07
379 1.9680702294682526e-07
380 1.9796162871918397e-07
381 1.9707354072043983e-07
382 1.9530591439671113e-07
383 1.900123161280997e-07
384 1.9256710335683974e-07
385 1.9665666474062114e-07
386 1.9305612862710073e-07
387 1.9543586075083436e-07
388 1.9428503052071197e-07
389 1.9642392997315016e-07
390 1.996559723035956e-07
391 1.9267605888577017e-07
392 1.9536735016015218e-07
393 1.936841216175372e-07
394 1.924624204440818e-07
395 1.9541754985363881e-07
396 1.895687378587925e-07
397 1.9826667144403366e-07
398 2.0228200671269506e-07
399 1.9412376014539996e-07
400 1.9624701915496098e-07
401 1.9362500994039376e-07
402 1.9487330991863186e-07
403 1.944478753033911e-07
404 1.9323004847962844e-07
405 1.9011455796363927e-07
406 2.0226559317178916e-07
407 1.9854995194504575e-07
408 2.0059785580752684e-07
409 1.9438446136706727e-07
410 2.002297897614628e-07
411 1.9590511558267388e-07
412 1.9182245628775977e-07
413 1.9213273447533835e-07
414 2.0088944724419221e-07
415 1.967653917608514e-07
416 2.0177643434241914e-07
417 2.0046119586212533e-07
418 1.9649732008093176e-07
419 1.9206702636643996e-07
420 1.957946835230717e-07
421 1.9545952847896284e-07
422 1.9756741936074937e-07
423 1.9594201496077933e-07
424 1.91287874667531e-07
425 1.938646652427329e-07
426 1.9625339033495594e-07
427 1.9997602969137954e-07
428 1.9341138334014614e-07
429 1.9508581482205412e-07
430 1.9468688512934136e-07
431 1.9787824235172183e-07
432 1.9727076960024574e-07
433 1.9284033051035186e-07
434 1.9245626230578724e-07
435 1.9550757409057617e-07
436 1.9060703934908326e-07
437 1.9745903745520712e-07
438 1.994094085982624e-07
439 1.9632188763855486e-07
440 1.9722838836999696e-07
441 1.9202606891209332e-07
442 1.9570183660516753e-07
443 1.9365535637810277e-07
444 1.9427677229962973e-07
445 1.9599738605936436e-07
446 1.9497215034475712e-07
447 1.910670951949172e-07
448 1.984636736916059e-07
449 1.979843086313834e-07
450 1.9923640561544274e-07
451 1.9643843423039025e-07
452 1.9744143322798517e-07
453 1.960534880782061e-07
454 1.9616114640351478e-07
455 1.9165248991935646e-07
456 1.9658263897397943e-07
457 2.0024511745923692e-07
458 1.926662400907955e-07
459 1.9602933455976515e-07
460 1.964958157220671e-07
461 1.945097405185846e-07
462 1.957403082552311e-07
463 1.894539671786666e-07
464 2.0099251098289365e-07
465 1.867175128935293e-07
466 1.9597136645933089e-07
467 1.9467351772130677e-07
468 1.9322553866320965e-07
469 2.0549889395719174e-07
470 1.953758959126847e-07
471 1.9995431600217158e-07
472 1.9452578836109134e-07
473 1.9394899438918466e-07
474 1.9379225574170505e-07
475 1.9638193219762193e-07
476 1.9381438896282293e-07
477 1.9847287496086854e-07
478 1.918747102355345e-07
479 1.9742139299771706e-07
480 1.9588303661878478e-07
481 1.9392656794971005e-07
482 1.954046787086913e-07
483 1.9722506332770896e-07
484 1.9767056236469906e-07
485 1.8954807849530113e-07
486 1.9185124828290772e-07
487 1.946802810850246e-07
488 1.9033983717963558e-07
489 1.9373385370795938e-07
490 1.972648239665652e-07
491 1.9334040922559149e-07
492 1.9431085522550524e-07
493 1.970763277743538e-07
494 1.9876762006180045e-07
495 1.9178159106423145e-07
496 1.9705160478058065e-07
497 1.94644557867073e-07
498 1.9871988528723814e-07
499 1.975352859799709e-07
500 2.0150060349131708e-07
501 1.9590285763629265e-07
502 1.9715894399547585e-07
503 1.930853519473929e-07
504 1.987370035741843e-07
505 1.979326693721425e-07
506 1.9834731558116463e-07
507 2.0017833501207764e-07
508 1.9535998649586267e-07
509 1.921469433032528e-07
510 1.954338120145935e-07
511 1.9547886231862116e-07
512 1.9501546702491262e-07
513 1.9406310298032023e-07
514 1.9763191970152508e-07
515 1.9987995927071308e-07
516 1.9751536633187316e-07
517 1.961405950501478e-07
518 1.945624472578791e-07
519 1.9830048458678745e-07
520 1.9209744920128856e-07
521 1.984278010293617e-07
522 1.8959538655270935e-07
523 1.987009956391901e-07
524 2.024509888404071e-07
525 1.9219428560814634e-07
526 1.966759652605802e-07
527 1.934684203701088e-07
528 1.9446349652375293e-07
529 1.9685669241524154e-07
530 1.9803629071941519e-07
531 1.992007149649179e-07
532 1.9847409686033188e-07
533 1.935656370901127e-07
534 1.9715498399018883e-07
535 1.9452319428025791e-07
536 1.903422571138962e-07
537 1.9952067413133337e-07
538 1.953573324111024e-07
539 2.001828978113149e-07
540 1.9200343660685813e-07
541 1.9671003724637665e-07
542 1.9320987080179038e-07
543 1.9424470373924386e-07
544 1.9803960910233138e-07
545 1.9577659731526766e-07
546 1.9125451400325892e-07
547 1.927123557382322e-07
548 1.922139669022372e-07
549 1.918359522626274e-07
550 1.9321885604954617e-07
551 1.9630065502624653e-07
552 1.9448637289358308e-07
553 1.9323178717396237e-07
554 1.9299216058339078e-07
555 1.916611552882763e-07
556 1.904754444810234e-07
557 1.9591690892442865e-07
558 1.9847903767368886e-07
559 1.9917610432528743e-07
560 1.9803999891064426e-07
561 1.96980654048173e-07
562 2.0046451157989185e-07
563 1.9784059589820826e-07
564 1.9177774767306198e-07
565 1.9645692368022101e-07
566 1.9160911690489282e-07
567 1.9352864365847247e-07
568 1.9542754721992336e-07
569 1.9234821101761566e-07
570 1.9236103020223776e-07
571 1.9899809419032935e-07
572 1.9803676482385167e-07
573 1.9512322907152376e-07
574 1.9494337439983333e-07
575 1.9331824257229444e-07
576 2.046961716400544e-07
577 1.9645847043333338e-07
578 1.9504023803138365e-07
579 1.9256422963703486e-07
580 1.9608220021060472e-07
581 1.9325395976296956e-07
582 1.9607482770451854e-07
583 1.944805369028147e-07
584 1.9489761321290266e-07
585 1.9677470468783154e-07
586 1.96648502778386e-07
587 1.9446290641889714e-07
588 1.9713353719673432e-07
589 1.9278861143214627e-07
590 1.9577012908219462e-07
591 1.9698552332110834e-07
592 2.0286581243801777e-07
593 1.9169640545686372e-07
594 1.9735115473047524e-07
595 1.932976336346962e-07
596 2.0123975689033124e-07
597 1.9362511910268548e-07
598 1.949070414931571e-07
599 1.9962786158809295e-07
600 1.946420654513149e-07
601 1.868484058972365e-07
602 2.0129594750551866e-07
603 1.9826957574362707e-07
604 1.973650146692052e-07
605 1.9841022509239225e-07
606 1.9682622211704905e-07
607 1.9370809177205318e-07
608 1.9177876805339692e-07
609 1.9205823465430308e-07
610 1.9077318078566525e-07
611 2.0354422586576893e-07
612 1.9293014241051376e-07
613 1.909085468205289e-07
614 1.943628227506777e-07
615 1.9449047334305333e-07
616 1.9582357320283134e-07
617 2.004071480295479e-07
618 1.952484142226487e-07
619 1.9012079040578597e-07
620 1.9324609751549535e-07
621 1.9762476715391176e-07
622 1.9957296303773723e-07
623 2.0354962365095165e-07
624 1.9267100541747076e-07
625 2.0100371267504884e-07
626 2.0043835171577e-07
627 1.9971424698731783e-07
628 1.9261269408081222e-07
629 1.982783503092385e-07
630 1.913149984412778e-07
631 1.900576121598985e-07
632 1.9941254892267332e-07
633 1.9245775662782667e-07
634 1.986147179422174e-07
635 1.9863967255833885e-07
636 1.9162352880270555e-07
637 1.9118782597649926e-07
638 1.9978781832067674e-07
639 1.9884284048734756e-07
640 1.9758911937830023e-07
641 1.957304512887898e-07
642 1.9256833532788596e-07
643 1.9479171057439164e-07
644 1.950258593550609e-07
645 1.9992105425954555e-07
646 1.9335336798894324e-07
647 1.967540059447083e-07
648 1.9682849259164762e-07
649 1.9706500160466027e-07
650 1.987360658829237e-07
651 1.9534906171258303e-07
652 1.9832299882776712e-07
653 1.9424151067237043e-07
654 1.9368826869568153e-07
655 1.919600306400159e-07
656 1.9601673830779836e-07
657 1.9317133384776967e-07
658 1.96188378728386e-07
659 1.9290285429840072e-07
660 1.921691246081817e-07
661 1.9279525397659422e-07
662 1.972552627452068e-07
663 1.9045100706677686e-07
664 1.9431228482869238e-07
665 1.969356047713723e-07
666 1.9533556944588383e-07
667 1.9335864604787853e-07
668 1.9014774507119184e-07
669 1.970953728085831e-07
670 1.9671593942529494e-07
671 1.971675218785643e-07
672 1.970770812977488e-07
673 1.9202400185175532e-07
674 2.0093906333136033e-07
675 1.998323581295456e-07
676 1.9632559166301756e-07
677 1.9908731132040827e-07
678 1.9938689267981908e-07
679 1.9516649040739785e-07
680 1.8983278007187427e-07
681 2.0029790323037393e-07
682 1.9390838924726104e-07
683 1.9599891730190885e-07
684 2.0000300419726374e-07
685 1.976107911984352e-07
686 1.974406577218645e-07
687 1.9393772340987644e-07
688 1.9925064222318298e-07
689 2.0015152337621796e-07
690 1.947816558717228e-07
691 1.9300386667866796e-07
692 1.932041105467752e-07
693 1.9676633570747892e-07
694 2.0011587252651055e-07
695 1.9635426145752011e-07
696 1.9277405320331958e-07
697 1.9942170908092958e-07
698 1.961926753496847e-07
699 1.9641429951298007e-07
700 1.9544221023203423e-07
701 1.9377825016334073e-07
702 1.961823259099105e-07
703 1.9720215992987458e-07
704 2.019297857159352e-07
705 1.9814904619498163e-07
706 1.9309369247695082e-07
707 1.9803750405494869e-07
708 1.9507142218893783e-07
709 1.981510150348868e-07
710 1.9418954905295075e-07
711 2.0326422484321492e-07
712 1.9613946056026066e-07
713 1.9633338480607584e-07
714 1.9106505155152888e-07
715 1.963956243333284e-07
716 1.9852925632051104e-07
717 1.9059265341356228e-07
718 1.9388329382137134e-07
719 1.9959284070891545e-07
720 1.9495725850707233e-07
721 2.0045263278946148e-07
722 1.9347371510348083e-07
723 1.9154067910280937e-07
724 1.8737216861114123e-07
725 1.9624625304412254e-07
726 1.9257708482979398e-07
727 1.9565640786034286e-07
728 1.935107501742009e-07
729 1.9424317805382768e-07
730 1.950282207156774e-07
731 1.953938153139678e-07
732 1.964094834782973e-07
733 2.0279298648867343e-07
734 1.9333182081703293e-07
735 2.0105392492557838e-07
736 1.958175070315672e-07
737 1.9837468178842508e-07
738 1.9474819631376783e-07
739 1.9401937992432085e-07
740 1.9974528341494007e-07
741 1.9410750971292076e-07
742 1.982540295826124e-07
743 1.9788028291568217e-07
744 1.9728538372719827e-07
745 1.940670178504771e-07
746 1.993428301237564e-07
747 1.9607709244450553e-07
748 1.9494295781735233e-07
749 1.9457905312976406e-07
750 1.8996498459269867e-07
751 1.9457488276147735e-07
752 1.9418530896572783e-07
753 1.9461239733796565e-07
754 1.946646133644629e-07
755 2.0367883378072436e-07
756 2.0112272626303081e-07
757 1.9284330433344068e-07
758 1.9570561292849048e-07
759 1.950718890016893e-07
760 1.954748430826785e-07
761 1.8865922230795488e-07
762 1.9580147601163357e-07
763 1.904612163201763e-07
764 1.96806339063849e-07
765 1.8908989838068335e-07
766 1.9691850599170405e-07
767 1.962209974624601e-07
768 1.951994650855505e-07
769 1.9719870051678953e-07
770 1.942229579743842e-07
771 1.908737622578488e-07
772 1.9944264410088422e-07
773 1.920083515497023e-07
774 1.9068688472650569e-07
775 1.9505549821821694e-07
776 1.975245854885996e-07
777 2.0450060518767967e-07
778 1.958234002489545e-07
779 1.9406715975785362e-07
780 1.9503136750074807e-07
781 1.9477431250434895e-07
782 1.947441145938858e-07
783 1.936077264696121e-07
784 1.9988267229230879e-07
785 1.9815700929493756e-07
786 1.9873609637928567e-07
787 1.9917082486786215e-07
788 2.0085806641458254e-07
789 1.9547399230840805e-07
790 1.9800238620086264e-07
791 1.917433787648579e-07
792 1.914206496621618e-07
793 1.9485317810129806e-07
794 1.9408468127013195e-07
795 1.9491526187152098e-07
796 1.9423579071760017e-07
797 1.9125710395043543e-07
798 1.9876799516838396e-07
799 1.878384113697157e-07
800 1.9212123466019998e-07
801 1.9484092854495897e-07
802 1.91313952442393e-07
803 2.0052056271569845e-07
804 1.9640098910741677e-07
805 1.980009916959028e-07
806 1.9785499807487622e-07
807 1.9296246117279057e-07
808 1.929148811698704e-07
809 1.9292569538452593e-07
810 1.926359776808161e-07
811 1.939753278584475e-07
812 1.9608521502385537e-07
813 1.9798213377195056e-07
814 1.937386706829596e-07
815 1.8895846001557155e-07
816 1.9598579216027264e-07
817 1.940700371565582e-07
818 1.9502942063882707e-07
819 1.939437599681002e-07
820 1.9667952311807806e-07
821 1.9621433138120402e-07
822 1.9407611417772256e-07
823 2.0152878490581864e-07
824 1.9268961062732073e-07
825 1.985780445937117e-07
826 1.942861211878451e-07
827 1.965725253964604e-07
828 1.9719481352656877e-07
829 1.9535828117864108e-07
830 1.9155345772364808e-07
831 1.9685908237294676e-07
832 1.926019670011588e-07
833 1.9816088564024717e-07
834 1.9289153873850034e-07
835 1.929776297874519e-07
836 1.9601541390250568e-07
837 1.9103720121042213e-07
838 1.931174959152763e-07
839 1.982280076360101e-07
840 1.999545122417122e-07
841 1.9845972955887725e-07
842 1.9227376192796684e-07
843 1.955121270895732e-07
844 1.9637107464291723e-07
845 1.9522074556337135e-07
846 1.993220155307058e-07
847 1.978160722524975e-07
848 1.9668903900048173e-07
849 1.99103163279549e-07
850 1.9575804220828754e-07
851 1.9633026874474496e-07
852 1.9228939970074874e-07
853 1.9906722226927143e-07
854 1.9581110268548802e-07
855 1.956660202135838e-07
856 1.9797103637752806e-07
857 1.9961778740398787e-07
858 1.9656985773281395e-07
859 1.9446492359879173e-07
860 1.9694407750768043e-07
861 1.9381840989033396e-07
862 1.990800899365251e-07
863 1.9240203352366832e-07
864 2.0422255083651912e-07
865 1.9391370848627182e-07
866 1.9260038017178116e-07
867 1.943856126051675e-07
868 1.949381628446169e-07
869 1.9200200124436075e-07
870 1.984922040099817e-07
871 2.0346903105715e-07
872 1.9604537386206057e-07
873 1.9617257958693642e-07
874 1.9281061738755302e-07
875 1.895456243230274e-07
876 1.950066939166509e-07
877 1.941454946365584e-07
878 1.9400597816901383e-07
879 1.9369629089771396e-07
880 2.0066407486694813e-07
881 1.9743891682738566e-07
882 1.984648534499737e-07
883 1.9632484738284942e-07
884 1.889119406102249e-07
885 1.9278478800940039e-07
886 1.9175769372822216e-07
887 1.9545314124162137e-07
888 1.93585865715335e-07
889 1.9650374826161966e-07
890 2.0047086111592662e-07
891 1.8783177001186396e-07
892 1.9178671009725386e-07
893 1.9226120380371208e-07
894 1.9296916349745794e-07
895 1.9099032579335923e-07
896 1.9450834865574673e-07
897 1.915847230585164e-07
898 1.9962780078943675e-07
899 1.917998349500145e-07
900 1.9217749320465862e-07
901 1.9356868654714223e-07
902 1.9296939906100207e-07
903 2.0014459027192126e-07
904 1.9578180428979179e-07
905 1.9336021114472074e-07
906 1.9448974124368005e-07
907 1.9125529042373206e-07
908 1.96264803360452e-07
909 1.967541743416755e-07
910 1.9106023694362806e-07
911 1.9985112484552976e-07
912 1.9380769631272395e-07
913 1.9438549003128644e-07
914 1.912687759331554e-07
915 1.9943048616056923e-07
916 1.8880469300849873e-07
917 1.9422140884749778e-07
918 1.9067950581705795e-07
919 1.96105400502934e-07
920 2.040068638237455e-07
921 1.9232029323953107e-07
922 2.0036440432828177e-07
923 1.9597075259364797e-07
924 1.9444019969010418e-07
925 1.9754236078691877e-07
926 1.9077167842774069e-07
927 1.9610394319165327e-07
928 1.9450188875797177e-07
929 1.9810207750046523e-07
930 1.9039099683108905e-07
931 1.987474183389692e-07
932 1.9705781546893836e-07
933 1.977725667372308e-07
934 1.921673110652629e-07
935 1.9557830588422037e-07
936 1.9078246685717343e-07
937 1.98290388875965e-07
938 1.9962973115162223e-07
939 1.9141691927636064e-07
940 1.9691875117963275e-07
941 1.9719569981065106e-07
942 2.000463593869947e-07
943 1.9310430383573114e-07
944 1.9450449317144282e-07
945 1.931202368109121e-07
946 2.0289396741749002e-07
947 1.9164492131578897e-07
948 1.9430318442306558e-07
949 1.9440354749432644e-07
950 1.9263050052410244e-07
951 1.926899135938733e-07
952 1.954762339182579e-07
953 1.937992833952765e-07
954 2.0053892366774856e-07
955 1.947635188985276e-07
956 1.9923080989174757e-07
957 1.8837703128905788e-07
958 1.9877357885565175e-07
959 1.93042641044228e-07
960 1.9638121547529944e-07
961 1.962443477113219e-07
962 1.9684650553945437e-07
963 1.943182351990524e-07
964 1.9614660839465033e-07
965 1.9726404584936543e-07
966 1.9377935805330355e-07
967 1.9196352571959531e-07
968 1.973981499615504e-07
969 1.9744893453603647e-07
970 1.915941933889648e-07
971 1.9501946692877997e-07
972 1.9505200411352278e-07
973 1.9271706839281711e-07
974 1.982071292845921e-07
975 1.919473070171538e-07
976 1.9268029498804645e-07
977 1.9583106066384657e-07
978 1.945256953590471e-07
979 1.9535473648200446e-07
980 1.9013622401765761e-07
981 1.948463622687754e-07
982 1.9625020916800276e-07
983 2.0315298185762107e-07
984 1.9462460597608525e-07
985 1.970475284258806e-07
986 1.9341370847967607e-07
987 1.9396518465779336e-07
988 1.9268213955838813e-07
989 1.9976027097335543e-07
990 1.949962436553832e-07
991 2.0069074787393502e-07
992 2.040564459065242e-07
993 1.9548173978971403e-07
994 1.990439654705724e-07
995 1.913201747807298e-07
996 1.951723891100002e-07
997 1.9780598202894246e-07
998 1.937260081961539e-07
999 1.9405585172075512e-07
