0 1.9415849521513401e-07
1 1.361524090756578e-07
2 1.7450518325708132e-07
3 1.7238287454482004e-07
4 2.3392283400887468e-07
5 2.2554358940241944e-07
6 1.783117366302598e-07
7 2.3393282930418382e-07
8 1.506569009456471e-07
9 2.804077185249185e-07
10 2.030139807972139e-07
11 1.6032237518206222e-07
12 1.892390671770294e-07
13 2.1713624504673894e-07
14 1.5561523185167035e-07
15 2.171495603694714e-07
16 2.087180533439331e-07
17 2.1516588060947088e-07
18 1.9915002746966277e-07
19 2.0120806111453693e-07
20 2.5875169647563e-07
21 1.9420947655498943e-07
22 1.905491896037843e-07
23 1.7991337336869945e-07
24 2.399490701221451e-07
25 2.392617259047805e-07
26 2.21899569580494e-07
27 1.7946346338008249e-07
28 1.944844965006155e-07
29 1.984555851882486e-07
30 1.738896918760778e-07
31 2.2983239626116148e-07
32 2.0193188166909947e-07
33 2.1701088179082906e-07
34 1.4720510688302e-07
35 1.3610762136399276e-07
36 1.554979330886844e-07
37 1.984395600243163e-07
38 2.3414597085748277e-07
39 1.419596074131277e-07
40 1.613182927738402e-07
41 2.0361348629879463e-07
42 2.3582432781099315e-07
43 2.2313373999773114e-07
44 2.574811820470962e-07
45 2.1658139912298158e-07
46 1.918454265467277e-07
47 2.3794149567219872e-07
48 1.5115689790714164e-07
49 2.1149445330075274e-07
50 1.536710817013952e-07
51 1.351978059417382e-07
52 1.8288113861648734e-07
53 1.4560734950018072e-07
54 2.098523781332486e-07
55 2.2318747509541922e-07
56 1.6603462833397992e-07
57 2.3441905257570784e-07
58 1.5055800599863176e-07
59 1.8747211706425687e-07
60 2.525527365647705e-07
61 2.0829185426164212e-07
62 1.594332267333905e-07
63 2.61968717467836e-07
64 1.3319301672607646e-07
65 1.9872266758656455e-07
66 1.8650587114994815e-07
67 2.1837009267338643e-07
68 1.4733939805929832e-07
69 2.6708851343768717e-07
70 1.9892094932242755e-07
71 1.7448394133026817e-07
72 1.970908072573307e-07
73 1.8025654482099252e-07
74 1.8340881691698174e-07
75 1.809089550052652e-07
76 1.751956878069489e-07
77 1.7326666141486575e-07
78 2.37221560103172e-07
79 2.1045210008642383e-07
80 2.194682766867193e-07
81 1.9508323694245164e-07
82 2.34774951226518e-07
83 1.8306392052501146e-07
84 1.4931396725900486e-07
85 1.9036768686238635e-07
86 1.5940682322541983e-07
87 1.6436701133216828e-07
88 2.0055015790856573e-07
89 1.715714064897343e-07
90 1.3183893914416954e-07
91 2.2371450260329412e-07
92 2.314519307851041e-07
93 1.8492784443969024e-07
94 2.1752186303820461e-07
95 1.9235879243130835e-07
96 2.3194339715509855e-07
97 1.221976130872719e-07
98 1.905067204126488e-07
99 1.9410099003751847e-07
100 2.532952881172555e-07
101 1.7777759263393168e-07
102 2.2177897957505355e-07
103 2.127933548987446e-07
104 2.0138469987115623e-07
105 1.6856144257107622e-07
106 2.018864658335274e-07
107 1.6073887046745017e-07
108 1.7347021026149469e-07
109 1.5006788032181532e-07
110 1.3732546146245005e-07
111 1.301242669013494e-07
112 1.743946728139655e-07
113 1.4690278426479493e-07
114 1.7411989403822772e-07
115 1.8609276265300913e-07
116 1.896406865123961e-07
117 2.4281851770105864e-07
118 2.1731166126927648e-07
119 2.0354997463327498e-07
120 2.1834102806722975e-07
121 2.1323596619802638e-07
122 2.0688740897477104e-07
123 1.7225682642196334e-07
124 2.3222816235623155e-07
125 2.2605212516102922e-07
126 1.7101820275702344e-07
127 2.252814790011376e-07
128 2.0141931459945e-07
129 1.9378067305911632e-07
130 1.2419917610482161e-07
131 2.4680795837646647e-07
132 2.3958004851842683e-07
133 2.2744534956189265e-07
134 2.3592194456629025e-07
135 2.389221850133183e-07
136 1.9217788730135143e-07
137 1.9426506701805417e-07
138 2.2480373475458792e-07
139 2.0739715490497844e-07
140 1.9209091881351976e-07
141 2.566622482916508e-07
142 2.3867652594232925e-07
143 1.815399128487196e-07
144 1.9788972815496116e-07
145 2.3793785107383074e-07
146 2.2533189335146783e-07
147 1.9500527753538853e-07
148 2.3494777243051309e-07
149 2.6372016740417644e-07
150 2.4305349468701685e-07
151 1.6804446257133497e-07
152 2.2410924357246586e-07
153 2.2319917030973435e-07
154 2.068642018784837e-07
155 1.8962156920112602e-07
156 2.2763812707699654e-07
157 2.164423961953237e-07
158 1.4020674644418951e-07
159 1.668791044846393e-07
160 2.2830367516022088e-07
161 1.620467665403204e-07
162 2.0235815161484534e-07
163 1.768235837253362e-07
164 1.819277284981292e-07
165 2.098768298687779e-07
166 1.4059830527312807e-07
167 1.9664441201001048e-07
168 2.0490557751576887e-07
169 2.202285510890541e-07
170 2.0190198548756037e-07
171 2.3056397389640838e-07
172 1.849328740080595e-07
173 2.0372551170571834e-07
174 1.7784724742261935e-07
175 1.8435045571249168e-07
176 1.8743559457166e-07
177 1.9984255536926475e-07
178 2.212747747034979e-07
179 2.2460624034612825e-07
180 2.1703809321716893e-07
181 2.221902251490852e-07
182 2.223365459170056e-07
183 2.3486219660420525e-07
184 1.4451573237643854e-07
185 2.556463455776933e-07
186 2.3333380984962533e-07
187 2.1008286546555988e-07
188 1.9712273318203918e-07
189 1.8599069681186093e-07
190 1.1608350503442186e-07
191 2.2165574118820595e-07
192 1.8972364509556432e-07
193 1.5973588771327327e-07
194 2.1532932348603663e-07
195 9.489526433234281e-08
196 2.426175683770883e-07
197 2.2521569598392523e-07
198 1.8904610506607084e-07
199 2.2203626605940242e-07
200 2.1072791390959973e-07
201 1.8905272565121235e-07
202 2.2623339772506128e-07
203 2.3827018602847006e-07
204 2.021857092067891e-07
205 1.3701023645742208e-07
206 1.5940905222774635e-07
207 2.6186897795052004e-07
208 1.7235905655022814e-07
209 1.9173020200742705e-07
210 2.0568679819032665e-07
211 1.6894075910445886e-07
212 2.4196082567829637e-07
213 1.372450491734045e-07
214 2.1459319184108267e-07
215 2.084136644016948e-07
216 1.5382518538747885e-07
217 2.3642773946442262e-07
218 2.038319877514325e-07
219 1.8202572435371418e-07
220 1.7867673227085307e-07
221 1.4990774131384993e-07
222 1.8541002677921325e-07
223 1.8058466303678878e-07
224 1.6216858679857825e-07
225 1.9073408339458869e-07
226 1.8187398394695586e-07
227 2.1033132073878616e-07
228 1.8148880601831317e-07
229 1.5181567151574697e-07
230 2.3832475572191514e-07
231 1.8983378369490716e-07
232 1.8228682954094678e-07
233 1.9422919575205618e-07
234 2.5715667329563166e-07
235 2.632290585587624e-07
236 1.7141322953390492e-07
237 1.98353795078769e-07
238 1.7378645934089634e-07
239 2.1250572743164598e-07
240 1.890343856453823e-07
241 2.2056625351982482e-07
242 2.0392321687810639e-07
243 1.9111309884779727e-07
244 2.228859215755179e-07
245 2.541575958172939e-07
246 2.495149180866195e-07
247 1.8736686589500365e-07
248 2.2954813937211403e-07
249 2.549425825445857e-07
250 2.3240282903344653e-07
251 1.8535521699153835e-07
252 1.558479491853319e-07
253 1.6916219550229047e-07
254 1.9215952058879767e-07
255 2.6056352050732155e-07
256 1.995942563717396e-07
257 1.5623429092372782e-07
258 1.7601451494379078e-07
259 1.4865040008068883e-07
260 1.8751272670616232e-07
261 1.1343065705970798e-07
262 2.664546082470923e-07
263 1.7478235241007744e-07
264 1.4932095933085483e-07
265 1.5801819847457264e-07
266 1.9954319235162467e-07
267 1.0191690124124227e-07
268 2.497095686821618e-07
269 1.7630576060738614e-07
270 2.2215452317120922e-07
271 2.270543776058179e-07
272 1.7322395597006407e-07
273 1.4367106170550745e-07
274 1.809138093979688e-07
275 1.6371752752748004e-07
276 2.541891582037675e-07
277 1.8757866110047296e-07
278 1.9961403075957495e-07
279 2.0888502447339453e-07
280 2.3263384302797755e-07
281 2.249712451410737e-07
282 2.2851089820624906e-07
283 2.160455875826541e-07
284 2.0861547426191023e-07
285 1.7089310336627626e-07
286 2.0332831594057435e-07
287 1.9722329570193335e-07
288 2.140708238661081e-07
289 1.0906770477891652e-07
290 1.662453638112123e-07
291 1.772695637787735e-07
292 1.4073327972476684e-07
293 2.172370369921457e-07
294 1.8467637127305232e-07
295 1.243313681797495e-07
296 2.1633335947829697e-07
297 1.6271625225767478e-07
298 1.590103535480732e-07
299 1.266897555771586e-07
300 2.1889733586942048e-07
301 1.5490085024829006e-07
302 2.451661194818979e-07
303 2.4044170522785307e-07
304 2.1536887021088254e-07
305 2.7588719218941334e-07
306 1.826330468668694e-07
307 2.3321072263853969e-07
308 1.6174997296032245e-07
309 1.657893005868547e-07
310 1.5971227694041287e-07
311 2.180848203550219e-07
312 1.5170211284817133e-07
313 2.028959923920681e-07
314 2.3237312788539414e-07
315 1.3396320805259999e-07
316 1.788006771389845e-07
317 1.9594265539669207e-07
318 2.264117288980763e-07
319 1.8282186022184758e-07
320 2.077661283837119e-07
321 1.808996640745928e-07
322 2.6184815070463617e-07
323 1.2562163797025302e-07
324 1.5965206188479046e-07
325 1.6962540572184036e-07
326 2.007939291277738e-07
327 1.8784556581312488e-07
328 1.1179904987823797e-07
329 1.999693314649242e-07
330 1.448040634270214e-07
331 2.427385475958146e-07
332 1.800233904191563e-07
333 1.9409482261233865e-07
334 2.0639271350472137e-07
335 1.6342515841378553e-07
336 1.887221828254124e-07
337 2.054763454428154e-07
338 2.2509776725807196e-07
339 2.3451938247203703e-07
340 1.9527723099848897e-07
341 2.2127294727537697e-07
342 2.150066447367511e-07
343 1.6112523139136448e-07
344 1.6624321674173074e-07
345 1.5383446669715607e-07
346 2.2234984800704113e-07
347 1.6418591709714783e-07
348 2.688698219253689e-07
349 1.8688463655517334e-07
350 1.7378623723819684e-07
351 2.151223759357432e-07
352 2.1851146872611737e-07
353 1.453287716761642e-07
354 1.8198732969758632e-07
355 1.9054913132576069e-07
356 1.3399340412165128e-07
357 2.503140194912193e-07
358 1.1905244089928447e-07
359 1.6546596515669703e-07
360 1.7313474619326227e-07
361 1.6726476632704501e-07
362 2.0801499571255681e-07
363 1.463349302342734e-07
364 1.934327250320274e-07
365 2.141226338298135e-07
366 2.1053813021826326e-07
367 2.2456414487050607e-07
368 1.7533368596639084e-07
369 1.6190321184840592e-07
370 2.0238659564065928e-07
371 1.9051775947635093e-07
372 1.6191027432007428e-07
373 1.8855333482693834e-07
374 1.1748468222140653e-07
375 1.294325020511692e-07
376 1.8298607348129327e-07
377 1.828716143445754e-07
378 2.2939953551482192e-07
379 1.929797026387756e-07
380 1.7765075785713463e-07
381 2.5344366535380485e-07
382 2.022804553848122e-07
383 2.0130897186620508e-07
384 1.3503831563259314e-07
385 1.4789660114245037e-07
386 2.1375929177841655e-07
387 2.0932162890676997e-07
388 1.980664555235774e-07
389 1.5159847502868724e-07
390 1.594015085148026e-07
391 2.229006806666237e-07
392 2.3563303830201715e-07
393 2.3310126550123905e-07
394 2.388355405426807e-07
395 1.7472130169765683e-07
396 2.3524882553406268e-07
397 1.5479729424638395e-07
398 1.8384249263055366e-07
399 2.070101873250476e-07
400 1.74587117046777e-07
401 8.481251402082064e-08
402 1.8668200870856112e-07
403 2.6548545548506597e-07
404 2.0352016768441107e-07
405 2.1125102054292094e-07
406 1.7541247681942136e-07
407 2.1189909661825053e-07
408 1.8877666365437111e-07
409 2.1591812568886677e-07
410 2.1829424247395664e-07
411 1.6794283666489423e-07
412 2.0282850321783257e-07
413 1.4873644392264518e-07
414 1.3785611975574084e-07
415 2.3633600053177613e-07
416 1.9608125181106134e-07
417 1.6419723145195154e-07
418 1.7788503385899792e-07
419 1.96939974767289e-07
420 1.8896735827160146e-07
421 1.6867897142460592e-07
422 2.0143289839335114e-07
423 1.7730511974103264e-07
424 2.3227676625389872e-07
425 1.9054389882856815e-07
426 1.8438896358231972e-07
427 1.7673303431490188e-07
428 2.1822655354543385e-07
429 1.5190098271372382e-07
430 1.2830004248905723e-07
431 1.6405435329221674e-07
432 2.1491659247280195e-07
433 2.812601299894869e-07
434 2.1572432720726274e-07
435 1.7217095007417877e-07
436 2.017099977595844e-07
437 1.3713481743436735e-07
438 1.9517473963832345e-07
439 1.7545625549802195e-07
440 3.385711437085324e-07
441 2.2970429027193434e-07
442 1.9960733766546852e-07
443 2.0576031722843462e-07
444 1.5993065219443534e-07
445 1.3753482136308335e-07
446 2.1846232837107226e-07
447 2.3233550328868566e-07
448 1.8329432466739077e-07
449 2.017754524457932e-07
450 1.8399519543256228e-07
451 1.4822168838272537e-07
452 1.9492253352763769e-07
453 1.840507220523654e-07
454 2.405013706692604e-07
455 2.6457694342836487e-07
456 2.111661847885645e-07
457 1.6421583001694784e-07
458 2.3711799504173871e-07
459 2.5861120813454986e-07
460 1.8620310358263235e-07
461 1.756035705685397e-07
462 1.6450175458601978e-07
463 1.5543599371061667e-07
464 2.0435365975396707e-07
465 2.040184603944279e-07
466 2.0445031629500984e-07
467 1.3858081313094123e-07
468 2.1062065830028863e-07
469 1.7522882618470826e-07
470 1.5366323432752413e-07
471 1.8703800715516369e-07
472 1.6361376051668054e-07
473 1.6106286481806265e-07
474 2.8933334159422877e-07
475 1.1111345250634791e-07
476 1.9875838224308222e-07
477 1.9100813977005236e-07
478 2.460820558896529e-07
479 1.370842958625548e-07
480 2.398891034526371e-07
481 2.198645311732173e-07
482 2.4373770332189594e-07
483 1.6221429504190718e-07
484 1.931992883776185e-07
485 2.1638390391067988e-07
486 2.4872511960747187e-07
487 1.7248527921752572e-07
488 1.9918598947218504e-07
489 1.823070259794054e-07
490 1.364250122033959e-07
491 2.4986533366574435e-07
492 1.880951768304522e-07
493 2.0004585350215336e-07
494 1.8573560684384447e-07
495 1.8153974234213113e-07
496 1.649842629857781e-07
497 2.1182377141733337e-07
498 1.7329421541975276e-07
499 1.92493260546082e-07
500 2.1238962137472686e-07
501 1.7961760328217765e-07
502 1.6754010970536243e-07
503 1.9862069556337622e-07
504 1.8372645337477657e-07
505 2.3274346942224988e-07
506 1.5373568062206224e-07
507 2.101754654113342e-07
508 2.6804159646595264e-07
509 2.5936470262952767e-07
510 1.8264340805359604e-07
511 1.5289416753936503e-07
512 2.12213542567998e-07
513 1.7446463170038447e-07
514 1.4233794302415827e-07
515 1.6747620257696827e-07
516 1.7971025815298426e-07
517 2.9785231727716053e-07
518 1.671423575323476e-07
519 2.4749232743324986e-07
520 1.9706808980995128e-07
521 1.5665585813763008e-07
522 2.3306173493660323e-07
523 2.2331311280883755e-07
524 1.77877487867606e-07
525 1.956567089064117e-07
526 2.0219434496667402e-07
527 2.5675597489658817e-07
528 1.9953695725962902e-07
529 2.122302524572712e-07
530 1.7825160453727614e-07
531 2.3820200678331137e-07
532 2.424278109660324e-07
533 2.427846932590413e-07
534 1.5295014235320693e-07
535 1.9708306718275405e-07
536 2.1076487241744212e-07
537 1.4416960741141015e-07
538 2.0605246823712619e-07
539 1.796283387853102e-07
540 2.34963938809263e-07
541 2.0677040370329545e-07
542 2.075944255082005e-07
543 1.7913867321886715e-07
544 2.105755828408997e-07
545 1.327028318701278e-07
546 1.6781442298809775e-07
547 2.1666786608335628e-07
548 1.8810733581077488e-07
549 1.8072455943298232e-07
550 2.3430847548665244e-07
551 1.8989277193271545e-07
552 1.729369215710889e-07
553 2.1736177196199914e-07
554 1.6879467347980565e-07
555 2.183737758816329e-07
556 2.3353183519694637e-07
557 1.5731238058387688e-07
558 1.3238249821488038e-07
559 1.8796121341585154e-07
560 1.6684090530478753e-07
561 1.8343543958647064e-07
562 2.0163872018106323e-07
563 2.6236685340864306e-07
564 2.607134574053402e-07
565 2.2093524802285836e-07
566 1.666379759725288e-07
567 1.9188543430780178e-07
568 2.3137762840469185e-07
569 2.449885300107922e-07
570 2.272980716707725e-07
571 2.359310766034172e-07
572 1.6226627661723614e-07
573 1.7313797414053477e-07
574 1.9839102329055914e-07
575 2.042942559522202e-07
576 1.58694432877973e-07
577 1.8215647651967455e-07
578 1.85043593899391e-07
579 2.2251041432609267e-07
580 1.5350915311410632e-07
581 1.9882296427097464e-07
582 2.0421229894911977e-07
583 2.1629265611835624e-07
584 1.4434455548392584e-07
585 2.1300506829416155e-07
586 1.597040162742435e-07
587 2.0181894354106452e-07
588 2.2342583887090564e-07
589 1.7021352376006885e-07
590 2.3491097936385294e-07
591 2.1550379895451047e-07
592 1.3736702871893603e-07
593 1.9969830988093767e-07
594 2.497259843480928e-07
595 1.907442945354494e-07
596 1.9848981847477335e-07
597 1.812190609139163e-07
598 1.9629301638764214e-07
599 2.4011033064095457e-07
600 2.1102920586602404e-07
601 1.878882982533359e-07
602 1.7915074219746925e-07
603 1.9294315999412025e-07
604 1.9092637724508326e-07
605 1.947160605087323e-07
606 1.215948668306026e-07
607 1.9444712112323097e-07
608 1.6152540428664542e-07
609 1.5544242897401474e-07
610 2.1639352707528146e-07
611 1.8059559775684626e-07
612 2.336938769851852e-07
613 1.9681742226872253e-07
614 1.7992612268019103e-07
615 1.544623880067053e-07
616 1.6646856204501954e-07
617 1.520865123797769e-07
618 2.2377469211403409e-07
619 2.517306826704353e-07
620 3.3552322742909353e-07
621 2.2177141850290523e-07
622 2.4060370405877584e-07
623 1.0941398971838147e-07
624 1.6648586804078297e-07
625 1.7928082490054288e-07
626 1.7262042328354409e-07
627 1.4391128600726935e-07
628 1.7273937599201143e-07
629 1.759695809452945e-07
630 1.9922315684570125e-07
631 2.278050165976432e-07
632 1.8208585553791127e-07
633 2.2146400734591365e-07
634 2.1293136874014348e-07
635 2.3603472324216414e-07
636 2.531558512208916e-07
637 1.6765050956926968e-07
638 1.281667462035626e-07
639 1.6751382975593478e-07
640 1.353073575986921e-07
641 1.4624694528394504e-07
642 2.228535848671605e-07
643 2.5014212961008134e-07
644 2.088816120219258e-07
645 1.3385620347344692e-07
646 1.888871447473708e-07
647 1.6881532861842775e-07
648 1.5097900951083048e-07
649 1.697213480770766e-07
650 1.5341780149838516e-07
651 2.4397412812542173e-07
652 2.261911727723493e-07
653 2.2207518686458913e-07
654 1.541160062913421e-07
655 1.2289460661416677e-07
656 1.7106924784203795e-07
657 1.3376766965457253e-07
658 2.116062947778636e-07
659 1.7303135514218748e-07
660 2.1754496634203713e-07
661 1.568119947909315e-07
662 1.6028327014656572e-07
663 2.3743760791646208e-07
664 1.5209101701710172e-07
665 2.0729845641297067e-07
666 1.8193184967428786e-07
667 1.8321505809147383e-07
668 2.161693642640616e-07
669 2.0964735385316325e-07
670 2.19507760107039e-07
671 1.5139997099375334e-07
672 2.603516252450527e-07
673 2.0753322774464232e-07
674 1.5480249733188282e-07
675 1.776006728702308e-07
676 2.0271775300827517e-07
677 1.9819472520406058e-07
678 1.924375132416451e-07
679 2.133661527654173e-07
680 1.9713137587761902e-07
681 1.8883936547681162e-07
682 2.0005053726013802e-07
683 1.4002125833454208e-07
684 1.6906499078077266e-07
685 2.50941760879618e-07
686 1.5026468194972448e-07
687 1.6822030016173799e-07
688 1.6182227306809985e-07
689 1.6608794977210867e-07
690 1.6342934345167317e-07
691 1.9852235297512253e-07
692 1.1498061565713166e-07
693 1.605888236515957e-07
694 1.406652976746256e-07
695 2.0252843197303722e-07
696 2.1306358758431228e-07
697 1.2888470638049302e-07
698 2.3467447485873383e-07
699 1.889911855129041e-07
700 1.2517918298341106e-07
701 1.8591373843655396e-07
702 2.1695786631120548e-07
703 1.9867810358821888e-07
704 1.4862632212549537e-07
705 2.626878614213409e-07
706 1.7164824511798228e-07
707 2.0297135763391967e-07
708 1.8514748445156255e-07
709 1.614688311299202e-07
710 1.6436526100092856e-07
711 2.18735018941681e-07
712 1.8817567290894873e-07
713 2.0396055014850432e-07
714 2.492200996809406e-07
715 1.7715610868877895e-07
716 2.408108460542146e-07
717 2.039739588784782e-07
718 2.202291705778631e-07
719 1.6652602268630081e-07
720 1.8825565579056286e-07
721 1.6318518811848025e-07
722 1.909789946871952e-07
723 2.3019655430661532e-07
724 2.1843541757976257e-07
725 1.5208599689030727e-07
726 2.1520355457125582e-07
727 1.8723365867237427e-07
728 2.570159228392473e-07
729 2.30097605250581e-07
730 1.859989960110663e-07
731 2.4296040818720815e-07
732 1.0853721539860205e-07
733 1.6992543768204687e-07
734 1.843495738607961e-07
735 1.7943119298939213e-07
736 2.152637050158931e-07
737 2.0052856302943562e-07
738 2.3688444869706968e-07
739 2.3604199359059422e-07
740 1.8892277711008812e-07
741 2.2398861239819858e-07
742 2.1427488297985568e-07
743 2.1471168472305368e-07
744 1.5648540822683705e-07
745 1.6771225778212234e-07
746 2.46796926217977e-07
747 2.1102673553509916e-07
748 1.8579862474872894e-07
749 2.2397652741009754e-07
750 1.7689480227712683e-07
751 1.7478304309484824e-07
752 1.7047344004545796e-07
753 2.1512259591132068e-07
754 2.0811361128450873e-07
755 1.4221721880433026e-07
756 2.1061558588771336e-07
757 2.0929660680744572e-07
758 1.803335614670404e-07
759 1.7624667056788082e-07
760 2.324947761446693e-07
761 2.4457557672645646e-07
762 1.8507964825718084e-07
763 2.5255623436218417e-07
764 1.8330062463720324e-07
765 1.9735178990941204e-07
766 1.646710169138718e-07
767 2.585675196325823e-07
768 2.2644106892905924e-07
769 1.5667873710155813e-07
770 2.2711375094192636e-07
771 2.3545024700665056e-07
772 1.405900157683174e-07
773 1.991750296329262e-07
774 2.136697654242259e-07
775 1.7355504695442016e-07
776 1.5852224349627875e-07
777 1.195416589993952e-07
778 2.3250164792810595e-07
779 1.789922558265906e-07
780 1.6906860150737324e-07
781 1.5840828903457905e-07
782 1.98941568074252e-07
783 1.9629194195708693e-07
784 1.9198662952770466e-07
785 9.369907436749548e-08
786 2.3377688067072188e-07
787 7.776553988493412e-08
788 1.372457486435054e-07
789 1.3209081638456938e-07
790 1.3648857505760797e-07
791 2.488106901022495e-07
792 2.1429742214818976e-07
793 2.4952775972534667e-07
794 1.4682992156134965e-07
795 2.28383837858685e-07
796 1.652495335547183e-07
797 2.6164291063207343e-07
798 1.8674367937116528e-07
799 1.4193876440652833e-07
800 1.5172641388852545e-07
801 1.967019449261764e-07
802 1.6262045271632002e-07
803 2.0992280900376081e-07
804 2.268937346095945e-07
805 1.7858922325972878e-07
806 1.7614832310505038e-07
807 2.3278570563509325e-07
808 2.097383543635007e-07
809 1.3700688704107688e-07
810 2.3999832973109204e-07
811 1.1102126345927756e-07
812 1.85685526240838e-07
813 2.2518216993642278e-07
814 2.696782870617252e-07
815 2.1585586508858682e-07
816 1.8153999764174327e-07
817 2.058395241410456e-07
818 2.02022463815816e-07
819 2.0711978870472762e-07
820 1.4608577694427994e-07
821 1.806436607721634e-07
822 1.704851302464903e-07
823 1.4567063870433706e-07
824 2.0860074649240154e-07
825 1.7321265430889695e-07
826 2.6102440639025205e-07
827 1.9091386454745727e-07
828 2.0760566764692554e-07
829 2.1463481578835101e-07
830 2.3832288026117678e-07
831 1.3534213149467086e-07
832 2.30635225462525e-07
833 1.8153696223596513e-07
834 1.7865823919937232e-07
835 2.2630707850097312e-07
836 1.6664886294166122e-07
837 2.0410407388089106e-07
838 2.588578535669154e-07
839 1.3847731246503813e-07
840 2.598795392851851e-07
841 2.15589090971724e-07
842 2.0991096898492853e-07
843 2.417326697522054e-07
844 2.2229166941147795e-07
845 2.0720542554627766e-07
846 2.349578990772103e-07
847 2.1664577015173458e-07
848 1.6928688775319328e-07
849 1.4503432446549051e-07
850 1.400538461852198e-07
851 1.8697209866678018e-07
852 1.743685455665906e-07
853 1.2905724068194502e-07
854 2.1637439626906193e-07
855 2.2652126251857357e-07
856 2.504710932209374e-07
857 2.087909066853457e-07
858 2.0504364301906996e-07
859 2.4695043415793126e-07
860 1.642147701089489e-07
861 1.7979437251702208e-07
862 2.0111055589412187e-07
863 1.7378004275341254e-07
864 1.6647018825731408e-07
865 2.2010389349270316e-07
866 2.1671561667738707e-07
867 2.3692052117255987e-07
868 1.721514254107491e-07
869 1.6476180977495658e-07
870 2.3219726578450543e-07
871 1.618723174519637e-07
872 1.5268308919141187e-07
873 2.3026907824221606e-07
874 2.1441442503070056e-07
875 2.1456559474980945e-07
876 2.3507088696870953e-07
877 2.1280561980199414e-07
878 2.1197847277080616e-07
879 2.007699385232517e-07
880 1.2043755742566475e-07
881 1.2473708479569362e-07
882 1.9556741285802733e-07
883 1.8581919642011736e-07
884 1.9175494331969802e-07
885 1.7196324615805194e-07
886 1.356894416921576e-07
887 1.2639031280422353e-07
888 2.221814633481205e-07
889 1.362845976505407e-07
890 1.9404596229675824e-07
891 1.9235763365849538e-07
892 1.7740307263516313e-07
893 1.544321193787111e-07
894 3.060209391776526e-07
895 2.5176371146823313e-07
896 1.4757980215548142e-07
897 2.2347982845450896e-07
898 2.1658897555490798e-07
899 1.8666232116221171e-07
900 1.453927538990812e-07
901 2.0858595791015545e-07
902 1.5228181349559214e-07
903 8.191495354055236e-08
904 2.8356772670106905e-07
905 1.6489815863421586e-07
906 1.9403633599088283e-07
907 2.437116448023179e-07
908 2.2934877780490074e-07
909 1.6223809374562343e-07
910 2.483568836306077e-07
911 2.0109512035987452e-07
912 1.5540933564915044e-07
913 2.1539547827334576e-07
914 2.2003613766996523e-07
915 1.6532010987033067e-07
916 1.3245059217835348e-07
917 1.6046580135114576e-07
918 2.651440884039216e-07
919 2.510724157047334e-07
920 1.1118583820431145e-07
921 1.682578856601038e-07
922 2.0220716066863198e-07
923 1.9913196886990885e-07
924 2.871905509120238e-07
925 1.2135032361073057e-07
926 2.094816352041463e-07
927 1.6177418889366838e-07
928 1.3947866668887822e-07
929 1.0472452794194885e-07
930 1.4648146534414059e-07
931 1.321508091114332e-07
932 2.3225023913041046e-07
933 2.7140454025756553e-07
934 1.7841707520597227e-07
935 2.420232208057288e-07
936 2.4471378202964365e-07
937 1.3852073918644416e-07
938 1.1402244729385445e-07
939 1.8201351542621186e-07
940 1.9309806121649406e-07
941 2.2422582833711702e-07
942 1.4764445022840102e-07
943 2.0975733472052536e-07
944 1.4967694205435138e-07
945 1.3995252257194314e-07
946 1.489506531964948e-07
947 2.3470207895368596e-07
948 2.445756087728288e-07
949 2.0244514986363937e-07
950 2.1806486753458026e-07
951 2.258185714224899e-07
952 2.618846148585465e-07
953 2.0510888941351628e-07
954 1.7787790011784495e-07
955 2.1415279111086047e-07
956 1.7535289231094955e-07
957 2.0991470474563315e-07
958 1.5325319814688166e-07
959 1.5914885694597825e-07
960 2.017651914157965e-07
961 1.6269664160679888e-07
962 2.0615808453355608e-07
963 1.9235450095926165e-07
964 1.2738354584327547e-07
965 2.2470004116129528e-07
966 2.3828526690092807e-07
967 2.2131212313834312e-07
968 2.2347228902170863e-07
969 1.7518930521186855e-07
970 1.7409704465935718e-07
971 1.5325191013877054e-07
972 2.0488222495178783e-07
973 1.1497264207826459e-07
974 1.8550359090139172e-07
975 1.9616754289335842e-07
976 1.541334462063496e-07
977 1.7692600215109886e-07
978 1.3571081374558463e-07
979 2.5062049483654535e-07
980 2.2289929686363279e-07
981 1.3823736118413647e-07
982 1.561756783473995e-07
983 1.8313880549117732e-07
984 1.98977009335732e-07
985 2.1108060136359362e-07
986 1.3510058232790584e-07
987 1.6818806402036507e-07
988 2.2615265782539486e-07
989 2.0495353390770917e-07
990 1.6060516232422431e-07
991 1.5022559871056001e-07
992 1.1978693790765506e-07
993 2.2607303402422224e-07
994 1.7080731271830977e-07
995 1.5585577169266205e-07
996 1.4410795464971654e-07
997 1.741083115942994e-07
998 2.1546874554604388e-07
999 1.8218978109665344e-07
