0 6.54727500285947e-08
1 1.3187776716783389e-08
2 2.7023825829469466e-08
3 6.741051473402809e-08
4 2.8766211805841994e-09
5 -8.059431695566476e-09
6 6.45284957255635e-08
7 -2.2887706435218067e-08
8 5.605425424892137e-08
9 -5.6714346108896374e-08
10 -3.358137146063596e-08
11 3.2520213898833036e-08
12 4.0544654986207984e-08
13 -3.19238586711333e-08
14 1.5376999412551575e-08
15 2.745937141960217e-08
16 1.762666160253583e-09
17 2.4012300332324245e-08
18 2.863778362284957e-08
19 -1.490565942925204e-08
20 -2.6230459305038337e-08
21 -4.19473185989003e-08
22 4.5807269135052095e-09
23 3.7015479447059875e-08
24 -4.635682956214461e-08
25 -6.929683466721616e-08
26 -2.8893272606271834e-09
27 -1.7270097212882944e-08
28 4.439201690104828e-08
29 1.096220471123776e-08
30 1.6244683189597912e-08
31 -5.4527789951013414e-08
32 -4.76350533269349e-10
33 -3.5169117440828507e-08
34 5.256805732339179e-08
35 8.625519250623919e-08
36 -1.3013604635892286e-09
37 -1.7695801568356323e-08
38 -2.1255707281479783e-08
39 3.102986515931332e-08
40 2.105288595324933e-09
41 5.757917069938728e-08
42 -7.95079163520598e-08
43 -8.12692519088143e-08
44 -6.198097293445108e-08
45 8.755334582807187e-09
46 1.3706406981214238e-09
47 -7.777851654761355e-08
48 8.457116075966517e-08
49 4.843832573067617e-09
50 5.086760500521457e-08
51 1.0304408520577707e-07
52 3.608145638101292e-08
53 2.126877388621426e-08
54 2.6257036342189912e-08
55 -1.5254551482367773e-08
56 9.351838211523674e-08
57 4.394807007847021e-09
58 5.11374013579803e-08
59 2.5439973951655674e-08
60 -2.185216309841903e-08
61 -5.283280612469335e-08
62 4.0285546497020486e-08
63 2.271077936004081e-09
64 7.671066682008889e-08
65 -2.0394445503363027e-08
66 2.6977851008721025e-08
67 -8.070997059030454e-08
68 7.309177681133261e-09
69 -5.047028780324114e-08
70 -1.7783532488240857e-08
71 -1.1622694757015617e-08
72 1.3742595866430119e-08
73 -2.3713689695186396e-08
74 -4.635736993026598e-09
75 -1.6621777481300982e-08
76 4.073766195732948e-08
77 7.26691457968785e-08
78 -3.2569563376299545e-08
79 -4.279377607823423e-09
80 -6.029095413212728e-08
81 3.383801495911582e-08
82 -1.398215257821771e-08
83 2.3592528601123785e-08
84 1.0275894901643069e-08
85 3.9230873708709054e-10
86 -1.0520558061459716e-08
87 1.841401628541121e-08
88 3.168591791075836e-08
89 1.1990836772830605e-08
90 2.1946511981338754e-08
91 3.318338328209399e-08
92 -5.012348392365328e-08
93 1.4832554629560943e-08
94 6.98438133802472e-10
95 8.131478768718694e-08
96 -4.1818303192713665e-08
97 9.430929288222261e-08
98 -5.8496606689400286e-08
99 -4.645463874167168e-08
100 -4.048863790183404e-08
101 5.2174292502937686e-08
102 -4.7625444532299585e-08
103 2.5758678557470455e-08
104 1.308770984155995e-08
105 -4.964463237577631e-09
106 -5.92937826639501e-09
107 7.324163799434555e-08
108 2.862524627847064e-08
109 6.912713492720316e-08
110 2.4759099153056536e-08
111 6.029314445211079e-08
112 3.13236275620147e-08
113 4.462157828348158e-08
114 4.7055357781113433e-08
115 1.8612704944631006e-08
116 -6.483429965130939e-09
117 -1.5147826592792552e-08
118 -8.01339587558783e-09
119 1.710129005152409e-08
120 -3.2902878677342874e-08
121 6.083784808222974e-08
122 5.5992795131647134e-09
123 -5.2778991352881464e-09
124 2.240506907375463e-08
125 -6.029512222462066e-08
126 5.584000439472063e-08
127 -1.4061482293845794e-08
128 1.5105861655184715e-08
129 -3.333763711902465e-08
130 6.388063633251266e-08
131 -4.7689298860721126e-08
132 -1.4380539538102997e-08
133 -2.193255854046718e-08
134 -1.9714971053431257e-08
135 1.0939774296434944e-08
136 2.0233037006068513e-09
137 -1.6252223079504776e-08
138 9.457062510022802e-09
139 2.415645844802604e-08
140 1.7982669455555435e-08
141 -1.9785583969928364e-08
142 -3.739508469670376e-08
143 -4.004267608929834e-09
144 1.9504569571224124e-08
145 -8.739771911430151e-09
146 -1.683262401329402e-08
147 -2.4004141051278822e-08
148 -4.883975802074102e-09
149 -6.036608866611525e-08
150 5.529109872968299e-08
151 -6.345863167712857e-09
152 1.6804134574135488e-09
153 1.2524607069294267e-08
154 2.1845222116085954e-08
155 -2.5724561800142692e-09
156 -5.032658678776218e-09
157 -2.6563990978862348e-08
158 2.4470915511823722e-08
159 3.488404584185803e-09
160 -4.908177803174009e-10
161 2.4485672317579608e-08
162 1.1715300600626698e-08
163 -1.8327280382968076e-08
164 1.3473131502780678e-08
165 4.276971941815452e-08
166 1.1497771646399465e-08
167 2.7909900059660336e-08
168 -3.2321014440469904e-08
169 -3.133216615335975e-08
170 -9.602460507729478e-09
171 2.546413687266435e-09
172 2.7271519252154164e-08
173 -7.451467289506182e-09
174 3.659252993082305e-08
175 2.2065770571566487e-08
176 2.3473506510052798e-08
177 -2.4634266530997827e-08
178 -2.6898278767922482e-08
179 -7.501890848293457e-08
180 -2.3091173189390648e-08
181 -9.413462614975495e-11
182 -9.540054905527435e-08
183 5.43955713916043e-08
184 3.474280540088496e-08
185 -4.1681985865708264e-08
186 -5.548106895635617e-08
187 1.8573996309883083e-08
188 1.9643623901346684e-08
189 6.0871358888783404e-09
190 6.77744499560442e-08
191 -4.4276096664990826e-08
192 -1.516092335662509e-08
193 4.8351660237948104e-08
194 1.6824265042053394e-09
195 1.0541673696079174e-07
196 -4.642247222271991e-08
197 1.17620527202296e-09
198 1.527170900665969e-08
199 -1.5648618454329558e-08
200 -7.233698782376255e-09
201 -3.863554283078066e-08
202 -2.362898144648848e-08
203 1.6757538905899016e-08
204 4.3161932843347326e-08
205 3.10516215584842e-08
206 8.344266484052817e-08
207 -3.812625825741196e-08
208 3.200617397459305e-08
209 1.1383442911591144e-08
210 4.350019221150651e-08
211 4.5808160408093744e-08
212 -2.5084552778381978e-08
213 1.9908541950818292e-08
214 2.8043389218877033e-08
215 -1.229913660200642e-08
216 4.126806743541219e-08
217 -1.2414134354295834e-07
218 2.8423143699483568e-08
219 -6.968224863203513e-09
220 2.5235222574659536e-08
221 1.9180937325024076e-08
222 -2.634014205610897e-08
223 5.399092250819091e-08
224 -1.8885013135961895e-08
225 8.7070839254404e-08
226 2.0712560770041693e-08
227 -4.169689729854102e-08
228 -6.307283023495598e-09
229 3.671450361312075e-08
230 -1.5892238922232017e-08
231 -7.354955592738839e-10
232 -2.4050403508180315e-08
233 -2.0587318405880268e-08
234 -5.583609912046008e-08
235 -5.297394425166586e-08
236 5.51741767257121e-08
237 5.773084782483186e-09
238 -1.8006529615972602e-08
239 -5.514288626927495e-08
240 -1.5812857094108522e-08
241 -4.093559978762007e-08
242 -2.4968974087179872e-08
243 1.3867183272809078e-08
244 -4.446933219753233e-08
245 -5.660564479034451e-08
246 -1.731704664677427e-08
247 2.199839193300175e-08
248 3.0679386091363435e-09
249 -1.5941996851928397e-08
250 -3.0249368921907814e-08
251 3.511114189877988e-08
252 7.034498071638528e-08
253 8.560691797001912e-08
254 7.311592092189254e-09
255 9.674465398846434e-09
256 -3.012812565703969e-09
257 6.786975030241149e-08
258 3.164118267806986e-08
259 3.381138511416167e-08
260 2.130286232119069e-08
261 8.839062521980685e-08
262 -3.541075393694862e-08
263 4.140107694816373e-09
264 5.09071634647862e-08
265 5.336026229878104e-08
266 6.229676004847421e-08
267 7.580870639260084e-08
268 -5.009339235752186e-08
269 4.453334699459048e-08
270 -2.9174266008520198e-08
271 -1.3409058643466521e-08
272 8.449010809465451e-08
273 5.719159510493955e-08
274 1.1537950163329369e-08
275 3.78850572044307e-09
276 -1.9526596287285607e-08
277 6.603214581222214e-08
278 -2.9947720335155024e-08
279 -2.566877071037176e-08
280 -2.6655719123362064e-08
281 -1.0806849947690849e-07
282 1.720696507451791e-08
283 -9.36847758502107e-08
284 -1.643245692400835e-08
285 8.528626010437262e-08
286 -4.9337825123975873e-08
287 2.423507377220712e-08
288 -3.7190572156305204e-10
289 6.555881051826133e-08
290 4.612650146344707e-08
291 -1.860381506132761e-08
292 6.89858862041883e-08
293 -3.321489779634679e-08
294 4.297853119088808e-08
295 5.253233625304309e-08
296 3.22917187635611e-08
297 1.153094648677132e-08
298 5.633519108219851e-08
299 4.990108551011902e-08
300 -1.3257847748399505e-08
301 4.350208132904009e-08
302 -2.385410257900628e-08
303 1.959064443127867e-08
304 1.159192005919323e-08
305 -5.4923143461188685e-08
306 6.1624915265081256e-09
307 -3.2210388665805894e-08
308 6.959711711495967e-08
309 2.1370789516028217e-08
310 9.647740729442399e-09
311 1.749148922290246e-08
312 4.515822587384852e-08
313 -8.180897923214567e-09
314 -7.958318763948537e-08
315 2.5262887816149944e-08
316 3.1851478985456665e-08
317 2.0410954117699956e-09
318 1.6566945913466285e-08
319 -1.9540876312689114e-08
320 2.0075839762296908e-08
321 -3.778450214880442e-08
322 -6.419782786961966e-09
323 6.003534728697955e-08
324 2.6497771515357013e-08
325 2.3666327636895663e-08
326 2.991730032532976e-08
327 9.29953207190545e-09
328 4.293765657135735e-08
329 -3.7977902391612435e-08
330 6.203297025687664e-09
331 -2.1343932593045592e-08
332 2.3024426471992386e-08
333 -1.2990465612570431e-08
334 -7.583134329813954e-08
335 2.026154508523282e-09
336 -4.527874067588885e-08
337 6.344969680536919e-09
338 -8.136859727061608e-08
339 -3.245133165967337e-08
340 2.276453834144024e-08
341 -2.6260056006465915e-08
342 -1.680415986449811e-09
343 6.239496950450941e-09
344 2.787808268973124e-08
345 4.9064504799223215e-08
346 -2.77239092964837e-08
347 -6.9960218823258186e-09
348 -8.987209624087858e-08
349 1.419221490181619e-08
350 9.46434004581081e-08
351 -4.052796228633599e-09
352 -4.465839502294126e-08
353 6.79781426416808e-08
354 5.895396164622877e-10
355 2.9285974391227174e-08
356 9.566859769857849e-08
357 5.032442054181246e-08
358 1.263920595967135e-07
359 5.096469727602946e-08
360 2.7720166153964497e-08
361 5.273145386845012e-08
362 -2.258436759129871e-08
363 6.134974616928415e-08
364 5.4304386696891194e-08
365 6.439138824124061e-09
366 3.339501793352988e-08
367 -2.0816413494524674e-10
368 4.9866351676575244e-08
369 3.456205239212235e-08
370 -7.690716704743111e-09
371 2.798422535027624e-08
372 -1.815520039407684e-08
373 -5.353704769100294e-08
374 1.098736902842627e-07
375 5.2981036423383934e-08
376 1.9625810207295494e-08
377 9.818353708583811e-09
378 -1.668669202952026e-08
379 -9.73276147361212e-09
380 5.032975450339831e-08
381 -4.019300306912064e-08
382 1.2822194574953378e-08
383 1.5230304387480908e-09
384 5.959126788370332e-08
385 3.0057005596289834e-08
386 1.0017025682910711e-08
387 -2.1327316967306743e-08
388 1.4752678608234178e-08
389 -8.791162538961763e-09
390 -2.5174855711223148e-08
391 1.2679723807450783e-08
392 -5.4147845495169886e-08
393 -8.17467151255437e-09
394 7.200306030309457e-08
395 1.5729802321535003e-08
396 5.5391640006344126e-08
397 7.566551367271493e-08
398 1.1719629043285593e-08
399 2.8913083587548846e-08
400 2.674320538745677e-08
401 1.2230099674825113e-07
402 7.546876791423495e-09
403 -2.6059235649784273e-08
404 6.844135164819452e-08
405 7.690592261947185e-09
406 -3.401186992607439e-08
407 -2.7808644955281316e-08
408 -9.168239609117344e-09
409 -2.028071045111935e-08
410 -3.336027304312612e-08
411 6.722151947572056e-08
412 4.673517914883178e-08
413 8.093698186772018e-08
414 3.396708028252406e-08
415 -2.4843808011869075e-08
416 -2.9575986165846022e-08
417 -6.014635864141064e-10
418 3.8556482025092384e-08
419 4.4746023913933317e-08
420 2.9514324012490486e-08
421 4.533970313713156e-08
422 1.8685335974989208e-08
423 3.858679469770294e-08
424 -1.2871938508276145e-08
425 9.819842133218765e-09
426 3.0288978119446284e-08
427 -7.806093881873904e-09
428 5.2620706333686206e-11
429 4.593522991208869e-08
430 1.0222909738241606e-07
431 1.2383549044511658e-08
432 8.140610879813552e-09
433 -4.061821799554757e-08
434 -2.488577428410586e-08
435 4.0041469991567494e-08
436 1.9910523242530436e-08
437 6.228041436688886e-08
438 -1.4564251272813528e-08
439 2.541094113011976e-08
440 -1.0000952807610964e-07
441 -4.764537802823418e-08
442 -6.67057601083877e-09
443 3.1221428555229696e-08
444 -1.0371194070082776e-08
445 5.365159211709229e-08
446 -3.9211638578979807e-08
447 7.031093349114154e-09
448 -1.446108671346953e-08
449 -1.510603299602209e-08
450 4.192075598920503e-09
451 6.452808805435315e-08
452 7.2607121172885534e-09
453 8.635455463175844e-09
454 -4.462616867477102e-08
455 -4.565495901430139e-08
456 2.127401666255807e-08
457 2.9082572461805072e-08
458 1.0949662149616606e-08
459 -7.348906399848381e-08
460 -4.9813880588472454e-08
461 3.157872908904389e-08
462 6.948254805084121e-08
463 8.21549811188943e-08
464 -7.386237789306202e-08
465 3.5849706512173916e-08
466 -1.6602072035970103e-08
467 2.027329841662127e-08
468 5.558523017331177e-09
469 -4.9246663929825246e-09
470 6.208946600242907e-08
471 -3.776453684318332e-08
472 2.410676783111542e-08
473 8.112750448288884e-08
474 -4.6159305696380896e-08
475 2.4410236661303938e-08
476 -9.02087559764743e-09
477 -3.205499438958553e-08
478 1.5474821816831816e-08
479 1.4252701426924849e-08
480 -2.7100883400499453e-08
481 2.9105307454061812e-08
482 -5.03476431076525e-08
483 4.0796568520807544e-08
484 -1.436873920240968e-08
485 8.499143782880212e-08
486 1.078499480538883e-08
487 7.789409300916067e-09
488 5.499842637992629e-08
489 2.6389171001291345e-08
490 6.588195248814196e-08
491 -8.185039451274146e-09
492 4.588650703494581e-08
493 -3.758489352233615e-08
494 2.1206969389870326e-08
495 2.9582055606216746e-08
496 -3.872264560813406e-08
497 2.7970824423053794e-09
498 3.076058758338061e-08
499 5.304632631942709e-09
500 -5.011071851001953e-08
501 1.403880104017257e-08
502 -2.2268833393526033e-08
503 -3.7752087563024836e-08
504 -4.1893230722479635e-08
505 -6.825419641270396e-08
506 1.3894847777694712e-08
507 -2.3546776457012843e-09
508 -6.637182368771546e-08
509 -7.567770677620486e-08
510 2.5727490514973308e-08
511 3.633814335274068e-08
512 -6.626915084798702e-08
513 2.619405098466272e-08
514 3.979212387732998e-08
515 -1.8428360382281673e-08
516 -3.117384196542648e-08
517 -7.966431856570195e-08
518 7.930270089616869e-09
519 -4.3807780378974095e-08
520 2.607025461445785e-08
521 4.177712489790569e-09
522 -1.489167998008851e-08
523 -3.271254868652828e-08
524 4.330875710172614e-09
525 5.958282689401714e-08
526 5.9339978022499186e-09
527 -2.6728956884432655e-08
528 3.6901966313976904e-09
529 -1.4000615171200678e-08
530 -3.651043453226952e-09
531 -3.233448625609156e-08
532 -3.1600447194187384e-08
533 -4.677527506614139e-08
534 5.4668838971557384e-08
535 5.2281699222708035e-08
536 6.243867703674624e-08
537 -5.3832983947675194e-09
538 -4.290343384103117e-08
539 -9.310614500375432e-09
540 -3.815410604518486e-09
541 3.878620263928337e-08
542 -4.8237998683615626e-08
543 6.552719575843909e-08
544 -2.2435832626566433e-08
545 7.38646683035599e-08
546 7.075400281213917e-08
547 1.0549731622238844e-08
548 -2.198095606156522e-08
549 8.644295613970721e-08
550 -3.331770865837737e-08
551 -1.467805035049759e-08
552 7.783321277745277e-09
553 1.850334068362202e-08
554 7.493561799206543e-08
555 -1.628759680176461e-08
556 2.3910536262224585e-08
557 5.110218030785343e-10
558 8.442394620850398e-10
559 -2.782084547914357e-10
560 1.5952384568890997e-08
561 1.241391623604364e-08
562 3.4754588063296278e-09
563 -7.866135681499901e-08
564 -3.7219168185814793e-08
565 -2.318425074863135e-08
566 3.785574729945616e-08
567 2.9520475790791768e-08
568 -6.88430067011191e-08
569 -3.920832328019179e-08
570 -4.5535648566484305e-08
571 -5.1833690010504744e-08
572 3.801908515998432e-09
573 -1.3612541722634911e-08
574 4.076804927681966e-09
575 2.62855424089049e-08
576 3.5110165253950204e-09
577 1.396429352031363e-08
578 -4.2295883519893205e-09
579 3.7457090535207445e-09
580 3.313262208732409e-08
581 3.8127504145704903e-08
582 -1.8808864779640726e-08
583 -1.4676671117648822e-09
584 8.6727117005984e-08
585 -1.3136606376704449e-08
586 2.891650179130159e-08
587 5.139268184469154e-08
588 2.6609024768131027e-09
589 2.84888653526733e-08
590 4.806877972870249e-09
591 -2.5842717459985333e-08
592 3.5015697605997116e-08
593 -1.8320396763513545e-09
594 -5.993959681892839e-08
595 1.9523005534360807e-08
596 -2.8318465648684842e-08
597 5.069439600890095e-08
598 1.9285144602944068e-08
599 -5.501396405393462e-08
600 3.341994736843227e-08
601 7.294106265083001e-08
602 -4.723249067414472e-08
603 -7.18735086742054e-09
604 4.676235214241194e-08
605 -1.9871539786594463e-08
606 1.3400068189328215e-07
607 -7.001349198177905e-09
608 6.026192157321296e-08
609 1.599234195903865e-08
610 5.507342914794367e-08
611 1.5643634736577657e-08
612 -1.3987996392044066e-08
613 1.1196182704889481e-08
614 -4.3324231088995074e-08
615 5.955212010467508e-08
616 2.1016783749999456e-08
617 7.25199071924936e-09
618 5.572277434861331e-09
619 -2.3987916072253842e-08
620 -9.223411613605088e-08
621 1.3551324837010985e-08
622 -8.23338862560934e-08
623 2.0662649135073894e-08
624 6.14205651376105e-08
625 -3.4102181006104635e-09
626 -5.75508095003379e-09
627 2.358976168538488e-08
628 6.753043905913288e-08
629 -1.6538023594819778e-08
630 1.3088760846657586e-08
631 5.705752244022045e-10
632 1.6164429783984966e-08
633 -2.9436909251963025e-08
634 -4.7302503534554414e-08
635 -2.8670761979616264e-08
636 -8.264121437895152e-08
637 2.8232424146843366e-08
638 6.171205089241214e-08
639 3.284012385746615e-08
640 3.0803844444120595e-08
641 5.579545071239178e-08
642 -6.353234819287601e-08
643 -4.47523899081093e-08
644 1.2312515894368409e-08
645 3.6510184149125325e-08
646 2.6223174963089804e-08
647 3.991411028094106e-09
648 2.5340826359857507e-08
649 -2.709015660344192e-09
650 5.3627942356425995e-08
651 -4.118121964352204e-08
652 -1.1506459410924594e-08
653 -3.410261789156006e-08
654 3.439747426018277e-08
655 1.2753891971289457e-07
656 3.42872383791267e-08
657 5.7855664957526884e-08
658 -5.262443934540769e-08
659 7.122232620714183e-08
660 -1.4037891001347862e-08
661 2.893934426080053e-08
662 2.455900512277159e-08
663 -2.1546082230072945e-08
664 5.805849364918038e-08
665 3.158388137654516e-08
666 2.347629934175661e-08
667 -1.2853593096287936e-09
668 2.0274303294871864e-09
669 4.066113462359641e-10
670 -1.5020076569193967e-08
671 6.282682284050329e-08
672 -4.8148415300540814e-08
673 4.124800160755533e-08
674 1.1885176841241814e-08
675 -5.475918580576672e-08
676 3.9821700273064125e-09
677 1.6960563368628793e-08
678 -9.406420778995798e-09
679 -2.9119643092470488e-08
680 5.0987692724092277e-08
681 -6.907862221735269e-10
682 7.525893201381507e-09
683 7.23286727319296e-08
684 4.144804278067225e-08
685 -4.390026538055772e-08
686 7.011473630607165e-08
687 7.459118838897974e-08
688 3.344372661900076e-08
689 3.7382780605089e-08
690 -3.2667962090542015e-09
691 1.983955985118046e-08
692 1.242221023270843e-07
693 1.0645632456620056e-07
694 6.641129360519528e-08
695 7.335855277480084e-09
696 3.9320330061570425e-08
697 2.0278526987766257e-08
698 -2.1709641001858223e-08
699 -2.3431052066237692e-08
700 4.557586324346623e-08
701 -4.151405011450184e-08
702 3.9915672219369924e-09
703 3.4646772899365924e-08
704 -3.114619892765837e-08
705 -4.971769928232312e-08
706 4.392890308970272e-08
707 -3.1137089207016693e-08
708 1.9750200621748196e-08
709 1.9068689827964496e-08
710 2.9422147797287458e-08
711 -8.79083477358318e-08
712 2.9962576984805204e-08
713 1.5455579380578376e-08
714 -2.319509863568117e-08
715 2.917268200410522e-08
716 -2.1121839858250847e-08
717 6.017544150759456e-08
718 -4.0391955505047325e-09
719 5.447825872297167e-08
720 2.186912156999877e-08
721 -3.4260242668041506e-08
722 -2.3747479156725426e-08
723 -1.2346678596811592e-08
724 4.876512683852484e-08
725 4.768637407186768e-08
726 3.156449406537694e-08
727 1.2029080546896145e-08
728 -6.873192489941555e-08
729 -2.5902595462999525e-08
730 3.446522375018198e-08
731 -9.314712311467667e-09
732 3.22366736997277e-08
733 -7.3020957043420155e-09
734 7.388801128208056e-08
735 -3.740897672896018e-09
736 3.9000321186413395e-08
737 9.218399740989086e-09
738 -2.9727221510091115e-08
739 -2.5217700457888172e-08
740 -1.3984304716472877e-09
741 -4.10686614766552e-08
742 -6.898097164447297e-08
743 1.313038762134904e-09
744 4.36916782415632e-08
745 7.281661401620463e-08
746 -3.532371048789432e-08
747 2.1710248626749982e-08
748 6.37610232826116e-08
749 -1.937675348105768e-08
750 2.1676702173897112e-08
751 2.5962057700002483e-08
752 3.648467507072002e-08
753 5.5157483526975026e-09
754 1.660905682062871e-09
755 1.8102271176923877e-08
756 -3.9894631313806456e-08
757 2.7513695014247474e-08
758 9.687766994839064e-09
759 5.87434094897958e-08
760 -4.118451703347529e-08
761 -5.247714154321177e-08
762 -1.1438530952246466e-08
763 -3.915739563328731e-09
764 8.829961992854286e-09
765 5.824094858666207e-08
766 7.201474156380055e-08
767 -4.0969942981778496e-08
768 -2.3201468026773964e-08
769 5.5013636531831965e-08
770 3.218418771912066e-08
771 6.001533236711674e-09
772 3.7877383691129144e-08
773 2.8319917398016695e-09
774 4.698751772882094e-08
775 2.0968826752781746e-08
776 -1.508706302573593e-08
777 6.70666804839066e-08
778 -2.549303093195373e-08
779 2.5465535110667017e-08
780 8.230172708848417e-08
781 7.992404278690494e-08
782 5.81727498806522e-08
783 -2.30584856432965e-08
784 -2.3569208508263567e-08
785 8.738116046215907e-08
786 -3.507322723147068e-08
787 8.147167364407268e-08
788 -2.949334439444216e-09
789 7.546561147623459e-08
790 6.50883414047083e-08
791 1.4603557540368996e-08
792 2.2919612613848104e-08
793 -2.5229058467766185e-08
794 8.554880394259284e-08
795 1.355467059615129e-08
796 7.6069815982469e-08
797 -5.59430499578296e-08
798 -2.8388264839338514e-08
799 1.3674369447824137e-07
800 1.0006591412293087e-07
801 2.9097522280565996e-08
802 1.1635303403728426e-07
803 1.1652503054447355e-08
804 -5.606242735899243e-08
805 5.254908727082224e-08
806 7.325341050054883e-09
807 -6.65217256424766e-09
808 7.918256823370525e-09
809 1.0067166363879868e-07
810 1.8452308633301512e-08
811 9.504127228325194e-08
812 1.8154468332557548e-08
813 -6.7959993457716396e-09
814 -8.612783475412263e-08
815 4.5829947112706793e-08
816 2.3269787081704137e-08
817 1.9252537465224626e-08
818 -3.7047762483904225e-09
819 -3.1820874101463195e-08
820 3.96893590528861e-08
821 -1.0346919746695913e-09
822 1.3992188967672258e-08
823 2.1360034412034044e-08
824 9.930041012543683e-09
825 -2.5873199193645215e-08
826 8.976106018110191e-09
827 2.161717203098993e-08
828 3.9101459152900734e-08
829 -3.542376407392429e-08
830 2.598548706248799e-09
831 3.740994366624298e-08
832 -3.7091939971900093e-09
833 1.8825141072878497e-08
834 5.863432988116465e-08
835 -3.908551584719418e-08
836 6.192425076081145e-08
837 4.14358898437209e-08
838 -4.3975197989533734e-10
839 3.392725773449875e-08
840 -7.138476435794199e-08
841 3.016021444120581e-08
842 -3.7825836881646033e-08
843 2.3848869087853012e-08
844 3.0286161762812884e-08
845 3.611714097701204e-08
846 -7.280045143141696e-08
847 -1.5534496070771235e-08
848 3.560555631140894e-08
849 1.7078430635047445e-08
850 6.198976849605557e-08
851 -1.4377011946236431e-09
852 -1.6695270556090216e-09
853 7.872549409039443e-08
854 -4.0389907374865674e-08
855 -2.7117863316683286e-08
856 -7.24832960904051e-08
857 2.6429553239409408e-08
858 2.999718638018805e-08
859 -1.7125452989374112e-08
860 1.5187995209358617e-08
861 5.464397364684966e-08
862 -2.8562141327230364e-08
863 -1.2976915666929967e-08
864 -6.759045904777222e-09
865 -1.4256708885314736e-08
866 1.2156091710194248e-08
867 -4.866983835028589e-08
868 2.2145894577267672e-08
869 3.8886762823022415e-08
870 -5.002325098326741e-08
871 -1.9038334901403617e-08
872 7.748255367886963e-08
873 3.772828202845831e-09
874 2.1628155443541074e-08
875 3.174591915869465e-08
876 -4.546262082598408e-08
877 6.196918901430347e-09
878 -1.1905354830800421e-08
879 2.2830712766183165e-08
880 6.710803841585691e-08
881 4.130935277992526e-08
882 -4.272720160149708e-08
883 3.1274714276004384e-08
884 4.72017952854933e-08
885 3.4893569612042436e-08
886 8.160715795455895e-08
887 6.226281835590684e-08
888 -3.627192808620166e-09
889 5.3116679549477e-08
890 3.300361689321118e-08
891 8.00579069464816e-08
892 5.127968840374493e-08
893 6.628776936226846e-08
894 -1.3274058110891533e-07
895 -5.579145311946903e-08
896 9.44118849452699e-08
897 2.612209582645954e-08
898 -2.351437346232315e-08
899 2.2267336455574756e-08
900 4.185473024606932e-08
901 -1.2490307797156099e-08
902 3.92510745581353e-08
903 9.719524496604074e-08
904 -8.246210463362842e-08
905 3.264037819322118e-08
906 3.537201134059198e-08
907 -4.6241032862984147e-08
908 -2.5276688972291893e-08
909 4.397488767199329e-08
910 1.9801019632702095e-08
911 -2.3526882213470777e-08
912 3.086756061056394e-08
913 -4.8567509399048644e-08
914 2.3517817906129626e-08
915 2.1789636033302154e-08
916 8.505626158148477e-08
917 1.9437807326146803e-08
918 -2.8241440589824804e-08
919 -4.825819176206954e-09
920 4.877767612024455e-08
921 1.6152217884635825e-08
922 1.7155341214345565e-08
923 8.408183166102207e-09
924 -5.4580039640357575e-08
925 5.15495749422874e-08
926 4.684635827083321e-08
927 -2.124277417738831e-09
928 7.182118805546495e-08
929 1.5650192019465617e-08
930 8.565061723915277e-08
931 2.6285181119746158e-08
932 -3.1363969843138404e-08
933 -9.521320394112558e-08
934 2.1856573166074608e-08
935 -4.6932168544082283e-08
936 6.588813983691322e-09
937 3.6695474299809215e-08
938 2.6898698366699645e-08
939 2.8207415625721376e-08
940 -3.151668532240162e-08
941 -8.094306102792064e-08
942 5.894038714325388e-08
943 3.631980706252071e-08
944 6.915638288412421e-08
945 8.676001615363127e-08
946 -4.0575571199791294e-08
947 -6.05528355158417e-08
948 1.242150337129302e-08
949 2.500114265756766e-08
950 5.9123104717961074e-08
951 -1.086072149645395e-08
952 -5.935207151795105e-08
953 2.995698908642754e-08
954 -6.9027916481613855e-09
955 8.888069349028289e-09
956 3.239806492340201e-08
957 7.216305654688418e-08
958 6.0699768175278645e-09
959 6.739233758672166e-08
960 1.611332727175097e-08
961 2.687771159045043e-08
962 -4.10226930328454e-08
963 4.8250970254025e-08
964 6.099738905122651e-08
965 -3.968890130118581e-08
966 -4.91076890245106e-08
967 -2.0242338348009252e-08
968 -3.020830588961197e-08
969 -3.837890027964314e-08
970 1.9030413946548276e-08
971 2.1108304536196238e-08
972 -4.070228495585605e-09
973 1.7482355082749157e-07
974 1.5476956090960336e-08
975 -2.5060181891364692e-08
976 3.186110719237025e-08
977 2.4291590879566455e-08
978 9.014795999869611e-08
979 -5.2032803353007135e-08
980 2.7800103390021402e-09
981 2.946353422906304e-08
982 9.777365496532917e-09
983 -6.915939597663769e-08
984 2.4619107753094182e-08
985 -2.8720408235128398e-08
986 8.027330909826298e-08
987 2.870795783922582e-08
988 -3.7647009653376234e-08
989 -7.506723005904289e-10
990 6.413126944722975e-08
991 1.1558891802454552e-08
992 3.2987554788967834e-08
993 -5.8315209959101633e-08
994 1.728141856192833e-08
995 9.011336553407628e-08
996 3.214921346628274e-08
997 5.221806299160837e-08
998 -4.215699228760466e-08
999 -6.202804746552927e-09
