0 1.4454983437689794e-07
1 3.9054497939937066e-08
2 8.747843028835336e-08
3 1.3646602809783955e-07
4 1.2302793581732002e-07
5 9.47991708001403e-08
6 1.304171119481841e-07
7 9.974230750712331e-08
8 1.0440118605602196e-07
9 1.0055377180477366e-07
10 4.838991270228328e-08
11 9.697695636931765e-08
12 1.2861921772396792e-07
13 7.048329960872094e-08
14 5.860880169118231e-08
15 1.4443455433274406e-07
16 9.509425500165112e-08
17 1.3681911124465603e-07
18 1.298868776958729e-07
19 7.93222177257526e-08
20 1.134400121181865e-07
21 5.984314721145247e-09
22 9.236773929838032e-08
23 1.1245844753931388e-07
24 5.921079180228532e-08
25 4.993057287591233e-08
26 1.0540651386969995e-07
27 5.1307095201979114e-08
28 1.281197071420238e-07
29 1.1083239171291065e-07
30 9.012988172624867e-08
31 4.2333226519791706e-08
32 8.00123207442368e-08
33 8.61805943457657e-08
34 9.042336544772306e-08
35 1.3397509738281356e-07
36 6.378484743081128e-08
37 6.1706299229205e-08
38 8.291591146862959e-08
39 7.463930755022126e-08
40 6.09150660627477e-08
41 1.5649064744423486e-07
42 2.3104910191797226e-08
43 2.8948633865647144e-08
44 6.756313763592173e-08
45 1.2049829617137016e-07
46 6.950576200430341e-08
47 2.5051805443644387e-08
48 1.207946678539024e-07
49 9.524641614080444e-08
50 1.05882322214772e-07
51 1.4419727863697432e-07
52 1.1578162176214828e-07
53 5.795847475698824e-08
54 1.3658847651670544e-07
55 9.468064749339516e-08
56 1.676819656197268e-07
57 1.2983587041034514e-07
58 1.0411601630509675e-07
59 1.0099638843176159e-07
60 1.161642058349395e-07
61 3.761742864460941e-08
62 1.0499472516941514e-07
63 1.4287965980510566e-07
64 1.0739368908203723e-07
65 5.922922652111904e-08
66 1.0207930950837247e-07
67 1.86248068205308e-08
68 5.029288940199303e-08
69 9.770560164576484e-08
70 5.945974106733303e-08
71 5.984700125104305e-08
72 1.1154843900517233e-07
73 5.3029102337657215e-08
74 8.193239283888517e-08
75 4.768345850018966e-08
76 1.1349829008567754e-07
77 1.408979846109476e-07
78 8.22671490240965e-08
79 8.430274222683231e-08
80 5.152092666268676e-08
81 1.2934291520832458e-07
82 1.0961253204054557e-07
83 8.416381324410151e-08
84 4.556153980114599e-08
85 9.631532430378466e-08
86 5.2380660528124786e-08
87 8.08500893263452e-08
88 1.1758129554803016e-07
89 9.498359895907347e-08
90 4.225977217872922e-08
91 1.400056928324529e-07
92 7.153298397426417e-08
93 7.115994581759834e-08
94 1.0280533875328993e-07
95 1.5122809567888201e-07
96 8.490299668381081e-08
97 1.3768667745826444e-07
98 8.195151588913876e-09
99 3.345963244093734e-08
100 9.360537464566208e-08
101 1.2813358615863464e-07
102 6.644121467745258e-08
103 1.278627609085686e-07
104 9.732485501185072e-08
105 6.312971110781506e-08
106 9.185625857235591e-08
107 1.3766239436204828e-07
108 9.313113622400409e-08
109 1.1234436622521457e-07
110 7.087203425877324e-08
111 1.0223610007615686e-07
112 9.725890473184224e-08
113 8.497896844902721e-08
114 1.1041132184883868e-07
115 8.922317521774683e-08
116 7.141618471663106e-08
117 1.0937280395302421e-07
118 9.30326319687544e-08
119 1.189874906853169e-07
120 7.058636018126916e-08
121 1.654184784899511e-07
122 9.378113675617641e-08
123 5.8983052676469486e-08
124 1.4111882129282932e-07
125 4.399348412511525e-08
126 1.2830865516897686e-07
127 9.450701207067364e-08
128 1.1074034342008414e-07
129 3.9436194358464686e-08
130 9.619801103611419e-08
131 8.352732549989033e-08
132 1.1042322466345616e-07
133 9.990654857415366e-08
134 9.238442036873298e-08
135 1.3889000512112755e-07
136 6.83992476081757e-08
137 7.726845667695301e-08
138 1.1908811836103257e-07
139 1.3380294946120912e-07
140 9.441404511525404e-08
141 1.1848205482228272e-07
142 8.627354252521118e-08
143 7.827323185001164e-08
144 1.2103536922949472e-07
145 1.1062695350932714e-07
146 9.582954206700933e-08
147 6.288006622572918e-08
148 1.0296844577931748e-07
149 6.883450807956543e-08
150 1.8476746831206852e-07
151 5.357471631072634e-08
152 1.0988873210121515e-07
153 1.1680082475805127e-07
154 1.274381122707412e-07
155 7.181215747712738e-08
156 1.0865803984080338e-07
157 9.25720447636938e-08
158 7.712122908686989e-08
159 6.894519633923997e-08
160 1.0280304520577584e-07
161 8.003639897684463e-08
162 9.421939249876922e-08
163 4.5646509627767045e-08
164 9.547435834956927e-08
165 1.4277630433490041e-07
166 5.084552274154223e-08
167 1.2145808333720306e-07
168 7.718318681718833e-08
169 6.889904285371447e-08
170 9.754835460277368e-08
171 1.2484124519865812e-07
172 1.084902646325126e-07
173 8.102959602935633e-08
174 1.0702110494085858e-07
175 1.1750620417351518e-07
176 1.05231630228923e-07
177 7.41802589148107e-08
178 6.237543814307665e-08
179 2.6679692172072085e-08
180 7.586228248143056e-08
181 1.0847530718192975e-07
182 2.292173567900578e-10
183 1.9575378699008682e-07
184 8.15562900256788e-08
185 9.434464741395745e-08
186 4.258606568446288e-08
187 1.0289096373030518e-07
188 1.0605687846731528e-07
189 7.812515924540865e-08
190 9.096031784943983e-08
191 6.948861513966423e-08
192 6.354754386459269e-08
193 1.1620478338184012e-07
194 1.1018704253820229e-07
195 1.2072655595081555e-07
196 8.624246185588715e-08
197 1.0856182163672683e-07
198 1.0119463558252845e-07
199 1.0637884333739022e-07
200 8.43494104405338e-08
201 4.091426935764827e-08
202 7.845521586169913e-08
203 1.5250793243248475e-07
204 1.2969539196946453e-07
205 6.62923296947191e-08
206 1.5677910103423704e-07
207 1.0711236570253289e-07
208 8.422772814891192e-08
209 8.691582935423509e-08
210 1.3787078344574088e-07
211 1.240533054991397e-07
212 8.776850171943308e-08
213 4.810658814411337e-08
214 1.2769326340772032e-07
215 9.1250474482389e-08
216 8.46963017041883e-08
217 3.103632562508992e-09
218 1.362245754876014e-07
219 7.479247365170783e-08
220 1.0066067465827253e-07
221 7.10619545143637e-08
222 5.15194312559976e-08
223 1.4272332793848542e-07
224 3.6617444337808186e-08
225 1.6397853977361868e-07
226 9.941496574953276e-08
227 4.7448148521536877e-08
228 5.92279481519431e-08
229 8.215001515993753e-08
230 1.0829011312614983e-07
231 7.473063447704508e-08
232 5.1062193587392265e-08
233 5.298091213024633e-08
234 6.901581796477013e-08
235 7.924705954314512e-08
236 1.1919746477024713e-07
237 9.743569256441414e-08
238 4.551609377725405e-08
239 6.258909716458205e-08
240 7.314683403247082e-08
241 5.7708354255362636e-08
242 7.941223837795898e-08
243 1.0869898056950389e-07
244 6.495781752338895e-08
245 7.842948410267723e-08
246 1.1114564698580677e-07
247 1.1060022423644844e-07
248 1.1485307011168301e-07
249 9.738549821511306e-08
250 9.226695505895966e-08
251 1.0567413566714074e-07
252 1.1905238928070195e-07
253 1.4993827027271152e-07
254 8.865987520651803e-08
255 1.3665972165308151e-07
256 8.783184809830955e-08
257 1.2786196914604468e-07
258 8.696495076592225e-08
259 7.567621122317344e-08
260 1.153771893512594e-07
261 1.1250942838250994e-07
262 1.0714493703430214e-07
263 6.06699535697074e-08
264 1.0250755702293768e-07
265 1.1329389202911663e-07
266 1.4962127018977587e-07
267 8.756559607070716e-08
268 5.7511920671720394e-08
269 1.193290886681529e-07
270 6.937943934793361e-08
271 9.707165231320104e-08
272 1.5106723329790203e-07
273 9.861630241016866e-08
274 7.0498676594787e-08
275 6.966878429500998e-08
276 1.2194775596900274e-07
277 1.4829010769013894e-07
278 5.8682541159803174e-08
279 6.804593168840342e-08
280 8.210318920613446e-08
281 1.773596012445767e-08
282 1.3727002972766762e-07
283 1.5224682760672347e-08
284 7.804621764565971e-08
285 1.499376965831537e-07
286 3.363010050319914e-08
287 1.2243916242996166e-07
288 1.0149223587995777e-07
289 7.821374918554941e-08
290 1.0333207015602297e-07
291 5.123280810319053e-08
292 1.0740422969761449e-07
293 7.380745122017747e-08
294 1.2973766998229647e-07
295 9.025132173042557e-08
296 1.4831641197423988e-07
297 8.046474106302175e-08
298 1.2089911166258e-07
299 8.565913958895962e-08
300 9.645907495307469e-08
301 1.0118512115946801e-07
302 1.0860975005462509e-07
303 1.356776337564256e-07
304 1.1113603204067372e-07
305 8.878594308146676e-08
306 8.344601089385562e-08
307 7.893391670054822e-08
308 1.3823709973714234e-07
309 9.106011717481485e-08
310 7.07382245058556e-08
311 1.2164094713913542e-07
312 6.895484103089106e-08
313 8.858340647845303e-08
314 2.657565945774307e-08
315 7.200898479314788e-08
316 1.0660541975731555e-07
317 9.144785179079037e-08
318 1.3495714246988533e-07
319 5.626610870749626e-08
320 1.210576982096562e-07
321 1.4159479877228166e-08
322 1.4310833010726936e-07
323 8.529065036638157e-08
324 7.66351033744315e-08
325 9.084413750287599e-08
326 1.30101652203894e-07
327 7.671473413691918e-08
328 5.8676195706344634e-08
329 4.790673304087234e-08
330 4.8725241446799585e-08
331 9.884449620787657e-08
332 9.558767921847399e-08
333 7.52006891245319e-08
334 1.1075629689547978e-08
335 5.710268100426873e-08
336 2.9165380483937308e-08
337 1.0269845813650151e-07
338 2.3132886777499374e-08
339 8.552254450701959e-08
340 1.0544074142057605e-07
341 7.899297918961265e-08
342 9.515860022201034e-08
343 5.7830546089468766e-08
344 8.645032880591651e-08
345 9.690502481203164e-08
346 8.865417283608218e-08
347 5.679650935804574e-08
348 5.8081324683900906e-08
349 9.600378343364076e-08
350 1.7649473953989155e-07
351 8.83590476956497e-08
352 5.788384326693512e-08
353 1.0753571715292178e-07
354 9.31286579869519e-08
355 1.1569627030069742e-07
356 1.328224870125333e-07
357 1.9467816891934584e-07
358 1.6189025138266943e-07
359 1.0847640861966194e-07
360 9.22539098684699e-08
361 1.2762956478253196e-07
362 7.643279997632954e-08
363 1.1562472552343734e-07
364 1.5309259241398543e-07
365 1.0682324732650392e-07
366 1.3328839067456386e-07
367 1.1219752859635607e-07
368 1.163830470533839e-07
369 9.334331187669216e-08
370 8.664511434794121e-08
371 1.1057043063271053e-07
372 3.624974771271896e-08
373 1.357820018998827e-08
374 1.4516505197666805e-07
375 8.671587056887633e-08
376 8.088244470926165e-08
377 8.444727751167778e-08
378 9.159778281313964e-08
379 7.478124135274731e-08
380 1.1963527881023006e-07
381 1.0299291862375919e-07
382 1.0975639638394499e-07
383 7.717819932134042e-08
384 9.217588487559408e-08
385 7.7844812869655e-08
386 1.1184696803125645e-07
387 8.284631425550501e-08
388 1.0987936259521886e-07
389 2.7706068768474567e-08
390 2.187332228469345e-08
391 1.2459320839229221e-07
392 5.3571026523208253e-08
393 1.1026407810996463e-07
394 2.0933755966669577e-07
395 8.638814553364799e-08
396 1.8384492247112703e-07
397 1.378544181264223e-07
398 9.727115810423535e-08
399 1.1403855187653551e-07
400 9.44943163360375e-08
401 1.0808850374138117e-07
402 8.707285509279765e-08
403 1.0552718850962105e-07
404 1.6009092863646366e-07
405 1.0413552682703056e-07
406 2.256342358672341e-08
407 7.503301686093648e-08
408 7.767280123301167e-08
409 6.73371800939771e-08
410 7.40525484845644e-08
411 1.332496041397359e-07
412 1.3092542401027474e-07
413 1.467182197175205e-07
414 8.951260933390973e-08
415 9.44150975984105e-08
416 6.032774309233925e-08
417 6.53773010021749e-08
418 1.07495561790282e-07
419 1.304967432362456e-07
420 1.0797508559555676e-07
421 1.0280435017055244e-07
422 1.2771046948541815e-07
423 1.0487792906650106e-07
424 9.989904091125656e-08
425 1.0592175320928247e-07
426 1.003046013580745e-07
427 6.570136236433803e-08
428 1.0088397835068619e-07
429 1.0610006262397875e-07
430 1.4013880475075382e-07
431 6.937258144441349e-08
432 1.0333996059814808e-07
433 9.77523757684327e-08
434 6.051099263168433e-08
435 1.0049110300458928e-07
436 1.1090260081978817e-07
437 1.0553816614778013e-07
438 6.327754065810579e-08
439 1.0556841422310885e-07
440 1.0958891535951686e-07
441 7.861629246802661e-08
442 6.718269302913483e-08
443 1.4571790390025878e-07
444 2.9489140664243907e-08
445 7.984261264094061e-08
446 7.086764033644691e-08
447 1.291343486241435e-07
448 6.680298272398989e-08
449 8.986937310548682e-08
450 8.251501720950655e-08
451 1.1783924883883147e-07
452 9.836163480406479e-08
453 8.266443806428753e-08
454 7.787253675079269e-08
455 8.686973281755583e-08
456 1.1643474053316565e-07
457 8.566474526683337e-08
458 1.3333417578662684e-07
459 4.893681358473453e-08
460 2.854376399669115e-08
461 1.0058260597003786e-07
462 1.3306601337355688e-07
463 1.3639478265619156e-07
464 2.4361167254772055e-08
465 1.0981528142642734e-07
466 8.073177012080749e-08
467 5.5763905999539616e-08
468 1.0357730679175102e-07
469 8.074990888623255e-08
470 1.2073943969109316e-07
471 3.926541573408275e-08
472 8.650799969270816e-08
473 1.4288382587965843e-07
474 1.0153077685965929e-07
475 3.5263386260421074e-08
476 7.157108440618456e-08
477 5.104790286094932e-08
478 1.357202045675499e-07
479 4.864356198901672e-08
480 1.0759201303308046e-07
481 1.2629494789939862e-07
482 7.103790300968174e-08
483 1.1779810321781838e-07
484 6.734003017598904e-08
485 1.85568784432931e-07
486 1.40538111107506e-07
487 7.52325171217132e-08
488 1.2753152153326935e-07
489 1.0291578991710726e-07
490 1.2507671001622455e-07
491 1.201767154125337e-07
492 1.2809857644039491e-07
493 5.0657733194069225e-08
494 1.0131100158942647e-07
495 9.932635106272116e-08
496 6.512213144833816e-09
497 1.0178429928276111e-07
498 1.0141819866146495e-07
499 9.067169684361271e-08
500 5.5726911934111e-08
501 9.926129602513398e-08
502 4.7123663817000806e-08
503 2.8146149480450022e-08
504 3.5014717179485195e-08
505 5.171120368519158e-08
506 5.8810565174614e-08
507 1.07120052217545e-07
508 7.796563274094227e-08
509 5.24152084094304e-08
510 1.0751637240470954e-07
511 7.675933131172126e-08
512 3.219306243679847e-08
513 9.970427968833415e-08
514 8.080715271460895e-08
515 5.646000936374183e-08
516 4.2438734599582186e-08
517 8.871803215033368e-08
518 6.630704988761724e-08
519 7.675322615814735e-08
520 1.0263544196473195e-07
521 6.84113428162742e-08
522 1.0879411547758885e-07
523 8.109286812836137e-08
524 7.958572325216328e-08
525 1.5281235345519e-07
526 9.757038526133824e-08
527 1.161428325863203e-07
528 9.626839582748576e-08
529 8.77861753890967e-08
530 6.437886151213126e-08
531 8.134617931980174e-08
532 1.0142746927787943e-07
533 7.576445017274393e-08
534 1.1746520340945067e-07
535 1.3219328801144787e-07
536 1.6918608044279652e-07
537 4.579125324086019e-08
538 4.8459386625750164e-08
539 7.368060580009641e-08
540 9.409291666836452e-08
541 1.4345477149722224e-07
542 4.878378267193763e-08
543 1.520698292728423e-07
544 8.089797342464638e-08
545 1.1277878181097902e-07
546 1.4217365799098735e-07
547 1.1420194102079172e-07
548 4.683447388759289e-08
549 1.423042046676828e-07
550 7.704465629948537e-08
551 6.166751136231928e-08
552 7.652306780649862e-08
553 1.252430666558175e-07
554 1.382404861049432e-07
555 8.36581146861089e-08
556 1.3970200368221159e-07
557 6.380827578457461e-08
558 2.6106216684665054e-08
559 7.51781229371829e-08
560 1.0249851615234792e-07
561 1.0192309337270986e-07
562 1.0462867176305414e-07
563 4.883932563998436e-08
564 1.0668978299390955e-07
565 9.654263896443664e-08
566 1.0594687082309629e-07
567 1.082566963929253e-07
568 4.75171128518625e-08
569 1.0483067932232412e-07
570 5.85628492985255e-08
571 6.870785874001676e-08
572 5.5331899663020644e-08
573 4.806791478757876e-08
574 8.646227155713314e-08
575 1.180337696051245e-07
576 7.348340339979176e-08
577 1.1068163079958177e-07
578 6.512816685684767e-08
579 1.0703311370012299e-07
580 8.201459599402282e-08
581 1.2348352780196156e-07
582 7.980632623668263e-08
583 1.0691118422505745e-07
584 1.442291971327694e-07
585 8.198002328395501e-08
586 8.931094263357306e-08
587 1.5399956083530974e-07
588 1.1075892680976482e-07
589 9.465716755089737e-08
590 1.3549962449619746e-07
591 8.31273885489304e-08
592 8.743102535399191e-08
593 8.501310243165992e-08
594 7.70335212824695e-08
595 1.0314299000552886e-07
596 5.205315260038822e-08
597 1.36377441824641e-07
598 1.1349531438443654e-07
599 6.620691611238344e-08
600 1.2790419530988883e-07
601 1.569425130149676e-07
602 2.0964009967667602e-08
603 7.157697811845781e-08
604 1.367806765032091e-07
605 8.31006551935931e-08
606 1.7315190711166877e-07
607 8.60817012357623e-08
608 1.1292213180694371e-07
609 7.282623692323391e-08
610 1.5555743147186432e-07
611 1.0373250720289967e-07
612 1.0287380883635569e-07
613 9.637099482674361e-08
614 1.6811572307777655e-08
615 1.1007448477530634e-07
616 8.292451178320335e-08
617 6.070696779399516e-08
618 1.1431180090527966e-07
619 1.0040773178343517e-07
620 1.1449125484703382e-07
621 1.2432450706081674e-07
622 4.4897796865221554e-08
623 4.2818823367545126e-08
624 1.1818920255654442e-07
625 7.78385830705939e-08
626 6.344359210802562e-08
627 7.067062714978589e-08
628 1.2519026416373078e-07
629 5.5544364743096646e-08
630 8.025967026695784e-08
631 1.0813410453288618e-07
632 9.423761308434156e-08
633 8.330062882679255e-08
634 4.9852941199570836e-08
635 8.719162071685917e-08
636 3.805732197296741e-08
637 8.814464043346877e-08
638 9.626152260376349e-08
639 1.0317184810616013e-07
640 7.354623349255458e-08
641 1.0334522291971603e-07
642 3.126881608499278e-08
643 8.330495483088487e-08
644 1.089717769622227e-07
645 8.84759865120877e-08
646 1.0468754982658563e-07
647 6.59320866222151e-08
648 7.627773434425975e-08
649 6.232790514298892e-08
650 1.1803092922169426e-07
651 7.701813741315043e-08
652 1.1417160243953528e-07
653 6.666628689366542e-08
654 9.489688344847513e-08
655 1.4945911485691468e-07
656 1.0832507390284072e-07
657 1.0495444791227227e-07
658 3.595216045842913e-08
659 1.3243719811853187e-07
660 8.06363101930815e-08
661 7.106773227134215e-08
662 8.640357471275587e-08
663 9.34948446334304e-08
664 9.30912437167059e-08
665 1.2408684743401028e-07
666 1.0570337429314252e-07
667 7.488069062825898e-08
668 1.0278132857519572e-07
669 1.0408417886314949e-07
670 8.78776686355413e-08
671 1.137948554651864e-07
672 9.039825781280462e-08
673 1.3928823899598032e-07
674 6.373371767049286e-08
675 2.559924022100928e-09
676 8.984478281259527e-08
677 1.0080839995046173e-07
678 7.553891406800412e-08
679 5.2362122105402836e-08
680 1.4238954130653333e-07
681 8.777555472253744e-08
682 9.287860855950401e-08
683 1.2302814182048846e-07
684 1.0957653333528828e-07
685 7.93209587911789e-08
686 1.199659924154034e-07
687 1.4290408949421826e-07
688 1.0078889927597789e-07
689 9.777416462759323e-08
690 4.258161402260522e-08
691 1.0066367106954002e-07
692 1.417438192819131e-07
693 1.6567245981684022e-07
694 1.1821891417228719e-07
695 1.0637667683999139e-07
696 1.30121759040097e-07
697 4.851713146808867e-08
698 1.0020402450641783e-07
699 5.690501595575798e-08
700 6.186360135116795e-08
701 3.719949315181292e-08
702 1.2248569935241687e-07
703 1.3777391604367083e-07
704 4.158591564053919e-09
705 8.692512879852974e-08
706 1.1024563199551948e-07
707 5.277917086997604e-08
708 1.1483689518305416e-07
709 8.208314452590424e-08
710 9.677438447049004e-08
711 1.366386301205094e-08
712 1.0831545146233304e-07
713 1.2992013898636302e-07
714 1.1582328921494764e-07
715 1.0107916353338996e-07
716 1.154240202488031e-07
717 1.71582461509648e-07
718 1.0107633069859695e-07
719 1.270318728681316e-07
720 1.0887269253773641e-07
721 1.981696890874571e-08
722 5.366029701877482e-08
723 1.0405278791837152e-07
724 1.5277515897462094e-07
725 9.174561568891503e-08
726 1.2870652302204399e-07
727 1.0731555956290228e-07
728 5.387269963254831e-08
729 7.723601605868404e-08
730 1.0866476439992515e-07
731 1.1637447395684406e-07
732 1.896208034303473e-08
733 6.074131717480682e-08
734 1.4715021475704454e-07
735 7.747817403220461e-08
736 1.4596485474082144e-07
737 1.0034263845783923e-07
738 8.650851165207542e-08
739 9.6060547651183e-08
740 8.363678657206661e-08
741 6.13388202867766e-08
742 2.7580051931978344e-08
743 9.782448673974175e-08
744 1.1461851003213747e-07
745 1.2664757595225133e-07
746 1.0620375186464533e-07
747 1.2428721414528496e-07
748 1.6379346966801258e-07
749 9.056080644224815e-08
750 8.74330935873287e-08
751 8.834249967638909e-08
752 8.665365867361671e-08
753 1.0395567765108254e-07
754 8.988133452188154e-08
755 6.970451949645254e-08
756 6.596338708217337e-08
757 1.2369886617627266e-07
758 8.048093513209182e-08
759 1.242321895306383e-07
760 7.239403901443217e-08
761 6.085479434816375e-08
762 5.2370413303606705e-08
763 1.2436380631509708e-07
764 8.002918650996366e-08
765 1.326516090113879e-07
766 1.3207982295909733e-07
767 9.688601383514359e-08
768 9.035242173261151e-08
769 1.0189291172361423e-07
770 1.4377284333813737e-07
771 1.2628530605759082e-07
772 7.819579142362372e-08
773 8.839445503980805e-08
774 1.4757295232648173e-07
775 9.108129021276681e-08
776 2.935323583586265e-08
777 1.0587845122311607e-07
778 9.148842793396664e-08
779 9.432160349668956e-08
780 1.4902344720988124e-07
781 1.3942607291990374e-07
782 1.351323707053685e-07
783 5.950422897164486e-08
784 5.10186834821696e-08
785 9.808462834132213e-08
786 8.264379762697576e-08
787 8.889812434837784e-08
788 3.6867547047971864e-08
789 1.1025525193974804e-07
790 1.2077197596143436e-07
791 1.417622693797994e-07
792 1.3219207554845498e-07
793 1.0562763787352178e-07
794 1.3554077703425215e-07
795 1.381449821055171e-07
796 1.4607302918096161e-07
797 8.602924275726455e-08
798 4.643181891367545e-08
799 1.9422112962270198e-07
800 1.4211165740940487e-07
801 1.214590913297e-07
802 1.8322752195474127e-07
803 1.268712939131618e-07
804 5.4993162107289144e-08
805 1.3029844451733156e-07
806 7.926765541969728e-08
807 1.0553698692429223e-07
808 1.0446015340184549e-07
809 1.4477616276583426e-07
810 1.423458431814444e-07
811 1.1313125881251287e-07
812 9.77362565893499e-08
813 1.041572447021125e-07
814 5.6289471787840654e-08
815 1.4229507000446639e-07
816 8.715621359601939e-08
817 9.952535501784302e-08
818 8.26785612525204e-08
819 5.731219933287174e-08
820 7.510646133866318e-08
821 5.970858290161705e-08
822 8.060490955906501e-08
823 6.553272325383324e-08
824 1.0445550158553386e-07
825 2.8977045018253603e-08
826 1.3668937480766748e-07
827 1.0230902923868101e-07
828 1.4342271069391388e-07
829 5.691866797964182e-08
830 1.1858717916624615e-07
831 7.692744079010567e-08
832 1.133109922137072e-07
833 9.98351972954045e-08
834 1.418125987572957e-07
835 6.873273047605966e-08
836 1.2450978479553933e-07
837 1.3650531426798367e-07
838 1.4358845221520325e-07
839 6.688306801738022e-08
840 6.46711443079452e-08
841 1.565818012609151e-07
842 4.702505298791817e-08
843 1.350127428681495e-07
844 1.450374919417302e-07
845 1.2992835578279875e-07
846 4.6635216191679476e-08
847 7.724213812267355e-08
848 1.0598501600294975e-07
849 7.008164520584122e-08
850 8.937693494012711e-08
851 8.012435209711277e-08
852 6.751953159904273e-08
853 1.0247481010181522e-07
854 6.160875964207427e-08
855 7.898526528179996e-08
856 5.8560844652591836e-08
857 1.3330376829422202e-07
858 1.2972891673984998e-07
859 1.2147967004421485e-07
860 8.272283099713669e-08
861 1.2694377363923911e-07
862 5.2554817571803575e-08
863 3.837454159537082e-08
864 7.99192135992517e-08
865 7.644570157066616e-08
866 1.1580949166770717e-07
867 6.296029569937691e-08
868 9.37442057015471e-08
869 8.934747123386218e-08
870 7.521601606372697e-08
871 4.330637680387808e-08
872 1.4635256616613667e-07
873 1.326388417518581e-07
874 1.196486594801737e-07
875 1.2295941722645702e-07
876 8.324093079477813e-08
877 1.1187751067619426e-07
878 7.631486179108828e-08
879 1.1641419909443146e-07
880 9.696170532751279e-08
881 9.082078795930535e-08
882 4.31098070387725e-08
883 1.18961963878018e-07
884 1.2832654651047714e-07
885 1.1466861942484118e-07
886 1.2115165605758235e-07
887 1.105786179327296e-07
888 1.045281278817141e-07
889 8.601081586368205e-08
890 1.2025981652411036e-07
891 1.543751447620223e-07
892 1.2544430749023048e-07
893 1.1704691711323363e-07
894 3.39797725471611e-08
895 6.003996844391083e-08
896 1.428810884858502e-07
897 1.4635518425028005e-07
898 8.710229175088889e-08
899 1.0995734218056472e-07
900 9.408077665159745e-08
901 7.314870164580316e-08
902 9.056341482026728e-08
903 1.0632413169397018e-07
904 7.162142647331931e-08
905 8.545240093876553e-08
906 1.1640067419531097e-07
907 6.649222729160385e-08
908 7.820087750176496e-08
909 9.964300026268316e-08
910 1.3797454643849523e-07
911 7.848203164687289e-08
912 7.988150151236707e-08
913 4.706507849269899e-08
914 1.2711971593120514e-07
915 9.292676668557632e-08
916 1.1594902407715665e-07
917 7.75948085450877e-08
918 1.0276068615793839e-07
919 1.403164496452586e-07
920 7.478838636247002e-08
921 7.128486576783144e-08
922 9.702257038464874e-08
923 9.362540995282798e-08
924 1.0641838259253244e-07
925 7.353856727135464e-08
926 1.5836435349595392e-07
927 5.844226841654245e-08
928 1.0700363367425329e-07
929 2.823360820819769e-08
930 1.3629768102962636e-07
931 6.308861408205608e-08
932 8.17335014070373e-08
933 5.4829360500620086e-08
934 8.516520906817065e-08
935 8.041400873499095e-08
936 1.2235128858221947e-07
937 8.014043396991902e-08
938 4.224867943539959e-08
939 8.401051237687586e-08
940 5.667720075155849e-08
941 1.2600920369904073e-08
942 1.1596380229692976e-07
943 1.2976933238457793e-07
944 1.3520786201307817e-07
945 1.1420374698524216e-07
946 1.4799399081665875e-08
947 5.039214405509476e-08
948 1.3987748475200904e-07
949 1.170386237715775e-07
950 1.7173885070403852e-07
951 1.023692264473376e-07
952 7.225295991192753e-08
953 1.1356786113520193e-07
954 9.498533816336271e-08
955 9.687027867692825e-08
956 1.0337479517892623e-07
957 1.6770923011816882e-07
958 6.340980538899362e-08
959 1.2733806197336702e-07
960 1.0548019606778127e-07
961 7.443963269776762e-08
962 5.1037297090334735e-08
963 1.4356108415909323e-07
964 8.159855887849305e-08
965 6.345609177109288e-08
966 6.897845225235014e-08
967 7.925632790538584e-08
968 7.789842554901933e-08
969 3.8037461385719246e-08
970 8.360275939249709e-08
971 6.40800065305904e-08
972 8.584163931243899e-08
973 2.053963117587877e-07
974 1.0079397168860959e-07
975 5.302411310444687e-08
976 7.947722592812373e-08
977 9.579221857457273e-08
978 1.2148803129242313e-07
979 6.82440737323539e-08
980 1.1087149870404839e-07
981 6.142272058946824e-08
982 5.7984365548190405e-08
983 1.2235768524050915e-08
984 1.1316241904171231e-07
985 6.353276811974708e-08
986 1.1711367150978438e-07
987 8.358312802121533e-08
988 6.446219775860932e-08
989 9.645881426639859e-08
990 1.2768544233915174e-07
991 5.204609168519883e-08
992 6.103689604215772e-08
993 4.859407789315727e-08
994 9.563922737309205e-08
995 1.4063666822263494e-07
996 7.326742404825951e-08
997 1.4036737008628555e-07
998 4.851582031311076e-08
999 6.37475936951347e-08
