0 1.7278922660265845e-06
1 1.7827860579398767e-06
2 1.85244638528091e-06
3 1.6164316517824806e-06
4 1.8485727468919951e-06
5 1.9744548812974903e-06
6 1.7404861644008368e-06
7 1.7206522198087402e-06
8 1.8736604919572731e-06
9 1.8078218845952292e-06
10 1.6286826910381552e-06
11 1.6456461919230981e-06
12 1.766632831480056e-06
13 1.6728874843049228e-06
14 1.7992022475653569e-06
15 1.486526567317246e-06
16 1.7661817769791875e-06
17 1.8096706212113248e-06
18 1.6740307886261287e-06
19 1.7617477251155165e-06
20 1.7504652096409497e-06
21 1.6940136178167868e-06
22 1.7612329177486785e-06
23 1.8798904539919717e-06
24 1.674188373265768e-06
25 1.5583235699566308e-06
26 1.7512073598030874e-06
27 1.7974008684392936e-06
28 1.7025404775483532e-06
29 1.7942916145063247e-06
30 1.7500888858972952e-06
31 1.7904533036374583e-06
32 1.6179780412938907e-06
33 1.7453736942925225e-06
34 1.8198891410497471e-06
35 1.5504584668653849e-06
36 1.7263130938438871e-06
37 1.7914141890340611e-06
38 1.79653455553506e-06
39 1.619796187278692e-06
40 1.7606985003703563e-06
41 1.7521950448422234e-06
42 1.8384044306471582e-06
43 1.6767835031636383e-06
44 1.8502398471053765e-06
45 1.7813386450812498e-06
46 1.6630001597227995e-06
47 1.8133759111693662e-06
48 1.8691133356260099e-06
49 1.7076761903867751e-06
50 1.9182009570020016e-06
51 1.6947970973604896e-06
52 1.5461903962796482e-06
53 1.6659944721535839e-06
54 1.7599066217635937e-06
55 1.6927108088961987e-06
56 1.7537376317650114e-06
57 1.7297937204869961e-06
58 1.6999987589566953e-06
59 1.932671248571233e-06
60 1.6574835616914391e-06
61 1.6007187335907047e-06
62 1.7858575557646435e-06
63 1.738503880584684e-06
64 1.7920585137430932e-06
65 1.7641975555881326e-06
66 1.6133466854012644e-06
67 1.751356203190821e-06
68 1.4662916684476314e-06
69 1.912960693352037e-06
70 1.6274443523833225e-06
71 1.6970149967640764e-06
72 1.848534358147684e-06
73 1.8750157929405773e-06
74 1.8126425784941701e-06
75 1.6969352075726764e-06
76 1.9126961747311692e-06
77 1.6398129647752198e-06
78 1.7948824995977e-06
79 1.6297652365985367e-06
80 1.7334389100941493e-06
81 1.6573166680723875e-06
82 1.836501695662909e-06
83 1.8948009930800424e-06
84 1.6466399960726154e-06
85 1.6469046674498473e-06
86 1.7380126687813423e-06
87 1.755361734443664e-06
88 1.7939686861082862e-06
89 1.9345636724264773e-06
90 1.6614067526909472e-06
91 1.6945057305304367e-06
92 1.8254118688566654e-06
93 1.7839365512766396e-06
94 1.6583760011122161e-06
95 1.6993019539728813e-06
96 1.8469368223875017e-06
97 1.9160205241014066e-06
98 1.8343971153043336e-06
99 1.623121890000473e-06
100 1.7634130867695584e-06
101 1.7394763041683663e-06
102 1.5192669011123482e-06
103 1.6530324626418493e-06
104 1.6804619671258723e-06
105 1.6420829722440854e-06
106 1.597303680795933e-06
107 1.8537456479634526e-06
108 1.8693300166596244e-06
109 1.4942448497367922e-06
110 1.9798572941142277e-06
111 1.5298275654307005e-06
112 1.7698374033112092e-06
113 1.7984351624498601e-06
114 1.7658910034693738e-06
115 1.7590974525617585e-06
116 1.7722494622667747e-06
117 1.7259906156029384e-06
118 1.7237439558410216e-06
119 1.7632229824043314e-06
120 1.891653602743649e-06
121 1.7300231935802069e-06
122 1.7798622537888976e-06
123 1.6999600212131713e-06
124 1.6524284194472217e-06
125 1.732015796525883e-06
126 1.8396683919115387e-06
127 1.741593862757935e-06
128 1.9571335902742103e-06
129 1.50548583173869e-06
130 1.5401940467319683e-06
131 2.0093845294138496e-06
132 1.6887548403067165e-06
133 1.6013274780539333e-06
134 1.8105437058732115e-06
135 1.6061624928265736e-06
136 1.7031435905138684e-06
137 1.7342381251585156e-06
138 1.8088837963816987e-06
139 1.7210127673250681e-06
140 1.6345645484069012e-06
141 1.8235552392066017e-06
142 1.7347788694761998e-06
143 1.7059112106780163e-06
144 1.753071426140197e-06
145 1.7952081096354836e-06
146 1.7603266533360437e-06
147 1.6663090413823101e-06
148 1.9353988354971917e-06
149 1.714413000911295e-06
150 1.7098548101874095e-06
151 1.680335606509617e-06
152 1.821155903551358e-06
153 1.9450393583823408e-06
154 1.8291927107529664e-06
155 1.4965262310904747e-06
156 1.7976469808473194e-06
157 1.7898012717801443e-06
158 1.7274106024246474e-06
159 1.784928944400327e-06
160 1.709972662728573e-06
161 1.7577498169735233e-06
162 1.6864901282144137e-06
163 1.9371861027891192e-06
164 1.7627447207976572e-06
165 1.703495417725657e-06
166 1.7462647785933316e-06
167 1.746645975600346e-06
168 1.7846421216240304e-06
169 1.6248819796851568e-06
170 1.7465342005908376e-06
171 1.752208837761746e-06
172 1.7011676020583166e-06
173 1.6582592964700936e-06
174 1.7078285805181532e-06
175 1.5069729369622824e-06
176 1.9933296383568022e-06
177 1.691860243857312e-06
178 1.6250296968497198e-06
179 1.5621906289122044e-06
180 1.708848115257529e-06
181 1.7394608561824385e-06
182 1.673004887209201e-06
183 1.763203548607546e-06
184 1.5811598073646235e-06
185 1.6130247083689859e-06
186 1.839935013229359e-06
187 1.7380919106157072e-06
188 1.771386249355562e-06
189 1.800386520632841e-06
190 1.7693662256554279e-06
191 1.746492324754021e-06
192 1.7065949446703783e-06
193 1.7516541092757587e-06
194 1.8241662896562623e-06
195 1.9028824814268442e-06
196 1.7995945590270836e-06
197 1.8333865654663962e-06
198 1.7419017702883798e-06
199 1.973506852929534e-06
200 1.8016574539920996e-06
201 1.8856713749796405e-06
202 1.7845722005096127e-06
203 1.73924553650724e-06
204 1.7326761891346942e-06
205 1.8790812619293944e-06
206 1.6146837047550186e-06
207 1.6288532118148527e-06
208 1.7816156522521846e-06
209 1.8519570688826421e-06
210 1.8066732183712878e-06
211 1.6188436901152883e-06
212 1.6204960729626347e-06
213 1.7253333978721923e-06
214 1.811177143471606e-06
215 1.9611184255640752e-06
216 1.875022292115134e-06
217 1.7446550663423399e-06
218 1.6465381990076496e-06
219 1.7375491930534803e-06
220 1.8532305404888087e-06
221 1.6626716706492204e-06
222 1.6366728004445485e-06
223 1.671784555836126e-06
224 1.7804195417637245e-06
225 1.6780232929286493e-06
226 1.7371358230324559e-06
227 1.8204678790254178e-06
228 1.800280203148673e-06
229 1.9310300354952517e-06
230 1.5033064688665493e-06
231 1.8475683805494148e-06
232 1.7008983080287912e-06
233 1.816063590684934e-06
234 1.696397435932481e-06
235 1.7531527094083676e-06
236 1.5606440290748164e-06
237 1.7670821487289149e-06
238 1.8376880064311568e-06
239 1.912733456846664e-06
240 1.7929870511135324e-06
241 1.6992784050799359e-06
242 1.827086299703674e-06
243 1.7875836607065801e-06
244 1.9058773734162132e-06
245 1.714196535967074e-06
246 1.7904459574197082e-06
247 1.8603187751055687e-06
248 1.873441558978455e-06
249 1.6343591785194573e-06
250 1.8814277217586308e-06
251 1.6805049088996162e-06
252 1.7985460190256359e-06
253 1.86004915093938e-06
254 1.681706705469334e-06
255 1.7302902610559845e-06
256 1.6320844714689898e-06
257 1.8474811906704542e-06
258 1.7055892180431524e-06
259 1.757810459198034e-06
260 1.6700409241665414e-06
261 1.832244166223622e-06
262 1.711396972842889e-06
263 1.6938461143056258e-06
264 1.6581678950411922e-06
265 1.7968111720416263e-06
266 1.7881026158216016e-06
267 1.7729092781453854e-06
268 1.6965617861023416e-06
269 1.642654300835012e-06
270 1.7706818201225781e-06
271 1.7375424698823454e-06
272 1.7279185647061237e-06
273 1.8777359445190762e-06
274 1.795318157078496e-06
275 1.7876031032607815e-06
276 1.6705428360318591e-06
277 1.7249516813523002e-06
278 1.6551297180498384e-06
279 1.7000100180709131e-06
280 1.817808945615122e-06
281 1.849897940992467e-06
282 1.964779792573396e-06
283 1.9144029047408186e-06
284 1.7106702702451838e-06
285 1.62909435989033e-06
286 1.8183134815562263e-06
287 1.6943797250924878e-06
288 1.729021514060721e-06
289 1.8922291489903328e-06
290 1.8925792685409983e-06
291 1.8749602428980405e-06
292 1.77708075061282e-06
293 1.8150430319746282e-06
294 1.7312978643447542e-06
295 1.8596238035024644e-06
296 1.7026490191295489e-06
297 1.6500024993263139e-06
298 1.998505744467064e-06
299 1.791365836219963e-06
300 1.5134415471095e-06
301 1.605501181900325e-06
302 1.7539071932159178e-06
303 1.5811562171869047e-06
304 1.6046548358110974e-06
305 1.8765005708322142e-06
306 1.7796803352316858e-06
307 1.8701357808667841e-06
308 1.8197325607136215e-06
309 1.8034223786086853e-06
310 1.5856640623609228e-06
311 1.712404726491535e-06
312 1.824086893214943e-06
313 1.8225519316128691e-06
314 1.9068504226798698e-06
315 1.6544621603638294e-06
316 1.8003316698090939e-06
317 1.8417218774954638e-06
318 1.6496853007720454e-06
319 1.729348872550788e-06
320 1.6998153115449926e-06
321 1.692397322618249e-06
322 1.640971795306006e-06
323 1.801719866882447e-06
324 1.9261306608304285e-06
325 1.8512410222674529e-06
326 1.8186404153033964e-06
327 1.7390703962866488e-06
328 1.7298484433160888e-06
329 1.8332627132251115e-06
330 1.6816860546575224e-06
331 2.011483075325248e-06
332 1.8043416646680163e-06
333 1.8057661531008177e-06
334 1.5963045500511759e-06
335 1.7625829981276917e-06
336 1.633881437531697e-06
337 1.745930072698537e-06
338 1.8553890969026346e-06
339 1.6240454529200272e-06
340 1.4864294910410205e-06
341 1.7750262053806969e-06
342 1.6721809380213054e-06
343 1.8174868208673596e-06
344 1.5250880145394657e-06
345 1.8596897346669696e-06
346 1.8046081130835868e-06
347 1.6729841633549523e-06
348 1.7610526710771866e-06
349 1.7479255434996343e-06
350 1.4957422831560373e-06
351 1.6415227481221786e-06
352 1.696825966543845e-06
353 1.7520608940490442e-06
354 1.6182507395877049e-06
355 1.750875743086281e-06
356 1.9159640273970107e-06
357 1.7783345649360851e-06
358 1.6251802182014398e-06
359 1.5078433103919213e-06
360 1.718336491418036e-06
361 1.7407620004912896e-06
362 1.7667077050956873e-06
363 1.8569675799112757e-06
364 1.602528860025037e-06
365 1.6047777097266135e-06
366 1.572663689710823e-06
367 1.6438809384203017e-06
368 1.6161867806180158e-06
369 1.855570267048189e-06
370 1.539138215845293e-06
371 1.643479256937177e-06
372 1.76844307979619e-06
373 1.8912415869368139e-06
374 1.7600115933854628e-06
375 1.7472324887936742e-06
376 1.7736462836491882e-06
377 1.724931938348657e-06
378 1.772006096740653e-06
379 1.686219911738109e-06
380 1.6939608412347454e-06
381 1.6742198972856397e-06
382 1.7916487052242978e-06
383 1.8125214135486794e-06
384 1.964965776865003e-06
385 1.7668546063556143e-06
386 1.7980841759663607e-06
387 1.7523655563474177e-06
388 1.9232427350587915e-06
389 1.687985039480163e-06
390 1.616503670403535e-06
391 1.4854858344454238e-06
392 1.8086311246330554e-06
393 1.8289076911821079e-06
394 1.6884379150519991e-06
395 1.9777245571707e-06
396 1.804222019292917e-06
397 1.5780705770087268e-06
398 2.0403149447823113e-06
399 1.8098505206667072e-06
400 1.726466546159459e-06
401 1.8005434535273711e-06
402 1.6918960694636113e-06
403 1.9475834577606473e-06
404 1.7047478324196858e-06
405 1.71179527799848e-06
406 1.724867958844905e-06
407 1.6977957835233513e-06
408 1.7642013323918757e-06
409 1.7282035318294877e-06
410 1.6459601402995818e-06
411 1.5767259994657064e-06
412 1.7915821940761994e-06
413 1.7672496414548545e-06
414 1.8822284522136616e-06
415 1.5738249418854129e-06
416 1.7688480950139275e-06
417 1.5920916623216828e-06
418 1.859057758169316e-06
419 1.5970925551350604e-06
420 1.8688273266410504e-06
421 1.8439199730183054e-06
422 1.7340515913404586e-06
423 1.7225948618866638e-06
424 1.8620891540095272e-06
425 1.7987997436745273e-06
426 1.6631136636189737e-06
427 1.7677088447555745e-06
428 1.7448787243368806e-06
429 1.6775708949853987e-06
430 1.9009854170794816e-06
431 1.6337261702488572e-06
432 1.76225016931601e-06
433 1.6825701812448913e-06
434 1.6753891024628228e-06
435 1.759130114909142e-06
436 1.786533993578056e-06
437 1.6116848509257876e-06
438 1.957234119693783e-06
439 1.774895630367658e-06
440 1.712525618916102e-06
441 1.884760085342207e-06
442 1.970287605923773e-06
443 1.7954230718009539e-06
444 1.7108225280319505e-06
445 1.907461061302667e-06
446 1.6625603037898632e-06
447 1.6424935703323977e-06
448 1.7750384256465988e-06
449 1.6154799439985676e-06
450 1.8833459808814663e-06
451 1.8928607364686434e-06
452 1.7952613521176814e-06
453 1.7225760286762536e-06
454 1.8461860614585999e-06
455 1.8391130361063727e-06
456 1.6130207222582346e-06
457 1.6596465974593562e-06
458 1.7016442159178518e-06
459 1.8449021398783818e-06
460 1.6533560699275018e-06
461 1.769672117420817e-06
462 1.5212974716366829e-06
463 1.797597829580854e-06
464 1.87909684703941e-06
465 1.5332971346081917e-06
466 1.6095227409968215e-06
467 1.7197461401613184e-06
468 1.6469267403602775e-06
469 1.5771416329334023e-06
470 1.6808589802861124e-06
471 1.7949080025200405e-06
472 1.6030641461590865e-06
473 1.7236764630791063e-06
474 1.7816071757429005e-06
475 1.7141148578002327e-06
476 1.7712021319978174e-06
477 1.703445617283249e-06
478 1.9899759693788706e-06
479 1.7603774909204432e-06
480 1.8824331165464557e-06
481 1.632426084935361e-06
482 1.6462862921212903e-06
483 1.7100783417919883e-06
484 1.7596762010049812e-06
485 1.669977211300083e-06
486 1.5670792172744206e-06
487 1.7361753458751085e-06
488 1.6296943949954075e-06
489 1.8854602467446804e-06
490 1.756234030130564e-06
491 1.7046385123214798e-06
492 1.7022815364844149e-06
493 1.6348090960153046e-06
494 1.8033454575511387e-06
495 1.7374211662231828e-06
496 1.8632761191714531e-06
497 1.8039582756305186e-06
498 1.7962372756347172e-06
499 1.5253034994822888e-06
500 1.6904854037336974e-06
501 1.7612444185069532e-06
502 1.6894348630107328e-06
503 1.7741168161360103e-06
504 1.6921934373207766e-06
505 1.805197184191678e-06
506 1.7505863226140372e-06
507 1.7548544045742433e-06
508 1.8033805238440655e-06
509 1.6073828370288912e-06
510 1.935153409074896e-06
511 1.8571555364331998e-06
512 1.68695989232312e-06
513 1.7362284979920045e-06
514 1.7544476416834936e-06
515 1.7241261043325328e-06
516 1.7296892387112884e-06
517 1.7140187991635656e-06
518 1.7390543027284674e-06
519 1.7620174921962295e-06
520 1.8725178028209916e-06
521 1.6233503975375908e-06
522 1.806700950947792e-06
523 1.7375021273086631e-06
524 1.8889366267808211e-06
525 1.5919496393116403e-06
526 1.4292613876042996e-06
527 1.9093508668361534e-06
528 1.814714505966436e-06
529 1.760161926162126e-06
530 1.61072801862556e-06
531 1.8087184363971578e-06
532 1.7702370800147941e-06
533 1.8083980584792342e-06
534 1.7250451050202331e-06
535 1.6143746139859841e-06
536 1.7642853937498347e-06
537 1.5386411302955312e-06
538 1.8123841310202696e-06
539 1.7746765047395407e-06
540 1.926376459435929e-06
541 1.8455207280476775e-06
542 1.6654222252174222e-06
543 1.711153879415528e-06
544 1.8515829487993835e-06
545 1.697057442966976e-06
546 1.6462641765444616e-06
547 1.5729872260083692e-06
548 1.6179760864741505e-06
549 1.560784399406042e-06
550 1.614101876638648e-06
551 1.9005535513857115e-06
552 1.7563129816596754e-06
553 1.7201693479020917e-06
554 1.877413577462805e-06
555 1.7481690373328484e-06
556 1.7466103437491287e-06
557 1.7279977470264789e-06
558 1.7900334831923142e-06
559 1.7982577167093411e-06
560 1.7289103502553473e-06
561 1.8455357653655828e-06
562 1.7370222495719569e-06
563 1.5857663990007485e-06
564 1.6872840889485446e-06
565 1.862452212035491e-06
566 1.837785759804131e-06
567 1.7303279432992434e-06
568 1.6593930407639112e-06
569 1.8697176233298214e-06
570 1.6837776113932957e-06
571 1.7592108140319324e-06
572 1.8425277172754413e-06
573 1.7132920789539976e-06
574 1.8617930941878656e-06
575 1.7497192254773153e-06
576 1.7498294073635785e-06
577 1.7289964145262838e-06
578 1.7721820305193877e-06
579 1.7477114827028626e-06
580 1.6359496635671831e-06
581 1.82766893674463e-06
582 1.6433232806864609e-06
583 1.8367750594481092e-06
584 1.850434690120084e-06
585 1.7958757761386303e-06
586 1.721202391449357e-06
587 1.7341557643825145e-06
588 1.7414491447964174e-06
589 1.6631345262374298e-06
590 1.6893920692152705e-06
591 1.7000275861873234e-06
592 1.789144394235547e-06
593 1.6350926983563838e-06
594 1.7631117164978701e-06
595 1.7332842815372178e-06
596 1.864941339130627e-06
597 1.6529249779149815e-06
598 1.7457171920543968e-06
599 1.7038119174483708e-06
600 1.947016984092875e-06
601 1.6521421960684422e-06
602 1.8644127103552507e-06
603 1.6185045101398611e-06
604 1.7691413091653037e-06
605 1.7881801541301478e-06
606 1.6094830596848906e-06
607 1.7544284520606604e-06
608 1.9568600523840123e-06
609 1.7863471120872543e-06
610 1.5167757019862808e-06
611 1.8596674477331817e-06
612 1.827307223896321e-06
613 1.7954102308148902e-06
614 1.697888975237701e-06
615 1.7384689563430087e-06
616 1.6386085582762808e-06
617 1.774920351390145e-06
618 1.8462052980958873e-06
619 1.8620951290636066e-06
620 1.6224293010297582e-06
621 1.6131063593436118e-06
622 1.8503037699784422e-06
623 1.7677279788403463e-06
624 1.6500192353240912e-06
625 1.8249344135264158e-06
626 1.710943715141371e-06
627 1.7125661739469167e-06
628 1.7238550327980754e-06
629 1.8209306521923578e-06
630 1.7900686851665693e-06
631 1.5328901352480382e-06
632 1.5575358985961372e-06
633 1.8285478163413843e-06
634 1.6019639380129803e-06
635 1.8064071756008992e-06
636 1.6159824229716076e-06
637 1.5867222491893808e-06
638 1.6508694376625273e-06
639 1.916482783270674e-06
640 1.6486285542937777e-06
641 1.92078227669439e-06
642 1.96266892113568e-06
643 1.6736325229501185e-06
644 1.8096131004731108e-06
645 1.748888847339962e-06
646 1.6607279169331354e-06
647 1.754122193351394e-06
648 1.6680181322741796e-06
649 1.9255313768981754e-06
650 1.8415960298634802e-06
651 1.6479041334823374e-06
652 1.6960103634899388e-06
653 1.9323679583981114e-06
654 1.6738177053314645e-06
655 1.770744485384021e-06
656 1.6261100548201145e-06
657 1.7597915591940617e-06
658 1.759595552607527e-06
659 1.8099830002163244e-06
660 1.5098755284246184e-06
661 1.7083926528093057e-06
662 1.8724333248672834e-06
663 1.8005357345217763e-06
664 1.6737213457316762e-06
665 1.516768690759094e-06
666 1.6838634160712106e-06
667 1.7108554688337403e-06
668 1.6417199852685938e-06
669 1.984132397239034e-06
670 1.8149279186298815e-06
671 1.5698697454357604e-06
672 1.5751024145325023e-06
673 1.6547957337767261e-06
674 1.9076144391894e-06
675 1.6710187041853832e-06
676 1.8224298141826307e-06
677 1.777210098317675e-06
678 1.8178097800189057e-06
679 1.7977008597185431e-06
680 1.8368595355950013e-06
681 1.7517797962946725e-06
682 1.615743366741166e-06
683 1.8518648490882366e-06
684 1.7711462607164196e-06
685 1.7282087721346476e-06
686 1.8240271789226215e-06
687 1.8027768775737973e-06
688 1.8344402518706492e-06
689 1.8763750131018708e-06
690 1.6925928247556628e-06
691 1.5475233192853838e-06
692 1.6624965834913932e-06
693 1.631576651492787e-06
694 1.8950236179089503e-06
695 1.5360904160579281e-06
696 1.778934415877867e-06
697 1.7560896982977182e-06
698 1.8156669606990568e-06
699 1.6312398150117192e-06
700 1.7052763223596448e-06
701 1.818649680607138e-06
702 1.5996397612285469e-06
703 1.707212978992976e-06
704 1.829047574706487e-06
705 1.817311809612177e-06
706 1.7633565474169737e-06
707 1.7824624995892356e-06
708 1.7893892710203884e-06
709 1.723195229674795e-06
710 1.5942542836065107e-06
711 1.6019157792753696e-06
712 1.7630240605793116e-06
713 1.6309869090788086e-06
714 1.6415162511564591e-06
715 1.7869145617251519e-06
716 1.7667438308489463e-06
717 1.9857938021858944e-06
718 1.876375131826069e-06
719 1.67810744784468e-06
720 1.9162547437517638e-06
721 1.6074312014603495e-06
722 1.7049043160640676e-06
723 1.7099583114409162e-06
724 1.7465722962061179e-06
725 1.8225573260577642e-06
726 1.6996543107121161e-06
727 1.5219626717115873e-06
728 1.8870958970710762e-06
729 1.8559988444211257e-06
730 1.802183174063667e-06
731 1.7208662220639044e-06
732 1.7542985885141205e-06
733 1.6588629115808178e-06
734 1.6509798512459182e-06
735 1.721659907968056e-06
736 1.8125946996172303e-06
737 1.8359703403803634e-06
738 1.6292361201192385e-06
739 1.7804126483666116e-06
740 1.6798378826544032e-06
741 1.6440121518547649e-06
742 1.8314572717321053e-06
743 2.025893788621632e-06
744 1.85646489738338e-06
745 1.701878020410103e-06
746 1.9738529688747952e-06
747 1.7180332083261607e-06
748 1.6883790795633007e-06
749 1.7611469446724268e-06
750 1.7994451832671684e-06
751 1.9762222031199767e-06
752 1.8582399753586027e-06
753 1.9236106261515358e-06
754 1.7055413513771857e-06
755 1.6317046226524661e-06
756 1.8513348822022993e-06
757 1.4819509853240375e-06
758 1.697814318613078e-06
759 1.7852276598236423e-06
760 1.7617862767930566e-06
761 1.681055041565674e-06
762 1.6402955915820207e-06
763 1.917586463052835e-06
764 1.8341730751766943e-06
765 1.8133499440164076e-06
766 1.820994554202547e-06
767 1.8058328792067043e-06
768 1.7698795599451779e-06
769 1.7538525066682196e-06
770 1.7424543484079593e-06
771 1.5546630875482306e-06
772 1.6608857604571499e-06
773 1.4990490497743816e-06
774 1.8901767443346083e-06
775 1.7061740350370433e-06
776 1.7820917362623263e-06
777 1.771279865995347e-06
778 1.6989292842302147e-06
779 1.8130466736715631e-06
780 1.7081889604296075e-06
781 1.7342174949073366e-06
782 1.8175324481751477e-06
783 1.6155674744779163e-06
784 1.7844165693725989e-06
785 1.7310057164072475e-06
786 1.8710308265937546e-06
787 1.6111361237943193e-06
788 1.7581846904127605e-06
789 1.6137046614128949e-06
790 1.6820185733016152e-06
791 1.8364136046332727e-06
792 1.9997034830053517e-06
793 1.7189019355395453e-06
794 1.9488285936980163e-06
795 1.6070117535645023e-06
796 1.860555920568875e-06
797 1.808057504207129e-06
798 1.6818346350395811e-06
799 1.6696150488534503e-06
800 1.9216228906103632e-06
801 1.7590300725872374e-06
802 1.5186586331833252e-06
803 1.6700392969736624e-06
804 1.91028473994745e-06
805 1.7548425269197173e-06
806 1.8537629631026328e-06
807 1.6236766061292679e-06
808 1.6025375943174795e-06
809 1.6701691672021908e-06
810 1.688627639080655e-06
811 1.7777681526875026e-06
812 1.7225443127558592e-06
813 1.7104268565298392e-06
814 1.7615415710306833e-06
815 1.7990633016493507e-06
816 1.8594379038105185e-06
817 1.8696673844161546e-06
818 1.816346056401459e-06
819 1.5124148403354047e-06
820 1.6664256583872496e-06
821 1.8475709269456239e-06
822 1.7666295220356966e-06
823 1.777993036074486e-06
824 1.7187922710480373e-06
825 1.6992287016777305e-06
826 1.8704362198650181e-06
827 1.802151278281255e-06
828 1.8870025854764097e-06
829 1.8890578454829199e-06
830 1.879984856773751e-06
831 1.7296573337009535e-06
832 1.7864748648263224e-06
833 1.7327266527128926e-06
834 1.7034231251622597e-06
835 1.6901404319514833e-06
836 1.5931955851487549e-06
837 1.7743716994618988e-06
838 1.730256419999944e-06
839 1.5074591267497215e-06
840 1.5506301151245936e-06
841 1.6844490187996494e-06
842 1.7080776948023632e-06
843 1.639095338393367e-06
844 1.6517628033109202e-06
845 1.721243015687308e-06
846 1.8260256851650294e-06
847 1.6932184665282422e-06
848 1.832795641016923e-06
849 1.5525133785597645e-06
850 1.8898186281523146e-06
851 1.638131343332037e-06
852 1.612542765035223e-06
853 1.7404465487914244e-06
854 1.7606645342740647e-06
855 1.6810053281722625e-06
856 1.7558981538903637e-06
857 1.6148789603083093e-06
858 1.7535721059628268e-06
859 1.787583022835678e-06
860 1.7273019531362446e-06
861 1.8990722355999659e-06
862 1.7064838929811548e-06
863 1.7546728812054566e-06
864 1.8329559752685411e-06
865 1.8360359313328927e-06
866 1.8242743473713196e-06
867 1.766174434230307e-06
868 1.686825685220086e-06
869 1.7103185002966906e-06
870 1.570877407498864e-06
871 1.8344379525206184e-06
872 1.7829445870505911e-06
873 1.7205071994778312e-06
874 1.678529842333005e-06
875 1.7215900580131704e-06
876 1.8503565942849707e-06
877 1.7954530029207485e-06
878 1.8055390401979263e-06
879 1.7583708456927226e-06
880 1.6787860795997825e-06
881 1.7257619445907545e-06
882 1.6992418233945867e-06
883 1.7951425574246495e-06
884 1.7670407525768305e-06
885 1.8732113130440474e-06
886 1.9707939258762278e-06
887 1.5789541983376164e-06
888 1.740047726978322e-06
889 1.8016744588674862e-06
890 1.644222842484972e-06
891 1.7636899928962022e-06
892 1.7412871956644747e-06
893 1.7756039277012253e-06
894 1.6189157552654004e-06
895 1.704131168060084e-06
896 1.805199572424278e-06
897 1.776990852516473e-06
898 1.8815967856428317e-06
899 1.7089649401550902e-06
900 1.7559271384989413e-06
901 1.6435808274169143e-06
902 1.991019850996546e-06
903 1.7972164613212515e-06
904 1.6386250750933025e-06
905 1.6766203063338986e-06
906 1.8930898528394448e-06
907 1.6895873758221183e-06
908 1.9243799102969595e-06
909 1.6609333327664137e-06
910 1.9552119310220298e-06
911 1.743989844701175e-06
912 1.6954621060794075e-06
913 1.6507577973761549e-06
914 1.5402177395822417e-06
915 1.886151763675924e-06
916 1.6483522166555098e-06
917 1.7557776661608993e-06
918 1.5809225301450213e-06
919 1.6102409646764674e-06
920 1.6380828767035972e-06
921 1.687254425485689e-06
922 1.62394563607077e-06
923 1.6912307972803923e-06
924 1.5636076561748642e-06
925 1.7871323738565352e-06
926 1.7105933502547032e-06
927 1.7090649266315928e-06
928 1.7721471627387632e-06
929 1.757655246828117e-06
930 1.8102997757607916e-06
931 1.6798193877192442e-06
932 1.8123523805877562e-06
933 1.7762331898300362e-06
934 1.6871273988128672e-06
935 1.6139677815397127e-06
936 1.7624002002011717e-06
937 1.662428120315e-06
938 1.8977242892492341e-06
939 1.7556768804133722e-06
940 1.7447873368897016e-06
941 1.5115607111350905e-06
942 1.7256092461043285e-06
943 1.7410576133043085e-06
944 1.8066201207684106e-06
945 1.63613635779503e-06
946 1.739104562844948e-06
947 1.7236746789890666e-06
948 1.882776666939805e-06
949 1.6514455807401473e-06
950 1.7108090092249833e-06
951 1.748849149290676e-06
952 1.682399334749502e-06
953 1.7913528699909268e-06
954 1.7636546584059662e-06
955 1.809588689159034e-06
956 1.7245061114244184e-06
957 1.6574950860109724e-06
958 1.7409236698994528e-06
959 1.642176195506439e-06
960 1.7675836243044013e-06
961 1.7272938615648183e-06
962 1.7323313714488056e-06
963 1.9678415378303877e-06
964 1.8349776385242183e-06
965 1.840330615961014e-06
966 1.782039246158216e-06
967 1.7186576120896427e-06
968 1.6947444903226622e-06
969 1.649229517771172e-06
970 1.7527104769980207e-06
971 1.920201553205658e-06
972 1.6305154538800437e-06
973 1.7499777125318859e-06
974 1.6882753004220538e-06
975 1.6492623236579587e-06
976 1.8967733645979919e-06
977 1.7267064350790155e-06
978 1.8034838703472082e-06
979 1.5872218597727323e-06
980 1.7245409555461963e-06
981 1.5247271006250917e-06
982 1.740341200629523e-06
983 1.7142890089411288e-06
984 1.64976044139961e-06
985 1.7841424646620264e-06
986 1.8194441326031983e-06
987 1.8814357300370172e-06
988 1.6421889569807419e-06
989 1.830970287030893e-06
990 1.8349309360682181e-06
991 1.7441107759064735e-06
992 1.8458563077272328e-06
993 1.6847552070210947e-06
994 1.8172420150691776e-06
995 1.6520996846586686e-06
996 1.6731803613138216e-06
997 1.7861365156203927e-06
998 1.777936261792349e-06
999 1.8453112641411018e-06
