0 6.017798518975977e-07
1 9.087111580202052e-07
2 7.413716786726096e-07
3 7.721675035248787e-07
4 8.776259830721371e-07
5 6.775762283280047e-07
6 8.54433023578867e-07
7 6.746219326779486e-07
8 7.106086077834534e-07
9 8.637747679206965e-07
10 7.545031121781935e-07
11 8.239687421932607e-07
12 8.271505825158233e-07
13 7.508898164416447e-07
14 8.534077008411927e-07
15 5.035037611544238e-07
16 7.003818983914784e-07
17 8.471049333061204e-07
18 8.228962470242304e-07
19 6.949421495887071e-07
20 9.069520000784127e-07
21 5.728584466993376e-07
22 6.34312055442354e-07
23 6.921642526969276e-07
24 6.060200872167343e-07
25 6.132630272492042e-07
26 8.184543326842815e-07
27 7.575723949834065e-07
28 6.547080072392869e-07
29 7.856836592603502e-07
30 4.765064280507056e-07
31 7.74302605213612e-07
32 1.0405981152062403e-06
33 8.187781567764838e-07
34 7.72024792895964e-07
35 9.029663870875843e-07
36 6.437343465288469e-07
37 6.552845859692468e-07
38 6.219971622769275e-07
39 8.255820030666951e-07
40 5.052653163066196e-07
41 9.4016700140736e-07
42 6.854845340729302e-07
43 8.405790648364525e-07
44 9.042333516469843e-07
45 6.07957695331868e-07
46 6.612293730759884e-07
47 5.52120898220362e-07
48 6.342021234276716e-07
49 6.168485578372747e-07
50 6.389715137250869e-07
51 6.451655777852058e-07
52 8.463225315838328e-07
53 6.342982934776569e-07
54 6.688383127844273e-07
55 7.971709573484674e-07
56 8.189991873690411e-07
57 7.611367115317693e-07
58 9.027186920381137e-07
59 6.072307073810107e-07
60 5.400606331765562e-07
61 6.953793821629821e-07
62 7.490730451418891e-07
63 7.184566520907096e-07
64 7.304131774746915e-07
65 8.47190575864805e-07
66 5.851089536850993e-07
67 6.189626407382314e-07
68 6.927811260225569e-07
69 7.0705584463657e-07
70 8.252766166573708e-07
71 6.892019777516567e-07
72 7.231361572142237e-07
73 7.448540447353986e-07
74 6.528565850704533e-07
75 6.835307551754574e-07
76 8.409875178936898e-07
77 6.701213649655938e-07
78 5.940204052607203e-07
79 8.527461054552465e-07
80 6.143639571785434e-07
81 6.884274793249839e-07
82 8.377533465333619e-07
83 7.025092843089199e-07
84 7.014718267962756e-07
85 6.504880320707464e-07
86 7.299884346569833e-07
87 1.0236373915568668e-06
88 6.532273000186183e-07
89 1.0362985529172037e-06
90 7.425848370628727e-07
91 8.334291127576774e-07
92 7.832049606633733e-07
93 5.58318320050495e-07
94 6.23622577493371e-07
95 7.231610163309716e-07
96 6.60145371212954e-07
97 6.398788327750505e-07
98 7.617412162860665e-07
99 7.037818321735029e-07
100 6.906686871508198e-07
101 3.8089544698793357e-07
102 6.725892631770517e-07
103 9.6759884790229e-07
104 6.397655094435944e-07
105 5.929420577553393e-07
106 6.989838816442415e-07
107 8.15435075817815e-07
108 6.672496295877108e-07
109 7.408790066892493e-07
110 1.0864935183056227e-06
111 8.856062003186402e-07
112 6.837314424682574e-07
113 7.864650477678986e-07
114 8.483345269757095e-07
115 8.351809798240629e-07
116 7.991634576611805e-07
117 6.023130526402586e-07
118 6.668666806257147e-07
119 7.74894595123753e-07
120 8.509222568987317e-07
121 5.959039549736051e-07
122 7.322882837186139e-07
123 4.6615485498917244e-07
124 6.710651618455778e-07
125 6.617799364192445e-07
126 7.764926438533791e-07
127 7.1482793087997e-07
128 8.431530255331649e-07
129 6.649065349478618e-07
130 7.853934158780719e-07
131 8.878626685464003e-07
132 7.525729604246876e-07
133 7.450784432603877e-07
134 7.145733833021195e-07
135 8.539314464042368e-07
136 5.793931459378633e-07
137 8.13547840604149e-07
138 9.394010329334317e-07
139 5.868978190970083e-07
140 6.529040716873806e-07
141 7.789249711111096e-07
142 6.77335984904617e-07
143 6.668054746783402e-07
144 7.956079755422987e-07
145 7.047268126505043e-07
146 6.522775800473406e-07
147 7.484615460441975e-07
148 7.595738704667049e-07
149 5.362942651717548e-07
150 6.573641512372858e-07
151 5.603690829056415e-07
152 8.135820265524573e-07
153 7.113969951644463e-07
154 7.346104298170241e-07
155 7.621250692152429e-07
156 6.47538090702709e-07
157 7.202035243323532e-07
158 6.679583136668585e-07
159 6.612322247640853e-07
160 6.771151490316556e-07
161 8.619793182811141e-07
162 3.451465537303269e-07
163 6.135834193324063e-07
164 6.697851417764015e-07
165 7.742179217655078e-07
166 6.385420658689384e-07
167 6.131901940430917e-07
168 6.012583493968782e-07
169 8.237426009959764e-07
170 6.986561968648458e-07
171 7.340141796290537e-07
172 4.536711791461653e-07
173 8.563027150814756e-07
174 7.015199078377198e-07
175 5.528009096115403e-07
176 5.850947486781982e-07
177 8.085360994924387e-07
178 7.019307076602615e-07
179 7.334748126560837e-07
180 7.709620727219027e-07
181 7.231409829616701e-07
182 7.073237994776742e-07
183 7.085021147132023e-07
184 5.679136998977942e-07
185 6.713879964997806e-07
186 7.56535943507261e-07
187 5.507400441780947e-07
188 5.736305211063046e-07
189 6.35669657161542e-07
190 5.301432989327553e-07
191 8.926777314060072e-07
192 7.476168943696068e-07
193 1.0872336071341548e-06
194 5.479891448443482e-07
195 9.607870572896843e-07
196 7.707024217922545e-07
197 8.754325490732431e-07
198 7.189738580084572e-07
199 7.824621378169685e-07
200 7.762967971952431e-07
201 7.767658142992007e-07
202 8.11846549928123e-07
203 7.483741346658439e-07
204 7.099537618324206e-07
205 5.9513362388328e-07
206 6.04356534047986e-07
207 6.466595108005417e-07
208 6.368142590716526e-07
209 6.395397176028928e-07
210 5.192666741213635e-07
211 7.443849327462153e-07
212 6.814567694275262e-07
213 4.997345827184894e-07
214 5.467257292995895e-07
215 7.38229184898875e-07
216 8.285367658993647e-07
217 8.206030514782681e-07
218 7.272473175114169e-07
219 6.260106417013452e-07
220 6.402655052189314e-07
221 7.089227995436017e-07
222 8.945012623533466e-07
223 7.818295151818939e-07
224 4.771826591066425e-07
225 8.481386515335645e-07
226 7.072537776135854e-07
227 8.907413354978542e-07
228 8.02634659921737e-07
229 6.711729386936551e-07
230 5.708275735741705e-07
231 7.32274978128628e-07
232 5.799527109017751e-07
233 5.134419463693589e-07
234 7.998244375713705e-07
235 7.236439957535821e-07
236 7.871357929947907e-07
237 7.924728421831317e-07
238 7.409435352291283e-07
239 5.97023757087358e-07
240 6.835694870872635e-07
241 8.722384937975409e-07
242 7.159688581300807e-07
243 7.922414496183509e-07
244 7.419437854936115e-07
245 8.137800856779359e-07
246 6.837457632799695e-07
247 9.35117351324608e-07
248 6.562914198120329e-07
249 7.633448908341277e-07
250 6.840218657245314e-07
251 6.144699741435726e-07
252 6.479727247060457e-07
253 8.86527083867039e-07
254 6.344634773883278e-07
255 6.549490893506964e-07
256 6.973440776183654e-07
257 7.473783837231621e-07
258 9.032343556069517e-07
259 8.563193721424876e-07
260 7.122727795053585e-07
261 9.696684390854355e-07
262 7.476461313959337e-07
263 6.214453784237842e-07
264 6.16320737424393e-07
265 7.664758254916134e-07
266 5.780124569075258e-07
267 8.176546330446778e-07
268 7.3544708911409e-07
269 7.618994719547842e-07
270 7.892593736761189e-07
271 7.82446963105339e-07
272 1.034276044761836e-06
273 6.621390054745661e-07
274 9.736440601860646e-07
275 7.818523417349219e-07
276 8.891440216929432e-07
277 6.78991621515734e-07
278 7.660852383219644e-07
279 8.893630333900959e-07
280 8.188156631577411e-07
281 7.278531409966791e-07
282 7.206016681731526e-07
283 8.852262305946548e-07
284 6.090747654590012e-07
285 5.697216623047921e-07
286 7.727860857029889e-07
287 6.231292060148659e-07
288 7.684273475225908e-07
289 6.31273243373633e-07
290 6.056840414010063e-07
291 5.927876415174178e-07
292 6.276641852956887e-07
293 6.306028335853151e-07
294 6.758774706070254e-07
295 7.751201668913903e-07
296 8.006603662674461e-07
297 7.904891818984287e-07
298 7.559884745364991e-07
299 6.732799386968632e-07
300 6.744833341649189e-07
301 7.58723290067753e-07
302 7.941840789376868e-07
303 5.775924402642397e-07
304 8.345856967049253e-07
305 7.780858379123556e-07
306 7.023324901135067e-07
307 7.139152302063655e-07
308 6.44288467695277e-07
309 6.570581337189252e-07
310 7.806056076690875e-07
311 7.606739737514759e-07
312 7.503203321104184e-07
313 8.103677732544105e-07
314 8.887282593378778e-07
315 6.41917283223577e-07
316 5.936751011923234e-07
317 5.927180762760257e-07
318 4.706698743479153e-07
319 5.931282058454779e-07
320 7.077071947759006e-07
321 6.527280070086291e-07
322 6.287208172853106e-07
323 6.537294134429625e-07
324 5.319956549241754e-07
325 6.775886434274491e-07
326 6.169623573390498e-07
327 8.271550346121508e-07
328 8.889209389461716e-07
329 7.256377353850896e-07
330 4.0717223966557835e-07
331 6.291388498051037e-07
332 6.548423502285467e-07
333 6.442379573797395e-07
334 7.582365693717103e-07
335 7.065676616957826e-07
336 7.426679419398039e-07
337 7.901252879202383e-07
338 3.6485450509861287e-07
339 7.210778365574169e-07
340 6.804826732098197e-07
341 7.246257873763471e-07
342 7.082448199336071e-07
343 7.537540411445604e-07
344 5.949007200071208e-07
345 9.366754592343616e-07
346 8.520177618733379e-07
347 6.054239240553613e-07
348 7.290317609802991e-07
349 8.249861372193945e-07
350 7.364331929259713e-07
351 7.806158780696786e-07
352 5.979754556666393e-07
353 8.002145628667637e-07
354 8.285017435848006e-07
355 8.064847918152302e-07
356 8.507514570790929e-07
357 7.712181864550754e-07
358 6.741002703869874e-07
359 7.80162763991241e-07
360 7.562334945300152e-07
361 6.635034255289665e-07
362 8.529971728800236e-07
363 8.387875901312354e-07
364 6.974477348092638e-07
365 6.338883685504208e-07
366 6.813249787134166e-07
367 6.135127820370635e-07
368 9.106563774939591e-07
369 7.328890992666744e-07
370 7.744168535814178e-07
371 5.813866556283149e-07
372 9.584891960151272e-07
373 7.884457570356513e-07
374 6.431154067022328e-07
375 6.171860311709019e-07
376 8.300827122170282e-07
377 6.951149540960051e-07
378 7.001736713110899e-07
379 6.572433167028061e-07
380 6.680354368597052e-07
381 8.181564084801388e-07
382 7.76135718949631e-07
383 6.212380680779937e-07
384 6.710500458223729e-07
385 7.686826331594586e-07
386 7.721418266771387e-07
387 7.864060022026789e-07
388 7.387282710380333e-07
389 6.938077479424312e-07
390 7.42408414515495e-07
391 5.43546630964558e-07
392 7.017028991692838e-07
393 6.488094480353115e-07
394 6.820101174334846e-07
395 1.10465954744594e-06
396 7.383219490955773e-07
397 6.063723168964046e-07
398 7.257886998462808e-07
399 8.312360475417746e-07
400 5.033363684905403e-07
401 6.796341147369201e-07
402 7.5702395840211e-07
403 5.334828304791247e-07
404 6.246432052950755e-07
405 5.531902358416369e-07
406 8.331635614853404e-07
407 7.885642551446283e-07
408 5.752679650174866e-07
409 6.549367665484009e-07
410 8.387492248930557e-07
411 7.325141813702963e-07
412 6.90177881467608e-07
413 5.736381362992356e-07
414 7.581021970886031e-07
415 6.471932280220144e-07
416 7.4062670602253e-07
417 8.574912310586489e-07
418 4.375917990223573e-07
419 5.919630340120026e-07
420 6.359403202530945e-07
421 6.334481469023097e-07
422 5.40745477823526e-07
423 7.078906981318362e-07
424 7.156515611788015e-07
425 7.823848756023232e-07
426 8.378139426649473e-07
427 7.60821883901878e-07
428 6.877788149627334e-07
429 6.249461239234861e-07
430 6.385243148603198e-07
431 7.462486408565869e-07
432 6.858337017397649e-07
433 5.519097305923551e-07
434 8.385699647587032e-07
435 8.236590101877915e-07
436 6.955466285654238e-07
437 7.646331869138927e-07
438 6.67781688908227e-07
439 9.156240737428962e-07
440 7.80821490503973e-07
441 7.351489567726976e-07
442 7.288490429330422e-07
443 7.416668977164806e-07
444 6.938980221378422e-07
445 6.267680908138113e-07
446 4.882092718902285e-07
447 8.440319806709987e-07
448 5.456711254467414e-07
449 7.742683730447795e-07
450 6.710182215304082e-07
451 6.222724234992216e-07
452 6.648107090371102e-07
453 7.846820083946274e-07
454 7.022798620173289e-07
455 6.45538948063079e-07
456 8.335757492279044e-07
457 5.761699132779361e-07
458 7.090579802599154e-07
459 6.184464635291003e-07
460 7.033024055254385e-07
461 4.328865782924057e-07
462 6.994608227705446e-07
463 8.027308974400965e-07
464 8.903686745124765e-07
465 9.24345511061325e-07
466 6.716385443166759e-07
467 6.699810161044297e-07
468 6.903462248009221e-07
469 7.977290935628455e-07
470 8.173015347999282e-07
471 5.29423891453046e-07
472 7.383900221679771e-07
473 6.072433354449392e-07
474 5.533679311155481e-07
475 5.349541915367129e-07
476 4.992486943674254e-07
477 8.15911114189731e-07
478 6.513911469639461e-07
479 5.926601027336975e-07
480 1.007427034001038e-06
481 6.562848160038922e-07
482 7.233841475285808e-07
483 6.658739506718177e-07
484 7.462716108667104e-07
485 7.585078481752915e-07
486 6.859769847470986e-07
487 6.968738266742271e-07
488 8.386394849935039e-07
489 6.408853163072165e-07
490 8.034943101842283e-07
491 7.052407639285597e-07
492 6.800470666164029e-07
493 7.129993349612217e-07
494 5.635490508109628e-07
495 5.725359064510698e-07
496 7.469900689262298e-07
497 8.394733493352024e-07
498 9.553330195113585e-07
499 6.693758061979691e-07
500 8.048339350342758e-07
501 7.227291926310737e-07
502 7.041213935919384e-07
503 7.092362662485969e-07
504 5.97844189599307e-07
505 6.527511774827403e-07
506 6.957018118869666e-07
507 7.9029644909475e-07
508 6.736886319742552e-07
509 6.925164972987698e-07
510 5.376083397557087e-07
511 6.572199770305548e-07
512 6.14503164856145e-07
513 6.805620655726947e-07
514 7.957439998630474e-07
515 6.26606376877742e-07
516 7.988855845213443e-07
517 8.083861167034927e-07
518 6.999532788041108e-07
519 4.3414998472842716e-07
520 8.37380754646823e-07
521 7.041544617010457e-07
522 7.312797884352569e-07
523 7.628479362657886e-07
524 7.38234507879859e-07
525 6.027326209219885e-07
526 8.087229596209594e-07
527 7.580757717882984e-07
528 5.82711682007346e-07
529 7.275435577264504e-07
530 7.342821425703292e-07
531 6.001710896716497e-07
532 6.589249279241889e-07
533 8.560434973949752e-07
534 7.553288738439742e-07
535 8.466874252482486e-07
536 8.110559007219404e-07
537 8.077245875609694e-07
538 6.431506849386171e-07
539 6.82383687880795e-07
540 7.862851946812696e-07
541 5.143604220541013e-07
542 8.120634483437127e-07
543 7.4430336459379e-07
544 6.96294694869313e-07
545 6.809113596090937e-07
546 7.165064247187902e-07
547 5.105883183838614e-07
548 6.358876197230008e-07
549 8.716042898853225e-07
550 9.173741557526286e-07
551 8.520797719930198e-07
552 7.810892685276621e-07
553 8.017720615818621e-07
554 6.671448859814749e-07
555 6.719307627094044e-07
556 6.087402116514471e-07
557 7.848207847791637e-07
558 6.123157430374074e-07
559 7.558176413574862e-07
560 9.382769832597812e-07
561 8.004422599479389e-07
562 5.293662995160207e-07
563 7.35601740794301e-07
564 5.968808268823361e-07
565 7.738513856602641e-07
566 9.325952516827486e-07
567 5.50817246684964e-07
568 5.914362922442521e-07
569 6.809004553474345e-07
570 6.143977972119252e-07
571 8.141364284649455e-07
572 5.710990654452928e-07
573 8.402085317090025e-07
574 6.226531376303539e-07
575 7.879917431587739e-07
576 7.788926490010901e-07
577 8.122007979478967e-07
578 7.631781469628705e-07
579 7.433771394377906e-07
580 7.880101350528886e-07
581 7.286703425538699e-07
582 6.57915532813824e-07
583 8.075018807169948e-07
584 7.137381027813538e-07
585 8.208835619412727e-07
586 7.590131490307533e-07
587 8.650662615401601e-07
588 7.725207988087559e-07
589 7.517529428622318e-07
590 7.556473802131827e-07
591 5.752252082426094e-07
592 8.628008463194386e-07
593 5.327884532660439e-07
594 6.845828143974897e-07
595 7.498268165351792e-07
596 5.896362976260143e-07
597 8.149723390872218e-07
598 8.412866540415131e-07
599 9.348725094892342e-07
600 7.66006782962269e-07
601 7.557966166470434e-07
602 6.876396002652475e-07
603 7.122539976723156e-07
604 5.925234206199621e-07
605 7.265920240072835e-07
606 5.626385042935529e-07
607 8.160349681978393e-07
608 7.087398497404171e-07
609 6.88813046356063e-07
610 7.886757872125315e-07
611 7.274372507344984e-07
612 7.88864023294073e-07
613 6.182803881587448e-07
614 8.620973175232979e-07
615 6.151984753505296e-07
616 6.488940845268911e-07
617 7.210945949025788e-07
618 7.802941823036066e-07
619 6.321655397212505e-07
620 6.236243125033454e-07
621 7.545375193517344e-07
622 7.000906316921325e-07
623 7.379477496445444e-07
624 6.068229749165622e-07
625 7.987151096510013e-07
626 7.742152237984042e-07
627 8.932042614291149e-07
628 6.442707915108327e-07
629 7.986873538886513e-07
630 6.961396319389342e-07
631 6.773098313255386e-07
632 7.596757858168095e-07
633 9.18672695374954e-07
634 7.032818624383418e-07
635 9.339532713890077e-07
636 7.742528215877077e-07
637 4.638157278222631e-07
638 7.452857172021492e-07
639 7.210216980937799e-07
640 6.54149825672288e-07
641 6.003102847200391e-07
642 8.429201795265427e-07
643 5.685266461662921e-07
644 7.539840837445159e-07
645 8.473981750262356e-07
646 6.740667297033975e-07
647 9.064257050152732e-07
648 7.138528055209356e-07
649 5.38435946197645e-07
650 5.869814208141725e-07
651 6.540292783050219e-07
652 8.0533036426876e-07
653 6.663083440249206e-07
654 7.103948380804136e-07
655 6.896920891064131e-07
656 8.137581171896408e-07
657 7.691730317646933e-07
658 6.509193518240626e-07
659 7.992600869116083e-07
660 8.130793255506679e-07
661 5.871895408531705e-07
662 8.686949816685178e-07
663 8.883372589525505e-07
664 7.251375436913959e-07
665 7.226122063996438e-07
666 6.670765884702672e-07
667 6.561585095324767e-07
668 6.267479545180595e-07
669 8.238163544871939e-07
670 5.836991394598098e-07
671 6.55159049107858e-07
672 6.850697719438402e-07
673 7.874385518901959e-07
674 6.074590167565769e-07
675 8.057780829748636e-07
676 8.797680312593078e-07
677 8.321423571157668e-07
678 6.88456221654968e-07
679 5.766228855198054e-07
680 7.86780620473702e-07
681 6.308211920454809e-07
682 6.775252479025873e-07
683 7.352768921656539e-07
684 5.020461360386565e-07
685 6.381419611102276e-07
686 7.186484216627026e-07
687 7.856847032313966e-07
688 7.40689981468929e-07
689 8.712697598002107e-07
690 5.154459575652231e-07
691 7.829658628745525e-07
692 7.558284207643411e-07
693 8.117828299139605e-07
694 8.035471669517568e-07
695 6.396782564152384e-07
696 7.673339922134936e-07
697 7.638858233655168e-07
698 7.734342068362053e-07
699 5.812966261385222e-07
700 6.03814481983567e-07
701 7.952314891160127e-07
702 6.354304664348419e-07
703 6.237183050772646e-07
704 6.020233820646095e-07
705 7.275899136045585e-07
706 5.829898616239605e-07
707 8.084530367789069e-07
708 7.1790321637682e-07
709 6.137883191554491e-07
710 8.51516662345092e-07
711 5.27434360483575e-07
712 7.367500914274494e-07
713 8.427841559931649e-07
714 7.359990404577572e-07
715 8.416240369075883e-07
716 8.682922126689507e-07
717 7.67794392715598e-07
718 6.475441663519396e-07
719 8.10614300420557e-07
720 7.4802430895332e-07
721 7.413367950272183e-07
722 8.014427610390859e-07
723 7.231271831604466e-07
724 7.565059879190051e-07
725 8.239057682600218e-07
726 5.64473151423365e-07
727 5.389522868044546e-07
728 6.476532583673814e-07
729 7.719004781434786e-07
730 7.905258117522936e-07
731 7.081243401141266e-07
732 5.919497773432323e-07
733 6.112429807381677e-07
734 8.239352549067077e-07
735 8.91080410558036e-07
736 4.6325287639758924e-07
737 7.248057133538598e-07
738 6.788361764194562e-07
739 6.174003319071749e-07
740 6.408587472648168e-07
741 7.737216259738727e-07
742 5.531119274198853e-07
743 8.086960636388217e-07
744 9.577196574014204e-07
745 7.626408732530216e-07
746 6.990350617411234e-07
747 5.521635127116797e-07
748 7.164915691081075e-07
749 8.173337128123154e-07
750 8.099906478375594e-07
751 6.512185769967591e-07
752 7.141523360924046e-07
753 8.184989212022614e-07
754 5.179898770925319e-07
755 6.982203563091107e-07
756 8.748541400114687e-07
757 9.12759166888957e-07
758 7.606637250717407e-07
759 8.976252457975502e-07
760 7.515138690110188e-07
761 7.78062985129175e-07
762 7.00680359389066e-07
763 7.135557272177499e-07
764 7.781163544942744e-07
765 5.815344052844745e-07
766 7.635153941705112e-07
767 6.012185590662206e-07
768 5.503170646467684e-07
769 9.217172687201641e-07
770 8.285586683193549e-07
771 7.206263621296837e-07
772 6.783829553353875e-07
773 6.471469861995136e-07
774 6.447087334961942e-07
775 5.770639981552463e-07
776 7.717471517189833e-07
777 8.202218628600715e-07
778 7.292482362244167e-07
779 6.841871129729511e-07
780 6.344231973709294e-07
781 7.016512589188319e-07
782 4.844492604705803e-07
783 5.919348458845533e-07
784 7.104789982141241e-07
785 5.380113931974048e-07
786 6.648546519401023e-07
787 8.670742016328028e-07
788 7.310705036517748e-07
789 6.727908850110113e-07
790 7.707427619808844e-07
791 7.277135849987489e-07
792 7.091215287463687e-07
793 8.197395736199244e-07
794 7.74599846309173e-07
795 6.968894819496022e-07
796 8.867183732913381e-07
797 7.364520967220622e-07
798 6.009655466248092e-07
799 5.854207047924879e-07
800 8.647356517901808e-07
801 7.605944570946265e-07
802 8.856469046026806e-07
803 6.606502456248383e-07
804 7.887209393775503e-07
805 6.95123607780063e-07
806 7.097622477840472e-07
807 5.127154459524495e-07
808 7.428642613890102e-07
809 8.978659254961612e-07
810 7.946285568836577e-07
811 8.638047864462884e-07
812 7.695077247484038e-07
813 5.846453720563054e-07
814 6.869666488480379e-07
815 8.646488092681703e-07
816 6.855968639712151e-07
817 9.482934303368682e-07
818 7.730781527295569e-07
819 5.211459157652364e-07
820 8.321715066672434e-07
821 6.260589918517209e-07
822 6.956148725013526e-07
823 5.805238626282197e-07
824 9.769241203004783e-07
825 6.725107659305059e-07
826 6.693763462504082e-07
827 5.402015543402588e-07
828 5.511601464692157e-07
829 6.807644332866844e-07
830 6.452079750689692e-07
831 5.546279446028991e-07
832 9.142354698246187e-07
833 6.451341330709467e-07
834 7.614343564117316e-07
835 6.858427155820117e-07
836 6.524089864360622e-07
837 5.570532568419856e-07
838 6.243760130434107e-07
839 6.547465483619897e-07
840 6.29850378842353e-07
841 6.51227401006955e-07
842 6.097606047205644e-07
843 7.019808775867294e-07
844 7.106014917661141e-07
845 6.268358350793018e-07
846 8.023525015385362e-07
847 8.201882199046937e-07
848 9.095305434588323e-07
849 6.31335993105406e-07
850 6.362388657578871e-07
851 5.283814305766589e-07
852 7.164007846002098e-07
853 7.175459363322729e-07
854 6.540597355895128e-07
855 7.377768447006255e-07
856 7.73688700005006e-07
857 7.774740446404899e-07
858 7.761290753526704e-07
859 8.520638036182375e-07
860 6.95592196369628e-07
861 6.353437445511199e-07
862 8.672214251907622e-07
863 6.380116218548207e-07
864 9.162931493459626e-07
865 5.344345801343294e-07
866 7.174195586840766e-07
867 5.774851780062271e-07
868 6.773184803360517e-07
869 5.688555248686203e-07
870 7.632688992384286e-07
871 6.090788741489115e-07
872 6.6836280422744e-07
873 8.843133395723906e-07
874 8.729070754653933e-07
875 7.583871822346773e-07
876 7.102365580190014e-07
877 7.717673268794782e-07
878 6.89951043181475e-07
879 7.18129581491718e-07
880 7.797108672719611e-07
881 8.484430923501288e-07
882 7.224409559522806e-07
883 7.78077046710593e-07
884 7.130744937732141e-07
885 7.316572591640207e-07
886 6.956030109024617e-07
887 7.198482480655436e-07
888 8.088263511065426e-07
889 7.364276436121583e-07
890 7.340329070999244e-07
891 6.233257713996251e-07
892 6.212291375037659e-07
893 7.343607591167648e-07
894 6.692843793470838e-07
895 7.168965301583474e-07
896 5.99931945066906e-07
897 7.376148227752449e-07
898 6.311073504158614e-07
899 7.171705202666463e-07
900 7.025887920882766e-07
901 6.236193371258016e-07
902 7.324557829173929e-07
903 7.657571074598137e-07
904 8.942521416715621e-07
905 8.790835965573695e-07
906 7.87803491595264e-07
907 5.461703130679896e-07
908 9.661786315057632e-07
909 7.899743573491556e-07
910 5.451580866074418e-07
911 7.740632539685803e-07
912 9.193813833888538e-07
913 6.359836556039687e-07
914 7.69876979564857e-07
915 7.011922336770052e-07
916 8.138073564818321e-07
917 7.472875621219513e-07
918 6.080291352525816e-07
919 5.28948714855767e-07
920 7.01420633782815e-07
921 6.919821608704339e-07
922 8.965753809774885e-07
923 7.132172845967009e-07
924 5.270120418236149e-07
925 6.770761216774272e-07
926 5.860651769688748e-07
927 6.085490249329789e-07
928 6.036947483983998e-07
929 8.164398845525761e-07
930 8.003277196360671e-07
931 8.385047721806407e-07
932 8.129279858671786e-07
933 7.043405160404812e-07
934 1.0324087896308327e-06
935 5.816476012080902e-07
936 8.581745381504822e-07
937 7.076870666740276e-07
938 6.484941371744037e-07
939 6.637593907424882e-07
940 6.111397197991458e-07
941 6.404499729237041e-07
942 8.229353502614612e-07
943 9.370535327656516e-07
944 1.0643092526788578e-06
945 8.69670391653125e-07
946 5.451561354217783e-07
947 6.515485133996666e-07
948 4.160423265435495e-07
949 8.201942955170362e-07
950 7.590854270206604e-07
951 6.957966288643447e-07
952 7.117293415553658e-07
953 7.932825729877567e-07
954 7.207328425938802e-07
955 5.591962071425196e-07
956 5.71708168394075e-07
957 7.74868535525888e-07
958 6.232279723528953e-07
959 7.666560717271587e-07
960 7.193644123951602e-07
961 7.065403184641695e-07
962 7.475488922853604e-07
963 6.547126424812062e-07
964 5.672216915547121e-07
965 9.252034878521912e-07
966 7.688185910776073e-07
967 6.804257623155628e-07
968 6.52781954465799e-07
969 8.025696451549621e-07
970 7.073311128918231e-07
971 6.289723540638193e-07
972 6.860204158707502e-07
973 7.393758603768153e-07
974 6.620242150592429e-07
975 6.918055675971198e-07
976 6.625296069773579e-07
977 6.819822724467554e-07
978 7.563386900846909e-07
979 6.760685403669269e-07
980 8.40521473707229e-07
981 6.424571124771943e-07
982 8.015954255532693e-07
983 6.288010597494787e-07
984 6.22439045899286e-07
985 7.518164175563855e-07
986 6.021392682944517e-07
987 8.097046341489819e-07
988 7.053395953892207e-07
989 7.362201536064718e-07
990 7.494314265735321e-07
991 8.18688911460386e-07
992 5.979168502837401e-07
993 6.1754726292753e-07
994 8.101591303952671e-07
995 7.630313541497577e-07
996 6.189561918223531e-07
997 6.297028993194382e-07
998 7.357561980681128e-07
999 7.339877193739385e-07
