0 5.5955981875995365e-08
1 5.025969355849061e-08
2 4.906531048312234e-08
3 5.6107421603694125e-08
4 4.585664016054456e-08
5 5.487780337242372e-08
6 5.510339523639316e-08
7 5.3121909387684576e-08
8 5.0281906946160065e-08
9 5.0482620687654024e-08
10 5.5162714014541846e-08
11 5.3226331521017734e-08
12 5.062744028846064e-08
13 5.79655314011032e-08
14 4.987236784674903e-08
15 5.519262127166348e-08
16 5.614318050547219e-08
17 4.7909631594961595e-08
18 5.1421671114299393e-08
19 5.157268557044316e-08
20 5.20612585603191e-08
21 5.350502232057137e-08
22 5.6233123450841506e-08
23 5.224251883561972e-08
24 5.4379689541869864e-08
25 5.794178209301471e-08
26 5.023944187416635e-08
27 5.083270640607694e-08
28 5.126150337552387e-08
29 5.311627039191103e-08
30 6.354468693418237e-08
31 5.3943020555358444e-08
32 3.9952800074454695e-08
33 4.924030442630556e-08
34 5.137313226929508e-08
35 4.360402403943872e-08
36 5.347422487215114e-08
37 5.565857722952917e-08
38 5.578343959286886e-08
39 5.0666341470845146e-08
40 5.761995676361159e-08
41 4.877120444258955e-08
42 5.05073736587308e-08
43 5.0057583383303525e-08
44 4.843355349082068e-08
45 5.19373318202518e-08
46 5.916266208049877e-08
47 5.611702854252393e-08
48 5.795715691888878e-08
49 5.829928775755335e-08
50 5.46916227084273e-08
51 5.5832535626520825e-08
52 5.0325564276677406e-08
53 5.4037814649722516e-08
54 5.5811189735696554e-08
55 5.008675030169366e-08
56 5.070582293556184e-08
57 5.460346857074021e-08
58 5.084427733925273e-08
59 5.0888533690022976e-08
60 5.596946052309539e-08
61 5.3004431567225286e-08
62 5.5674314697071885e-08
63 4.978884744526879e-08
64 5.530343451137933e-08
65 5.791020076606725e-08
66 5.962868493782269e-08
67 5.541944137508002e-08
68 5.095911688040696e-08
69 5.471143048600972e-08
70 5.1121861748433036e-08
71 5.29304682951739e-08
72 5.082258967740026e-08
73 5.48171759624448e-08
74 5.2929780071351376e-08
75 5.6960957919432115e-08
76 4.4069350687710253e-08
77 5.321709075093469e-08
78 5.0172709992848536e-08
79 4.9731308134686004e-08
80 5.547290915092313e-08
81 4.930242801180248e-08
82 5.338768940763477e-08
83 5.2993450533308316e-08
84 5.422489344618732e-08
85 5.198145681887348e-08
86 4.702931431729592e-08
87 4.233032899409186e-08
88 4.9940573942313496e-08
89 4.404749087955979e-08
90 5.134004156834804e-08
91 4.820504332049833e-08
92 4.84088073097966e-08
93 5.6973334460881477e-08
94 5.4488955823743705e-08
95 5.122452982328813e-08
96 5.07160473033249e-08
97 5.486759508513455e-08
98 5.137605691466014e-08
99 5.2184768849825144e-08
100 5.9212279200324226e-08
101 5.777696054876897e-08
102 5.3594256560433836e-08
103 4.938467271566437e-08
104 5.599798374064566e-08
105 5.2345036674895585e-08
106 5.0665783201976706e-08
107 5.634112798540371e-08
108 5.4622777913911304e-08
109 5.441262649021983e-08
110 4.2324234951834366e-08
111 5.284573533385784e-08
112 5.9390838813692056e-08
113 4.891130059620936e-08
114 4.7225183108052046e-08
115 4.888301146963239e-08
116 5.010883134466649e-08
117 5.531542332342974e-08
118 5.428443241887988e-08
119 5.485176933954673e-08
120 4.479248273333267e-08
121 5.5596661544501934e-08
122 4.8507781785130125e-08
123 5.7520008848581096e-08
124 5.397111711574578e-08
125 5.719199743508709e-08
126 5.277125170837901e-08
127 5.209096041897069e-08
128 4.7442562607208865e-08
129 5.1719265157109904e-08
130 5.3912742650734516e-08
131 4.2469500526920206e-08
132 4.895161326367983e-08
133 5.34198440482733e-08
134 5.0054514497806674e-08
135 4.957267358302828e-08
136 5.634733027051969e-08
137 5.26982386884727e-08
138 4.743076647731165e-08
139 5.59549668125061e-08
140 5.416618991819051e-08
141 5.0846740466610726e-08
142 5.037736251441739e-08
143 5.086162715089485e-08
144 5.766074028730925e-08
145 5.4630773872425094e-08
146 5.283039581828246e-08
147 5.4474047586505406e-08
148 4.905701285336985e-08
149 5.8378448244570175e-08
150 5.913178358893684e-08
151 5.102735922895114e-08
152 4.7182470087505686e-08
153 5.387512643802524e-08
154 5.334991106319961e-08
155 5.033489388819409e-08
156 5.0961230126400526e-08
157 5.3335024313274125e-08
158 5.1480320006481176e-08
159 5.529372061205026e-08
160 5.070900065469585e-08
161 4.907381850255858e-08
162 6.496982347299557e-08
163 5.4096807292748185e-08
164 5.458275738733521e-08
165 4.993214473859935e-08
166 5.6355040775957086e-08
167 5.2060582519935986e-08
168 5.3885915827990276e-08
169 5.4466958605653876e-08
170 5.5591207761825404e-08
171 5.123934407661693e-08
172 6.14759929558176e-08
173 4.868617503073398e-08
174 4.956766582095515e-08
175 5.68130042567473e-08
176 5.813446544595789e-08
177 5.87895828631327e-08
178 5.250700942422222e-08
179 4.9975417327405696e-08
180 5.020274411334077e-08
181 5.776430192363456e-08
182 5.447432677641464e-08
183 4.6970796999543154e-08
184 5.2994032376671775e-08
185 5.3825357024310996e-08
186 5.277586325915492e-08
187 4.8289696362472874e-08
188 5.572123999191499e-08
189 5.4070465626792456e-08
190 5.4170722925702985e-08
191 4.7504531302512107e-08
192 4.8722577204656256e-08
193 4.247843202944416e-08
194 6.223997462988126e-08
195 4.165259088234512e-08
196 4.672016397203933e-08
197 5.243553784086956e-08
198 5.45759980206369e-08
199 5.097817040874339e-08
200 5.557464489876981e-08
201 5.033925763603909e-08
202 4.9795076948964066e-08
203 5.691763692803419e-08
204 5.135794323747569e-08
205 4.834140445684623e-08
206 5.7938601690400874e-08
207 5.612276951489225e-08
208 5.658576013902261e-08
209 5.541680963879905e-08
210 5.8185326649260706e-08
211 5.2466948692424195e-08
212 5.310176640129554e-08
213 6.144476954175325e-08
214 5.405536605036419e-08
215 5.721346422527862e-08
216 4.7563886850401424e-08
217 4.555459139814338e-08
218 5.182992324302149e-08
219 5.86791866443542e-08
220 5.830816568767206e-08
221 5.676486949680456e-08
222 4.789794492989801e-08
223 4.864113663079716e-08
224 5.886714086028242e-08
225 5.012028386582145e-08
226 5.135271930916958e-08
227 4.729692174816272e-08
228 5.122988407751909e-08
229 5.399967771155743e-08
230 5.8453794495593024e-08
231 5.122885225831991e-08
232 5.7189059442022065e-08
233 5.8492602988309723e-08
234 4.9706771723596516e-08
235 5.158225963162482e-08
236 5.3028964585185906e-08
237 5.300989615350611e-08
238 5.1350449049644966e-08
239 5.6079683907342e-08
240 6.071235362570187e-08
241 4.639263772125515e-08
242 5.4828335839076585e-08
243 4.820264356089931e-08
244 5.014421221888829e-08
245 4.943137102664063e-08
246 5.677505002613768e-08
247 4.830017247131515e-08
248 5.145358279344428e-08
249 5.238179731363481e-08
250 5.2615972097856165e-08
251 5.5173578209831474e-08
252 5.827362417846856e-08
253 4.743202076693196e-08
254 5.3205573713682214e-08
255 5.328417876430187e-08
256 5.659434704381015e-08
257 5.255348356458728e-08
258 4.704874078966149e-08
259 4.583495526485959e-08
260 5.286773485619999e-08
261 4.941107526560288e-08
262 5.118032548982099e-08
263 5.997587927211852e-08
264 5.917128573466409e-08
265 4.968445637674883e-08
266 5.589504726132368e-08
267 4.912350731366403e-08
268 4.852512979994162e-08
269 4.6875528618087794e-08
270 4.91826375420774e-08
271 5.2014139573980144e-08
272 3.886736433853337e-08
273 5.430725622052256e-08
274 4.2927112219333074e-08
275 4.6276958239546573e-08
276 4.6924562769524434e-08
277 4.7512353418204994e-08
278 5.267913938488495e-08
279 5.149807114667872e-08
280 5.027645662099922e-08
281 4.573964799637949e-08
282 5.373610755929286e-08
283 4.6969946743983725e-08
284 5.189518531121428e-08
285 5.849473573810458e-08
286 4.9167012594491043e-08
287 5.260908226144509e-08
288 5.103814840825683e-08
289 5.741510151506494e-08
290 5.544786355400326e-08
291 5.115369365773982e-08
292 5.685571628261798e-08
293 5.670715029544239e-08
294 5.178199814615396e-08
295 5.542842787976631e-08
296 5.1769552883721295e-08
297 5.242355363509438e-08
298 5.2550910141686705e-08
299 5.157482406798529e-08
300 5.8539131243811556e-08
301 4.5393801474901544e-08
302 5.0955511952834485e-08
303 5.6396707124721096e-08
304 5.005745052983748e-08
305 4.7133982602297995e-08
306 5.0594025382735696e-08
307 4.910230396733823e-08
308 5.313343436863406e-08
309 5.58960956483624e-08
310 5.1146145740941253e-08
311 5.2682013552948146e-08
312 5.119783405292609e-08
313 5.285672381674654e-08
314 4.6685679071372735e-08
315 4.9878495468108206e-08
316 5.392101238549324e-08
317 5.720914412779379e-08
318 6.15236789848574e-08
319 5.4955512650523655e-08
320 5.174004591328657e-08
321 5.547757980304301e-08
322 5.8356240025351564e-08
323 5.253248948714848e-08
324 5.701976727903535e-08
325 5.180378283949202e-08
326 6.069995067593651e-08
327 5.257384854287883e-08
328 4.5655870740162404e-08
329 5.234010524690083e-08
330 5.84768193622711e-08
331 5.766914933359653e-08
332 5.664482560985229e-08
333 5.41928290035683e-08
334 5.720254257315218e-08
335 5.093504410018313e-08
336 5.4873913186543364e-08
337 5.100336407320239e-08
338 5.756105101705509e-08
339 5.017299960903886e-08
340 5.441772043936545e-08
341 5.8863621096123554e-08
342 5.2722846535834716e-08
343 4.799329635368966e-08
344 5.178885541242e-08
345 4.4919172256031764e-08
346 5.0581327236995196e-08
347 5.783442655381037e-08
348 5.1396458936815534e-08
349 5.1240409530123507e-08
350 5.351395302150962e-08
351 5.4641420680821466e-08
352 5.407166084446642e-08
353 4.9312117832172e-08
354 5.389322561669722e-08
355 5.346464507510829e-08
356 5.212870196780631e-08
357 5.208567277962455e-08
358 6.059486109339288e-08
359 4.965804086272508e-08
360 5.523073279694387e-08
361 5.587745170195001e-08
362 5.489683113724163e-08
363 5.151007006538444e-08
364 5.5666615883588644e-08
365 5.0967301617396474e-08
366 4.8145363427097866e-08
367 5.5769370203154824e-08
368 4.86415109844556e-08
369 5.181150797670688e-08
370 5.2163496581706846e-08
371 6.175553873466359e-08
372 5.092065654492617e-08
373 4.9889836521068794e-08
374 5.543151103192373e-08
375 5.702262409832512e-08
376 4.96824637343159e-08
377 5.465209068933069e-08
378 5.588505142424269e-08
379 5.2645265962832285e-08
380 5.650354111641804e-08
381 5.2628091390481863e-08
382 4.9668545025999686e-08
383 5.334777639977302e-08
384 5.400349752085986e-08
385 5.048519583998424e-08
386 5.366182685632623e-08
387 5.13045882544589e-08
388 4.845540115603083e-08
389 4.9289439716029194e-08
390 5.2751614668193386e-08
391 5.5662845630840745e-08
392 5.576931814176835e-08
393 5.151291706618648e-08
394 5.549138795996836e-08
395 4.0255070463540635e-08
396 4.991116551722282e-08
397 5.526154226152946e-08
398 5.188992502403442e-08
399 5.020231228959273e-08
400 5.676535448818941e-08
401 5.433412349439001e-08
402 5.266917999944049e-08
403 6.02556398623226e-08
404 6.080735430039629e-08
405 5.568154057509815e-08
406 5.4288704601989474e-08
407 5.242960000436282e-08
408 5.3978855548619514e-08
409 5.1402749074862773e-08
410 5.4650540204822946e-08
411 4.670234892612608e-08
412 5.707000252511761e-08
413 6.081999721287742e-08
414 5.18004412696031e-08
415 5.487900021565779e-08
416 5.6575620666131434e-08
417 4.6592936135582306e-08
418 6.495270209609939e-08
419 5.733143252525195e-08
420 5.737040186773272e-08
421 5.2556386937774497e-08
422 5.947742447096641e-08
423 5.283624465161789e-08
424 5.1771137374749645e-08
425 5.700673110997561e-08
426 5.200823429558511e-08
427 5.255427284264414e-08
428 5.101842219335205e-08
429 5.711054511284976e-08
430 5.329379001092503e-08
431 4.9722281670349664e-08
432 4.8797817783587e-08
433 5.3488312589639833e-08
434 4.84635077544215e-08
435 5.089290530433618e-08
436 5.800202603644155e-08
437 5.6258511278709965e-08
438 5.293067074259343e-08
439 4.5944151780846596e-08
440 5.248294505098915e-08
441 5.382852758848894e-08
442 5.30905079565955e-08
443 5.5162466201760235e-08
444 5.770064890067445e-08
445 5.546864918203848e-08
446 5.7003404973458095e-08
447 4.578609873145129e-08
448 5.5276880590344246e-08
449 4.923627251189804e-08
450 5.235725644196878e-08
451 5.6919755514603486e-08
452 5.869059376302772e-08
453 4.966518563407016e-08
454 5.168999277267799e-08
455 5.724502773125839e-08
456 4.924333988738949e-08
457 5.459641065478294e-08
458 5.281919615875962e-08
459 5.506350340684484e-08
460 4.979976958635446e-08
461 5.888070900785609e-08
462 5.412119662315071e-08
463 5.780191110663931e-08
464 4.481405461743352e-08
465 4.842830677497201e-08
466 5.698565349431263e-08
467 5.339999488831351e-08
468 5.220063034267133e-08
469 5.0646278820404665e-08
470 5.1868669590157054e-08
471 5.487445131617489e-08
472 4.784809541887368e-08
473 5.38549513534852e-08
474 6.097329157846046e-08
475 5.5634716838584763e-08
476 5.9257388681654413e-08
477 4.912357695035699e-08
478 5.2105623000371364e-08
479 5.121424930920876e-08
480 4.803908213349636e-08
481 5.72277561972401e-08
482 5.0928715286259097e-08
483 5.83603255024387e-08
484 5.278892552403502e-08
485 4.909090423858871e-08
486 4.993211409971004e-08
487 5.5691791576254735e-08
488 4.8062228604980945e-08
489 5.0532380577689726e-08
490 4.565528191535599e-08
491 5.3931317708637015e-08
492 5.3234730620228785e-08
493 5.219674273036039e-08
494 5.638799879637879e-08
495 5.6897588622282197e-08
496 4.831506594443947e-08
497 4.934823441627381e-08
498 4.942847743188612e-08
499 5.2557799202431556e-08
500 4.964193202899016e-08
501 4.9793421822742206e-08
502 5.633807798560796e-08
503 5.0929179585347266e-08
504 6.257112738606748e-08
505 5.224440891861057e-08
506 5.1826295137076654e-08
507 4.9137468519385696e-08
508 5.3206602335685695e-08
509 5.552707452070423e-08
510 5.927740127628148e-08
511 5.311496632407188e-08
512 5.4758197314849895e-08
513 5.7239136978956414e-08
514 4.964569342689283e-08
515 4.948124204155234e-08
516 5.1367149168116205e-08
517 5.0015929502249136e-08
518 5.161919948779622e-08
519 6.426939407918931e-08
520 4.713429475265601e-08
521 5.336342932887158e-08
522 5.4617458357448664e-08
523 5.219731485816086e-08
524 5.566749658015532e-08
525 5.41790092920538e-08
526 5.206721932778826e-08
527 5.1034572245557905e-08
528 5.4780002392111184e-08
529 5.3943036668443886e-08
530 5.611051331977594e-08
531 5.575656009497994e-08
532 6.039258713990225e-08
533 4.916584416386156e-08
534 5.467245452012087e-08
535 4.856216651486747e-08
536 4.9473843360541926e-08
537 5.331701418044297e-08
538 5.238808187340738e-08
539 5.5456510213134554e-08
540 4.9815109196982155e-08
541 5.6440815032821706e-08
542 4.9861832932501364e-08
543 5.266078355887705e-08
544 5.11095869643522e-08
545 5.481719774563821e-08
546 5.6680444769065237e-08
547 5.533897237249334e-08
548 5.483332296409529e-08
549 5.0312698051546334e-08
550 4.414675057515984e-08
551 5.253534241778401e-08
552 5.460994238142259e-08
553 5.215575728610116e-08
554 5.223017675875715e-08
555 5.599878988769068e-08
556 5.7875845364986294e-08
557 5.419325933897686e-08
558 5.3166838734460055e-08
559 5.234916131996841e-08
560 4.500695236639946e-08
561 5.5076461956910095e-08
562 5.578042850118794e-08
563 5.101519496059705e-08
564 5.861092744802123e-08
565 5.529410678261701e-08
566 4.706163152293236e-08
567 5.844824869828387e-08
568 5.30677387163175e-08
569 4.8375325214858426e-08
570 5.515842178766359e-08
571 5.1502993337073316e-08
572 5.437184288389356e-08
573 5.1200417881258696e-08
574 5.6968278946306314e-08
575 5.1926439983893793e-08
576 5.1548309179578246e-08
577 4.9966303768879606e-08
578 4.843670822665835e-08
579 5.163893801887897e-08
580 4.777488805120455e-08
581 5.253185557533116e-08
582 5.4269598727439445e-08
583 5.4305935645596474e-08
584 5.941634204267414e-08
585 5.018078521628827e-08
586 5.048174931012035e-08
587 4.64987047281664e-08
588 5.459134986789774e-08
589 5.374149821710777e-08
590 5.444320866120485e-08
591 5.438463045327096e-08
592 4.941402719052896e-08
593 5.741277859216444e-08
594 5.52420340681459e-08
595 5.605399156481899e-08
596 5.922309873126143e-08
597 5.1847306616185426e-08
598 4.7118947194319555e-08
599 4.77070951020349e-08
600 5.0386815897614794e-08
601 5.5940133958734996e-08
602 5.6900994941765124e-08
603 5.578965091565149e-08
604 5.516816449584509e-08
605 5.6808565965704374e-08
606 5.167589977206268e-08
607 5.43093482069751e-08
608 5.163147240547531e-08
609 5.348799465080551e-08
610 4.743241473834997e-08
611 5.3463717582265814e-08
612 5.521646025164556e-08
613 5.423140846076065e-08
614 5.1744149875987016e-08
615 5.490142161757538e-08
616 5.241344156249036e-08
617 5.2698551716628374e-08
618 5.313106825504251e-08
619 5.973227950694731e-08
620 5.707265040749791e-08
621 5.0672264679741806e-08
622 5.087783004957116e-08
623 5.518107963676572e-08
624 5.6212369469119195e-08
625 4.917347480502495e-08
626 5.187918538826859e-08
627 4.708686451793115e-08
628 5.394701002585435e-08
629 4.948721982804136e-08
630 5.2282019603278465e-08
631 5.2713232475019324e-08
632 4.747288718884811e-08
633 4.912780574159373e-08
634 5.132626184453343e-08
635 4.757591555546034e-08
636 5.0288051112381056e-08
637 6.05646842664691e-08
638 5.159881064133583e-08
639 5.171209363537875e-08
640 5.28268082728922e-08
641 5.212933096281508e-08
642 5.262686222821444e-08
643 5.5488317188201806e-08
644 5.1109288724191243e-08
645 4.8470916797949185e-08
646 5.5909754285799766e-08
647 4.586315794755643e-08
648 5.051401843207082e-08
649 5.339653215955029e-08
650 5.459620434484533e-08
651 5.411853397211048e-08
652 4.956389111158649e-08
653 5.071519815556486e-08
654 5.584175687986292e-08
655 5.5070274989982764e-08
656 4.7375279587255796e-08
657 4.797056755456887e-08
658 5.272125398390285e-08
659 4.477070537345589e-08
660 4.7416134576129836e-08
661 5.425738163710326e-08
662 4.448041598607742e-08
663 4.941614437967334e-08
664 5.395445582724531e-08
665 5.6011158895112035e-08
666 5.455711575587428e-08
667 5.3040928411412825e-08
668 5.930767837653018e-08
669 5.122102443532871e-08
670 5.466236144993645e-08
671 5.080801659893529e-08
672 5.573397326374475e-08
673 5.3799294153875564e-08
674 4.9859160693086246e-08
675 5.063637271198836e-08
676 4.7640471907556154e-08
677 4.965271622531022e-08
678 5.376412597680369e-08
679 6.076634314249661e-08
680 5.264432217643937e-08
681 5.884084871844557e-08
682 5.590715419996134e-08
683 5.124497636483138e-08
684 6.038913012587718e-08
685 5.7770664646398953e-08
686 5.262685209772516e-08
687 5.5076078168676515e-08
688 4.728186687792715e-08
689 4.775857588465215e-08
690 5.171604567607247e-08
691 4.75199273601024e-08
692 5.266024416589328e-08
693 4.868221552761675e-08
694 5.4072878691183846e-08
695 5.312514901738972e-08
696 5.1962411459555324e-08
697 5.507699481097545e-08
698 4.968673599667913e-08
699 5.562909563514286e-08
700 5.217469727923031e-08
701 5.3977165597389425e-08
702 5.376248953441773e-08
703 5.3104121594797824e-08
704 5.569965592790109e-08
705 5.370039610609931e-08
706 5.70621634835153e-08
707 4.883381750288226e-08
708 5.290549592353662e-08
709 5.779325528384803e-08
710 4.713396371962827e-08
711 5.4619671170658544e-08
712 5.655636994079788e-08
713 4.5879340038433616e-08
714 5.178387142212399e-08
715 5.0148962641364536e-08
716 4.805689034922019e-08
717 5.403808312151205e-08
718 5.9059620090193404e-08
719 5.1123998916885625e-08
720 5.313147169900995e-08
721 4.735870980760161e-08
722 5.167245487320849e-08
723 5.866357227112037e-08
724 5.175573177680492e-08
725 4.80422511934784e-08
726 5.79570076680518e-08
727 5.827714546035211e-08
728 5.428833352879036e-08
729 5.8253899147547664e-08
730 4.8393730720247186e-08
731 4.600773853736716e-08
732 5.380639603066485e-08
733 5.8216580224911775e-08
734 5.1565990528955754e-08
735 5.195808079120171e-08
736 6.207082508768764e-08
737 5.476967483307704e-08
738 5.081288086853048e-08
739 5.6433127897035245e-08
740 5.432144288548662e-08
741 5.42013554039922e-08
742 5.6401171871943413e-08
743 4.919472246512547e-08
744 4.7203710490328544e-08
745 5.616011198213308e-08
746 5.713937758589618e-08
747 5.840901210151174e-08
748 5.510503272513814e-08
749 4.585539445193793e-08
750 4.506428454714392e-08
751 5.31460705280689e-08
752 5.2390606377870916e-08
753 4.778438965353182e-08
754 5.82964357618122e-08
755 5.1369562651756074e-08
756 4.570075218736276e-08
757 4.8310980733851156e-08
758 5.522218087260522e-08
759 4.871886354718227e-08
760 5.4806941717906235e-08
761 4.849499157236059e-08
762 5.519107907997155e-08
763 5.2563903694284874e-08
764 4.934218206415131e-08
765 5.967185400920363e-08
766 5.117057882173294e-08
767 5.4879099399300576e-08
768 5.744352891729994e-08
769 4.9033864702913935e-08
770 5.3817274119689686e-08
771 5.265747778973555e-08
772 5.4573791347924076e-08
773 6.518233087702821e-08
774 5.510781841945407e-08
775 5.526476654090863e-08
776 5.263046059502708e-08
777 4.977069453290403e-08
778 5.575047516450671e-08
779 5.5069831703612076e-08
780 5.47884020879306e-08
781 5.557454740937979e-08
782 5.951892050687329e-08
783 5.53902229316648e-08
784 5.024679726681968e-08
785 5.628859358958257e-08
786 5.56470826712752e-08
787 5.194343250755388e-08
788 4.915966626034837e-08
789 5.6247856109784214e-08
790 5.415617517150297e-08
791 5.007081289990911e-08
792 4.886850478095626e-08
793 5.1772343598671606e-08
794 5.064669610728281e-08
795 5.2881995517159233e-08
796 5.00221996882151e-08
797 5.6502916715839865e-08
798 5.8155723676837945e-08
799 5.5637926782802844e-08
800 4.447261054740972e-08
801 4.7070439536429375e-08
802 5.238209312217184e-08
803 5.7991192898605304e-08
804 5.3292726124544725e-08
805 5.0358698814355916e-08
806 5.076041886706022e-08
807 5.4585576344018435e-08
808 5.2419267117835276e-08
809 4.662184201081135e-08
810 5.157764927014596e-08
811 5.289867424474958e-08
812 5.0963489817648585e-08
813 5.5629946694045786e-08
814 5.3145475960613123e-08
815 5.138771226371025e-08
816 5.979550616817644e-08
817 4.6215434542286553e-08
818 5.2698521233120994e-08
819 6.158638552423417e-08
820 5.042660065006633e-08
821 5.7710120140010527e-08
822 5.47285251864438e-08
823 5.674075074315949e-08
824 4.3632289227395947e-08
825 5.2874447257956566e-08
826 5.488787345988537e-08
827 5.891130727657137e-08
828 5.485464579520469e-08
829 5.151203397614693e-08
830 5.609159193520848e-08
831 5.98737421242506e-08
832 4.173279914661838e-08
833 5.4044962367045806e-08
834 5.6224981969230466e-08
835 5.515563781347623e-08
836 5.699994766075995e-08
837 5.781102917782734e-08
838 5.558302641310492e-08
839 5.443459483441077e-08
840 5.3300701054988025e-08
841 4.72225019434232e-08
842 5.2006649292263836e-08
843 5.556147452415962e-08
844 5.179669719184818e-08
845 5.795959793518483e-08
846 4.5477174280785897e-08
847 5.47639872002944e-08
848 4.352104935907673e-08
849 5.6690728381073764e-08
850 5.631707665647157e-08
851 5.3910811087094616e-08
852 5.268072294074033e-08
853 5.031863312995579e-08
854 5.6250123973551526e-08
855 4.906069458591447e-08
856 5.076943884984709e-08
857 5.064032694134693e-08
858 4.570992803764207e-08
859 5.158791229970461e-08
860 4.863738751766212e-08
861 5.1473456337561853e-08
862 4.698639126423527e-08
863 5.7110590067243295e-08
864 4.675917203184798e-08
865 5.592183705577246e-08
866 5.522177953179829e-08
867 5.8233763040224315e-08
868 4.884428683863783e-08
869 6.267334438116673e-08
870 5.348913481990732e-08
871 5.1176774011030364e-08
872 5.206091504173572e-08
873 4.829804793535157e-08
874 4.9794478184010797e-08
875 5.346732145470974e-08
876 5.1953785122791915e-08
877 5.1943331808907856e-08
878 5.2711892737703044e-08
879 5.0857939459997595e-08
880 5.101581142143607e-08
881 4.8448569304881056e-08
882 5.197751738515799e-08
883 5.022509061041739e-08
884 5.4002700638206464e-08
885 4.924284944210741e-08
886 5.1823750360745656e-08
887 4.9840323890555865e-08
888 4.4407447845423024e-08
889 5.083799083714191e-08
890 5.1362783076635155e-08
891 5.580944605053745e-08
892 5.2477754052228405e-08
893 4.952639934943017e-08
894 4.97080645216602e-08
895 4.892559223029185e-08
896 5.327722898700902e-08
897 5.364033066219404e-08
898 4.997522224175795e-08
899 5.804100874163997e-08
900 5.4345726039013114e-08
901 5.4439661189000286e-08
902 4.9796875699529606e-08
903 5.4490489541723615e-08
904 4.697261262443235e-08
905 4.624407984154271e-08
906 5.0638815712741516e-08
907 5.6755603172509415e-08
908 4.7785804664704724e-08
909 5.875275076251897e-08
910 5.922120428588385e-08
911 4.734767363700995e-08
912 4.59293729536345e-08
913 5.650836099489244e-08
914 4.9003151982785896e-08
915 5.3220853787645886e-08
916 4.846193902656679e-08
917 5.31219260295105e-08
918 5.317407281280984e-08
919 5.865050179214593e-08
920 4.884330384621995e-08
921 5.415456554237429e-08
922 4.7993519682020125e-08
923 5.748610863359409e-08
924 5.357945297887753e-08
925 5.697138521949965e-08
926 5.129082655492274e-08
927 4.843161667530013e-08
928 6.016705985077665e-08
929 4.589519171208994e-08
930 4.877946917418209e-08
931 4.795612223890635e-08
932 5.273808417111123e-08
933 5.2785248392086124e-08
934 4.3308645357306724e-08
935 5.977470357483666e-08
936 5.311438382195979e-08
937 5.352048651775274e-08
938 5.463321365019279e-08
939 4.802018842486402e-08
940 5.320981919836132e-08
941 5.433538220279383e-08
942 5.53679643026763e-08
943 4.2655014498194344e-08
944 4.496382439656585e-08
945 5.1999410584756196e-08
946 5.5660661015406145e-08
947 5.171290391076695e-08
948 5.883558103810441e-08
949 5.3040945280005995e-08
950 5.071363744297822e-08
951 5.8031398564284144e-08
952 4.577554721595467e-08
953 4.822114408163362e-08
954 5.3099407066083914e-08
955 6.379578086676227e-08
956 5.6428592329642086e-08
957 5.538895346613887e-08
958 5.046268957462696e-08
959 5.196735066991601e-08
960 5.6343102440864274e-08
961 5.503462105365351e-08
962 4.834475719929469e-08
963 4.8922984100442546e-08
964 5.778069168958842e-08
965 4.8199157953412206e-08
966 4.947384427821673e-08
967 5.749643436364887e-08
968 5.250070280354752e-08
969 4.8151494567926635e-08
970 5.350751955431993e-08
971 4.90010452066492e-08
972 5.3502393302805856e-08
973 5.406353845632923e-08
974 5.53746714966283e-08
975 5.2325446141905425e-08
976 5.200319124862047e-08
977 5.231575453781431e-08
978 5.220563508204999e-08
979 5.623998264405797e-08
980 4.544621911785421e-08
981 5.2490745744690084e-08
982 5.0834274833781274e-08
983 5.121174883770574e-08
984 5.233939229222993e-08
985 4.633966424856676e-08
986 5.588327990540131e-08
987 5.18276085286947e-08
988 5.1170856752993506e-08
989 5.7536591243886494e-08
990 5.060528560160067e-08
991 4.748090692889135e-08
992 5.6831938137617114e-08
993 5.434433960697344e-08
994 5.1963499680689636e-08
995 4.801498448582135e-08
996 5.710849884429471e-08
997 5.4963585780959763e-08
998 4.737684885918666e-08
999 5.5177262726035326e-08
