0 6.455348400571461e-07
1 6.72311475303303e-07
2 7.43549839130597e-07
3 5.883083077104346e-07
4 7.331278424747022e-07
5 6.221798725295816e-07
6 6.274844354174314e-07
7 6.279965767039191e-07
8 7.74479498363765e-07
9 6.845152058539532e-07
10 5.78429497917568e-07
11 5.836242436008233e-07
12 7.200310861504078e-07
13 5.661865693392537e-07
14 7.269923129560179e-07
15 6.323652866160981e-07
16 5.773737685468172e-07
17 7.384241459886223e-07
18 6.693501024780976e-07
19 6.929803568798344e-07
20 6.204346730236059e-07
21 7.069162890642652e-07
22 5.655428554514193e-07
23 6.779063721447334e-07
24 6.406102280608359e-07
25 5.769877528556973e-07
26 6.881770643735313e-07
27 6.976187072590902e-07
28 7.070570185132458e-07
29 6.353977720564271e-07
30 4.776838982972867e-07
31 5.94378651135735e-07
32 8.568021322372259e-07
33 7.059855569086588e-07
34 6.861662592512591e-07
35 8.311973447144321e-07
36 6.51818280684353e-07
37 6.377440747434503e-07
38 5.884047877649612e-07
39 7.092426496579287e-07
40 5.862670831465646e-07
41 6.797459096520006e-07
42 6.809025137892208e-07
43 6.952093191414069e-07
44 7.19293975971595e-07
45 6.844678308911455e-07
46 5.497005903872266e-07
47 5.88406242388685e-07
48 5.743457114690267e-07
49 5.076597816522191e-07
50 6.022543511413117e-07
51 5.987279512354806e-07
52 6.698826137975468e-07
53 6.554186269581282e-07
54 5.815459694940481e-07
55 6.823354719943531e-07
56 6.746489749593817e-07
57 6.022538215680454e-07
58 6.507824345045724e-07
59 6.781921761206598e-07
60 5.730071000177832e-07
61 5.94056828517153e-07
62 6.409930820654879e-07
63 7.262615298142928e-07
64 6.342937596147446e-07
65 5.726279483770546e-07
66 4.94363224932986e-07
67 5.750745227334656e-07
68 7.025970584630453e-07
69 6.429114430695113e-07
70 7.012692845546821e-07
71 6.227143956034087e-07
72 6.7783352192044e-07
73 5.923226791594237e-07
74 6.317762628614186e-07
75 5.486030819545595e-07
76 8.37926631362654e-07
77 6.302192166369653e-07
78 7.282635524220269e-07
79 7.035687241192138e-07
80 5.493729079339111e-07
81 6.830151677154998e-07
82 6.541365180451395e-07
83 6.102642678304289e-07
84 5.949133445010769e-07
85 7.084081863518363e-07
86 7.56992605983012e-07
87 8.188348852369739e-07
88 6.941976933637313e-07
89 8.053407162143918e-07
90 6.205853582585601e-07
91 7.579415705563363e-07
92 7.645353654933461e-07
93 5.64273954580617e-07
94 6.484164720373412e-07
95 7.134679636191218e-07
96 6.98712052198079e-07
97 5.715479944578499e-07
98 7.114746859036623e-07
99 6.610451241436768e-07
100 5.551952461625122e-07
101 6.168108274106949e-07
102 7.157664311348771e-07
103 7.113256912498335e-07
104 5.804578450941951e-07
105 7.190616538796044e-07
106 7.2690953762126e-07
107 5.883621019790469e-07
108 6.195647609394282e-07
109 6.461285766873057e-07
110 8.512296864236777e-07
111 6.792752664889048e-07
112 5.772679175787792e-07
113 7.573263555904581e-07
114 7.423838825429432e-07
115 7.48537264806098e-07
116 7.162575261828325e-07
117 5.818926492687299e-07
118 5.841077625600878e-07
119 5.90577989038303e-07
120 7.860235012522014e-07
121 6.138156863745221e-07
122 7.613620766100837e-07
123 6.116178773103952e-07
124 6.30294030118836e-07
125 5.509800959962602e-07
126 6.875207596324506e-07
127 6.818293513862499e-07
128 7.293777611667182e-07
129 6.485782065541093e-07
130 5.841073428015466e-07
131 8.844153308945735e-07
132 7.404709697212336e-07
133 6.115539609357736e-07
134 6.883736502202367e-07
135 7.43789235979857e-07
136 6.059492474093466e-07
137 6.638286234371412e-07
138 7.030585522590841e-07
139 5.815473495725706e-07
140 6.39744714291058e-07
141 7.018045453523097e-07
142 6.878758215817295e-07
143 6.852427200463e-07
144 5.153966568817531e-07
145 5.964265052132981e-07
146 6.73262542782427e-07
147 6.114927748183024e-07
148 7.492211232375874e-07
149 5.744425827353306e-07
150 5.115573992737829e-07
151 7.656547718922834e-07
152 8.237982578280387e-07
153 6.616505170171858e-07
154 6.146350013473523e-07
155 7.624619152210682e-07
156 6.949969901331604e-07
157 6.940550847503188e-07
158 7.295725588149297e-07
159 6.463620780560266e-07
160 7.341196028826306e-07
161 7.10104513695637e-07
162 4.5010366386226905e-07
163 6.78539890047326e-07
164 6.393427843995848e-07
165 6.699540516815695e-07
166 6.137917988385128e-07
167 7.143735300247896e-07
168 6.22967592133314e-07
169 5.978383132749281e-07
170 5.903031309900231e-07
171 6.650615917256417e-07
172 5.487652331574383e-07
173 7.06806225244823e-07
174 7.283765612427797e-07
175 5.769143850161562e-07
176 5.663557967935375e-07
177 5.38676801173449e-07
178 6.14329899519682e-07
179 7.054493823684366e-07
180 6.909993873482513e-07
181 5.830534650129598e-07
182 5.691049600773635e-07
183 7.553426145803426e-07
184 7.247131444691617e-07
185 6.064042735872379e-07
186 6.654755628627313e-07
187 7.698213752045214e-07
188 6.274325065075879e-07
189 6.861512362408235e-07
190 6.806096591829218e-07
191 7.605810002508617e-07
192 7.678801091958813e-07
193 8.430636889542653e-07
194 4.4106882573416844e-07
195 8.64684479753008e-07
196 7.676663203023768e-07
197 6.389108375784339e-07
198 6.080144373588699e-07
199 6.542420184912219e-07
200 5.899480305980186e-07
201 7.122336247318016e-07
202 7.159388448897112e-07
203 5.506825470600993e-07
204 7.451253509467574e-07
205 7.361542794778461e-07
206 5.541055643186378e-07
207 5.846568250856779e-07
208 5.424111409462368e-07
209 5.953723572815186e-07
210 5.825113054968729e-07
211 6.78681199256375e-07
212 6.30770378277236e-07
213 5.366429859350586e-07
214 6.974620638044137e-07
215 5.746507463059638e-07
216 7.450043853689902e-07
217 7.733065615004791e-07
218 6.589365911248574e-07
219 5.237080929263956e-07
220 5.284952166105516e-07
221 5.776926435442146e-07
222 7.316433897029207e-07
223 7.038527450665042e-07
224 5.872977025451778e-07
225 7.013275944090105e-07
226 6.83372217890954e-07
227 7.157061743539716e-07
228 6.614373660857397e-07
229 6.348864973737544e-07
230 5.510043484183019e-07
231 6.964474491017784e-07
232 5.305970482575995e-07
233 5.553164373514317e-07
234 7.157677712867433e-07
235 6.622468170331433e-07
236 6.734160289306061e-07
237 6.369637847800881e-07
238 6.720825839308011e-07
239 6.157871420002305e-07
240 5.124999907066882e-07
241 7.55075926639647e-07
242 6.218960631740201e-07
243 7.635754392587175e-07
244 6.968597207842082e-07
245 6.96354124237347e-07
246 6.052999891500003e-07
247 7.184023484715795e-07
248 6.293247130777626e-07
249 6.979478331194625e-07
250 6.9002820741703e-07
251 6.770104906105007e-07
252 5.252144964913188e-07
253 7.354026365450115e-07
254 6.372456421674797e-07
255 6.660055883319941e-07
256 5.903168856507159e-07
257 6.372741204068213e-07
258 7.202875474642862e-07
259 8.06776682482381e-07
260 6.417861373578745e-07
261 7.085711039701497e-07
262 6.876028623065099e-07
263 5.310722780222632e-07
264 5.429250320245614e-07
265 7.14039040945986e-07
266 6.570990251310763e-07
267 7.532411532034377e-07
268 7.304925689305275e-07
269 7.305327632041164e-07
270 6.970411685337182e-07
271 6.842009220380782e-07
272 8.963526856241212e-07
273 6.344730832517355e-07
274 7.940654815171904e-07
275 8.135154857653114e-07
276 7.806506810610627e-07
277 7.493801194074519e-07
278 6.517927087005107e-07
279 6.587085739826955e-07
280 6.466348270505953e-07
281 8.116956822452748e-07
282 6.597364460184095e-07
283 7.55595514800402e-07
284 7.380174818874732e-07
285 5.448586777084614e-07
286 7.557897385049738e-07
287 6.814489958183487e-07
288 6.226663069760733e-07
289 5.946988474127851e-07
290 6.101498369616753e-07
291 7.166648172584334e-07
292 5.702731960937471e-07
293 5.90345094287647e-07
294 6.512708731304039e-07
295 5.773848050049615e-07
296 6.783464539640501e-07
297 6.852022275657452e-07
298 6.724167017061132e-07
299 6.523607411400163e-07
300 5.36705231064469e-07
301 7.463255350215528e-07
302 6.698592727446855e-07
303 6.253646871967636e-07
304 7.336866590708038e-07
305 7.843691279732822e-07
306 6.994075703775657e-07
307 7.434871007604694e-07
308 6.706778019859811e-07
309 5.96366773571031e-07
310 7.068713022553901e-07
311 6.362961697257009e-07
312 6.912960062820583e-07
313 6.169459533382191e-07
314 7.875422025276527e-07
315 7.024205367709138e-07
316 6.359598323849764e-07
317 5.725471086391675e-07
318 5.181236412351306e-07
319 6.056801926946276e-07
320 6.376461283219327e-07
321 5.841768966315797e-07
322 4.991360034775752e-07
323 6.300759338281292e-07
324 5.85657684444845e-07
325 6.944017664253162e-07
326 5.095876554280914e-07
327 6.389858856996831e-07
328 7.742859089482477e-07
329 6.189967185298054e-07
330 5.581499176057005e-07
331 5.50377787726651e-07
332 6.196315949167404e-07
333 6.319687021845581e-07
334 5.564562298603413e-07
335 7.32952642713392e-07
336 6.110608096096509e-07
337 6.114799725659271e-07
338 6.111573983342353e-07
339 7.086331586536875e-07
340 6.367856324910721e-07
341 5.296043854312179e-07
342 6.676580160645568e-07
343 7.615901554672278e-07
344 6.914632950950319e-07
345 7.88164653666481e-07
346 6.972848663350274e-07
347 5.582638165805034e-07
348 7.114678411254572e-07
349 6.784529152560241e-07
350 6.644715380149949e-07
351 6.419370956355988e-07
352 6.314133706838938e-07
353 7.202885996869917e-07
354 6.347980561616244e-07
355 6.232591005474755e-07
356 6.504796500365837e-07
357 6.815272276300038e-07
358 4.950603393368422e-07
359 7.054628417576202e-07
360 5.486578538548038e-07
361 6.103958428899945e-07
362 5.547436648593816e-07
363 6.863873281826164e-07
364 5.873643286968026e-07
365 6.360844041991531e-07
366 7.499881028964625e-07
367 6.114592668023807e-07
368 7.610444234863819e-07
369 6.667028035872493e-07
370 6.410167463143579e-07
371 4.7627798076764167e-07
372 6.700994164587196e-07
373 7.142827247430165e-07
374 5.866662071158863e-07
375 5.821367396282959e-07
376 7.219129521051044e-07
377 5.920540236118735e-07
378 5.847872974964457e-07
379 6.640920270567518e-07
380 6.333423654470244e-07
381 6.542090860259049e-07
382 6.935248784666167e-07
383 6.657663651334511e-07
384 6.323106849575986e-07
385 6.884232395903894e-07
386 6.511896636347256e-07
387 7.014862273866856e-07
388 7.477676180902122e-07
389 7.589013175365184e-07
390 6.354232726247597e-07
391 5.722576122196211e-07
392 6.45199087354088e-07
393 6.416950127152078e-07
394 5.98521493373295e-07
395 8.540717895511403e-07
396 6.940870593932825e-07
397 6.371537602168236e-07
398 6.866702758422956e-07
399 6.638159077636689e-07
400 6.078725686604481e-07
401 6.325790112676181e-07
402 6.532984878842664e-07
403 5.092023379216459e-07
404 5.047925164920068e-07
405 5.990878850421461e-07
406 5.875501977650186e-07
407 6.819611663880842e-07
408 6.562699596484733e-07
409 6.853335524526452e-07
410 6.104128626464467e-07
411 8.048371080242545e-07
412 5.718088902880883e-07
413 5.573990397845879e-07
414 6.413133773199613e-07
415 6.224263182423873e-07
416 5.927643664479871e-07
417 7.911603370652443e-07
418 4.220100434734343e-07
419 5.587012081942762e-07
420 5.648758757111848e-07
421 6.846245188129732e-07
422 5.131954989481649e-07
423 6.332324143707305e-07
424 6.609592751726026e-07
425 5.555321452194123e-07
426 6.670078606441897e-07
427 6.694625193805634e-07
428 7.079447635583017e-07
429 5.528716095469963e-07
430 5.999132363343252e-07
431 6.917616668595003e-07
432 7.251655910225861e-07
433 7.211646822942484e-07
434 7.264371681930571e-07
435 7.018576512248213e-07
436 5.039610720436039e-07
437 6.168243584975403e-07
438 6.632788747024167e-07
439 7.856811066156252e-07
440 6.855212964943502e-07
441 6.214888392302187e-07
442 6.13685935743923e-07
443 5.844825292124876e-07
444 5.712926855022707e-07
445 6.15805179542727e-07
446 6.011691711173927e-07
447 7.468440982586298e-07
448 6.931244723860867e-07
449 7.338439954635622e-07
450 6.585037370558023e-07
451 5.645007819647815e-07
452 5.967687042343086e-07
453 7.447969220939355e-07
454 6.805394942529395e-07
455 5.662026923604789e-07
456 7.35265030073108e-07
457 6.430187498029682e-07
458 6.646598211513817e-07
459 6.119849852632948e-07
460 7.319795771600465e-07
461 5.674061323012625e-07
462 6.3796926886398e-07
463 5.602096624001226e-07
464 8.26193218440274e-07
465 7.0541846503166e-07
466 5.528273822671163e-07
467 6.330300237635044e-07
468 6.335437960132571e-07
469 6.771543130936106e-07
470 6.476596021777456e-07
471 6.852707449400723e-07
472 7.485393771144485e-07
473 6.289128075169965e-07
474 4.697049826827637e-07
475 6.14243458338769e-07
476 5.756289560764812e-07
477 6.766420793004257e-07
478 6.549569707598351e-07
479 7.373405567087393e-07
480 7.107060752691368e-07
481 6.40658881743074e-07
482 6.612849926862487e-07
483 4.956087603486241e-07
484 6.498060668855308e-07
485 6.677757600503051e-07
486 7.679765617726428e-07
487 5.671564290861897e-07
488 7.516361765594028e-07
489 7.323162829566149e-07
490 7.868317185663295e-07
491 6.359362214792752e-07
492 6.834732404939839e-07
493 6.54273313037587e-07
494 5.307212869495757e-07
495 5.893030212290756e-07
496 7.471301490966126e-07
497 6.80807138617961e-07
498 7.023729983766547e-07
499 6.494855849604141e-07
500 7.122939108180809e-07
501 7.037500494878391e-07
502 6.305156901038067e-07
503 6.979892277430154e-07
504 4.085108845126285e-07
505 6.344966745484785e-07
506 6.626766366354331e-07
507 7.104992200865975e-07
508 6.714812114988335e-07
509 5.824312239061428e-07
510 5.394094942800956e-07
511 6.421239358217509e-07
512 6.127687580766702e-07
513 5.85098170965583e-07
514 7.321850989115253e-07
515 7.644506883849325e-07
516 6.665740942267073e-07
517 7.066629180781063e-07
518 7.22406343209076e-07
519 4.5157870699404413e-07
520 7.612869379223436e-07
521 6.538984563481009e-07
522 5.87670679834052e-07
523 7.252388989720616e-07
524 5.510326451624417e-07
525 5.846088864076157e-07
526 7.020779870647052e-07
527 6.645494840419344e-07
528 6.628342022529125e-07
529 6.122642315170259e-07
530 6.061280592037335e-07
531 5.630826233323423e-07
532 5.27579260838301e-07
533 7.235441885243555e-07
534 5.508994615315005e-07
535 7.364835604734951e-07
536 6.92035665605706e-07
537 6.183951283561899e-07
538 7.038743866520062e-07
539 6.037217234057826e-07
540 6.975876647783387e-07
541 5.980950416568316e-07
542 7.637089820098458e-07
543 6.462427857981019e-07
544 6.524953276426346e-07
545 5.781223447252746e-07
546 6.16347829218467e-07
547 6.566777729865575e-07
548 5.620624556656545e-07
549 7.044258841350128e-07
550 8.360601364332229e-07
551 6.238334039342618e-07
552 6.348546800657471e-07
553 6.565972045984467e-07
554 6.88079912245722e-07
555 6.084202053653959e-07
556 5.499680170660649e-07
557 6.195342168371682e-07
558 6.703489036608988e-07
559 6.601690672546527e-07
560 8.361072830981178e-07
561 5.996154619396607e-07
562 6.946178444057631e-07
563 7.397387113419966e-07
564 5.494757525276401e-07
565 6.064118590118916e-07
566 7.433790265182698e-07
567 5.567484340716799e-07
568 6.791986828288322e-07
569 7.89853772152355e-07
570 6.270753392653177e-07
571 7.043759684957441e-07
572 6.404370457534689e-07
573 6.650145571264598e-07
574 5.68302540772428e-07
575 6.847292483230298e-07
576 5.967515365415978e-07
577 6.581155543752554e-07
578 7.62437955238823e-07
579 6.757255668262184e-07
580 7.441297849759437e-07
581 7.025293686464603e-07
582 6.401030036911969e-07
583 6.347149542055803e-07
584 4.979753491672346e-07
585 7.080223812517705e-07
586 6.849201300475073e-07
587 7.671362880893378e-07
588 6.675584013580352e-07
589 6.734493770128031e-07
590 5.498403402103221e-07
591 6.094847848835331e-07
592 7.090698595321986e-07
593 6.027915206716374e-07
594 6.333517969506172e-07
595 5.773578675585314e-07
596 5.498182399508143e-07
597 6.329872268453088e-07
598 7.363221340532354e-07
599 7.537234537112922e-07
600 6.770546435774598e-07
601 5.729494189393904e-07
602 5.94144590871355e-07
603 5.571285249937039e-07
604 6.261687101000628e-07
605 5.392902703257109e-07
606 6.780391087207052e-07
607 6.209746761336006e-07
608 6.932956938929084e-07
609 5.984489505732722e-07
610 7.056842516104944e-07
611 6.414791193185258e-07
612 5.738771870076103e-07
613 6.647500589974592e-07
614 6.564678590571822e-07
615 6.031166192068487e-07
616 6.514731015341449e-07
617 6.830023184105135e-07
618 6.782737937314267e-07
619 5.198884799721583e-07
620 5.920978018656669e-07
621 7.06838449553841e-07
622 7.096923469478344e-07
623 6.149604911624662e-07
624 6.661480450256336e-07
625 7.503676092353644e-07
626 6.830668250261309e-07
627 7.787076887228203e-07
628 6.491557673285278e-07
629 7.423162207879316e-07
630 6.550584520844694e-07
631 6.630009071210675e-07
632 7.262151633124265e-07
633 6.911129829461215e-07
634 7.217888615078827e-07
635 7.110427041264532e-07
636 6.887153182300642e-07
637 5.226787821499461e-07
638 6.656704433101071e-07
639 6.674175332735036e-07
640 6.846343805752458e-07
641 6.970797922250463e-07
642 6.696436462111833e-07
643 6.158051312091921e-07
644 7.068047476200581e-07
645 7.599866065914573e-07
646 5.840782185760308e-07
647 7.626627835262063e-07
648 7.095001154451227e-07
649 6.824749549187214e-07
650 6.048097022408476e-07
651 6.512178617714116e-07
652 7.350285464839054e-07
653 6.907109904069304e-07
654 5.681637282784005e-07
655 6.199241319502913e-07
656 7.8316274625303e-07
657 7.724263113269593e-07
658 6.786454561513146e-07
659 8.274119374026888e-07
660 7.443320281593373e-07
661 6.312267512672094e-07
662 7.950215058900887e-07
663 7.002554411122381e-07
664 6.214862896190782e-07
665 6.138824020043959e-07
666 6.054061795830357e-07
667 6.366979282105526e-07
668 5.507928937065487e-07
669 6.792469273567326e-07
670 6.396929995475e-07
671 7.244113362547056e-07
672 5.849710282004082e-07
673 6.102664618827659e-07
674 6.893696466489519e-07
675 6.570053977010294e-07
676 7.31475450963971e-07
677 6.54534829871539e-07
678 5.674755075352257e-07
679 5.076741215771291e-07
680 6.403385201281829e-07
681 5.529457349221207e-07
682 5.510874135980166e-07
683 6.664743198968551e-07
684 5.274589142453928e-07
685 5.793915551553607e-07
686 6.503579580943777e-07
687 6.119929424926916e-07
688 7.444458953127903e-07
689 7.759474820305635e-07
690 6.849574281487789e-07
691 7.310070237283029e-07
692 6.317157314492537e-07
693 7.348483999736787e-07
694 6.1897389236217e-07
695 6.570591470098695e-07
696 6.807125529483375e-07
697 5.731139102230231e-07
698 7.016254292341022e-07
699 6.167286479171326e-07
700 6.982713875231119e-07
701 6.745972332161396e-07
702 6.805821790979992e-07
703 6.400456416039501e-07
704 6.061722861945358e-07
705 6.257251047120027e-07
706 6.332662173777811e-07
707 6.875151869301029e-07
708 6.808456302975179e-07
709 5.375331335141288e-07
710 7.773548158597256e-07
711 6.830913073175259e-07
712 5.482326987918163e-07
713 8.509898508603528e-07
714 6.294788964879268e-07
715 7.27547747798515e-07
716 7.848479354435336e-07
717 6.504720925465733e-07
718 5.547247112099981e-07
719 6.461227081188365e-07
720 6.699846711869431e-07
721 7.194854885962174e-07
722 6.412666159140371e-07
723 5.550751541863458e-07
724 6.248625547659859e-07
725 6.769638213640287e-07
726 5.493829101082593e-07
727 5.531572031148426e-07
728 6.311286844994331e-07
729 5.637960459626594e-07
730 7.022804470137066e-07
731 7.861732030572735e-07
732 6.824679437219863e-07
733 5.546882480431039e-07
734 6.826526748448985e-07
735 6.657480764453211e-07
736 5.01160394632472e-07
737 6.364783933968612e-07
738 7.108009809222698e-07
739 5.367466661609076e-07
740 6.052029684546512e-07
741 5.891732647079907e-07
742 5.752096615299788e-07
743 7.178409490338194e-07
744 7.089952008472925e-07
745 5.322852757115139e-07
746 5.925185058571252e-07
747 5.501581661888138e-07
748 6.024307171461767e-07
749 8.110926258727756e-07
750 7.948566504426962e-07
751 6.621911516876017e-07
752 6.504929831542249e-07
753 7.35406379252495e-07
754 5.318619979696264e-07
755 7.030342869795603e-07
756 7.864993364307727e-07
757 7.112693073587633e-07
758 5.50923521003257e-07
759 7.144449717356676e-07
760 6.526670643069539e-07
761 7.463374080246128e-07
762 5.946996040318578e-07
763 6.703842632159154e-07
764 6.75576950323131e-07
765 6.092199433407077e-07
766 6.934527188883442e-07
767 6.369335804667705e-07
768 6.264672840732138e-07
769 6.823118844206311e-07
770 6.062363029768493e-07
771 6.433594911521052e-07
772 5.975490416405147e-07
773 4.32163607380276e-07
774 6.67669484274975e-07
775 6.239051983729656e-07
776 6.571677749106202e-07
777 6.629674588873367e-07
778 5.641225490999862e-07
779 6.493834723708619e-07
780 6.243834132257549e-07
781 6.453913818313596e-07
782 5.629769745513681e-07
783 6.136417073443839e-07
784 6.863023925974777e-07
785 6.026517791537665e-07
786 6.218668758065126e-07
787 6.840296477488887e-07
788 7.357114602257998e-07
789 6.126751268490145e-07
790 5.961333470376586e-07
791 6.804250103361419e-07
792 7.250583579314643e-07
793 6.55189091223565e-07
794 6.787386967892595e-07
795 6.858214524217931e-07
796 7.029537569510461e-07
797 5.741593216549352e-07
798 5.585613799259416e-07
799 6.324033980859257e-07
800 8.098413760579525e-07
801 7.859274654703285e-07
802 6.392483479758209e-07
803 5.65869995699221e-07
804 6.390948597848373e-07
805 6.925596412886075e-07
806 6.88761434895798e-07
807 6.533574506751401e-07
808 6.384919544254004e-07
809 8.028056914254122e-07
810 6.643418996365653e-07
811 7.00553546233242e-07
812 7.076228975358919e-07
813 6.270589864281465e-07
814 6.740746770537455e-07
815 6.36973078592926e-07
816 5.003387069528811e-07
817 7.545100661037119e-07
818 6.688659896895352e-07
819 5.231581693054054e-07
820 7.391445406009269e-07
821 5.499922267870712e-07
822 5.967190123958933e-07
823 6.024370695316419e-07
824 8.120502021829489e-07
825 6.996066206470881e-07
826 6.132586825791168e-07
827 5.328993592982136e-07
828 6.415754445105818e-07
829 6.848533753510703e-07
830 6.097630484717974e-07
831 5.398581554229139e-07
832 8.127910955612382e-07
833 6.463748187890425e-07
834 6.043920525105396e-07
835 5.796996425787976e-07
836 5.344926860544558e-07
837 5.512500830530923e-07
838 6.340419386169013e-07
839 6.411151930165144e-07
840 6.802882010204315e-07
841 8.027318901921668e-07
842 6.813805959508604e-07
843 5.625039430827165e-07
844 7.2997458566449e-07
845 5.393706258405586e-07
846 7.99151785605505e-07
847 6.938576056202321e-07
848 8.478925995514342e-07
849 6.017309304244056e-07
850 6.282991832698256e-07
851 6.307899166588268e-07
852 6.434560078703863e-07
853 7.521692798040997e-07
854 6.653418376273131e-07
855 7.27140170123617e-07
856 6.526453813761647e-07
857 6.754346677619901e-07
858 8.087954959481933e-07
859 6.82694043450836e-07
860 7.490581847391206e-07
861 7.329831542344733e-07
862 7.626772563869765e-07
863 5.757601691441882e-07
864 7.35352553663086e-07
865 5.981136382376357e-07
866 5.76042234340124e-07
867 5.838766820506303e-07
868 7.478797097474899e-07
869 4.95748416231963e-07
870 5.897759052415615e-07
871 6.999445903573141e-07
872 7.206126724995494e-07
873 7.509223112743259e-07
874 7.124553012674922e-07
875 6.46802264810314e-07
876 6.828183880254254e-07
877 7.216972021798556e-07
878 6.236974161758328e-07
879 6.659028110730578e-07
880 6.774411129493523e-07
881 7.462735547515764e-07
882 6.890485297636816e-07
883 6.771430504323105e-07
884 6.416792585927282e-07
885 7.3565234955206e-07
886 6.388060801995639e-07
887 7.266983502279929e-07
888 8.224389695527051e-07
889 7.025992792972629e-07
890 6.519811424880148e-07
891 5.541695320510272e-07
892 6.657841318503212e-07
893 7.108663737147872e-07
894 7.529276057644495e-07
895 7.333595563313733e-07
896 6.286237041735072e-07
897 6.416445064729643e-07
898 7.191003019999724e-07
899 5.113851553513618e-07
900 5.988661340159402e-07
901 6.448150909039078e-07
902 6.838358979247387e-07
903 6.505063300738761e-07
904 7.501361634241535e-07
905 8.033737699158213e-07
906 7.387525302062912e-07
907 6.054394469554026e-07
908 7.187125488655058e-07
909 5.377954800199385e-07
910 5.341540053970369e-07
911 7.131837017191317e-07
912 8.241093306929187e-07
913 5.983781883169823e-07
914 6.976253556479209e-07
915 6.293618871832874e-07
916 7.156894040925701e-07
917 6.528547788333697e-07
918 7.132995419057461e-07
919 5.871642587385946e-07
920 7.276085002811025e-07
921 6.225011219873384e-07
922 7.197823291087052e-07
923 5.283958561365557e-07
924 6.521301103417998e-07
925 5.911288186745698e-07
926 6.606419796743393e-07
927 7.091074276780479e-07
928 5.109776329077623e-07
929 7.666724465193358e-07
930 7.434268211257012e-07
931 7.353578405181608e-07
932 6.369710932385752e-07
933 6.729708684221673e-07
934 7.739317001077737e-07
935 5.10385726998784e-07
936 6.201114414161333e-07
937 6.673198621369022e-07
938 6.519154419609533e-07
939 7.752159812429875e-07
940 6.791441794528914e-07
941 5.862418991169555e-07
942 5.490417395653082e-07
943 8.133297346373457e-07
944 7.474172154569727e-07
945 6.249492368331202e-07
946 6.36243342033876e-07
947 6.942581458485062e-07
948 5.753025760357157e-07
949 6.567791479487476e-07
950 6.272452585905075e-07
951 5.619378709525211e-07
952 8.354347708558875e-07
953 7.312401997691853e-07
954 6.572273136422944e-07
955 4.4789054845009107e-07
956 6.217413007257219e-07
957 5.598194901019133e-07
958 6.462831928259546e-07
959 6.719152897963785e-07
960 5.615612500027144e-07
961 5.897065083070716e-07
962 7.443133899929961e-07
963 7.540022139615402e-07
964 5.667792880415967e-07
965 7.276031382040422e-07
966 7.362304841441767e-07
967 5.811794550971579e-07
968 6.489443621821752e-07
969 7.696049907896364e-07
970 6.62873696853656e-07
971 7.757293411720518e-07
972 6.325602527143475e-07
973 6.11473222739464e-07
974 6.358215162526629e-07
975 7.143862202341291e-07
976 6.609387617936561e-07
977 6.834771992021981e-07
978 6.610567608148992e-07
979 5.66462920960842e-07
980 8.509832592448214e-07
981 6.677462219720062e-07
982 6.855303929496547e-07
983 7.097720568759863e-07
984 6.448057943482069e-07
985 8.194624117872086e-07
986 6.16740070726212e-07
987 6.433466576070642e-07
988 6.681228754908362e-07
989 5.451787171933724e-07
990 7.087678745158286e-07
991 7.275727464018703e-07
992 5.807330714341121e-07
993 6.146615587982501e-07
994 6.596005331053724e-07
995 7.333118889247146e-07
996 5.773704446615921e-07
997 6.293714572610917e-07
998 7.775543366154243e-07
999 5.823249707916657e-07
