0 7.91384497422242e-08
1 1.1944929682375327e-07
2 1.1103664803786373e-07
3 8.18468400465336e-08
4 1.2176039732346784e-07
5 8.29655158547037e-08
6 8.964943598730845e-08
7 8.40565738461905e-08
8 1.0541606518652594e-07
9 1.1256647325296794e-07
10 8.834335443019987e-08
11 9.323034667946916e-08
12 1.0784803280313945e-07
13 8.109635057508354e-08
14 1.1525843304438059e-07
15 7.861755410424566e-08
16 8.415892645765185e-08
17 1.245254839774514e-07
18 1.0741061077471723e-07
19 1.0366449326538174e-07
20 1.034622157852324e-07
21 8.98765181762049e-08
22 7.67905592644018e-08
23 9.784049002139973e-08
24 9.200028867854767e-08
25 7.257083694618812e-08
26 1.1875077322704823e-07
27 1.0595111335316069e-07
28 9.781116149455267e-08
29 9.369657704106778e-08
30 4.709104698125607e-08
31 8.798896683024641e-08
32 1.5381267582016235e-07
33 1.1387197699894148e-07
34 1.0657792567613637e-07
35 1.3274791438722733e-07
36 8.685431302062928e-08
37 7.42539874468115e-08
38 7.680464439795103e-08
39 1.0717191633342715e-07
40 7.113838820090079e-08
41 1.1911546163162913e-07
42 1.076172669946178e-07
43 1.1123414180633469e-07
44 1.2129111316386843e-07
45 1.0113085336716334e-07
46 7.10604817974692e-08
47 7.186245549579878e-08
48 7.471954527971285e-08
49 6.666299067468186e-08
50 7.728123881514975e-08
51 7.949517924012806e-08
52 1.0952363879693266e-07
53 9.394060076550084e-08
54 7.717249405926416e-08
55 1.0386218153732696e-07
56 1.0522178482984554e-07
57 9.07108657336594e-08
58 1.138170970697562e-07
59 9.198588706823117e-08
60 7.100601213941373e-08
61 9.006500393727045e-08
62 9.525656196286597e-08
63 1.080873224789608e-07
64 9.285861083931957e-08
65 8.498962342817785e-08
66 5.579672996587352e-08
67 8.238648751618368e-08
68 1.0501796314797871e-07
69 8.69726251073729e-08
70 1.0937601227052507e-07
71 9.92008673046231e-08
72 9.870479492600316e-08
73 8.327347914895732e-08
74 9.478232573961201e-08
75 7.446177378452663e-08
76 1.3478263063988334e-07
77 9.55604335564148e-08
78 9.905971019577054e-08
79 1.0645275375762082e-07
80 7.545752997821532e-08
81 1.0773015987072134e-07
82 9.509966993671733e-08
83 1.0220021747205061e-07
84 8.230757780528637e-08
85 9.451885009462336e-08
86 1.184392145204029e-07
87 1.490601315341493e-07
88 1.0268956435527697e-07
89 1.3466045681738865e-07
90 1.0079167932051487e-07
91 1.1686177352998681e-07
92 1.2595865529858106e-07
93 7.467224676563761e-08
94 7.664321267816086e-08
95 1.0439665318178516e-07
96 1.0196335842120638e-07
97 8.992807029344641e-08
98 1.113685627417419e-07
99 1.0125551418529089e-07
100 7.083255941961909e-08
101 7.200384223688904e-08
102 9.785429440091491e-08
103 1.2099166821168996e-07
104 8.529259183351521e-08
105 9.547095248752905e-08
106 9.669273802291327e-08
107 8.961809327535009e-08
108 8.927594033331144e-08
109 9.00774717591475e-08
110 1.441000769305876e-07
111 1.0445269290859628e-07
112 7.963661550986949e-08
113 1.1662177809441544e-07
114 1.208081119416857e-07
115 1.195286191452562e-07
116 1.1331383339177822e-07
117 8.6576902303273e-08
118 8.118724609427738e-08
119 9.002729363752563e-08
120 1.3247398117117007e-07
121 7.693395711894992e-08
122 1.1872465846480583e-07
123 6.899408172603396e-08
124 9.533198353229128e-08
125 7.726681593702808e-08
126 9.51381927977541e-08
127 9.746916834065978e-08
128 1.1980478986324207e-07
129 9.38226491240806e-08
130 9.409793068412365e-08
131 1.429056049183452e-07
132 1.064504272285756e-07
133 8.91788851491904e-08
134 1.1204452525550151e-07
135 1.1147169310545808e-07
136 8.031621952651919e-08
137 1.0267142600195138e-07
138 1.240782925792625e-07
139 7.57268189216627e-08
140 9.315298675784255e-08
141 1.1046375569979463e-07
142 1.0168623833775642e-07
143 1.0133785798361092e-07
144 7.670253558154095e-08
145 8.838031542589812e-08
146 1.0032985469793578e-07
147 9.311866953670595e-08
148 1.1405996069478521e-07
149 7.153021762449416e-08
150 6.76720283018478e-08
151 9.338147279915234e-08
152 1.1532689007639369e-07
153 9.66434956547589e-08
154 8.737985509273433e-08
155 1.0732331190464133e-07
156 1.0239821279405578e-07
157 9.28636891856572e-08
158 1.1024946182850877e-07
159 8.382305219338559e-08
160 1.0269498136175392e-07
161 1.1048579085021858e-07
162 3.585864638485268e-08
163 8.935731420281603e-08
164 8.923913545908219e-08
165 1.1153478424822949e-07
166 8.022916720650426e-08
167 9.623998011273882e-08
168 8.586306831684662e-08
169 8.986876382653191e-08
170 8.174981083963685e-08
171 1.0106584155438455e-07
172 5.722904233285566e-08
173 1.105703930962528e-07
174 1.0988437541299534e-07
175 7.604003065701068e-08
176 6.91169823925266e-08
177 7.630714879440486e-08
178 9.930302367504704e-08
179 1.0897448174490473e-07
180 1.0237805363873456e-07
181 8.179956912573531e-08
182 8.080082436682335e-08
183 1.2220343950800335e-07
184 8.633279253176021e-08
185 8.966907773413151e-08
186 1.0477505987287807e-07
187 1.083638676009161e-07
188 7.424396831341739e-08
189 8.373882315682521e-08
190 8.380610745813677e-08
191 1.2075879748238892e-07
192 1.139038277883876e-07
193 1.4591643986253497e-07
194 5.683290072538762e-08
195 1.4530129437350317e-07
196 1.1843346041850809e-07
197 1.0261723041498395e-07
198 7.996953746978308e-08
199 1.067275266043688e-07
200 9.149158182368223e-08
201 1.0431605987940301e-07
202 1.0712081248896568e-07
203 8.065432563398856e-08
204 9.363547108803031e-08
205 1.1674746217247468e-07
206 7.101892640388326e-08
207 9.165178040682926e-08
208 8.124120501587044e-08
209 7.929578506962873e-08
210 6.647026569501786e-08
211 9.459799341119099e-08
212 8.904034185656943e-08
213 4.9280249621287925e-08
214 8.018630530549897e-08
215 8.214665610608588e-08
216 1.1742745467771842e-07
217 1.2790088260081452e-07
218 1.0346296007743739e-07
219 6.501199390410148e-08
220 6.922302996198697e-08
221 8.117303920217662e-08
222 1.2383580712053124e-07
223 1.1808377556255256e-07
224 7.22676875452398e-08
225 1.121454705664406e-07
226 1.0425235341508157e-07
227 1.2434102822585658e-07
228 1.0322999143084867e-07
229 9.178638671890322e-08
230 7.54285656998262e-08
231 9.897071694084847e-08
232 7.252965611570866e-08
233 7.122127708181005e-08
234 1.1359262736760472e-07
235 9.913026140587488e-08
236 1.0246951212184421e-07
237 9.590738262074637e-08
238 1.0037427793498497e-07
239 8.067764578353802e-08
240 6.342744846618064e-08
241 1.2677169652219862e-07
242 8.709823881808527e-08
243 1.0987019095958599e-07
244 1.1317298551131654e-07
245 1.1673369925617005e-07
246 8.145971833148131e-08
247 1.2378948088922773e-07
248 9.424672373147469e-08
249 9.234575329627263e-08
250 9.689966967014231e-08
251 7.311924271949242e-08
252 7.161171601936382e-08
253 1.2141704233483422e-07
254 8.643015688451967e-08
255 9.541404735480946e-08
256 8.720565817198076e-08
257 9.993684707234097e-08
258 1.280927833085178e-07
259 1.3375918849488548e-07
260 9.522925804973373e-08
261 1.2035110787417951e-07
262 1.0074597407964536e-07
263 6.332433989713095e-08
264 6.784674874765887e-08
265 1.1280086879539105e-07
266 7.930363145970657e-08
267 1.1163223091621683e-07
268 1.1515750284282035e-07
269 1.1557950091978465e-07
270 1.1298068711505699e-07
271 1.0349276924138722e-07
272 1.605410515080166e-07
273 8.684907789987258e-08
274 1.5156383560956343e-07
275 1.215123243701364e-07
276 1.2755306255842584e-07
277 1.1405529119637094e-07
278 9.62394277774136e-08
279 1.031364629204609e-07
280 1.0798667731781026e-07
281 1.259252371715805e-07
282 9.397913697012969e-08
283 1.1988552338906564e-07
284 9.69022308471002e-08
285 7.16307033360686e-08
286 1.1304057299489542e-07
287 9.078296432945061e-08
288 1.0127004558544698e-07
289 5.903433398435182e-08
290 6.88144054241427e-08
291 8.962650832844547e-08
292 7.047427804686256e-08
293 7.861686040652525e-08
294 9.610734516814842e-08
295 8.276525430672274e-08
296 1.0378481998814313e-07
297 1.0664407163728979e-07
298 1.0027253760944648e-07
299 1.0159293196248036e-07
300 6.618056232265304e-08
301 1.25267993619046e-07
302 1.085748390854389e-07
303 7.543819928392876e-08
304 1.0942780129536436e-07
305 1.1720176897549883e-07
306 9.955895969584117e-08
307 1.0746631253392198e-07
308 8.607455802857045e-08
309 7.987403818680886e-08
310 1.1178704154042139e-07
311 9.52791605597334e-08
312 1.0632479241908318e-07
313 1.0008676455526214e-07
314 1.2550930552182887e-07
315 1.0429180906038853e-07
316 8.595525220649465e-08
317 7.526009873607964e-08
318 5.725798925385715e-08
319 8.39372679080146e-08
320 1.0271963188724858e-07
321 8.106181004145337e-08
322 7.602660303600752e-08
323 8.495680442857869e-08
324 7.569511562409512e-08
325 9.721699736326894e-08
326 5.947893655383376e-08
327 9.75217287671863e-08
328 1.3219750577644795e-07
329 9.458845807969697e-08
330 6.57887581637034e-08
331 7.850340016542435e-08
332 7.81882992480727e-08
333 9.151251757685797e-08
334 9.044668743747116e-08
335 1.0495926876490696e-07
336 8.715626075219758e-08
337 1.0001577056400988e-07
338 6.780794275507265e-08
339 1.0675893376090355e-07
340 8.557882398602652e-08
341 7.214814072440417e-08
342 9.313890469011236e-08
343 1.1521618279101576e-07
344 9.823731241344292e-08
345 1.3813998947450813e-07
346 1.1224264334306361e-07
347 6.566516721807468e-08
348 1.0394503275059183e-07
349 1.0246178970914655e-07
350 9.330248109481768e-08
351 9.716131788693671e-08
352 8.822130859544747e-08
353 1.078711240156308e-07
354 9.435461430109756e-08
355 9.949446577147481e-08
356 9.76353874565437e-08
357 1.0339118251141335e-07
358 6.046388990660907e-08
359 1.1251087656128361e-07
360 9.309739275366777e-08
361 7.865239563937582e-08
362 9.25195847215813e-08
363 1.0280491964319149e-07
364 8.599549604843719e-08
365 9.851959889718267e-08
366 1.1357974369712566e-07
367 8.514489197032548e-08
368 1.2734637373278216e-07
369 9.575396406930724e-08
370 9.689569288720303e-08
371 5.472343321297642e-08
372 1.1324595223902053e-07
373 1.0809051393772374e-07
374 8.146620209765157e-08
375 7.246481378464757e-08
376 1.1214470650634077e-07
377 7.948093258360152e-08
378 7.794216250881694e-08
379 9.458670509426806e-08
380 7.705283721969574e-08
381 9.624818221514888e-08
382 1.0614905576235082e-07
383 8.535826509799271e-08
384 9.024906488018176e-08
385 1.0493891902453952e-07
386 8.862034662584541e-08
387 9.920987595304028e-08
388 1.0976076505729052e-07
389 1.0910876197884151e-07
390 9.090019189022001e-08
391 8.585601515523422e-08
392 7.32753320351499e-08
393 9.694485013001965e-08
394 9.103563390327858e-08
395 1.5633459674327037e-07
396 1.034022329485456e-07
397 8.578306192979068e-08
398 9.867404241324864e-08
399 1.077880836926895e-07
400 6.734138721587313e-08
401 9.16703182507559e-08
402 1.0052484480826614e-07
403 5.8967800428492704e-08
404 6.000516887636886e-08
405 8.251688667966877e-08
406 8.969401181170774e-08
407 1.0143450687489423e-07
408 8.614576309386984e-08
409 1.0429221528358168e-07
410 9.020626944169158e-08
411 1.252646657264718e-07
412 8.517191212155938e-08
413 6.303939172259836e-08
414 9.067044827505922e-08
415 8.117468418650348e-08
416 8.030928563882199e-08
417 1.2349710124827757e-07
418 4.1141962005454085e-08
419 7.560858992054048e-08
420 7.918357562859058e-08
421 1.0039562558200655e-07
422 6.870493981912728e-08
423 9.551636540671916e-08
424 1.0020356277708473e-07
425 8.363687424010191e-08
426 1.0995843528501051e-07
427 8.981945741627387e-08
428 1.1003216217701672e-07
429 6.953303184117373e-08
430 8.902606019871798e-08
431 1.0474072194178591e-07
432 1.1266738410327608e-07
433 9.069243749131376e-08
434 1.1869324255261735e-07
435 1.1106609232348088e-07
436 8.11065136966098e-08
437 8.50708586968644e-08
438 9.317953470657427e-08
439 1.3067573318085303e-07
440 1.0299515863205667e-07
441 9.452175621863737e-08
442 9.319765713443661e-08
443 8.676904925964832e-08
444 8.28716538040804e-08
445 7.449755476454411e-08
446 7.213526224968525e-08
447 1.2647800927555296e-07
448 7.938374139164952e-08
449 1.1400353771391359e-07
450 9.749228188214331e-08
451 7.748377505766206e-08
452 7.268007770577528e-08
453 1.1064684559869159e-07
454 1.0376379760410805e-07
455 7.235189843487623e-08
456 1.1024233752983631e-07
457 8.4395128567648e-08
458 9.461958162806521e-08
459 8.22273702775255e-08
460 1.1429021255094872e-07
461 6.638227897217702e-08
462 9.283662467307546e-08
463 7.722349671824637e-08
464 1.4012769937428437e-07
465 1.2252749416725575e-07
466 7.955360969826194e-08
467 8.844935258460645e-08
468 9.837031836974228e-08
469 1.0465968088037186e-07
470 1.0781333537128613e-07
471 7.941290966250616e-08
472 1.1585267179659401e-07
473 8.031048840467914e-08
474 6.521612125223264e-08
475 7.336900158604444e-08
476 6.137334448988265e-08
477 1.1684860185365298e-07
478 9.160500339215524e-08
479 9.203716466583352e-08
480 1.221095696673365e-07
481 7.634552878511368e-08
482 1.0819371550596803e-07
483 6.923743834006778e-08
484 9.644387402925904e-08
485 1.156160639294044e-07
486 1.0478181365732569e-07
487 8.428625461377562e-08
488 1.1917572888508295e-07
489 1.030849572867682e-07
490 1.245441182515549e-07
491 9.530851511137567e-08
492 9.549676721926738e-08
493 9.696749810004423e-08
494 7.404756477797372e-08
495 7.581086595833053e-08
496 1.1784815418580357e-07
497 1.0904510246245688e-07
498 1.146600555725943e-07
499 8.834772307971605e-08
500 1.1073249669034092e-07
501 1.0283428094347529e-07
502 7.942812259286214e-08
503 1.0174844734094839e-07
504 4.30622433406883e-08
505 1.0408777631614079e-07
506 9.690905358954615e-08
507 1.2098389824847436e-07
508 9.625434836658715e-08
509 8.274210724830173e-08
510 7.315842694399537e-08
511 8.72903243496463e-08
512 8.481595775037563e-08
513 8.06175766683187e-08
514 1.0438548060167572e-07
515 9.742819865085038e-08
516 1.1427694628163131e-07
517 1.130199996530779e-07
518 9.796736156565545e-08
519 3.4417975380122625e-08
520 1.212624694369904e-07
521 8.975363648310237e-08
522 8.67832220973137e-08
523 1.042591673131177e-07
524 7.688889625006524e-08
525 8.282803837998953e-08
526 1.0331639271984046e-07
527 1.0857313286353474e-07
528 7.486640005406974e-08
529 8.724503592456105e-08
530 8.856363097854736e-08
531 8.068785759257639e-08
532 6.579419181634058e-08
533 1.1916249581703925e-07
534 8.907735981125759e-08
535 1.2179921604569915e-07
536 1.1204760884954634e-07
537 8.688083800097559e-08
538 9.526536829033187e-08
539 8.457096227319227e-08
540 1.2044356783486858e-07
541 7.064828906912662e-08
542 1.0971041265874311e-07
543 9.743060909299866e-08
544 9.907525880895534e-08
545 8.140404035753637e-08
546 8.674685659192171e-08
547 7.61621888793627e-08
548 7.813939895939975e-08
549 1.162719343209486e-07
550 1.366418442266009e-07
551 9.661704954000554e-08
552 9.577139353900253e-08
553 1.0295537088819945e-07
554 9.10781883089989e-08
555 8.218033717725232e-08
556 6.790556043332182e-08
557 8.9072410185086e-08
558 8.979350792461005e-08
559 9.656292181281928e-08
560 1.3551965810169048e-07
561 8.913803847802196e-08
562 8.537047137873005e-08
563 1.1074848824411756e-07
564 6.937689719619772e-08
565 8.520946318782748e-08
566 1.3157952273909197e-07
567 6.816941682395297e-08
568 8.686461730501657e-08
569 1.1215452364923285e-07
570 8.629595180846901e-08
571 1.0592057003339249e-07
572 8.532592896779823e-08
573 1.0836888136511126e-07
574 7.588619377689962e-08
575 1.057574548268359e-07
576 1.0414443391677296e-07
577 1.1408449558056297e-07
578 1.1587484466392769e-07
579 9.665925171633174e-08
580 1.2068251813244024e-07
581 9.604906999889182e-08
582 9.166496375393899e-08
583 9.469112878218764e-08
584 7.084230121707277e-08
585 1.1476200143104915e-07
586 1.0669373364778098e-07
587 1.2829704931603868e-07
588 9.183589056319329e-08
589 9.161680680902919e-08
590 9.389938517206043e-08
591 7.839805216009071e-08
592 1.1364207644792679e-07
593 7.382743061751522e-08
594 8.462128056091895e-08
595 8.976270200555483e-08
596 6.997342701422826e-08
597 1.033135630804773e-07
598 1.2462230070830816e-07
599 1.1893642141575166e-07
600 1.110867850241042e-07
601 8.57628878875143e-08
602 8.193433048836093e-08
603 8.008487553226088e-08
604 8.350717838658108e-08
605 8.025957248781248e-08
606 9.695701382857673e-08
607 9.505793112825249e-08
608 9.6954058252022e-08
609 9.031545949318329e-08
610 1.1864361621186377e-07
611 9.256066360462544e-08
612 9.225956575565308e-08
613 9.693065979899798e-08
614 1.0056825011936143e-07
615 8.343864299297309e-08
616 9.689472008949243e-08
617 9.91977954501555e-08
618 9.914643791462852e-08
619 6.418961727130297e-08
620 7.852245831853653e-08
621 1.13196931987613e-07
622 1.0012053982052098e-07
623 9.422263287618254e-08
624 7.523914083139802e-08
625 1.1716868346084692e-07
626 1.026624927663132e-07
627 1.2389557496007934e-07
628 9.059305812620461e-08
629 1.1671162141245892e-07
630 1.0650987840518169e-07
631 8.774938366440411e-08
632 1.0881235896931002e-07
633 1.1892085015726318e-07
634 1.0559657065305535e-07
635 1.3010828420938987e-07
636 1.119551553591258e-07
637 5.494082548235184e-08
638 9.913801490172299e-08
639 9.696409319205669e-08
640 1.0452334243811421e-07
641 9.349722165915282e-08
642 9.844568750618809e-08
643 7.213286473525909e-08
644 1.050667736482512e-07
645 1.1352932266544682e-07
646 8.11134594843286e-08
647 1.299402816313297e-07
648 1.0717566929067066e-07
649 9.080637590980016e-08
650 8.019801895341326e-08
651 8.112404886017026e-08
652 1.09278909271461e-07
653 1.0574499589864042e-07
654 8.277111119833049e-08
655 8.39212684661883e-08
656 1.2317883871373192e-07
657 1.1253129251285625e-07
658 9.743213271289505e-08
659 1.248170890610363e-07
660 1.2346257093012672e-07
661 7.826738336723061e-08
662 1.3338992101179367e-07
663 1.1799166333590906e-07
664 8.921150185987301e-08
665 8.597658684189374e-08
666 8.902674027955286e-08
667 8.817014005702533e-08
668 7.099756273110232e-08
669 1.0316461100962007e-07
670 8.205142010536358e-08
671 1.0382210193366418e-07
672 7.599003301964716e-08
673 9.284629334909522e-08
674 1.0250294044140203e-07
675 1.0703123304631902e-07
676 1.2362509906860375e-07
677 1.1948497541048773e-07
678 8.794050168196389e-08
679 4.907850572143143e-08
680 1.0140345399092963e-07
681 6.975301867568761e-08
682 8.172534528612248e-08
683 1.0706269645772195e-07
684 6.841911327450947e-08
685 7.760441421513703e-08
686 9.941440653028161e-08
687 9.133815792854782e-08
688 1.1737051432284204e-07
689 1.2840685873173885e-07
690 9.042291318158821e-08
691 1.1292081626269332e-07
692 1.0252887060372612e-07
693 1.1487548329065116e-07
694 9.649336169978375e-08
695 9.559023368191655e-08
696 1.0100509968740063e-07
697 8.554883091627694e-08
698 1.1040101627225589e-07
699 8.032009216235576e-08
700 9.562261802131291e-08
701 9.479989808320151e-08
702 8.905356118400865e-08
703 8.669863279589893e-08
704 7.454452907773218e-08
705 9.271948149119487e-08
706 7.124896586352658e-08
707 1.1617263518216804e-07
708 8.558938950626562e-08
709 7.321354282075754e-08
710 1.2455893488153829e-07
711 9.063106075402334e-08
712 8.101911716649852e-08
713 1.2077502978566535e-07
714 9.328136535301617e-08
715 1.0672112672574956e-07
716 1.2959817221777742e-07
717 9.77281971970754e-08
718 6.354609543973968e-08
719 1.0762319162566954e-07
720 9.50043610356183e-08
721 1.1398833711412814e-07
722 1.0656643178405925e-07
723 7.435273118277542e-08
724 1.0357430549300246e-07
725 1.2152477539612036e-07
726 7.126344636622966e-08
727 6.372967817228526e-08
728 8.686980808570719e-08
729 7.509963049053273e-08
730 1.0591332266715831e-07
731 1.1537709055434611e-07
732 9.412298796637875e-08
733 7.283710507155748e-08
734 1.0151876004386536e-07
735 1.0498253373615246e-07
736 5.998300639091486e-08
737 9.257664921140234e-08
738 1.0574993321826034e-07
739 7.409837002210925e-08
740 8.74377899078235e-08
741 9.530475279473286e-08
742 7.786424320863238e-08
743 1.0803332837654442e-07
744 1.2944274356432201e-07
745 8.49457742292712e-08
746 7.730064224414909e-08
747 6.594521256400279e-08
748 8.626159463585053e-08
749 1.3071080643749895e-07
750 1.2088210800279302e-07
751 9.304402835415183e-08
752 9.490434058955689e-08
753 1.1799068504712618e-07
754 6.483510864414891e-08
755 1.1047419699110555e-07
756 1.328696670323598e-07
757 1.17059099136616e-07
758 8.332212861627794e-08
759 1.249182318192911e-07
760 8.761552066528776e-08
761 1.1779421072906185e-07
762 9.146522221288367e-08
763 9.280955650302043e-08
764 1.2022082599013467e-07
765 6.497910425688706e-08
766 1.0484222836114679e-07
767 8.879738964989073e-08
768 7.112945520180533e-08
769 1.2640829041657758e-07
770 1.0203323777007398e-07
771 9.520631715769984e-08
772 9.630975853347406e-08
773 5.0517064987979536e-08
774 8.738044540062915e-08
775 8.277881683856727e-08
776 9.593192479080873e-08
777 1.1013313817764045e-07
778 8.163562925302503e-08
779 8.517872829882376e-08
780 8.277565546229722e-08
781 8.852887105854283e-08
782 5.882078695044567e-08
783 8.322430310141194e-08
784 1.0712537029293807e-07
785 7.086646182744123e-08
786 7.815238684152613e-08
787 1.0658075159969449e-07
788 1.1823589087210164e-07
789 8.528016470183085e-08
790 9.55737752779289e-08
791 1.0268469188559594e-07
792 1.1462023339405626e-07
793 1.0560192870692562e-07
794 9.991185176530444e-08
795 9.065034572853484e-08
796 1.112640964914474e-07
797 8.721331015751173e-08
798 7.19304901681553e-08
799 8.461186233357834e-08
800 1.3012925515267966e-07
801 1.2847056828348386e-07
802 1.0472189067983206e-07
803 7.766085322842849e-08
804 1.0473647151382271e-07
805 1.0522681126958325e-07
806 1.0555037312089294e-07
807 8.895083741417617e-08
808 9.566720377114061e-08
809 1.2739471028000042e-07
810 1.0602639465169705e-07
811 9.76165333279657e-08
812 1.0555417998887773e-07
813 7.760165323621897e-08
814 8.860863999518684e-08
815 1.0289887506932738e-07
816 6.777223432232588e-08
817 1.3018428363257195e-07
818 9.075263125008653e-08
819 5.757116104969106e-08
820 1.0914767853647859e-07
821 6.722822780721969e-08
822 8.453081706034165e-08
823 7.078115283549604e-08
824 1.4865488248298605e-07
825 9.714796710588929e-08
826 9.007182318544568e-08
827 7.16573804187686e-08
828 7.05540879788152e-08
829 9.965421649847885e-08
830 7.864639542148594e-08
831 6.38564231864262e-08
832 1.4370374550458724e-07
833 8.784532835268979e-08
834 8.044871351525439e-08
835 8.380674058355473e-08
836 7.714046188345929e-08
837 7.168439511585003e-08
838 8.934463411608819e-08
839 9.181948415372186e-08
840 9.026605159919315e-08
841 1.2008451447709725e-07
842 9.375633414468992e-08
843 8.271021222559299e-08
844 9.965039173563836e-08
845 6.836337472548505e-08
846 1.2998889654099272e-07
847 9.253326965074955e-08
848 1.4115789118208863e-07
849 7.593979934285488e-08
850 8.9709982509146e-08
851 7.805171693026589e-08
852 9.863549875492119e-08
853 1.0712630891014431e-07
854 7.820004385734562e-08
855 1.0907701489027086e-07
856 1.0729513512826555e-07
857 1.1381518953565879e-07
858 1.2834819766359304e-07
859 1.1077770695429737e-07
860 1.1281263254755763e-07
861 1.0032159531011822e-07
862 1.2414747419053827e-07
863 8.181345724106233e-08
864 1.2705266642439008e-07
865 7.689626715914312e-08
866 8.475712085927842e-08
867 6.560158801249826e-08
868 1.0989655319138704e-07
869 5.802314642279403e-08
870 8.868356235630907e-08
871 1.0248458952056762e-07
872 9.291153461190043e-08
873 1.258237803115501e-07
874 1.1983782928367957e-07
875 1.0093010689075274e-07
876 9.867833403050641e-08
877 1.0570731666454013e-07
878 9.08054307654147e-08
879 1.0124428427987774e-07
880 1.0401319502020042e-07
881 1.2415080337293062e-07
882 1.1019667163935679e-07
883 1.1100118143505691e-07
884 9.477823593008979e-08
885 1.0475369986242984e-07
886 9.690948072934365e-08
887 1.186313554937684e-07
888 1.282165569833519e-07
889 1.1113153948750422e-07
890 1.0030669921576274e-07
891 7.83721040470784e-08
892 9.300356849660086e-08
893 1.1682472072039778e-07
894 1.2096925032434663e-07
895 1.1125449049313597e-07
896 9.007067123380528e-08
897 9.460088536406285e-08
898 1.0483831038391046e-07
899 7.604812162320339e-08
900 9.44083216912661e-08
901 8.690094709446921e-08
902 1.087505326476128e-07
903 9.278981007193217e-08
904 1.2161780823540524e-07
905 1.2515027908196702e-07
906 1.030062927246733e-07
907 8.048970245683436e-08
908 1.2066929419586558e-07
909 7.718088356562067e-08
910 6.545765876451027e-08
911 1.2119371262486492e-07
912 1.280741032521953e-07
913 8.107512526161397e-08
914 1.093021818865324e-07
915 9.526895263165583e-08
916 1.1271090661673862e-07
917 9.661653681594276e-08
918 9.774544687748997e-08
919 6.983254509838663e-08
920 1.0992878146230655e-07
921 8.826904409443856e-08
922 1.171769364992757e-07
923 8.484933616907457e-08
924 8.308132966684955e-08
925 7.250267707040655e-08
926 8.625897035690582e-08
927 1.0593655623715045e-07
928 6.757817241979411e-08
929 1.245967065056676e-07
930 1.1501212952744917e-07
931 1.1768338912101036e-07
932 1.0209788996111486e-07
933 1.0107982665382332e-07
934 1.4183649794376062e-07
935 6.838403917150548e-08
936 9.835197063574085e-08
937 1.0362181917878461e-07
938 8.257804413816861e-08
939 1.1702664471247189e-07
940 9.474534328496362e-08
941 8.07502325026005e-08
942 7.933404567493007e-08
943 1.4055662145381244e-07
944 1.396452826536615e-07
945 1.064259242689656e-07
946 8.93164987104143e-08
947 1.0178356960949577e-07
948 7.264962322718782e-08
949 1.0092016289733827e-07
950 1.0309477704592889e-07
951 7.361546213372207e-08
952 1.1457310379397596e-07
953 1.1584960680874449e-07
954 9.267971642666825e-08
955 4.454861941715186e-08
956 7.525006712528904e-08
957 8.911273799439725e-08
958 1.0359152791781294e-07
959 9.15537074010596e-08
960 7.395652139474378e-08
961 8.594568069614574e-08
962 1.1561167168652302e-07
963 1.0584896642877557e-07
964 7.20007351627945e-08
965 1.2236883560613602e-07
966 1.1342059667529613e-07
967 8.304129685894885e-08
968 9.166741982056208e-08
969 1.1074989529863289e-07
970 8.682888478546742e-08
971 1.0790228595740934e-07
972 8.70527138276191e-08
973 9.211454948031296e-08
974 8.085010742898238e-08
975 9.696326706299034e-08
976 1.0101521126144255e-07
977 9.275091918389876e-08
978 1.0485195412358983e-07
979 7.366486286969833e-08
980 1.2262714049534456e-07
981 9.8610272345979e-08
982 1.036763973224918e-07
983 1.032808892442925e-07
984 9.898020218957248e-08
985 1.2634380921813232e-07
986 7.679550948067115e-08
987 1.0320268956858058e-07
988 9.530740732477665e-08
989 8.561060039652892e-08
990 1.092714514454067e-07
991 1.235185197160396e-07
992 7.228155174428531e-08
993 8.923017958332834e-08
994 9.682914895041498e-08
995 1.1833381336859354e-07
996 7.547945756895849e-08
997 8.987586559069566e-08
998 1.1368258651779245e-07
999 9.315142728215464e-08
