0 2.428693136367591e-07
1 3.9619005446556026e-07
2 1.9569469325459077e-07
3 4.4809521326175075e-07
4 2.5577298782813353e-07
5 3.234058113004773e-07
6 4.0637267140721014e-07
7 3.000757079437712e-07
8 1.616348096456824e-07
9 3.710363244435843e-07
10 4.774499218203487e-07
11 4.3460752779884363e-07
12 2.8548571892284137e-07
13 4.962871708324928e-07
14 2.8802692310046793e-07
15 2.874079153458225e-07
16 4.2654251278636523e-07
17 2.8967225983190506e-07
18 3.8290996957341264e-07
19 2.896033636918386e-07
20 4.5272307781520916e-07
21 1.9572467615776595e-07
22 3.969479762080545e-07
23 2.671293782422544e-07
24 3.4286064528911654e-07
25 3.8524768389015815e-07
26 4.3392969310801e-07
27 2.8053441316722564e-07
28 2.0294405979522486e-07
29 3.7877035402563144e-07
30 4.84709386190176e-07
31 4.1961846348419085e-07
32 1.5614371353544374e-07
33 3.2979118244096164e-07
34 3.202874549521654e-07
35 9.860877683570076e-08
36 2.521560917154679e-07
37 2.2070796648313185e-07
38 3.3323757179612083e-07
39 2.542258049879232e-07
40 3.4221110105889607e-07
41 3.565182863369176e-07
42 2.8152272876087407e-07
43 3.347735404622934e-07
44 2.892237617790915e-07
45 2.797220835316898e-07
46 4.747599899560213e-07
47 2.975150856125274e-07
48 3.8639495120492625e-07
49 4.882481299388132e-07
50 3.0750020069725053e-07
51 3.5971904384615904e-07
52 3.33615971368789e-07
53 3.093335320364934e-07
54 3.916516851386221e-07
55 2.6479754071255663e-07
56 2.7129572787402896e-07
57 4.1578304931392505e-07
58 4.317065516702749e-07
59 2.0398708716273603e-07
60 3.278052004645043e-07
61 4.019481621826731e-07
62 3.1841533701801373e-07
63 2.0322172432074517e-07
64 3.947411950244785e-07
65 5.015658443007364e-07
66 4.50745615944668e-07
67 3.880247246449422e-07
68 2.496257460240358e-07
69 3.1008779138574746e-07
70 3.5134315074300694e-07
71 3.8136402266354623e-07
72 2.8318699407990235e-07
73 3.6213443960954046e-07
74 3.256914149277191e-07
75 4.231053911709238e-07
76 1.2521834890799899e-07
77 3.5596258851936374e-07
78 1.638006534131348e-07
79 2.574458259613474e-07
80 4.016340999134213e-07
81 2.4418446954877673e-07
82 3.6282045970999296e-07
83 4.573849219224076e-07
84 3.882328426969013e-07
85 1.9619787052124597e-07
86 2.2722933135262224e-07
87 2.499412353895307e-07
88 2.743650821068302e-07
89 1.7626265924169744e-07
90 3.73978719753913e-07
91 1.9544176179802724e-07
92 2.537846819485606e-07
93 4.276850213519345e-07
94 2.0620103697954408e-07
95 2.3413145382956088e-07
96 2.4615529457250507e-07
97 4.5919891566613547e-07
98 2.9405754302007744e-07
99 3.3526200600381956e-07
100 4.2168728941647845e-07
101 2.649313636574791e-07
102 2.9017459004831993e-07
103 3.485654714538208e-07
104 4.16487513904857e-07
105 1.8233126384325404e-07
106 1.5171722777446508e-07
107 4.539401560453092e-07
108 3.467927725754899e-07
109 3.475227300851819e-07
110 1.4039234480677703e-07
111 3.5514750237503616e-07
112 4.528329510301072e-07
113 2.0064973154077952e-07
114 2.239954501101094e-07
115 2.3611813565293578e-07
116 2.717472085425691e-07
117 4.064226352795912e-07
118 3.7923234531651596e-07
119 4.629533596909454e-07
120 2.1751912093839865e-07
121 2.8596096996566703e-07
122 2.016530978948456e-07
123 2.7393419652250815e-07
124 3.821232155663518e-07
125 4.2876398807845494e-07
126 2.6134861738420235e-07
127 2.3210053389521773e-07
128 2.968687030547673e-07
129 2.4971978030379407e-07
130 4.870321493087729e-07
131 8.834609073905733e-08
132 1.7362208133895232e-07
133 3.607317089810765e-07
134 3.5435268384514574e-07
135 2.490477339879761e-07
136 3.4862889971467473e-07
137 3.1653806126472925e-07
138 3.3484439647667987e-07
139 3.781944560408491e-07
140 3.2360578703363085e-07
141 2.889333506012777e-07
142 2.6119482364416183e-07
143 2.6846301554717697e-07
144 5.456189316528871e-07
145 4.1654298076260193e-07
146 2.999694351703239e-07
147 3.8563251687134106e-07
148 2.0857633732641736e-07
149 4.157801017381151e-07
150 5.067634398714486e-07
151 6.479778694986877e-08
152 7.697496918897659e-08
153 3.1992777224998976e-07
154 3.415120165660426e-07
155 1.546880983635236e-07
156 2.327558825115879e-07
157 2.517177185023691e-07
158 2.572022536920702e-07
159 2.96058831784471e-07
160 1.9722716883182283e-07
161 2.7485967858949577e-07
162 4.3941401192266736e-07
163 2.7830987809884863e-07
164 2.8449406753537624e-07
165 3.60975516005274e-07
166 3.1086722989201917e-07
167 1.9619673992050654e-07
168 3.0942266244569756e-07
169 3.7270939342786655e-07
170 4.078742412150607e-07
171 3.2947234742006385e-07
172 3.5028981249469885e-07
173 3.000636300894105e-07
174 2.2404347935721537e-07
175 3.8816709582155045e-07
176 3.876482840649781e-07
177 5.124233767540774e-07
178 4.083501514124132e-07
179 2.535160950536494e-07
180 2.733249359838882e-07
181 4.0078686011835435e-07
182 3.755960717532782e-07
183 2.0918706723464606e-07
184 1.2680968895207958e-07
185 3.874962509090881e-07
186 3.567680445872958e-07
187 1.146908051755664e-07
188 2.6517848466186493e-07
189 2.1519871970168994e-07
190 2.2262062929011368e-07
191 2.4130344305369677e-07
192 1.488233314516569e-07
193 2.0667829500850527e-07
194 5.661129985903271e-07
195 7.804613344946974e-08
196 1.8114093219094056e-07
197 4.240845146841678e-07
198 3.1957357965714093e-07
199 3.763068601543421e-07
200 4.809885056079299e-07
201 2.3978191427491953e-07
202 2.6036437447935566e-07
203 4.174543005049131e-07
204 1.1546057006771036e-07
205 1.9288909561539133e-07
206 3.9485444973161503e-07
207 4.6070606270311724e-07
208 4.922941427324662e-07
209 3.555679641462741e-07
210 3.336246426495557e-07
211 2.4183447337160094e-07
212 3.148812086746324e-07
213 3.4759023826661126e-07
214 1.0727746907571078e-07
215 4.72638642261896e-07
216 2.2931357467252126e-07
217 1.4220173710083797e-07
218 3.3189182216673053e-07
219 4.518440775154408e-07
220 4.4317149050254213e-07
221 4.5808032148922514e-07
222 3.014474608082587e-07
223 3.2171351134602404e-07
224 3.6663272252900603e-07
225 3.0041621481243924e-07
226 2.7635199420792694e-07
227 3.3302687370965924e-07
228 3.3084198573569795e-07
229 3.551623361834353e-07
230 4.4891440696692465e-07
231 2.743620264880189e-07
232 4.6991391947826665e-07
233 4.0880713844725993e-07
234 2.4477093184425693e-07
235 2.3856607491293475e-07
236 3.535359084447946e-07
237 3.625839821141794e-07
238 3.179604569087662e-07
239 3.2062459888490493e-07
240 5.320127307790415e-07
241 2.465959468963544e-07
242 3.435915796927029e-07
243 1.8633654440052035e-07
244 3.12391353091026e-07
245 3.317549397481907e-07
246 3.9621113485793035e-07
247 3.5418274947562597e-07
248 3.336878589984407e-07
249 1.9512086389585796e-07
250 2.320501820128483e-07
251 1.577607658558149e-07
252 4.5033687382175836e-07
253 2.68446196144152e-07
254 3.02363237756142e-07
255 3.2744874770820884e-07
256 4.309559852287004e-07
257 4.09825744090833e-07
258 3.6237263010144966e-07
259 1.4030513328024637e-07
260 3.326163938416053e-07
261 3.688756297282072e-07
262 2.5082663094961386e-07
263 4.3708237144192326e-07
264 4.3119383686917257e-07
265 2.8703871124944616e-07
266 2.6977983277815826e-07
267 1.8204844934668953e-07
268 2.4436904669903855e-07
269 1.6323069004662432e-07
270 3.100106364759001e-07
271 2.817231540002539e-07
272 1.2704109102273287e-07
273 2.94853574093192e-07
274 2.587894541307128e-07
275 1.0703128503337468e-07
276 1.9788694906221034e-07
277 1.5852257381286995e-07
278 3.503764858252933e-07
279 3.2999447117104144e-07
280 3.8980207820409955e-07
281 9.971296763712635e-08
282 2.6313516342915924e-07
283 2.1906085069698137e-07
284 1.8231915493454546e-07
285 4.464574138713394e-07
286 2.208718097734549e-07
287 2.094519017141163e-07
288 3.889315566272958e-07
289 2.862578474722679e-07
290 2.57779704779398e-07
291 1.1717025613158106e-07
292 3.710012470110561e-07
293 3.787494873600649e-07
294 3.1378511007281535e-07
295 4.1944889789803077e-07
296 3.137012650466673e-07
297 3.53363837832176e-07
298 3.155442693149807e-07
299 3.424420821061408e-07
300 4.474624693461916e-07
301 2.0498962862486376e-07
302 3.2514266042085046e-07
303 2.944612748566734e-07
304 2.531271162283346e-07
305 1.4196266177565933e-07
306 2.5679032793642e-07
307 1.6915892809104952e-07
308 2.3133764456687112e-07
309 3.7055464784301e-07
310 3.35754156125251e-07
311 3.246473298294949e-07
312 2.8786619582988123e-07
313 4.472458742465687e-07
314 1.7989584887004995e-07
315 2.112113165460683e-07
316 2.9996970564927023e-07
317 4.0559758543990254e-07
318 4.4219680042395287e-07
319 3.0814638702335417e-07
320 3.4248067399657237e-07
321 3.8452460856370105e-07
322 5.307258273920803e-07
323 2.7117394977313567e-07
324 3.496780717671155e-07
325 2.1570337736156202e-07
326 4.671752464416362e-07
327 3.422437202551126e-07
328 2.389600920382626e-07
329 3.4642150262124006e-07
330 3.669342049523507e-07
331 4.5309103554664853e-07
332 2.762846553126118e-07
333 3.404158554361093e-07
334 5.118174610573856e-07
335 2.0000969442963978e-07
336 4.0156678631530436e-07
337 4.246070466018573e-07
338 3.0175546809726574e-07
339 2.354301021901607e-07
340 3.002580420409628e-07
341 4.855458193996489e-07
342 2.85126775606747e-07
343 1.6929309720377483e-07
344 2.4991831109496776e-07
345 2.7498080849711973e-07
346 3.1638621784456864e-07
347 3.5379151794054596e-07
348 2.2823740306124365e-07
349 2.9696564235756846e-07
350 3.0890866755081103e-07
351 3.366739366220484e-07
352 3.3435912876892444e-07
353 2.4440071201151005e-07
354 3.3976159157290627e-07
355 4.1856269349344824e-07
356 3.4905554782988e-07
357 2.9552859394557293e-07
358 5.265654551710554e-07
359 2.93416371215616e-07
360 5.376189324447836e-07
361 3.4366701018893627e-07
362 4.933618514174872e-07
363 2.953196169208742e-07
364 4.181759346060504e-07
365 3.3052260287227616e-07
366 1.733080212880873e-07
367 2.958121451838637e-07
368 3.14797045626099e-07
369 2.7815403332312746e-07
370 3.611999999110726e-07
371 4.612086097558512e-07
372 3.888263230948896e-07
373 2.2830626533086935e-07
374 3.804043880311384e-07
375 3.2342601102672824e-07
376 2.6625121652637513e-07
377 3.4274237997372754e-07
378 3.7050221930321005e-07
379 2.606607356898505e-07
380 2.989619212793284e-07
381 3.3111533359774784e-07
382 2.742384655706193e-07
383 2.370032690078034e-07
384 3.7118791587628506e-07
385 3.0840443250714453e-07
386 3.1755838385965067e-07
387 1.919942803174865e-07
388 1.5933752567220941e-07
389 1.4255360836077195e-07
390 3.028899491564806e-07
391 4.215072611245262e-07
392 2.1172958118191803e-07
393 3.4901436330926096e-07
394 4.414666947991403e-07
395 2.2663655932893062e-07
396 2.3099422333660337e-07
397 2.997898824404565e-07
398 2.2735675352448637e-07
399 3.295138073537112e-07
400 2.9331149347749607e-07
401 3.5031539958888363e-07
402 3.85395860744073e-07
403 4.206305108283184e-07
404 5.172164681902336e-07
405 3.430534365085129e-07
406 4.552241514588728e-07
407 3.5759809341357066e-07
408 2.3982023093890047e-07
409 2.7236203345397446e-07
410 4.357566385950645e-07
411 1.1627239265807368e-07
412 4.528958124030162e-07
413 3.8628765753119445e-07
414 2.7286423561772803e-07
415 3.336116669215032e-07
416 4.350609039328454e-07
417 1.633343590736543e-07
418 5.452207302971153e-07
419 3.9835848308059305e-07
420 4.2590816664666476e-07
421 2.9762722485328976e-07
422 4.6995813737644804e-07
423 3.6802102497645883e-07
424 3.0776634753627344e-07
425 4.902757896919512e-07
426 4.067737279496011e-07
427 2.667088337956957e-07
428 2.724002728291027e-07
429 3.918035317607455e-07
430 3.543466100703207e-07
431 2.852050003521054e-07
432 2.3252707426754534e-07
433 1.6572824940119214e-07
434 2.5325600288133363e-07
435 3.181547305106832e-07
436 5.994549208887058e-07
437 3.9088029543350514e-07
438 3.2872383717920596e-07
439 2.0095145755029282e-07
440 3.061902388457017e-07
441 4.0917736466848325e-07
442 4.1262895028552963e-07
443 3.9573185884006576e-07
444 4.7286487507219173e-07
445 3.15850430617194e-07
446 3.3097365385030495e-07
447 2.395057543597993e-07
448 1.531505292279796e-07
449 2.2963027169435627e-07
450 3.2371253662995325e-07
451 4.1407037920568935e-07
452 4.105315388538247e-07
453 2.0467756502562543e-07
454 3.124237855446625e-07
455 4.301504856373617e-07
456 2.3066468039797246e-07
457 2.570730344415244e-07
458 2.4729998355167324e-07
459 3.5229377262767954e-07
460 2.6874186139750736e-07
461 3.4521193550251964e-07
462 3.445458213275088e-07
463 5.16909364774341e-07
464 1.8987763731588395e-07
465 3.4435087937651255e-07
466 4.451820593852517e-07
467 2.839789488715258e-07
468 3.540630177011615e-07
469 2.872740849477994e-07
470 4.1241091966093205e-07
471 1.912882999076624e-07
472 1.7444249214121872e-07
473 2.4518477020234005e-07
474 5.368875595606523e-07
475 2.8958487346734474e-07
476 3.220791843696689e-07
477 3.4623639448715983e-07
478 2.559988943545768e-07
479 7.445202175026712e-08
480 3.8660130094226977e-07
481 2.7211320084688936e-07
482 3.846858292044222e-07
483 4.960894560691604e-07
484 3.1780548411247183e-07
485 3.578827545579268e-07
486 1.1689881800817647e-07
487 4.666763817736636e-07
488 2.447651427462197e-07
489 1.810497661376455e-07
490 1.766057706606877e-07
491 3.956918032212054e-07
492 3.029039580357334e-07
493 3.116628676195952e-07
494 4.610468678660101e-07
495 3.59001043001276e-07
496 2.547126981383141e-07
497 2.958446082168161e-07
498 3.2565090217904646e-07
499 2.5885781446214704e-07
500 2.2973653233390267e-07
501 2.5906481481700847e-07
502 3.001003635350652e-07
503 2.0612130751847509e-07
504 5.394487767726317e-07
505 4.055371090172769e-07
506 2.787607788781669e-07
507 2.9865240261322265e-07
508 3.287888600339411e-07
509 4.2335108538134954e-07
510 4.6301635668830087e-07
511 3.244827676611188e-07
512 3.3303665281645194e-07
513 4.1025566669805105e-07
514 1.9035470908676277e-07
515 7.292117985511644e-08
516 4.048615232147067e-07
517 2.985285386530944e-07
518 1.9706640584284592e-07
519 4.653864660360659e-07
520 2.2745177793658178e-07
521 3.0842006100467e-07
522 3.987671417158235e-07
523 2.6546036522721727e-07
524 4.6174170833787107e-07
525 3.887645667369758e-07
526 2.695877957563076e-07
527 3.6711699478870877e-07
528 1.704859911143899e-07
529 3.678250315462817e-07
530 4.189897369456954e-07
531 4.309141129223971e-07
532 4.905553315663097e-07
533 2.6035348052960216e-07
534 5.261518234741347e-07
535 3.0662608179479374e-07
536 3.295381611557259e-07
537 3.434125190932828e-07
538 1.9711596312358963e-07
539 3.662173690414932e-07
540 3.503373647652421e-07
541 2.5940282641101785e-07
542 2.046053764197185e-07
543 3.610375535952737e-07
544 3.152324942730275e-07
545 4.04697351445945e-07
546 3.722733753173274e-07
547 2.0796532161735197e-07
548 4.150220479090464e-07
549 3.359479613054112e-07
550 1.174540818471188e-07
551 4.1274046004487263e-07
552 3.513627119354811e-07
553 3.8071050129671404e-07
554 2.0106134686963908e-07
555 3.716174037971843e-07
556 4.1139534835370164e-07
557 3.4204715765880744e-07
558 2.4976279746966396e-07
559 2.8053641868470853e-07
560 1.212740223183654e-07
561 4.2040166689495123e-07
562 2.109269344329299e-07
563 2.29885663768826e-07
564 3.9789932994003207e-07
565 3.978017971418615e-07
566 3.428615102338775e-07
567 3.778826503772016e-07
568 2.0449354402085736e-07
569 1.2992473061639093e-07
570 3.1595680275797085e-07
571 2.893875348200677e-07
572 2.905503285463969e-07
573 3.833394591873484e-07
574 3.860211391693496e-07
575 3.2368343928471136e-07
576 4.4976390957339553e-07
577 3.6424513302216984e-07
578 1.6455161361988e-07
579 2.4792796287090794e-07
580 2.1860915445300465e-07
581 2.1207003174695542e-07
582 3.7071909234474385e-07
583 3.4957384771021156e-07
584 5.433312098941898e-07
585 3.627477677491541e-07
586 3.1032537869134375e-07
587 2.1343475925882273e-07
588 3.335441139617253e-07
589 3.174864747494659e-07
590 5.660676642365838e-07
591 3.043138447390791e-07
592 2.930878965049653e-07
593 3.2123151504451414e-07
594 3.034951795451472e-07
595 4.885616931816546e-07
596 4.133299485720781e-07
597 3.87198282771791e-07
598 3.1388545128137903e-07
599 2.3829229062409154e-07
600 3.249722544307077e-07
601 4.3553748808907964e-07
602 3.94482915729027e-07
603 4.5253275891612187e-07
604 2.8592899312442466e-07
605 5.213201864187562e-07
606 2.5410479366232524e-07
607 4.310176992057917e-07
608 2.3699250194845416e-07
609 3.4214573088803003e-07
610 2.958554835949203e-07
611 3.3700228877284774e-07
612 4.980667355699618e-07
613 3.0457136955064375e-07
614 3.5185945931946607e-07
615 3.2337325057959505e-07
616 2.7155940310194283e-07
617 2.905199141335065e-07
618 3.147842836726069e-07
619 4.485591889602529e-07
620 3.7655098786114404e-07
621 3.1202378408410616e-07
622 2.6183071249429963e-07
623 4.417352502438883e-07
624 1.9961852996814902e-07
625 2.2029656217507065e-07
626 2.950346318370895e-07
627 2.0197236270992126e-07
628 3.0854909224618487e-07
629 2.0680783273834658e-07
630 3.8066147204057363e-07
631 2.4503824880292823e-07
632 1.8754301245725148e-07
633 4.004304717855556e-07
634 2.1566084374786042e-07
635 4.0744173827892637e-07
636 3.516522122048355e-07
637 3.8594232023706507e-07
638 2.943946587465794e-07
639 2.915728796538992e-07
640 3.6064120789401963e-07
641 2.15915984152001e-07
642 3.225500854203092e-07
643 2.6976147869918225e-07
644 2.6409576519078256e-07
645 1.869306030906572e-07
646 3.460327364821746e-07
647 2.4510079936165033e-07
648 2.59517241254196e-07
649 2.2134095494643212e-07
650 3.630727565268665e-07
651 2.3579952895005864e-07
652 2.3835002949255597e-07
653 3.000756054766447e-07
654 4.2410574588915523e-07
655 3.761247308350285e-07
656 1.771659991392513e-07
657 1.250676277548572e-07
658 2.45898410752146e-07
659 8.105194311710897e-08
660 2.468791668173885e-07
661 2.387565293119861e-07
662 1.8951704574525987e-07
663 3.6961002606911215e-07
664 3.68095031650725e-07
665 3.901926773575659e-07
666 3.988974690532846e-07
667 2.6678281267258836e-07
668 4.4487261094068115e-07
669 3.153479534468093e-07
670 2.6857038192434856e-07
671 2.183076570795451e-07
672 3.340787122204628e-07
673 3.688212582857683e-07
674 2.4876586274323837e-07
675 3.6477448471378356e-07
676 2.7861312386355404e-07
677 4.4046919167415146e-07
678 4.146074207489448e-07
679 4.0496135606428667e-07
680 3.6257410947221094e-07
681 3.915525007651953e-07
682 4.947344387457484e-07
683 3.2854702012534516e-07
684 4.985523643906712e-07
685 4.1820770421123913e-07
686 3.3072544937113157e-07
687 3.951271187414989e-07
688 2.33922566146865e-07
689 2.542834275342092e-07
690 1.923511305852685e-07
691 2.1663910353963142e-07
692 4.000757622451542e-07
693 2.4534539334216195e-07
694 3.966443148202719e-07
695 2.979370292564404e-07
696 3.0698800182132394e-07
697 4.4717781830793447e-07
698 2.9572113369297754e-07
699 2.989914017305151e-07
700 2.1552285616734602e-07
701 2.9615851469546364e-07
702 2.4523934547953314e-07
703 2.73477483359186e-07
704 2.795114692244877e-07
705 3.76427559896652e-07
706 2.644958226552207e-07
707 2.9788375916440464e-07
708 1.6190872644782972e-07
709 4.4766657271225194e-07
710 2.1740652986167478e-07
711 2.3312474277153998e-07
712 4.968797242389506e-07
713 4.3410853784159115e-08
714 3.3410581384823724e-07
715 2.1929968641041574e-07
716 2.4161281730417187e-07
717 3.43805688163829e-07
718 3.8276029489348754e-07
719 3.6648079594188884e-07
720 3.0241024594883186e-07
721 2.3544928542223937e-07
722 4.233775340686736e-07
723 4.036654930922729e-07
724 4.1584252362664624e-07
725 3.7853331044939405e-07
726 4.1753224013749323e-07
727 3.8441759033819415e-07
728 3.518696194804815e-07
729 4.434504635748033e-07
730 2.3267054711811883e-07
731 1.0437624554030474e-07
732 2.626115971441999e-07
733 4.3135539078369105e-07
734 3.17456454965684e-07
735 3.7021536425172306e-07
736 4.833910799970699e-07
737 3.6278664504991664e-07
738 2.5336417434711367e-07
739 4.3233414313473706e-07
740 3.520908081255146e-07
741 4.738694994655344e-07
742 3.7733841204263045e-07
743 2.593526859541802e-07
744 3.2747235592019407e-07
745 5.61916379988594e-07
746 3.32129664534043e-07
747 3.827285491225031e-07
748 4.0453189207705884e-07
749 1.6213918542608722e-07
750 9.943085808875435e-08
751 2.424372072783615e-07
752 3.2797525070929213e-07
753 2.2892270197978415e-07
754 3.6479218527946207e-07
755 3.134897995871093e-07
756 2.3402272303961004e-07
757 3.0506923989134734e-07
758 4.639595952508825e-07
759 3.4383872863300697e-07
760 2.839636787738092e-07
761 2.23511813142171e-07
762 4.5381284345679587e-07
763 2.768253433164184e-07
764 4.459436636791844e-07
765 3.0309885071102097e-07
766 2.771337229883961e-07
767 3.6663173084296065e-07
768 2.3050944287919172e-07
769 3.6580304749740093e-07
770 4.758440535816571e-07
771 3.2176386536684577e-07
772 4.534182772379147e-07
773 6.261953761816523e-07
774 3.0402566327070696e-07
775 3.0993251029641354e-07
776 3.118993317729744e-07
777 3.4618877052339594e-07
778 4.0882617586846885e-07
779 2.8856579022626915e-07
780 3.079288069420529e-07
781 3.2189057954010464e-07
782 3.5529713203400703e-07
783 3.270306638829965e-07
784 2.8830392444533737e-07
785 2.9313969144231116e-07
786 2.929589017078782e-07
787 3.7505442255695573e-07
788 2.542880221028998e-07
789 3.9689748104277276e-07
790 4.446327833433191e-07
791 2.849004498756234e-07
792 2.1310144407791437e-07
793 3.529941681363332e-07
794 2.967562366638286e-07
795 1.8751820774515763e-07
796 2.7160826468057365e-07
797 4.6840059691121806e-07
798 4.172736318663014e-07
799 2.68660069019652e-07
800 1.3155569968752347e-07
801 2.0685285872898003e-07
802 4.2238046104214093e-07
803 4.192036477277086e-07
804 4.116165185409745e-07
805 3.0185450560534496e-07
806 2.730571837940122e-07
807 3.0919749589833753e-07
808 3.6423997685737025e-07
809 1.7085604200262008e-07
810 3.5433717940532953e-07
811 2.7404055469815254e-07
812 2.4313520362758265e-07
813 2.874252230435614e-07
814 2.46069675546992e-07
815 3.974919997027044e-07
816 4.959855314074638e-07
817 2.8498683162030934e-07
818 2.1355268157626975e-07
819 4.274793867720503e-07
820 2.1932039071008333e-07
821 3.993879264411944e-07
822 3.914801410460672e-07
823 2.8908717250491545e-07
824 2.801932909272038e-07
825 2.514550307846553e-07
826 3.81004441198578e-07
827 4.2672533648226634e-07
828 1.7985016811742371e-07
829 2.8762016733699296e-07
830 3.5326054107123736e-07
831 4.139005174545963e-07
832 1.8646930305701814e-07
833 3.25108316747386e-07
834 3.60926283762786e-07
835 3.992288717624707e-07
836 4.6247599961447925e-07
837 3.927876809486348e-07
838 3.49682288774309e-07
839 3.424316784697498e-07
840 2.1065532555707866e-07
841 9.481480002408272e-08
842 1.84724149750401e-07
843 4.056956563880516e-07
844 1.6958351160143256e-07
845 4.352863928651906e-07
846 1.846482608415449e-07
847 3.009957786743875e-07
848 1.3240903084402204e-07
849 3.3352283269301667e-07
850 3.9331598163238083e-07
851 2.345244656801186e-07
852 3.6069545950581376e-07
853 1.6252117770599837e-07
854 2.4766416950317735e-07
855 2.0414277293092687e-07
856 3.897091241477257e-07
857 4.0106575066401345e-07
858 1.1882189916119815e-07
859 3.3265837899142243e-07
860 1.9270331685533605e-07
861 1.8393356679470854e-07
862 2.584926764602429e-07
863 4.117974155593285e-07
864 3.244800381839374e-07
865 3.254811227221991e-07
866 4.3047671955287634e-07
867 3.3822247916496873e-07
868 1.8895562305102452e-07
869 4.862062164785022e-07
870 3.835314064252319e-07
871 2.2155389463322813e-07
872 1.318641861694741e-07
873 2.8672575073247255e-07
874 3.297285635519252e-07
875 3.7562869377078135e-07
876 2.6963683281120125e-07
877 2.4111499793949743e-07
878 3.3414558040879e-07
879 2.5323727265163617e-07
880 3.1089452184763073e-07
881 2.1455797736137724e-07
882 3.5105714483521693e-07
883 3.803765347941963e-07
884 3.7044556367442456e-07
885 1.8205312850708632e-07
886 3.7705988453461603e-07
887 2.7916199148504123e-07
888 9.6617325520332e-08
889 3.115691889592172e-07
890 3.51312113539101e-07
891 3.944100831381686e-07
892 2.6860554561883926e-07
893 3.3370136457215043e-07
894 2.2887187501659775e-07
895 2.3123357791993174e-07
896 3.6366683728564687e-07
897 3.664226574511701e-07
898 1.9563665354785533e-07
899 5.544660081065432e-07
900 4.0766417147264547e-07
901 2.6866737511260693e-07
902 3.1049091632556607e-07
903 3.6857646409907805e-07
904 2.041999645389195e-07
905 1.1424658274203228e-07
906 1.917976987886148e-07
907 3.6965481730352116e-07
908 3.1801913016615637e-07
909 5.348173561791168e-07
910 3.8155985093901836e-07
911 3.4743464760468994e-07
912 1.2222875597352373e-07
913 3.357880438453996e-07
914 2.932679224128298e-07
915 3.503962148660809e-07
916 2.526042274888464e-07
917 3.218201375429659e-07
918 2.583986735483873e-07
919 3.460142039910349e-07
920 2.0725415604801263e-07
921 3.25496403044009e-07
922 2.7023498325216666e-07
923 5.223144486572274e-07
924 1.7032999700344505e-07
925 3.51756413053312e-07
926 2.1463336248785863e-07
927 2.1778234155006503e-07
928 4.909789780786475e-07
929 2.1675588229724137e-07
930 2.1053238190083063e-07
931 2.828927444583319e-07
932 3.946959629617339e-07
933 3.4254856312921364e-07
934 2.718632465458695e-07
935 5.223766059224839e-07
936 4.554464601987453e-07
937 3.3560334217241415e-07
938 2.728716931513322e-07
939 1.531796586703256e-07
940 2.534225351232724e-07
941 3.4046946308929394e-07
942 4.5958294898837335e-07
943 2.0787916457325754e-07
944 3.268524613669739e-07
945 4.3751815684836893e-07
946 3.3280459329867525e-07
947 2.5481331298410245e-07
948 3.8417364726630025e-07
949 3.827237936894248e-07
950 3.8591122460349746e-07
951 4.336626289311139e-07
952 1.1151351279006354e-08
953 2.90047314086679e-07
954 2.994900615416535e-07
955 5.28258120168917e-07
956 2.7287727165763955e-07
957 4.6244657746055234e-07
958 3.2349546204251275e-07
959 3.0064826666853816e-07
960 3.901527460778718e-07
961 4.108363481659245e-07
962 2.115892090120905e-07
963 1.563801256853156e-07
964 3.6133027610641854e-07
965 2.997951650134545e-07
966 2.427457266693741e-07
967 4.3262611048914146e-07
968 2.769815397220451e-07
969 1.6821076076697714e-07
970 2.7337172746893346e-07
971 9.090200667828642e-08
972 3.2917331607240013e-07
973 4.0285713795402405e-07
974 3.012801920094869e-07
975 2.133033306623596e-07
976 3.1346652040152537e-07
977 2.2236620515462613e-07
978 3.550525820088773e-07
979 3.8400162534315524e-07
980 4.975186762187035e-08
981 2.900470443121484e-07
982 2.6016464041722976e-07
983 2.0175816140279088e-07
984 3.2295264238379827e-07
985 1.5283382095521865e-07
986 3.1092635137509477e-07
987 3.8781514062842104e-07
988 2.7523996827788945e-07
989 5.651658838850362e-07
990 2.6903073236537336e-07
991 2.998669777152344e-07
992 3.770360158911548e-07
993 3.610946637762145e-07
994 3.326570074668812e-07
995 2.477621792282721e-07
996 4.075873323174243e-07
997 3.475012910213071e-07
998 1.3334615377228772e-07
999 4.378094253745233e-07
