0 3.286337088745492e-07
1 5.233786392138065e-07
2 3.1298425042331546e-07
3 5.50535068075982e-07
4 3.9864123507254944e-07
5 4.1536712476075003e-07
6 5.378604298704846e-07
7 3.9614889359063503e-07
8 2.798492377704685e-07
9 4.960129205393878e-07
10 5.6382574721491e-07
11 5.514460241667552e-07
12 4.1825705438651325e-07
13 5.84911129947783e-07
14 4.1789295263379855e-07
15 3.277434592605544e-07
16 5.073350550985473e-07
17 4.138596974808492e-07
18 4.92535900569126e-07
19 3.826846771721373e-07
20 5.822008570793192e-07
21 2.759613649879347e-07
22 4.669145747891518e-07
23 3.668399572208998e-07
24 4.0053925485186125e-07
25 4.5004314319550907e-07
26 5.338963134920788e-07
27 3.8657428336668445e-07
28 2.9300981672082956e-07
29 4.908293071665409e-07
30 5.118858815109074e-07
31 5.230124452151934e-07
32 3.4732963541385646e-07
33 4.473577674974333e-07
34 4.257923596526661e-07
35 2.6709884652019575e-07
36 3.451208659310447e-07
37 3.284921701194442e-07
38 4.105042143947111e-07
39 3.914982148826956e-07
40 3.8840957170373536e-07
41 5.075127739607267e-07
42 3.6358577032381466e-07
43 4.618267170546073e-07
44 4.3399838380145644e-07
45 3.393732698725944e-07
46 5.458967967189831e-07
47 3.5133596169573024e-07
48 4.547701862891197e-07
49 5.392657062793104e-07
50 3.9177417215741293e-07
51 4.3355412764375515e-07
52 4.548436460678504e-07
53 3.7780660193631543e-07
54 4.755135415314769e-07
55 3.9105735462837075e-07
56 4.019014836471131e-07
57 5.141029680624173e-07
58 5.586245564248452e-07
59 2.8619445990742335e-07
60 3.7865417421977976e-07
61 4.758702266131739e-07
62 4.268601288251663e-07
63 3.1422017983807693e-07
64 4.885818081673624e-07
65 6.21604020847716e-07
66 5.075721916900093e-07
67 4.4229050881323555e-07
68 3.4454879018452846e-07
69 4.1574139927410487e-07
70 4.7412988960971215e-07
71 4.55101846143563e-07
72 3.8497983507116997e-07
73 4.686882254711861e-07
74 3.981458899125218e-07
75 5.083119991878615e-07
76 2.6753772207302024e-07
77 4.2582576339483e-07
78 2.466268202716198e-07
79 3.9869818660807905e-07
80 4.60216425884808e-07
81 3.3742049139175157e-07
82 4.928145865547939e-07
83 5.190621902371191e-07
84 4.816624560250198e-07
85 2.9473587205021684e-07
86 3.2908622313183676e-07
87 4.266613255944638e-07
88 3.4811001751084437e-07
89 3.77954660944824e-07
90 4.6137010132754156e-07
91 3.379555147845618e-07
92 3.626857340055483e-07
93 4.637298203563398e-07
94 3.0355947432027046e-07
95 3.3662266787432773e-07
96 3.2337246252344026e-07
97 5.071518835112311e-07
98 4.0145655582400794e-07
99 4.2582273860936574e-07
100 5.067132135648742e-07
101 2.77740495538399e-07
102 3.758423736610569e-07
103 5.040392741580762e-07
104 4.7376941866004846e-07
105 2.687003857350729e-07
106 2.6810385786828965e-07
107 5.649893706954509e-07
108 4.2531968290561196e-07
109 4.5981858863498117e-07
110 3.5887343830954773e-07
111 4.930419191639846e-07
112 5.258458169061638e-07
113 3.2295777567235083e-07
114 3.6248058727610046e-07
115 3.6973317632651044e-07
116 3.9332874660638273e-07
117 4.5231345384501313e-07
118 4.571514959846808e-07
119 5.563014091767637e-07
120 3.501031184370299e-07
121 3.635993894052553e-07
122 3.095718488219425e-07
123 3.0835445434391993e-07
124 4.519754441573394e-07
125 4.928034469728743e-07
126 3.8666187759856523e-07
127 3.3868633288333313e-07
128 4.236333723173449e-07
129 3.3731189408598394e-07
130 5.788480235598617e-07
131 2.4625331142341474e-07
132 3.0337416604843617e-07
133 4.59311609921299e-07
134 4.347543284045409e-07
135 3.9309576484003924e-07
136 4.0144293733536315e-07
137 4.3691136388191057e-07
138 4.861766441236807e-07
139 4.325300157951639e-07
140 3.962257675670962e-07
141 3.9680961826179137e-07
142 3.501100937308896e-07
143 3.5171158201251866e-07
144 6.40513560583655e-07
145 4.972396004319002e-07
146 3.789464446252212e-07
147 4.811146397425182e-07
148 3.2769189612507457e-07
149 4.5284403111568806e-07
150 5.697785541448374e-07
151 1.5351506276874801e-07
152 2.395749405424802e-07
153 4.090974657130803e-07
154 4.483319969824586e-07
155 2.87541468792311e-07
156 3.145411175357834e-07
157 3.6639358368812254e-07
158 3.399751606630198e-07
159 3.875552485786281e-07
160 2.964960199898485e-07
161 4.1878069420649565e-07
162 4.324655082610526e-07
163 3.5971437045999115e-07
164 3.7413721945265066e-07
165 4.5862784034298526e-07
166 3.9015914836846497e-07
167 2.779741096475198e-07
168 3.7154465093628665e-07
169 5.020900602951829e-07
170 4.944340702889125e-07
171 4.3127370522129193e-07
172 3.765463702664922e-07
173 4.354040643629138e-07
174 3.168128724518656e-07
175 4.24481741786386e-07
176 4.448386384224736e-07
177 6.201315892334766e-07
178 4.815929512574844e-07
179 3.5236221363546613e-07
180 3.890352561675783e-07
181 4.921347162283347e-07
182 4.6760536946746676e-07
183 2.9694126161572644e-07
184 2.1511524678074287e-07
185 4.5846863380064515e-07
186 4.4923902492957586e-07
187 1.8405902157669655e-07
188 3.3656411188595663e-07
189 3.126751385385033e-07
190 2.866458148261106e-07
191 3.8586749091106144e-07
192 2.7098361913051545e-07
193 4.148557653486035e-07
194 5.874977312688924e-07
195 2.6387308761787837e-07
196 3.0294592728264403e-07
197 5.498007627330361e-07
198 4.303216007384056e-07
199 4.772102754505466e-07
200 5.756596494341332e-07
201 3.66022657989052e-07
202 3.8724987649355266e-07
203 5.149099335780885e-07
204 2.414449567223084e-07
205 2.5782643951227576e-07
206 4.546189100638928e-07
207 5.082194003696202e-07
208 5.426276479445986e-07
209 4.317424338212879e-07
210 3.816466769949887e-07
211 3.57623421858228e-07
212 4.014001615118949e-07
213 3.9772235381760597e-07
214 1.9507646403180784e-07
215 5.557196748456577e-07
216 3.6335516527721914e-07
217 2.7556250649127625e-07
218 4.2667097185674055e-07
219 5.132135177113874e-07
220 5.112892598299632e-07
221 5.362660158166182e-07
222 4.3883581694631696e-07
223 4.238789298485255e-07
224 3.88569756107435e-07
225 4.3192779434084566e-07
226 3.7630642778607434e-07
227 4.6973017826055906e-07
228 4.4813689280811437e-07
229 4.3820662012078973e-07
230 4.880701985535641e-07
231 3.8474050236246314e-07
232 5.13033620018634e-07
233 4.402515052220565e-07
234 3.675824174993111e-07
235 3.4737366177976843e-07
236 4.624976159908666e-07
237 4.713345499397002e-07
238 4.158995338607006e-07
239 3.8975638662088916e-07
240 6.050470787578794e-07
241 3.820769132796719e-07
242 4.392038258864276e-07
243 3.278506265438144e-07
244 4.080140552114236e-07
245 4.414672617117322e-07
246 4.779604912365273e-07
247 4.983320051894764e-07
248 4.0631343932486215e-07
249 3.3329029611631986e-07
250 3.2846760471373433e-07
251 2.6522370966515215e-07
252 5.175397797380546e-07
253 4.1165758532101347e-07
254 3.7821685756972097e-07
255 3.985839826358222e-07
256 5.054936887054105e-07
257 4.924883338453734e-07
258 4.91551491884749e-07
259 2.794940740064191e-07
260 4.2445321972665564e-07
261 5.221777696511129e-07
262 3.6310782637676807e-07
263 5.062750302453954e-07
264 4.91210742146992e-07
265 3.988337475970773e-07
266 3.4206306102420637e-07
267 3.2465748915577195e-07
268 3.487418647335715e-07
269 2.84714790645199e-07
270 4.174535494049578e-07
271 4.0005245635100055e-07
272 3.1429588312330973e-07
273 3.841263532628524e-07
274 4.10930792926672e-07
275 2.452816135558057e-07
276 3.4816417774912205e-07
277 2.5761723162450295e-07
278 4.5855309351090125e-07
279 4.7508938443534756e-07
280 4.961050530568332e-07
281 2.1366650931162906e-07
282 3.6664600396021515e-07
283 3.753850177879645e-07
284 2.63314288773531e-07
285 4.889659545010242e-07
286 3.4355856754495556e-07
287 2.9837603994664967e-07
288 4.848214033586528e-07
289 3.8660134953659575e-07
290 3.408566098504732e-07
291 2.1199851804846023e-07
292 4.455410393978028e-07
293 4.490800528975211e-07
294 3.9802989110156984e-07
295 5.239612698411625e-07
296 4.322509287170748e-07
297 4.5685804209706227e-07
298 4.1977385969842147e-07
299 4.1662841195484457e-07
300 5.283082303611221e-07
301 3.1489675919487374e-07
302 4.3467215599628375e-07
303 3.583239483857832e-07
304 3.9061107718591147e-07
305 2.761423622625633e-07
306 3.6059777175959014e-07
307 2.764471815028021e-07
308 3.258577674298178e-07
309 4.51058430176699e-07
310 4.4186867043179174e-07
311 4.3411888282489505e-07
312 3.8713764122178354e-07
313 5.498681333503496e-07
314 3.354834608440804e-07
315 2.962957605190343e-07
316 3.6953484973267436e-07
317 4.628831819946897e-07
318 4.624871406556799e-07
319 3.6479681258207613e-07
320 4.250584863252661e-07
321 4.545208234784068e-07
322 5.757302188486138e-07
323 3.572626769489951e-07
324 3.9146728413356703e-07
325 3.126517696989409e-07
326 5.313196627350086e-07
327 4.625410497148793e-07
328 3.8387324451859536e-07
329 4.3982615448906747e-07
330 3.74532735457886e-07
331 5.084389106339599e-07
332 3.673461187747197e-07
333 4.071102820121352e-07
334 5.88814951517442e-07
335 3.082460917052643e-07
336 4.965025940649942e-07
337 5.258379909379921e-07
338 3.0504714868824696e-07
339 3.4250913034120815e-07
340 3.927927377536231e-07
341 5.741290431585205e-07
342 3.8745902721470297e-07
343 2.9103745632761495e-07
344 3.137369399899148e-07
345 4.238929058760796e-07
346 4.4547758510074485e-07
347 4.2416290925538644e-07
348 3.416709563387909e-07
349 4.26842812354803e-07
350 4.1633137944878865e-07
351 4.5046716042557863e-07
352 3.9552073180041785e-07
353 3.793055372604729e-07
354 4.6296581079431e-07
355 5.248415484795882e-07
356 4.836585599295368e-07
357 4.0647136231638626e-07
358 5.96937602525723e-07
359 4.0065297636791233e-07
360 6.103877727991432e-07
361 4.2326327688865076e-07
362 6.073132345985275e-07
363 4.338785887856848e-07
364 4.992244624139008e-07
365 3.9350064031329013e-07
366 2.7006919531243665e-07
367 3.6702665014329166e-07
368 4.5891416162367235e-07
369 3.8838648880479307e-07
370 4.681115306699914e-07
371 5.14350503804764e-07
372 5.456716117461422e-07
373 3.522814240850144e-07
374 4.4920426169338135e-07
375 4.010743201203477e-07
376 3.982343577131445e-07
377 4.400455863893327e-07
378 4.6862718464431275e-07
379 3.457254281804752e-07
380 3.959179410389411e-07
381 4.5604942066054924e-07
382 3.88588774621929e-07
383 3.26520458393236e-07
384 4.4952411393281505e-07
385 4.197776069712837e-07
386 4.367169290847792e-07
387 3.316355836291308e-07
388 2.8149979337227047e-07
389 2.505977305824153e-07
390 4.1298769752535594e-07
391 4.4822785130914037e-07
392 3.3338831972304483e-07
393 4.1573660359586095e-07
394 5.07225653713525e-07
395 4.2830676358205045e-07
396 3.437790824394648e-07
397 3.6900066084057183e-07
398 3.4060321697336456e-07
399 4.4854064503126476e-07
400 3.451215335056442e-07
401 4.3510530916074326e-07
402 4.824558090040083e-07
403 4.6040853388929566e-07
404 5.784625347655096e-07
405 3.848839703037196e-07
406 5.75862804773779e-07
407 4.68770048708376e-07
408 3.1199674615085465e-07
409 3.5414464380206664e-07
410 5.605180423932583e-07
411 2.286694118172302e-07
412 5.208690516440139e-07
413 4.479452617168921e-07
414 3.9603460526648494e-07
415 4.1716061768330664e-07
416 5.304334349484897e-07
417 3.133444847797687e-07
418 5.458303157106275e-07
419 4.518238048138709e-07
420 4.845702562397076e-07
421 3.6897802727943157e-07
422 5.014278218850984e-07
423 4.4861098269915577e-07
424 3.9716905449230954e-07
425 5.844764460643299e-07
426 5.183134286248868e-07
427 3.91104820896763e-07
428 3.5948059211863095e-07
429 4.6634354557980583e-07
430 4.198165101720017e-07
431 3.9567788802032675e-07
432 3.202483746752589e-07
433 2.3189389347266554e-07
434 3.7976737013300705e-07
435 4.423052143091363e-07
436 6.533049304625352e-07
437 4.934496635314579e-07
438 4.1081980723574776e-07
439 3.576438186746252e-07
440 4.223657717181031e-07
441 4.984179260237913e-07
442 4.934603304302263e-07
443 4.906454580838277e-07
444 5.46610006705125e-07
445 3.9760048013720055e-07
446 3.6560284667877895e-07
447 3.6951739089177937e-07
448 2.3150912313390157e-07
449 3.4163284066138085e-07
450 4.0061393505993565e-07
451 4.7037680876795524e-07
452 4.901905178978512e-07
453 3.3425717240364094e-07
454 3.97640939463717e-07
455 5.036298354960141e-07
456 3.763722090383964e-07
457 3.236461999268996e-07
458 3.4847071489034655e-07
459 4.193070815345408e-07
460 3.55324088323502e-07
461 3.57605852200673e-07
462 4.345671590185744e-07
463 6.212173216224886e-07
464 3.346033357924876e-07
465 4.901696557402713e-07
466 5.143813095575273e-07
467 3.702294281215446e-07
468 4.340097792178396e-07
469 4.0888288145492256e-07
470 5.211286178350755e-07
471 2.6309463719653117e-07
472 2.828326548776001e-07
473 3.2999615402807347e-07
474 5.608270327724139e-07
475 3.4793053301835197e-07
476 3.7504412599080073e-07
477 4.5429829437645727e-07
478 3.448171794024108e-07
479 1.745696191192183e-07
480 5.546914040533664e-07
481 3.7195206280120794e-07
482 4.624919237575776e-07
483 5.622565753710594e-07
484 4.1971449582359543e-07
485 4.4825881024486064e-07
486 2.3199580387819313e-07
487 5.367190009572219e-07
488 3.813913959826911e-07
489 2.712782208017379e-07
490 3.079856372585554e-07
491 4.744429187538499e-07
492 3.9625250917303344e-07
493 4.0125804408039844e-07
494 4.919810310275785e-07
495 4.10745072351058e-07
496 3.6531012689353115e-07
497 4.281044888416654e-07
498 4.863037456878581e-07
499 3.548911048178545e-07
500 3.584862125581257e-07
501 3.653391065301268e-07
502 4.077840235997142e-07
503 3.07566684098622e-07
504 5.939601899426389e-07
505 4.5994800953421983e-07
506 3.7206331797948156e-07
507 4.035472789105368e-07
508 4.088255370358245e-07
509 5.004967989318154e-07
510 4.912086314285724e-07
511 4.101893867771077e-07
512 3.990445017362699e-07
513 4.870600781201158e-07
514 3.290609113605058e-07
515 1.8414349988962062e-07
516 5.018439961557885e-07
517 4.15810628932401e-07
518 3.083058856488474e-07
519 4.865085949212136e-07
520 3.655348623094374e-07
521 4.093321689344731e-07
522 4.94337069869932e-07
523 3.8797335182964355e-07
524 5.539368957611658e-07
525 4.451202187497935e-07
526 4.0274023647662414e-07
527 4.560323360284122e-07
528 2.6054419010740556e-07
529 4.6418826211283154e-07
530 5.077815290188236e-07
531 4.776795955039183e-07
532 5.545172517766224e-07
533 3.9276628810757427e-07
534 6.021469511839622e-07
535 4.334618419637676e-07
536 4.474584014644045e-07
537 4.7551682740645865e-07
538 2.8866011360822173e-07
539 4.5661495952324984e-07
540 4.4739850481324043e-07
541 3.151851265291232e-07
542 3.4372670692335515e-07
543 4.5269875014521865e-07
544 4.0644400872956617e-07
545 4.809998738505974e-07
546 4.6819603708510907e-07
547 2.6697332728962726e-07
548 4.7326561124377446e-07
549 4.6820185141525733e-07
550 2.870597806761436e-07
551 5.401862832928718e-07
552 4.640966182130773e-07
553 4.876368126682406e-07
554 3.042077464933465e-07
555 4.540257673303173e-07
556 4.752984649107192e-07
557 4.61578702574962e-07
558 3.276503109214008e-07
559 3.854593220065591e-07
560 2.966013561403517e-07
561 5.319012166416749e-07
562 2.6631151892499297e-07
563 3.4115373626593707e-07
564 4.547767130357988e-07
565 5.08371637209907e-07
566 4.804224927563295e-07
567 4.256913276880649e-07
568 2.8639178753352004e-07
569 2.3297258882239339e-07
570 3.8139361713040797e-07
571 4.147057301271109e-07
572 3.5109731084537747e-07
573 5.006206095149752e-07
574 4.587897213134057e-07
575 4.303581238335987e-07
576 5.331853420118359e-07
577 4.65594910455999e-07
578 2.857111992102224e-07
579 3.625142138829045e-07
580 3.375440857758822e-07
581 3.29603650042451e-07
582 4.389007113199603e-07
583 4.689230550643759e-07
584 6.154128525592884e-07
585 4.787161099470608e-07
586 4.117010988073472e-07
587 3.542540357555228e-07
588 4.489152649750352e-07
589 4.3140396760287115e-07
590 6.32008215473508e-07
591 3.6279093291581306e-07
592 4.2690449989532887e-07
593 3.699840150495441e-07
594 3.9135679225809643e-07
595 5.713430156774114e-07
596 4.6587814701727083e-07
597 4.984992544888047e-07
598 4.3568295693533007e-07
599 4.03820535094676e-07
600 4.314301279854864e-07
601 5.330104295167057e-07
602 4.7537771250120535e-07
603 5.321667711861998e-07
604 3.5039321315705765e-07
605 5.923385305451043e-07
606 3.105260525267434e-07
607 5.441390866300784e-07
608 3.4261593917846695e-07
609 4.2992827530025743e-07
610 4.0385146782546313e-07
611 4.312111132106759e-07
612 5.882985931477721e-07
613 3.7011959218582377e-07
614 4.904245946610201e-07
615 3.8865717786709155e-07
616 3.4773131503515654e-07
617 3.9366369654560876e-07
618 4.3556166776481504e-07
619 5.049559141314157e-07
620 4.381034426272955e-07
621 4.098003391585002e-07
622 3.6006143576743395e-07
623 5.243633013445701e-07
624 2.929401318065801e-07
625 3.449381227974818e-07
626 4.110862396550904e-07
627 3.642026562460432e-07
628 3.919958231877238e-07
629 3.3523080934098083e-07
630 4.543081209060413e-07
631 3.4221191293220004e-07
632 3.098087529443781e-07
633 5.305219730590444e-07
634 3.23190064885328e-07
635 5.419075616215631e-07
636 4.4994077878301497e-07
637 4.1981303881099446e-07
638 4.027415090981152e-07
639 3.9534090954989067e-07
640 4.250511035449968e-07
641 2.953997935075075e-07
642 4.5863117124038603e-07
643 3.442540879666319e-07
644 3.756726464654226e-07
645 3.375006993096364e-07
646 4.3697448579037607e-07
647 3.9071168555276736e-07
648 3.543378887332971e-07
649 2.780313631638239e-07
650 4.152935838685331e-07
651 3.398462311420237e-07
652 3.683261821960558e-07
653 3.7676666081719744e-07
654 5.058066068077133e-07
655 4.639069719084516e-07
656 3.129883272669104e-07
657 2.625834746743863e-07
658 3.259691220349815e-07
659 2.2334604906377196e-07
660 3.665761302626491e-07
661 3.1410374956781746e-07
662 3.320095468410405e-07
663 4.98859109668562e-07
664 4.616667651010268e-07
665 4.893356555003511e-07
666 4.763835987298325e-07
667 3.581532457706999e-07
668 5.066270045248315e-07
669 4.4260787338924036e-07
670 3.418566876412749e-07
671 3.0719649037211086e-07
672 4.3191280675912466e-07
673 4.804573366559297e-07
674 3.139392785339425e-07
675 4.77085464878105e-07
676 4.130044159902082e-07
677 5.362300101090271e-07
678 4.828542395343864e-07
679 4.7145280169657094e-07
680 4.6457920921507875e-07
681 4.6715941758709305e-07
682 5.574475803220027e-07
683 4.2040927893262596e-07
684 5.103046280900144e-07
685 4.848842392848814e-07
686 4.211988465784461e-07
687 5.039693836290446e-07
688 3.387362069805213e-07
689 3.865636867681703e-07
690 2.4411907972545644e-07
691 3.3698152055088683e-07
692 4.853944170381159e-07
693 3.708078312759609e-07
694 5.115134992095558e-07
695 3.7167125673122305e-07
696 4.199845691138044e-07
697 5.44978020422616e-07
698 4.0692988337752735e-07
699 3.667446285199652e-07
700 2.895719226851237e-07
701 4.2461438983251975e-07
702 3.3181046832562817e-07
703 3.513461560861912e-07
704 3.5892985898394985e-07
705 4.7257045741924443e-07
706 3.412598685187363e-07
707 4.1144207404988864e-07
708 2.944077330909237e-07
709 5.009516590348958e-07
710 3.584418756883223e-07
711 2.863540129745502e-07
712 5.800138131206509e-07
713 2.167149771732119e-07
714 4.3048705291156006e-07
715 3.634565858097595e-07
716 3.761642599456095e-07
717 4.50470936420628e-07
718 4.6727530714190815e-07
719 4.776132109615492e-07
720 4.160444414616623e-07
721 3.4134040509253533e-07
722 5.266558652598688e-07
723 4.97590611243456e-07
724 5.038786995729422e-07
725 4.801364389205552e-07
726 4.574613633309961e-07
727 4.367780481586252e-07
728 4.241385562047497e-07
729 5.5053921413771e-07
730 3.5675572522913727e-07
731 2.1871677612243315e-07
732 3.2796339151272164e-07
733 4.844845630155532e-07
734 4.4867024949246846e-07
735 5.074897936781837e-07
736 4.899962248669837e-07
737 4.574037128983894e-07
738 3.4344666231540895e-07
739 4.899344561269979e-07
740 4.22027216789369e-07
741 5.613436822576685e-07
742 4.1435808580143616e-07
743 3.8432159370374536e-07
744 4.794653043800745e-07
745 6.428820109633729e-07
746 4.289939521672463e-07
747 4.331189715297059e-07
748 4.952224483261803e-07
749 2.9131037961627955e-07
750 2.4454172021697774e-07
751 3.307076602736399e-07
752 4.247077297568345e-07
753 3.4899393465456163e-07
754 4.0202900276302336e-07
755 3.929236025831401e-07
756 3.673361078914316e-07
757 4.551447794807293e-07
758 5.604470615567136e-07
759 4.7645801315580495e-07
760 4.0252082368185226e-07
761 3.442487767338176e-07
762 5.237156637749795e-07
763 3.798661595633448e-07
764 5.261212332885726e-07
765 3.795248211927382e-07
766 3.887370923139559e-07
767 4.217347638715575e-07
768 3.051809318197213e-07
769 4.95096637530665e-07
770 5.764043319867829e-07
771 4.1948684615198805e-07
772 5.109223890266568e-07
773 6.772461374081746e-07
774 3.8282682669158506e-07
775 3.724218975258379e-07
776 4.226417068615076e-07
777 4.6111741316521047e-07
778 5.003309441864022e-07
779 3.8863780066136214e-07
780 3.839855041633528e-07
781 4.1721708025364616e-07
782 3.916440123813969e-07
783 3.919172033696148e-07
784 3.7498706293512e-07
785 3.499064313533539e-07
786 3.861397138737081e-07
787 5.056322935187176e-07
788 3.5263062416005136e-07
789 4.7477988155834e-07
790 5.339592893669256e-07
791 3.863256917252435e-07
792 3.044679259069851e-07
793 4.689028458607433e-07
794 4.137688456951367e-07
795 3.006947370819218e-07
796 4.2226906502434217e-07
797 5.46817801194955e-07
798 4.7461796329847627e-07
799 3.3102803396617626e-07
800 2.795622931143339e-07
801 3.1465076755634215e-07
802 5.582511155082776e-07
803 4.877402266420403e-07
804 5.131149790425935e-07
805 3.868479435020985e-07
806 3.7305795191235556e-07
807 3.45991671631702e-07
808 4.574583304942687e-07
809 3.3045390175432383e-07
810 4.6600274833340035e-07
811 4.313486781160184e-07
812 3.6096937664268926e-07
813 3.535191647254583e-07
814 3.4899792167410396e-07
815 5.228123389937695e-07
816 5.66489415261195e-07
817 4.39395383889033e-07
818 3.506990008754812e-07
819 4.711993389244037e-07
820 3.551249857983846e-07
821 4.672004962284918e-07
822 4.740085441091552e-07
823 3.589405403463578e-07
824 4.3522667645589995e-07
825 3.423218182822861e-07
826 4.5803764911747975e-07
827 4.6131577633762186e-07
828 2.619724173768152e-07
829 3.8078677113556905e-07
830 4.339237851987603e-07
831 4.546153779073837e-07
832 3.3781300842438276e-07
833 4.048448202938375e-07
834 4.770532479583588e-07
835 4.798493759260697e-07
836 5.288777215794229e-07
837 4.3717058320487333e-07
838 4.108268674869865e-07
839 4.135279519107103e-07
840 2.994886488612437e-07
841 1.862796294002948e-07
842 2.671993302684727e-07
843 4.905442423599312e-07
844 2.8812708991504477e-07
845 4.981989820063676e-07
846 3.060804243079153e-07
847 4.379574933654159e-07
848 2.930262856851916e-07
849 4.1504307117402897e-07
850 4.555793010636773e-07
851 2.952539200018373e-07
852 4.441696681273429e-07
853 2.782880698986375e-07
854 3.491682881591662e-07
855 3.196461700800589e-07
856 4.876726595492119e-07
857 4.929541135101627e-07
858 2.495530954411004e-07
859 4.5988499757803993e-07
860 2.91639953985093e-07
861 2.7526891224665104e-07
862 3.990129963790039e-07
863 4.733037752695612e-07
864 4.6142576940625884e-07
865 3.763054448327271e-07
866 5.100096893250392e-07
867 4.0494836174653537e-07
868 2.8261027198045153e-07
869 5.278284975853253e-07
870 4.841929424650521e-07
871 2.9019277440976324e-07
872 2.4863229376057564e-07
873 4.2126966592257083e-07
874 4.572602978161779e-07
875 4.7501111654811326e-07
876 3.6749196197406617e-07
877 3.5929096745307564e-07
878 4.2049131640316474e-07
879 3.5077732296038173e-07
880 4.252575967446009e-07
881 3.4487385151655223e-07
882 4.3540770870039466e-07
883 4.766462296832699e-07
884 4.579812211263387e-07
885 3.0237559991857473e-07
886 4.5886206915280983e-07
887 3.6112004912619786e-07
888 2.406071547006008e-07
889 4.065876371965858e-07
890 4.4534345103381103e-07
891 4.567103826247878e-07
892 3.433201130730974e-07
893 4.228985581417704e-07
894 3.030184628364723e-07
895 3.3080432823963727e-07
896 4.217653762278394e-07
897 4.5972512875184477e-07
898 2.806558039446656e-07
899 6.233445224533197e-07
900 4.847280157928333e-07
901 3.454636800432664e-07
902 4.037900190726776e-07
903 4.737725920737853e-07
904 3.627835566951676e-07
905 2.7741725273116333e-07
906 3.339833555700502e-07
907 4.065868299754197e-07
908 4.818256352754437e-07
909 6.332120139544901e-07
910 4.267803941503057e-07
911 4.389781881327204e-07
912 2.9742114252990417e-07
913 4.115173738808859e-07
914 4.0381281994507513e-07
915 4.3492654137850513e-07
916 3.7828973385899154e-07
917 4.290831208202607e-07
918 3.2996131732857645e-07
919 3.953206616440611e-07
920 3.0071623996571007e-07
921 4.16030021529688e-07
922 4.1883597801737935e-07
923 5.895479336021234e-07
924 2.349390354030514e-07
925 4.410939452803174e-07
926 2.929354964961062e-07
927 2.882069698327171e-07
928 5.350458272408016e-07
929 3.471068260191911e-07
930 3.3687800281590575e-07
931 4.136794014723234e-07
932 5.084244384411506e-07
933 4.2673474817106897e-07
934 4.4838742425284064e-07
935 5.61349868712318e-07
936 5.701321181005349e-07
937 4.1890246674835114e-07
938 3.6253209605718344e-07
939 2.477745618644793e-07
940 3.271801567826989e-07
941 4.148207968939105e-07
942 5.779303337196318e-07
943 3.652606089308571e-07
944 5.085407968103097e-07
945 5.555766358032433e-07
946 3.6790761842643557e-07
947 3.352242321648284e-07
948 3.84280845901783e-07
949 4.993865324183188e-07
950 4.7632965706519475e-07
951 5.19831022447523e-07
952 1.4330043625263574e-07
953 4.0268675385408295e-07
954 4.05333789054202e-07
955 5.685324089438382e-07
956 3.4735873767105733e-07
957 5.514356399746262e-07
958 3.8183968614902963e-07
959 4.215614521406293e-07
960 4.919515143411729e-07
961 4.933427717228403e-07
962 3.2275309873732923e-07
963 2.4712277169569844e-07
964 4.2059574457903174e-07
965 4.4728134600838264e-07
966 3.589074115496605e-07
967 5.025864653189162e-07
968 3.609121619286033e-07
969 3.089085943361229e-07
970 3.804715449118289e-07
971 1.8858203964646213e-07
972 4.194818517272183e-07
973 4.928197919203125e-07
974 3.9324331269603566e-07
975 3.19914633051444e-07
976 3.911708031024548e-07
977 3.194471758060182e-07
978 4.511239380241315e-07
979 4.715175985443573e-07
980 2.1417572344888392e-07
981 3.6558996063591967e-07
982 3.9089842596168536e-07
983 2.821753878220885e-07
984 3.830874080228887e-07
985 2.6988774487157553e-07
986 3.8485773258372375e-07
987 4.982943147900939e-07
988 3.7487946704166254e-07
989 6.351083827700022e-07
990 3.7557458628086933e-07
991 4.1103549562433753e-07
992 4.423914609409235e-07
993 4.21730692975819e-07
994 4.570365310724294e-07
995 3.496226047623023e-07
996 4.6840569549423033e-07
997 4.140689442706261e-07
998 2.5629770524073653e-07
999 5.15796299231718e-07
