0 1.5559881186205427e-07
1 1.789501245380448e-07
2 1.1693331001129983e-07
3 1.8811346273336758e-07
4 1.3814276792849128e-07
5 1.6357565270859948e-07
6 2.0405891322800138e-07
7 1.5045817919845458e-07
8 9.403239946095927e-08
9 1.5712130509858952e-07
10 1.7976987539641213e-07
11 2.0341269739178914e-07
12 1.4243529279043115e-07
13 1.92573868619953e-07
14 1.4964356501678327e-07
15 1.1244035948188689e-07
16 1.8230461716892484e-07
17 1.333035919119418e-07
18 1.5470891520773207e-07
19 1.1966475506955074e-07
20 1.9527146326309191e-07
21 1.0213998164674375e-07
22 1.73061146837942e-07
23 1.3962345626405404e-07
24 1.2688960164925692e-07
25 1.7839994689573578e-07
26 1.153431712345095e-07
27 1.382836762409953e-07
28 1.24298546561275e-07
29 1.702341534156168e-07
30 1.8902544091568327e-07
31 1.900770128981598e-07
32 1.1371844336981336e-07
33 1.2665879895499477e-07
34 1.422645777812337e-07
35 1.1289001876072287e-07
36 1.4538852755258178e-07
37 1.798607426083442e-07
38 1.7051403377823235e-07
39 1.607421479296487e-07
40 1.3886339621229292e-07
41 1.865378228270486e-07
42 1.2854921221395125e-07
43 1.4715633091509218e-07
44 1.6293406678444862e-07
45 1.0551613650037595e-07
46 1.8536194957869462e-07
47 1.6451001904200127e-07
48 1.8716559314376217e-07
49 1.9287709794218711e-07
50 1.7166541089567892e-07
51 1.627675789975374e-07
52 1.7714960085564325e-07
53 1.3611463908593063e-07
54 1.7646357421301883e-07
55 1.6341192218603423e-07
56 1.735896105584451e-07
57 1.82540822173182e-07
58 1.79038578856816e-07
59 1.2065263010501112e-07
60 1.555402207204184e-07
61 1.660636290072045e-07
62 1.891178873299793e-07
63 1.25161666791719e-07
64 1.572982604402318e-07
65 2.2158565116755652e-07
66 2.0357147131785767e-07
67 1.7041958279384196e-07
68 1.276501253451911e-07
69 1.6280181942957579e-07
70 1.3625799133358063e-07
71 1.5253071258959006e-07
72 1.3642412404961827e-07
73 2.0020963290020566e-07
74 1.479689321311376e-07
75 1.9907999331135526e-07
76 8.478138913825573e-08
77 1.4636000409478472e-07
78 8.314681255847884e-08
79 1.7116063350278295e-07
80 1.762886226418116e-07
81 1.279878359745671e-07
82 1.784412690334154e-07
83 1.4138875318722242e-07
84 1.5990994323226272e-07
85 1.2280852894492497e-07
86 8.707387383959025e-08
87 1.1500771489781999e-07
88 1.0378990596186223e-07
89 1.5848026270428592e-07
90 1.66744929427158e-07
91 1.342521504972585e-07
92 1.0170948358247852e-07
93 1.512212575491919e-07
94 1.5629173508287145e-07
95 1.3480367990252204e-07
96 1.1855643206250801e-07
97 1.5824931430684608e-07
98 1.360568163904073e-07
99 1.3387157307036028e-07
100 2.094010339919724e-07
101 9.92340038856701e-08
102 1.0697702753838299e-07
103 1.7576723287221652e-07
104 1.6857214113687594e-07
105 9.941028401122579e-08
106 1.3277261030538895e-07
107 2.110506957877201e-07
108 1.6404755519656595e-07
109 1.5708150248069633e-07
110 1.5072515101119247e-07
111 1.8240895005980183e-07
112 1.9582352135927819e-07
113 1.266265741896863e-07
114 1.4027619677212183e-07
115 1.383028002630276e-07
116 1.4275419649915644e-07
117 1.5428025364829175e-07
118 1.692956721302949e-07
119 1.8156737658342268e-07
120 1.0431169550485585e-07
121 1.5623286084347127e-07
122 9.876267859165771e-08
123 1.31870507656458e-07
124 1.4049111396158274e-07
125 2.021977999310006e-07
126 1.68955897921991e-07
127 1.576433114364639e-07
128 1.2130392576864278e-07
129 1.5679694249464768e-07
130 1.7733970838942594e-07
131 7.966603447861815e-08
132 1.243196306671253e-07
133 1.8464685324194582e-07
134 1.0862672923838266e-07
135 1.3993174003219683e-07
136 1.4710967891301318e-07
137 1.8173157941772738e-07
138 1.6833400343091622e-07
139 1.5430566688830805e-07
140 1.5134321697058758e-07
141 1.4934677588386067e-07
142 1.1906380375885196e-07
143 1.1834024500191206e-07
144 2.28064337906795e-07
145 1.6581964526298702e-07
146 1.2386296772981657e-07
147 1.8644474055360034e-07
148 1.1521961777256142e-07
149 1.3748161346848573e-07
150 2.0157498016228546e-07
151 8.037530823558011e-08
152 1.027221592890667e-07
153 1.5654615024738136e-07
154 1.8138642376325676e-07
155 1.3048556598415242e-07
156 1.164714308274298e-07
157 1.4143495237950475e-07
158 9.730732405531904e-08
159 1.5265795174288693e-07
160 1.1305084500117878e-07
161 1.5413837562750785e-07
162 1.8786742851680923e-07
163 1.1243677349146767e-07
164 1.7027923499427677e-07
165 1.3616128192974546e-07
166 1.7503701745965827e-07
167 1.0757224992874607e-07
168 1.4488859461185844e-07
169 2.1884640541695632e-07
170 1.701551979163161e-07
171 1.3552156937429696e-07
172 1.6841789245984365e-07
173 1.4318890434821987e-07
174 1.1731522132867886e-07
175 1.509702849897542e-07
176 1.6985652878158493e-07
177 2.3156318166007596e-07
178 1.4859213129278653e-07
179 1.2746062089326284e-07
180 1.448040593576667e-07
181 2.050734664717071e-07
182 1.9212335508224462e-07
183 9.456440218578013e-08
184 1.0450522699278062e-07
185 1.5620497709488157e-07
186 1.5718364278936595e-07
187 5.308900667222438e-08
188 1.453220507091812e-07
189 1.3369182164099127e-07
190 9.722620036262213e-08
191 1.4145026354937672e-07
192 1.2300615134920437e-07
193 1.2752453540761984e-07
194 2.148930672597611e-07
195 1.150214193727299e-07
196 1.0311307954186527e-07
197 1.8204899832967754e-07
198 1.8158099499755461e-07
199 1.5037322698911427e-07
200 1.785750232895701e-07
201 1.477126006480938e-07
202 1.4111158960336025e-07
203 2.3028155313854125e-07
204 1.4162461874920878e-07
205 7.45003265639482e-08
206 1.8905021473880927e-07
207 1.592533117082437e-07
208 1.6726331213109714e-07
209 1.6880986150689709e-07
210 1.4918696258854728e-07
211 1.6573072592218264e-07
212 1.61558744592273e-07
213 1.892130582802297e-07
214 1.324785052207949e-07
215 1.8925451578451024e-07
216 1.2889572150230008e-07
217 1.393941648810469e-07
218 1.5004070123121312e-07
219 1.959629565842694e-07
220 2.0162242370041899e-07
221 1.8275417277566779e-07
222 1.4354734452378203e-07
223 1.212192444225656e-07
224 1.3585172342501476e-07
225 1.6190323709062035e-07
226 1.3364075624911672e-07
227 1.3505060193066365e-07
228 1.6370055401030062e-07
229 1.4168139037095863e-07
230 1.5950161803157028e-07
231 1.2533528383804751e-07
232 1.6410632445505457e-07
233 1.5509263006270067e-07
234 1.513387523936836e-07
235 1.710407967697096e-07
236 1.5190002444967474e-07
237 1.771612297035059e-07
238 1.4591594743258125e-07
239 1.5332875795474041e-07
240 2.049277787406083e-07
241 1.3414577788271485e-07
242 1.76811581644896e-07
243 1.098147103314093e-07
244 1.2373878852905322e-07
245 1.4276264106428746e-07
246 1.6749541558571357e-07
247 1.5407078717069837e-07
248 1.344212590666961e-07
249 1.6784075743469746e-07
250 1.4383270176650305e-07
251 1.5193765896058e-07
252 2.0841310548047527e-07
253 1.465785045431951e-07
254 1.4072421888932666e-07
255 1.2262130451602948e-07
256 1.7654353021917535e-07
257 1.453776244756035e-07
258 1.3236148849379276e-07
259 1.3027993184217157e-07
260 1.5551242200454072e-07
261 1.755054914500975e-07
262 1.5544269161285477e-07
263 2.0026533995210467e-07
264 1.9542966282240183e-07
265 1.2286918542124642e-07
266 1.266970338174555e-07
267 1.4185064830599267e-07
268 1.0629345897591345e-07
269 1.3385242154026283e-07
270 1.371577736359735e-07
271 1.663995173040658e-07
272 9.277171182417964e-08
273 1.6283299594630004e-07
274 1.3048774919527107e-07
275 9.991020709985692e-08
276 1.3675386150796114e-07
277 9.959489351714457e-08
278 1.5477945857585665e-07
279 2.01245793947949e-07
280 1.6293298834876026e-07
281 8.5218727186428e-08
282 1.788420378278509e-07
283 1.4290691486007278e-07
284 8.893978997259559e-08
285 1.6654051059542552e-07
286 1.1054266993742445e-07
287 1.299290885538394e-07
288 1.6468997018829333e-07
289 1.783376324795627e-07
290 1.653491231980576e-07
291 1.121950776392188e-07
292 1.7519604609879756e-07
293 1.689472203939996e-07
294 1.3533759388242764e-07
295 2.0760422679526453e-07
296 1.6204881010250663e-07
297 1.5029581099626695e-07
298 1.571273479051826e-07
299 1.3134087347737377e-07
300 1.9984574961143006e-07
301 1.0453520817364336e-07
302 1.639027431850802e-07
303 1.440563286828833e-07
304 1.389011159067318e-07
305 1.0406620851551009e-07
306 1.1456803695433072e-07
307 1.2064256124240106e-07
308 1.3620368295670278e-07
309 1.6700166052288065e-07
310 1.293576595929681e-07
311 1.7646745309350126e-07
312 1.4790948692961182e-07
313 1.754680920171856e-07
314 1.3871000433598993e-07
315 1.1362677781420537e-07
316 1.2576134065799846e-07
317 1.5243288392545496e-07
318 1.6114110969562562e-07
319 1.6444413679483081e-07
320 1.529051172834163e-07
321 1.7177213693137885e-07
322 1.983989644165383e-07
323 1.6069964659535833e-07
324 1.4987545584345221e-07
325 1.4004726326088693e-07
326 2.0536050213000635e-07
327 2.0166024476260418e-07
328 1.2057136976827936e-07
329 1.6581582131359637e-07
330 1.229266810716062e-07
331 1.7952503523904472e-07
332 1.9080721587389316e-07
333 1.4834290027263376e-07
334 2.038930546267051e-07
335 1.2339928265822546e-07
336 1.6889846372418614e-07
337 1.6368738666741066e-07
338 8.841835469633568e-08
339 1.2409464953555958e-07
340 1.6341324226444952e-07
341 2.1586061438754786e-07
342 1.5078886689013414e-07
343 1.0931333571842577e-07
344 1.0447439623624742e-07
345 1.1621959777038262e-07
346 1.6379434341136122e-07
347 1.9395870055717978e-07
348 1.3727403352544704e-07
349 1.728253601401002e-07
350 1.556640158393843e-07
351 1.9357500723346246e-07
352 1.251002805070659e-07
353 1.3592332151959184e-07
354 2.085266508810658e-07
355 1.7890316027255018e-07
356 1.8419727142794126e-07
357 1.5635162495127222e-07
358 2.181487522361554e-07
359 1.3583843695650412e-07
360 1.8801525690135966e-07
361 1.7365356451807056e-07
362 2.2635069649362552e-07
363 1.7189341884005898e-07
364 1.714622823193525e-07
365 1.2788206129695224e-07
366 9.329911567126354e-08
367 1.7385314745638174e-07
368 1.2559909765650818e-07
369 1.509978795112528e-07
370 1.6424557251970978e-07
371 2.260202042656174e-07
372 1.9123293016004837e-07
373 1.519656911241275e-07
374 1.683717941317192e-07
375 1.8522684582465094e-07
376 1.4493915032450553e-07
377 1.8379742033614106e-07
378 1.879688495413744e-07
379 1.4330717619295564e-07
380 1.6812265419630628e-07
381 1.8065135253222042e-07
382 1.4145106139877617e-07
383 1.2710608029140496e-07
384 1.3587322982155277e-07
385 1.4077264158992357e-07
386 1.7353446763817807e-07
387 1.737211375211425e-07
388 1.248521513605438e-07
389 1.1077111792628639e-07
390 1.7569267456471186e-07
391 1.3982041741396405e-07
392 1.9307302162106782e-07
393 1.1792069832181621e-07
394 1.554135878304974e-07
395 1.1408378105293929e-07
396 1.4076873564270637e-07
397 1.469226086608492e-07
398 1.565670603924136e-07
399 1.764246901555352e-07
400 1.2737315593400038e-07
401 1.5316489336991251e-07
402 1.4700162529283996e-07
403 1.9324305061907312e-07
404 1.923821934744661e-07
405 1.466512165798865e-07
406 1.9841250629147698e-07
407 1.4275716088610394e-07
408 1.2822940293226675e-07
409 1.1826512696015285e-07
410 1.9115457947451887e-07
411 9.095807224589627e-08
412 1.8179988629014485e-07
413 1.8790177967681961e-07
414 1.782104893102235e-07
415 1.4722407045290416e-07
416 1.8192087678433534e-07
417 1.248736796834139e-07
418 2.033729031327759e-07
419 1.7653673090423786e-07
420 1.7801800947618602e-07
421 1.0497570106693458e-07
422 1.7521327619585712e-07
423 1.533500149581342e-07
424 1.4886084171243415e-07
425 2.1787309407311565e-07
426 1.5559416393395101e-07
427 1.6029988102005376e-07
428 1.1700414919593054e-07
429 1.8201214633393718e-07
430 1.5914945245001112e-07
431 1.2744296486609798e-07
432 1.0573954003926641e-07
433 9.85531652509288e-08
434 1.5211529031728115e-07
435 1.5472715622220037e-07
436 1.8804437505560922e-07
437 1.9329989580081706e-07
438 1.2326139298947067e-07
439 1.363546227476908e-07
440 1.558164928879938e-07
441 1.5785353947629888e-07
442 1.5606525897851461e-07
443 1.9727026120763788e-07
444 1.7973509692124298e-07
445 1.5110980400889687e-07
446 1.239534966868941e-07
447 1.2597492897172786e-07
448 1.2814085825277993e-07
449 1.3500131091215148e-07
450 1.3060698828335897e-07
451 1.7634869361928078e-07
452 1.7347778520434916e-07
453 1.3530295332739038e-07
454 1.318353659249646e-07
455 1.6796513425328807e-07
456 1.3966861641408883e-07
457 1.329411421469437e-07
458 1.6839331579931336e-07
459 1.473560306352645e-07
460 1.0187374040929591e-07
461 1.3841049895421773e-07
462 1.5695328506064279e-07
463 1.996696416413122e-07
464 9.396531955055056e-08
465 1.605533977065047e-07
466 1.9074757917076009e-07
467 1.6709110696511716e-07
468 1.4465257806031957e-07
469 1.6010227481239724e-07
470 1.6107045462254198e-07
471 1.0572749498209375e-07
472 1.1743338896600217e-07
473 1.5529206933908955e-07
474 2.0170936615143366e-07
475 1.329576897351659e-07
476 1.551031743631891e-07
477 1.5057984026979761e-07
478 1.3840963229775185e-07
479 1.2015247200336759e-07
480 1.6237289418403284e-07
481 1.7471154218404903e-07
482 1.2692355029528057e-07
483 2.1642386751913779e-07
484 1.710860717455567e-07
485 1.337804992158769e-07
486 1.0961084875304972e-07
487 1.7582609207614743e-07
488 1.2722899888464653e-07
489 1.0198511637732939e-07
490 1.0164340821817964e-07
491 1.480204095882437e-07
492 1.2228173207178516e-07
493 1.51196867467613e-07
494 1.6369652572581754e-07
495 1.5808348598034687e-07
496 9.335148282250393e-08
497 1.6545751116914586e-07
498 1.833904845707514e-07
499 1.522105218149058e-07
500 1.5679200657503133e-07
501 1.220414391346345e-07
502 1.8022051561611533e-07
503 1.525610102200375e-07
504 2.575250032849447e-07
505 1.216505412954742e-07
506 1.469523340726036e-07
507 1.4064206220171355e-07
508 1.2515334059180413e-07
509 1.7362561881660658e-07
510 1.6425974632961675e-07
511 1.3070398670032618e-07
512 1.5160039752613218e-07
513 1.8228190364724184e-07
514 1.4163477186178024e-07
515 9.087574870688878e-08
516 1.4671661119344607e-07
517 1.439989899994742e-07
518 1.2825839598202187e-07
519 1.9724541538983732e-07
520 1.1958549907012494e-07
521 1.486043709980558e-07
522 1.8512731122611203e-07
523 1.2975308889699417e-07
524 1.9143242144317397e-07
525 1.4284504340052882e-07
526 1.5791055977383777e-07
527 1.4204432923182905e-07
528 1.5001407264553663e-07
529 1.673394729519724e-07
530 1.7866342963538063e-07
531 1.5623413281882812e-07
532 2.0607507962133813e-07
533 1.6248180098564256e-07
534 1.8497751415689884e-07
535 1.2412978416696523e-07
536 1.3900745009475502e-07
537 1.931395748893884e-07
538 1.3102815955357676e-07
539 1.720837582862447e-07
540 1.322662837281141e-07
541 1.5882483809860092e-07
542 1.2588274666436452e-07
543 1.573162020041992e-07
544 1.359248709230077e-07
545 1.7425455637160743e-07
546 1.8413402242163945e-07
547 1.2143606239654167e-07
548 1.6951038029087761e-07
549 1.5330919648675792e-07
550 1.1337632225996326e-07
551 1.849546721651023e-07
552 1.8940204621804155e-07
553 1.5946621611842992e-07
554 1.4295383079556158e-07
555 1.6741071801563448e-07
556 1.8062392234434277e-07
557 2.0404313952727062e-07
558 1.25207692832808e-07
559 1.7676939718518483e-07
560 1.284085124091638e-07
561 1.9679305827543053e-07
562 1.1273614719624674e-07
563 1.1974253108232137e-07
564 1.9360957235292388e-07
565 1.88322407266191e-07
566 1.3322216347404213e-07
567 1.746043759872741e-07
568 1.1885806287911292e-07
569 8.268206153716202e-08
570 1.536425233230701e-07
571 1.5412719486027597e-07
572 1.2811344458263365e-07
573 1.581850535649429e-07
574 1.748516962190245e-07
575 1.5399879838720357e-07
576 1.7608661581808362e-07
577 1.6727638361513034e-07
578 1.2344676730855916e-07
579 1.6008707140354083e-07
580 1.2712800616010666e-07
581 1.5163226691359171e-07
582 1.3427686648830636e-07
583 1.9989649078343103e-07
584 2.2555361121792588e-07
585 1.20342306456578e-07
586 1.4107389252795946e-07
587 1.3247636534968178e-07
588 1.645935209960125e-07
589 1.5299165189281505e-07
590 1.7562257835412837e-07
591 1.4810405311085448e-07
592 1.6028973536755743e-07
593 1.4812194934441745e-07
594 1.7432441222354e-07
595 1.8580123532698192e-07
596 1.885806201959101e-07
597 1.76385235776552e-07
598 1.1444228424860177e-07
599 1.5747214858754192e-07
600 1.3998894779294777e-07
601 2.030864897267774e-07
602 1.7974453406657573e-07
603 1.911864814684628e-07
604 1.5419827287702394e-07
605 1.932679741844601e-07
606 9.52626586978375e-08
607 1.800510045395223e-07
608 1.400566082438064e-07
609 1.7909769395950463e-07
610 1.2833831856226307e-07
611 1.669803934481977e-07
612 1.906549339468535e-07
613 1.264264125904154e-07
614 1.7818085562336228e-07
615 1.659937297680794e-07
616 1.4856693169748915e-07
617 1.4137842951109405e-07
618 1.535145544626351e-07
619 2.171391759146056e-07
620 1.681985674008576e-07
621 1.2756804536572315e-07
622 1.122277850251763e-07
623 1.6244451856080185e-07
624 1.560875719082369e-07
625 1.2962216167285436e-07
626 1.564802153884991e-07
627 1.2921780189365605e-07
628 1.3573799383761018e-07
629 1.4188597054667552e-07
630 1.2612509654781266e-07
631 1.5212969036622763e-07
632 1.28609726242499e-07
633 1.576251575453255e-07
634 1.2914405858823215e-07
635 1.3451326192344273e-07
636 1.3135622046182751e-07
637 1.6348259589397246e-07
638 1.539245116473257e-07
639 1.422078964071721e-07
640 9.764593874439754e-08
641 1.0336446041255538e-07
642 1.8041384613854787e-07
643 1.5251655560477908e-07
644 1.3896842416819378e-07
645 1.446183937700109e-07
646 1.8902298981083245e-07
647 1.3755259384235356e-07
648 1.2482204220816504e-07
649 1.040210719296412e-07
650 1.3446558964851423e-07
651 1.5542793057539792e-07
652 1.3910852143320527e-07
653 1.07189856529998e-07
654 1.9699230632823707e-07
655 1.5305020465765097e-07
656 1.1804688192761162e-07
657 1.2244959593514963e-07
658 1.4248381566164278e-07
659 9.184013176971458e-08
660 1.2584786458980885e-07
661 1.5048500280176597e-07
662 1.0830907365546225e-07
663 1.5028155648555253e-07
664 1.5883870930986092e-07
665 1.7207017963763443e-07
666 1.465852017023335e-07
667 1.5661122296031864e-07
668 1.8627161858286966e-07
669 1.626599004545209e-07
670 1.344538100436589e-07
671 1.0608529201124358e-07
672 1.9134757085208555e-07
673 2.0307949417820902e-07
674 9.542846134410672e-08
675 1.5932028249666755e-07
676 1.5021127443810583e-07
677 1.488862870481266e-07
678 1.8533870982585217e-07
679 2.0548427992299607e-07
680 1.7803047196103014e-07
681 1.9874436630800109e-07
682 1.7041839854349993e-07
683 1.424985059049734e-07
684 1.4974133788181397e-07
685 1.7119465511815753e-07
686 1.5752115591680324e-07
687 1.968159742591285e-07
688 9.841133604179492e-08
689 1.2561301416424601e-07
690 9.82162003936723e-08
691 1.219414581527927e-07
692 1.6393570839050733e-07
693 1.3323836114634702e-07
694 1.8871117231600792e-07
695 1.3258448111580432e-07
696 1.495698550001471e-07
697 1.953133113913434e-07
698 1.3017596192182313e-07
699 1.4807645059287851e-07
700 1.1098285599376137e-07
701 1.7836329807508263e-07
702 1.283414722949557e-07
703 1.434901514739791e-07
704 1.6807266157766513e-07
705 1.609678099658916e-07
706 1.5038312638926385e-07
707 1.5668649732501875e-07
708 1.7391481641953722e-07
709 1.8409607704259146e-07
710 1.1576451542107594e-07
711 1.0692019003027762e-07
712 1.9464487326623592e-07
713 1.0326270971407209e-07
714 1.6367526509195874e-07
715 1.6150891779331778e-07
716 1.1872563207129867e-07
717 1.730329603231565e-07
718 2.0131000400836255e-07
719 1.7352486391089427e-07
720 1.5561874745930395e-07
721 1.1501761736334474e-07
722 1.5336005624073736e-07
723 2.3042253036842033e-07
724 1.5654199928171278e-07
725 1.3696720583164573e-07
726 1.7161628174774992e-07
727 1.6013059791197e-07
728 1.3565286737939053e-07
729 2.2403970612069664e-07
730 1.455938368599939e-07
731 8.658222186592301e-08
732 1.1614425461789152e-07
733 1.8046156991822497e-07
734 1.6327157314749135e-07
735 1.8410381745844077e-07
736 1.7163099263210292e-07
737 1.6587241612858176e-07
738 1.1014174043950232e-07
739 1.7689826555158254e-07
740 1.6292738627348561e-07
741 1.7813431138015706e-07
742 1.5456511778898084e-07
743 1.392986586484405e-07
744 1.7210402446942584e-07
745 1.9099614810282546e-07
746 2.1324669363829235e-07
747 1.722074930867539e-07
748 1.6721757525553616e-07
749 1.027713829007133e-07
750 1.1335607261551097e-07
751 1.4983597211138335e-07
752 1.4770993900421993e-07
753 1.428791153809436e-07
754 1.8579233126917345e-07
755 1.1239872586517669e-07
756 1.1131090546046733e-07
757 1.6331461316502674e-07
758 2.0556960142655575e-07
759 1.518996838750736e-07
760 1.8637563227077313e-07
761 1.1584897972947916e-07
762 1.6475228237860092e-07
763 1.4605915418935527e-07
764 1.0469481457727803e-07
765 1.7025791475172755e-07
766 1.4894408661415453e-07
767 1.2156846671031856e-07
768 1.5974723602970676e-07
769 1.8372192376390463e-07
770 1.8895944639254815e-07
771 1.5714246901155117e-07
772 1.531094273317456e-07
773 2.516051503193092e-07
774 1.319197670069747e-07
775 1.4038606365986393e-07
776 1.7308638164200362e-07
777 1.590544264023946e-07
778 2.0789371549750874e-07
779 1.6371139139691148e-07
780 1.5607144392913343e-07
781 1.6821338220968558e-07
782 1.5365424904796553e-07
783 1.4394580357112685e-07
784 1.3194941772940002e-07
785 1.4458653457934219e-07
786 1.766186364845111e-07
787 1.592228085376341e-07
788 1.1160914793829468e-07
789 1.6145076342615818e-07
790 1.8679363633155482e-07
791 1.3379894900361976e-07
792 1.1842500821002398e-07
793 1.7612873856223554e-07
794 1.4812777437301138e-07
795 1.628629930104408e-07
796 1.8062047862292905e-07
797 1.947959936234575e-07
798 1.791950140786804e-07
799 1.5948860995451546e-07
800 1.1685504779428764e-07
801 9.193521002201333e-08
802 1.7920723039546402e-07
803 1.9609551290302772e-07
804 1.6784179106112252e-07
805 1.1155954647248216e-07
806 1.2982419439264525e-07
807 9.8464659869018e-08
808 1.5676638704318274e-07
809 1.3157179326555544e-07
810 1.562758451398233e-07
811 1.7657970463777719e-07
812 1.492197549059683e-07
813 1.4959151965535094e-07
814 1.4347690299703893e-07
815 1.8535392948789044e-07
816 2.3138482503693072e-07
817 1.414094570164067e-07
818 1.868275946965574e-07
819 1.7773495472379983e-07
820 1.5315044557113247e-07
821 1.9105926509285686e-07
822 1.7110340128133775e-07
823 1.623031811309484e-07
824 1.0262501802000037e-07
825 1.2374893424430392e-07
826 1.5681024632919012e-07
827 1.7701810108294144e-07
828 1.4846374566645338e-07
829 1.1799702524581545e-07
830 1.590361148506559e-07
831 1.8057499643912602e-07
832 1.0138899889200308e-07
833 1.269484969867066e-07
834 2.0601084529723826e-07
835 1.7438938691706003e-07
836 1.914055329324861e-07
837 1.716138070580699e-07
838 1.4929413171158588e-07
839 1.4654548600918905e-07
840 1.419088197391311e-07
841 7.597791178980983e-08
842 1.3311574315044555e-07
843 2.0170211468075403e-07
844 1.3710326662386485e-07
845 1.8909420378911102e-07
846 9.02507485392462e-08
847 1.716824899261009e-07
848 9.937713001950648e-08
849 1.67406185640568e-07
850 1.3687482202991144e-07
851 1.2974636235188268e-07
852 1.458197869427327e-07
853 1.2412541278796163e-07
854 1.5690353405489794e-07
855 1.2871077254088982e-07
856 1.4210173464390658e-07
857 1.2617351390101908e-07
858 9.005085086056734e-08
859 1.7387287590890477e-07
860 9.578534385506566e-08
861 1.0293340473821256e-07
862 1.1737729845168487e-07
863 1.7772582140223493e-07
864 1.3898063150382073e-07
865 1.3907038311810702e-07
866 1.8291476904267336e-07
867 1.6773137302532574e-07
868 9.385123923223939e-08
869 2.1152113258288814e-07
870 1.9947741505252057e-07
871 1.0977512517751662e-07
872 1.3815319117123585e-07
873 1.3632390093218073e-07
874 1.5609174932861782e-07
875 1.554306438841212e-07
876 1.4074899360113003e-07
877 1.4520796947031566e-07
878 1.6036903086320373e-07
879 1.6333146919873545e-07
880 1.4826721321545698e-07
881 1.5655170383609364e-07
882 1.2177844870673023e-07
883 1.2425677336377802e-07
884 1.539661682810294e-07
885 1.183607389955975e-07
886 1.2837205395007346e-07
887 1.1440298083662045e-07
888 9.518712889490822e-08
889 1.2443309084742933e-07
890 1.3924106118377373e-07
891 1.8437467724534675e-07
892 1.2647966640403872e-07
893 9.76166940668816e-08
894 9.684885066310732e-08
895 1.0970577038104651e-07
896 1.1269671247833138e-07
897 1.5905281899912824e-07
898 1.0171178742803874e-07
899 2.0544774006350202e-07
900 1.7066063487079094e-07
901 1.5429989475780008e-07
902 1.281494170199687e-07
903 1.6870018210850168e-07
904 1.5066108105291193e-07
905 1.3321671130644006e-07
906 1.3785436927127784e-07
907 1.392830556064624e-07
908 1.6646747770340016e-07
909 2.2046410219795116e-07
910 1.91996479893147e-07
911 9.556813922461033e-08
912 1.3512904961146306e-07
913 1.7867882601445683e-07
914 1.2623210071561333e-07
915 1.5933157109236039e-07
916 1.4146320485357514e-07
917 1.6548905848189428e-07
918 9.293921371223028e-08
919 1.5274468850946206e-07
920 1.154798588040483e-07
921 1.7302030413167277e-07
922 1.5502994110367157e-07
923 2.0515552205931666e-07
924 1.3542190914559424e-07
925 1.864583846539635e-07
926 1.1566351642996163e-07
927 8.110378308893956e-08
928 1.975780231884109e-07
929 1.0927982445267355e-07
930 1.3626471084073702e-07
931 1.2555508301412597e-07
932 1.737840699353059e-07
933 1.3339930859703228e-07
934 1.475320978261231e-07
935 1.7500402764703422e-07
936 1.8823345820686425e-07
937 1.490238314539739e-07
938 1.4717350993897584e-07
939 7.718472064796922e-08
940 1.2277810596526773e-07
941 1.7306515138369826e-07
942 2.2758683232284564e-07
943 1.0657451169268778e-07
944 1.7484706067906503e-07
945 1.8655120101660299e-07
946 1.2830339794732376e-07
947 1.199518901158997e-07
948 1.1839264006436935e-07
949 1.7124262212834373e-07
950 1.568427946878687e-07
951 2.0217756707537674e-07
952 7.622152130855853e-08
953 1.103762458692258e-07
954 1.5846551766562388e-07
955 2.2400771720581732e-07
956 1.5313443338729195e-07
957 2.139183431122934e-07
958 1.1876857328978134e-07
959 1.4821183724814865e-07
960 2.0935190757730331e-07
961 1.777399304450691e-07
962 1.1057164497553076e-07
963 9.52014173568597e-08
964 1.7494408841434182e-07
965 1.6063259852182675e-07
966 1.2058566271671585e-07
967 1.8738721606596325e-07
968 1.4688050001165765e-07
969 1.2321964137796265e-07
970 1.5481585386376568e-07
971 8.655984724693564e-08
972 1.5022121432585152e-07
973 1.7035209552242794e-07
974 1.6262046084442066e-07
975 1.3273225764672647e-07
976 1.278652961498927e-07
977 1.4820144173387496e-07
978 1.5156485981940965e-07
979 1.9280528827319025e-07
980 9.918931571834292e-08
981 1.2863916190183637e-07
982 1.64270408703709e-07
983 1.1652518489916581e-07
984 1.294914537404007e-07
985 6.99307104483564e-08
986 1.4970753446202316e-07
987 1.7003086188184576e-07
988 1.399356663159823e-07
989 1.882422783869966e-07
990 1.3325616383769054e-07
991 1.2371924157326607e-07
992 1.5576731366671477e-07
993 1.3969264010186632e-07
994 1.6772578556844814e-07
995 1.1934857447408242e-07
996 1.653448957590947e-07
997 1.4561787842450627e-07
998 1.0231199522724304e-07
999 1.9165372068806526e-07
