0 5.698514760829177e-07
1 4.382070518842088e-07
2 5.794909485728835e-07
3 4.508246215833499e-07
4 4.970171280443392e-07
5 5.128387709162187e-07
6 4.438421885534403e-07
7 5.148020529087565e-07
8 6.358962810038233e-07
9 4.802067494384823e-07
10 4.4584234698593403e-07
11 4.0497933055807837e-07
12 5.321116537007454e-07
13 4.4703514428348824e-07
14 5.152225875879686e-07
15 6.06712855276308e-07
16 4.66151147133956e-07
17 5.261486816685972e-07
18 4.862196376713184e-07
19 5.707852062237795e-07
20 4.0059508648006205e-07
21 6.446729920945962e-07
22 4.85085767870003e-07
23 5.5246685283328e-07
24 5.682015397063123e-07
25 5.1068798948328e-07
26 5.197122355225304e-07
27 5.333487526231097e-07
28 5.869480043422472e-07
29 4.766269958800932e-07
30 5.067381914423297e-07
31 4.4273500244696926e-07
32 5.190901958825741e-07
33 5.204875127024532e-07
34 5.218755807549502e-07
35 5.628251122756963e-07
36 5.498378545646737e-07
37 5.299908570061573e-07
38 5.063399794402515e-07
39 5.113509766447671e-07
40 5.75780160634882e-07
41 4.2701936241797517e-07
42 5.476577603033471e-07
43 5.002894175356571e-07
44 4.760372966168397e-07
45 5.968755787509109e-07
46 4.771870348900868e-07
47 5.30367073547293e-07
48 4.945991700112069e-07
49 4.4628274862017625e-07
50 5.062801183349705e-07
51 5.083790838656168e-07
52 4.591356744658625e-07
53 5.610171029374016e-07
54 4.871100421860864e-07
55 4.934021530904517e-07
56 4.731202820410864e-07
57 4.573470739579845e-07
58 4.299059069948216e-07
59 5.805822829077221e-07
60 5.278514557483152e-07
61 4.7109909164611225e-07
62 4.927807922791544e-07
63 5.750994759617335e-07
64 5.129758493037812e-07
65 4.086849069473152e-07
66 4.484252737177214e-07
67 4.908615858999221e-07
68 5.697441524471167e-07
69 5.219782673610368e-07
70 5.240122417996701e-07
71 5.038892741421895e-07
72 5.323952889998257e-07
73 4.4836602973682965e-07
74 5.24306889405147e-07
75 4.4862298543396815e-07
76 6.072105353796484e-07
77 5.173170277888177e-07
78 6.39852365462228e-07
79 4.858644836012988e-07
80 4.7118067789660167e-07
81 5.421466610472638e-07
82 4.6991556280401755e-07
83 4.944010866298569e-07
84 4.828180916090098e-07
85 5.980303745113752e-07
86 5.998702218961389e-07
87 5.083149614375401e-07
88 5.806054140752452e-07
89 4.816219271901386e-07
90 4.660301644144445e-07
91 5.465916791044698e-07
92 5.841821728300538e-07
93 5.26116583786557e-07
94 5.519538376237607e-07
95 5.621051508537893e-07
96 5.741530189307475e-07
97 4.867057107988033e-07
98 5.535728677565808e-07
99 5.374531996453166e-07
100 4.5437643725417983e-07
101 6.571809558969675e-07
102 6.14855817061428e-07
103 4.4762910143021954e-07
104 4.946312691657075e-07
105 6.419652207980529e-07
106 5.802882576455351e-07
107 4.25663377850538e-07
108 5.127276273273254e-07
109 5.180534686601936e-07
110 4.978714548705523e-07
111 4.6657229120739753e-07
112 4.877151915079162e-07
113 5.678809567695327e-07
114 5.185911331243183e-07
115 5.401041939940035e-07
116 5.32669336945646e-07
117 5.107363519243437e-07
118 4.796725090715714e-07
119 4.4600180654778953e-07
120 5.600524618457142e-07
121 5.427414121591216e-07
122 6.021577961091328e-07
123 6.052215560282957e-07
124 5.262135913512556e-07
125 4.520180462654754e-07
126 5.196656733129096e-07
127 5.332080641813462e-07
128 5.230601041808059e-07
129 5.201657419043807e-07
130 4.339085221708744e-07
131 6.262946856276386e-07
132 5.708535145237566e-07
133 4.613696219627866e-07
134 5.5724135253742e-07
135 5.344325364079581e-07
136 5.477427647846136e-07
137 4.7441017214890576e-07
138 4.4745221949113543e-07
139 5.217794107190615e-07
140 5.361298166275258e-07
141 5.260115194691039e-07
142 5.614928679370633e-07
143 5.663953270914534e-07
144 3.6986368004709473e-07
145 4.803441168611243e-07
146 5.714863821369767e-07
147 4.660348704286662e-07
148 5.785564055472457e-07
149 5.546989140082682e-07
150 4.370339169077768e-07
151 6.854606629375384e-07
152 6.185474784586997e-07
153 5.289525578907556e-07
154 4.742946486372248e-07
155 5.893552305401724e-07
156 5.788057069341668e-07
157 5.606383095660594e-07
158 6.165179297487121e-07
159 5.468084001127557e-07
160 6.080482399169533e-07
161 4.941755524036272e-07
162 5.342536463156879e-07
163 6.070680431821779e-07
164 5.23403257824292e-07
165 5.043668867044332e-07
166 5.196556924441135e-07
167 6.205681224706438e-07
168 5.414173732376382e-07
169 4.1438147722005624e-07
170 4.821536529369478e-07
171 5.251201340782985e-07
172 5.620504629960437e-07
173 4.948384345191197e-07
174 5.820035710317333e-07
175 5.319717281354235e-07
176 5.144078152144642e-07
177 3.9133691584213857e-07
178 4.913465911414884e-07
179 5.451289882079538e-07
180 5.194631089486255e-07
181 4.5831286617630186e-07
182 4.394769489874915e-07
183 5.951078985121123e-07
184 6.527084289375069e-07
185 5.004564796509302e-07
186 5.106325362422722e-07
187 6.920971164894615e-07
188 5.650806747805982e-07
189 5.923735887502786e-07
190 6.42093591494442e-07
191 5.191002675920635e-07
192 5.928409066454874e-07
193 5.015373485235318e-07
194 4.2426705165457337e-07
195 5.62461122612573e-07
196 5.821421118185817e-07
197 4.371169644709651e-07
198 4.769614032711892e-07
199 4.883481872517461e-07
200 4.521187161342098e-07
201 5.388789411613177e-07
202 5.219071689906725e-07
203 4.0728544163462945e-07
204 5.922627420548608e-07
205 6.386761345530971e-07
206 4.87656670712565e-07
207 5.008369874775245e-07
208 4.7046161915454036e-07
209 5.076196317472365e-07
210 5.609915050155515e-07
211 5.18165351994607e-07
212 5.089739804950673e-07
213 5.314516978425605e-07
214 6.305431818113719e-07
215 4.542363962668709e-07
216 5.363131189150928e-07
217 5.429157475866307e-07
218 5.177029380567693e-07
219 4.5653938982642833e-07
220 4.5164490653627445e-07
221 4.7043651229669343e-07
222 4.960674273229244e-07
223 5.282155392928881e-07
224 5.895103140341444e-07
225 4.937241553699229e-07
226 5.488252510327687e-07
227 4.876014513035107e-07
228 4.80407575159162e-07
229 5.339178137360482e-07
230 5.120937271707078e-07
231 5.543949096617884e-07
232 4.882982397761917e-07
233 5.417166057783669e-07
234 5.218460960810818e-07
235 5.044601011968271e-07
236 5.113728787806418e-07
237 4.650991562511075e-07
238 5.212883709872479e-07
239 5.498647362205647e-07
240 4.3813154226996317e-07
241 5.190788303284001e-07
242 4.916843959878955e-07
243 5.820555715122728e-07
244 5.45014525576077e-07
245 5.050576493795972e-07
246 5.068029312735483e-07
247 4.733365053635716e-07
248 5.191530413367544e-07
249 5.300178481763681e-07
250 5.595962725560775e-07
251 5.891437104866696e-07
252 4.42015103221331e-07
253 4.993184267232585e-07
254 5.417183563888909e-07
255 5.662392004614951e-07
256 4.820807457786233e-07
257 4.93794324741116e-07
258 4.869368867687236e-07
259 5.617700343657554e-07
260 5.084709969628091e-07
261 4.4741126769986457e-07
262 5.248781730185773e-07
263 4.713011762104953e-07
264 4.794799272891529e-07
265 5.51685530127821e-07
266 6.020061141702315e-07
267 5.497713363081765e-07
268 5.726986551012065e-07
269 5.362119353094283e-07
270 5.158343929781037e-07
271 5.101333985409628e-07
272 5.571653971912021e-07
273 5.277275559082092e-07
274 4.98254165662046e-07
275 6.177372004416498e-07
276 5.346786161925065e-07
277 6.050410383597901e-07
278 4.985021331421416e-07
279 4.328766045373464e-07
280 4.575870834625223e-07
281 6.343729609070051e-07
282 5.117383796504549e-07
283 5.194856331920227e-07
284 6.47285618417035e-07
285 5.067042202876434e-07
286 5.846378370906744e-07
287 5.836173655238939e-07
288 4.6021660004113947e-07
289 5.153981398485702e-07
290 5.258754007719461e-07
291 6.214972893463849e-07
292 4.923419907597006e-07
293 5.127022236624981e-07
294 5.342380276216916e-07
295 4.2414957477815476e-07
296 4.993447415302521e-07
297 5.166664986479527e-07
298 5.163510751928365e-07
299 5.367074148177173e-07
300 4.4874211468957235e-07
301 5.596771292846862e-07
302 4.869978616949742e-07
303 5.641622725278117e-07
304 5.349134997672072e-07
305 5.948718435115546e-07
306 5.690387390028585e-07
307 5.850268076456084e-07
308 5.672516132415358e-07
309 5.053959230703386e-07
310 5.476766614991434e-07
311 4.7577119398034065e-07
312 5.276764568354477e-07
313 4.494268421915999e-07
314 5.407843090621093e-07
315 5.855816548874411e-07
316 5.665847101450993e-07
317 5.207795856133418e-07
318 5.376092474976797e-07
319 5.222671227829513e-07
320 4.996666517473538e-07
321 4.879367132570273e-07
322 4.334312211515571e-07
323 5.145528783897421e-07
324 5.506245261659737e-07
325 5.641830236931383e-07
326 4.5671476747256434e-07
327 4.417522347740881e-07
328 5.342343921551304e-07
329 4.7478568423591365e-07
330 5.951824104863585e-07
331 4.782955703790308e-07
332 5.134155485283062e-07
333 5.335732755090001e-07
334 4.221555143050264e-07
335 5.925294790825344e-07
336 4.771229774641151e-07
337 4.456743002962449e-07
338 6.667170565254006e-07
339 5.596303855898419e-07
340 5.198851949690665e-07
341 4.2088728805185654e-07
342 5.368984946756074e-07
343 5.86247546399105e-07
344 6.0892406459051e-07
345 5.2839038594291e-07
346 4.891553175981897e-07
347 4.876922729960443e-07
348 5.621018426665319e-07
349 4.826994172335485e-07
350 5.252659738190233e-07
351 4.779717415495202e-07
352 5.626439080492057e-07
353 5.367048881512839e-07
354 4.392235318597087e-07
355 4.552696303252756e-07
356 4.522867784472045e-07
357 5.131879109039964e-07
358 4.199188394783125e-07
359 5.276975185420364e-07
360 4.154126013449031e-07
361 5.078280739756203e-07
362 3.6729072592557173e-07
363 4.897874612227829e-07
364 4.780401361580842e-07
365 5.330445831529356e-07
366 6.086964234822969e-07
367 5.229110224614108e-07
368 5.318566325627787e-07
369 5.185206800665985e-07
370 4.803083879950653e-07
371 4.3227311679278485e-07
372 4.2126607496878675e-07
373 5.248769140324091e-07
374 4.956761550853202e-07
375 5.014600340769603e-07
376 5.219095957989193e-07
377 4.7214736685599623e-07
378 4.707800471075559e-07
379 5.483307029008233e-07
380 5.328362473818078e-07
381 4.691328762888439e-07
382 5.15896431642005e-07
383 5.775897144813264e-07
384 5.337895330927702e-07
385 5.260318785497193e-07
386 4.934340991338083e-07
387 5.142072620500785e-07
388 5.773499631151866e-07
389 6.112367323071871e-07
390 4.823250089061371e-07
391 5.341289941906499e-07
392 5.109184065099951e-07
393 5.408563834736222e-07
394 4.975039607636139e-07
395 4.988048524169368e-07
396 5.314477705948689e-07
397 5.600025845790301e-07
398 5.338799298589586e-07
399 4.589357780169633e-07
400 5.920619312488369e-07
401 5.252243303380411e-07
402 5.106983858579752e-07
403 4.841004220103843e-07
404 4.5939209574414016e-07
405 5.467978190938883e-07
406 4.156553256320524e-07
407 5.238233441503015e-07
408 5.879878209104046e-07
409 5.757284500246399e-07
410 4.3800258850169237e-07
411 6.26277556493919e-07
412 4.6764861897299744e-07
413 5.205876274292649e-07
414 4.759826986834104e-07
415 5.329637658362474e-07
416 4.7219945243576725e-07
417 5.60834402707309e-07
418 4.6856618821319635e-07
419 4.975110837303093e-07
420 4.852359896484638e-07
421 5.948880830929884e-07
422 4.912000076050746e-07
423 5.039677639908778e-07
424 5.16146835071092e-07
425 4.0983480290683185e-07
426 4.814132081570098e-07
427 5.101239065193137e-07
428 5.817994798153256e-07
429 4.793296052441499e-07
430 4.994278575826864e-07
431 5.383480238549471e-07
432 5.870359608111312e-07
433 6.567974596263287e-07
434 5.09091638140472e-07
435 5.145279471707946e-07
436 4.183049465853366e-07
437 4.7171023933637177e-07
438 5.614698638155058e-07
439 5.249296366233809e-07
440 5.201223654899781e-07
441 4.916941427288488e-07
442 4.794171162998835e-07
443 4.4297189221394934e-07
444 4.769855407274284e-07
445 5.36469833817022e-07
446 5.938664058768322e-07
447 5.228887542351913e-07
448 6.356417449384884e-07
449 5.49575968072173e-07
450 5.458863563657684e-07
451 4.881784761570547e-07
452 5.185330994221419e-07
453 5.62610477553775e-07
454 5.49313598114675e-07
455 4.941951912898553e-07
456 5.348770601452133e-07
457 5.731332271991079e-07
458 5.183300447422324e-07
459 5.352325807568423e-07
460 5.959824910231035e-07
461 5.838718810745385e-07
462 5.187607658541764e-07
463 4.2031749612192263e-07
464 5.790626637832175e-07
465 4.627758763202675e-07
466 4.562700782219857e-07
467 5.11219943000569e-07
468 5.106487227245786e-07
469 4.906064868652675e-07
470 4.732422204090081e-07
471 6.46644922376392e-07
472 5.714660481971155e-07
473 5.407227769034729e-07
474 4.450061333751621e-07
475 5.765601967920491e-07
476 5.684090993069909e-07
477 4.820194751114329e-07
478 5.431156234600614e-07
479 6.373330981242972e-07
480 4.3728653189678833e-07
481 5.459733171261751e-07
482 5.266183205355071e-07
483 4.078772366245631e-07
484 4.949681574421018e-07
485 5.049436734790009e-07
486 6.273498769604592e-07
487 4.6022668047664753e-07
488 5.458548122126863e-07
489 6.201377753749605e-07
490 5.843739789298357e-07
491 5.199627328379374e-07
492 5.792646681707405e-07
493 5.126269996167495e-07
494 4.86191749358831e-07
495 5.355991160834991e-07
496 5.935695583840408e-07
497 4.724519225876328e-07
498 4.432163379391161e-07
499 5.310134006739324e-07
500 5.133329763308842e-07
501 5.60096759622703e-07
502 5.107886779007687e-07
503 5.421738461265231e-07
504 3.6550484654201944e-07
505 5.36637370848376e-07
506 5.281108287393707e-07
507 5.240893377623639e-07
508 5.657634887465167e-07
509 4.7341413157766536e-07
510 5.205410057994743e-07
511 5.454525298998351e-07
512 5.30801009408491e-07
513 4.853947442405275e-07
514 5.417012700230415e-07
515 6.509874175062725e-07
516 4.972254845507871e-07
517 5.181285675309903e-07
518 5.863279390855489e-07
519 4.976309251729254e-07
520 5.50955027975892e-07
521 5.313513978074213e-07
522 4.5442796788704685e-07
523 5.757709035250879e-07
524 4.2523115581867625e-07
525 5.156183256753817e-07
526 5.203589922897935e-07
527 5.064010550845611e-07
528 5.845939541785529e-07
529 4.780921878383134e-07
530 4.806614417326775e-07
531 4.990540081395806e-07
532 4.5424612340537086e-07
533 5.001238744328602e-07
534 4.1798563530038027e-07
535 5.326969593391915e-07
536 5.07354779402829e-07
537 4.4425615526889295e-07
538 5.928038373956195e-07
539 5.004765066864958e-07
540 5.238067801522257e-07
541 5.60632139689552e-07
542 5.745271101167361e-07
543 4.98389860603181e-07
544 5.250037545335617e-07
545 4.6966668594345197e-07
546 4.974974368531609e-07
547 6.206548203850931e-07
548 4.7229252089117155e-07
549 4.920283966913442e-07
550 5.650497332986506e-07
551 4.3353177497867846e-07
552 4.730074291352364e-07
553 4.845085694562668e-07
554 5.659539935462121e-07
555 5.110955916881108e-07
556 4.89301969716004e-07
557 4.520018583993729e-07
558 5.836308199906959e-07
559 4.886934153040875e-07
560 5.569425336080193e-07
561 4.3731709654528175e-07
562 6.509225576423223e-07
563 5.903147342524462e-07
564 4.877375887931058e-07
565 4.6064519621740575e-07
566 4.932166455011264e-07
567 5.183560775783361e-07
568 5.988580601006265e-07
569 6.499391023792417e-07
570 5.433092101422907e-07
571 5.180379634998405e-07
572 5.796348886338862e-07
573 4.736857076035223e-07
574 4.967312540812337e-07
575 5.099436449519282e-07
576 4.293089921055264e-07
577 4.6232221762976367e-07
578 5.775311472373623e-07
579 5.14847426757406e-07
580 5.504048472390971e-07
581 5.514876178368532e-07
582 5.443223377768952e-07
583 4.57052042137634e-07
584 3.964065864648369e-07
585 5.325048335406608e-07
586 5.221911749908161e-07
587 5.330570670821827e-07
588 5.17218241467991e-07
589 5.334739823802371e-07
590 4.206588868786953e-07
591 5.415163720238197e-07
592 4.899734046698675e-07
593 5.69079613534156e-07
594 5.113075012862987e-07
595 4.4944763585525863e-07
596 4.955956407459735e-07
597 4.4992031444606345e-07
598 5.34013144618506e-07
599 4.944291585609978e-07
600 5.142894141267393e-07
601 4.3556790837042726e-07
602 4.880873724943969e-07
603 4.4007144080479383e-07
604 5.472459988378543e-07
605 4.246393309902473e-07
606 6.121038954665722e-07
607 4.5566526747945187e-07
608 5.529197090780984e-07
609 4.728576295010689e-07
610 5.193135378219716e-07
611 5.009244668321696e-07
612 4.248402036850637e-07
613 5.813850220966946e-07
614 4.539503398724003e-07
615 5.1411976866739e-07
616 5.346624826684435e-07
617 5.481655145198763e-07
618 5.210523451849184e-07
619 4.429080197333315e-07
620 5.139118288328269e-07
621 5.505584681382579e-07
622 5.805950205455902e-07
623 4.88556724718779e-07
624 5.847628451682212e-07
625 5.5921979667778e-07
626 5.184300639394587e-07
627 5.420244964564114e-07
628 5.575920411776349e-07
629 5.47784155798983e-07
630 5.363752772223412e-07
631 5.374907638946909e-07
632 5.429944899635877e-07
633 4.5701693203670007e-07
634 5.858283641096384e-07
635 4.732558770843884e-07
636 5.254356101149604e-07
637 5.385639902981021e-07
638 5.114024410057955e-07
639 5.28564517254224e-07
640 5.932189046994963e-07
641 6.14154464446845e-07
642 4.7563714994392216e-07
643 5.58700383085677e-07
644 5.474017076699302e-07
645 5.416938522789119e-07
646 4.754105450790109e-07
647 5.089190073737681e-07
648 5.652398940070004e-07
649 6.286580681222028e-07
650 5.412026384413463e-07
651 5.460067611494422e-07
652 5.46402856293398e-07
653 5.778276397972384e-07
654 4.461010014669343e-07
655 5.160012488254582e-07
656 5.78278315294814e-07
657 5.851644547670328e-07
658 5.628055850159622e-07
659 6.135857707138359e-07
660 5.415794466184295e-07
661 5.510166910171683e-07
662 5.550406997913844e-07
663 4.801635226218396e-07
664 4.895539417005746e-07
665 4.971477411969626e-07
666 5.122305873201233e-07
667 5.232942991095088e-07
668 4.875044519351338e-07
669 4.900376717412494e-07
670 5.726915606425291e-07
671 6.106041437073478e-07
672 4.6965245780406804e-07
673 4.4010209166037785e-07
674 5.934789620515478e-07
675 4.782434010482262e-07
676 4.960850572983431e-07
677 4.635765226687103e-07
678 4.4372215372952405e-07
679 4.6727919191390934e-07
680 4.6583214689311306e-07
681 4.789831063727404e-07
682 4.5883465755369405e-07
683 5.167738282672992e-07
684 5.33648056691963e-07
685 5.066048903453175e-07
686 5.123475987335581e-07
687 4.542625913160592e-07
688 5.811643831537588e-07
689 5.485190749312069e-07
690 6.332727562381427e-07
691 5.398869408227946e-07
692 4.788362162226509e-07
693 5.37752717008426e-07
694 4.5133314717708774e-07
695 5.580835669366713e-07
696 5.216078407322744e-07
697 4.311698321545605e-07
698 5.331294809127236e-07
699 5.538119368724528e-07
700 6.080138291992239e-07
701 5.053599042836922e-07
702 5.850126563783305e-07
703 5.449788306483039e-07
704 5.284030614089622e-07
705 4.96426884218547e-07
706 5.723374219899404e-07
707 4.884498555000013e-07
708 5.29397000307123e-07
709 4.715981007660529e-07
710 5.600757181458579e-07
711 6.410929912943726e-07
712 4.2825041226634024e-07
713 6.244441965342151e-07
714 4.771740166849587e-07
715 5.151281367145548e-07
716 5.611814453734323e-07
717 4.943177335944899e-07
718 4.741609923859022e-07
719 4.5962190764124647e-07
720 5.243756984942119e-07
721 5.513101699880897e-07
722 4.7570448703661345e-07
723 4.287017660739052e-07
724 4.756617148925646e-07
725 4.789290115263066e-07
726 5.04578202883089e-07
727 5.292918885417973e-07
728 5.393537868772115e-07
729 4.254961935512713e-07
730 5.081085148443092e-07
731 6.197065319387887e-07
732 6.089898141463191e-07
733 4.905068431757169e-07
734 4.986186929257539e-07
735 4.479160105506069e-07
736 5.24699356688522e-07
737 5.084766233629268e-07
738 5.894689921918838e-07
739 4.639917392157746e-07
740 5.091461989512244e-07
741 4.4190090835541303e-07
742 5.253757637687245e-07
743 5.245912892068385e-07
744 4.370369197794563e-07
745 4.084641704352501e-07
746 4.6971110127831916e-07
747 5.12620690711373e-07
748 4.848181060902098e-07
749 5.966708521931304e-07
750 5.730426994224237e-07
751 5.47668605561147e-07
752 5.197128891216723e-07
753 5.200108122298841e-07
754 4.97696491326649e-07
755 5.756339752375444e-07
756 5.487650774632037e-07
757 4.6926633583796965e-07
758 4.109069931862669e-07
759 4.827942523550561e-07
760 5.012162228437048e-07
761 5.646660256077197e-07
762 4.864414018072974e-07
763 5.335248006958473e-07
764 5.21215322043685e-07
765 5.607663653539882e-07
766 5.274995164072569e-07
767 5.750402894696564e-07
768 5.761239060797944e-07
769 4.29364972234725e-07
770 4.3093633183763247e-07
771 5.050254663234395e-07
772 4.954790444013203e-07
773 3.8722021535777055e-07
774 5.780965535406437e-07
775 5.648619762831797e-07
776 4.901314210117238e-07
777 4.6926347633941803e-07
778 4.296363211835383e-07
779 5.36156217310546e-07
780 5.306176205209879e-07
781 5.260894995451057e-07
782 5.635143077834517e-07
783 5.482197646718593e-07
784 5.408071424675636e-07
785 5.612669854800322e-07
786 5.1437927039938e-07
787 4.860725901621202e-07
788 5.813983965129349e-07
789 5.201568235181476e-07
790 4.4387434184699037e-07
791 5.318257446694985e-07
792 5.655871714455194e-07
793 4.650920360819392e-07
794 5.103087721545672e-07
795 5.440949235400108e-07
796 4.714844528416598e-07
797 4.464439009714194e-07
798 5.021322531994622e-07
799 5.538886344336952e-07
800 5.611290798392092e-07
801 6.09487289212421e-07
802 4.371533300818961e-07
803 4.7393618500464296e-07
804 4.79796650083656e-07
805 5.637863789229487e-07
806 5.500142862767646e-07
807 6.287689398320887e-07
808 4.917478468676068e-07
809 5.55016719797038e-07
810 4.936352485165735e-07
811 4.994756778407521e-07
812 5.325846358227986e-07
813 5.591220583893818e-07
814 5.488342240498364e-07
815 4.307695006353765e-07
816 4.0428687603303675e-07
817 4.879402283011391e-07
818 4.924313613177695e-07
819 5.186217556433296e-07
820 5.302003385999777e-07
821 4.75451426221121e-07
822 4.815546319568062e-07
823 5.368890697260671e-07
824 5.307239745199672e-07
825 5.837814563420171e-07
826 5.141383797667216e-07
827 5.025941120203827e-07
828 5.781966553937887e-07
829 5.699937934514875e-07
830 5.251763867610298e-07
831 5.032464895808433e-07
832 5.429177318454745e-07
833 5.570561569919342e-07
834 4.6015390022972747e-07
835 4.7067790554803926e-07
836 4.523060677421005e-07
837 5.082454242863593e-07
838 5.522011632585578e-07
839 5.411082602718639e-07
840 5.780204277532526e-07
841 6.642512588361269e-07
842 5.776763350029648e-07
843 4.414508091273481e-07
844 5.854960082742205e-07
845 4.6914960572716724e-07
846 5.946278829696879e-07
847 5.208022697803866e-07
848 5.834055413494692e-07
849 5.212735394373841e-07
850 5.543259290875022e-07
851 5.80641489913301e-07
852 5.103452683589005e-07
853 5.995817445456098e-07
854 5.701710058605729e-07
855 5.643350870902914e-07
856 4.938295435054141e-07
857 5.183434457451661e-07
858 6.131481767648203e-07
859 4.773082007555074e-07
860 6.056585207860995e-07
861 6.290317101901398e-07
862 5.42957404004349e-07
863 4.942407245279423e-07
864 4.886729332481729e-07
865 5.633455967785318e-07
866 4.5117750507809283e-07
867 5.339709231973365e-07
868 6.136665586848871e-07
869 4.682789866515699e-07
870 4.2946481984264e-07
871 6.012018251888714e-07
872 5.929306234554519e-07
873 5.208023710256571e-07
874 4.935592451173831e-07
875 4.995839278029783e-07
876 5.43155580594922e-07
877 5.513390513266143e-07
878 4.992746904900104e-07
879 5.074654127881222e-07
880 5.082129141922011e-07
881 5.146405558041874e-07
882 5.574770824520995e-07
883 5.160429233621442e-07
884 5.203494763097562e-07
885 5.770205871025133e-07
886 5.223273683243719e-07
887 5.748962034656339e-07
888 6.050160766802267e-07
889 5.574838332774308e-07
890 5.098045664422223e-07
891 4.700729608059249e-07
892 5.736477162619638e-07
893 5.691041438381398e-07
894 6.232489561630092e-07
895 5.840115525695729e-07
896 5.634518191513379e-07
897 5.0332607238302e-07
898 6.106307455616096e-07
899 4.0887966418654793e-07
900 4.777999439462833e-07
901 5.501610730559787e-07
902 5.330814453600552e-07
903 5.041020389126562e-07
904 5.01929682352139e-07
905 5.526328632412457e-07
906 5.626753523612553e-07
907 5.668925935925612e-07
908 4.5285302195798154e-07
909 4.039162405294125e-07
910 4.943591404147891e-07
911 5.43731909530583e-07
912 5.590590588861739e-07
913 5.086092894575656e-07
914 5.289342291667389e-07
915 5.022210901625864e-07
916 5.141086852259214e-07
917 5.05348462074579e-07
918 6.383691969783923e-07
919 5.644785876597425e-07
920 5.746161764724667e-07
921 4.9856438792359e-07
922 4.7895353858192e-07
923 4.1753108833353747e-07
924 5.900149149971192e-07
925 4.855594628303867e-07
926 5.766894610041201e-07
927 6.078126383945609e-07
928 4.572663406984042e-07
929 5.616153847369926e-07
930 5.463573057854617e-07
931 5.329257673502206e-07
932 4.629479121512164e-07
933 5.503812111610155e-07
934 4.5439621331031695e-07
935 4.799757137945735e-07
936 4.2978535459105596e-07
937 5.375367983810005e-07
938 5.534907825668846e-07
939 6.452054577261299e-07
940 5.924489553329616e-07
941 4.863828433047413e-07
942 3.7697357393466376e-07
943 5.393882028681464e-07
944 4.226084600915943e-07
945 4.19649874041549e-07
946 5.895710056644901e-07
947 5.840517032741148e-07
948 6.083610685854912e-07
949 4.806079236882648e-07
950 4.663488880600331e-07
951 4.6161832226487427e-07
952 6.616417048331675e-07
953 5.515415624484903e-07
954 5.218002387950247e-07
955 4.3161482275093045e-07
956 5.653332558990672e-07
957 4.027344833458133e-07
958 5.467531046962337e-07
959 5.173912934151507e-07
960 4.3798913026158817e-07
961 4.7089015150507105e-07
962 5.760243426916772e-07
963 6.256676132441367e-07
964 5.193651918971125e-07
965 4.755988388058561e-07
966 5.658305141399621e-07
967 4.819051547519628e-07
968 5.378165548711026e-07
969 5.741837754893388e-07
970 5.342176319538276e-07
971 6.559276286409639e-07
972 5.170720084936769e-07
973 4.7392660317078023e-07
974 5.345735345196918e-07
975 5.864711604032492e-07
976 5.513235716056902e-07
977 5.509523080959908e-07
978 5.068700960379028e-07
979 4.6402808482799243e-07
980 6.197566102402061e-07
981 5.656209067757389e-07
982 4.970005482268172e-07
983 6.003881294818873e-07
984 5.506066190128238e-07
985 6.475937740935223e-07
986 5.472650805630254e-07
987 4.667880984944359e-07
988 5.316466687711582e-07
989 4.3981860679361916e-07
990 5.49273061682069e-07
991 5.266289552213764e-07
992 5.234475238197699e-07
993 5.35008282448014e-07
994 4.813018268706188e-07
995 5.529845419355273e-07
996 5.098340126029469e-07
997 5.456099830904169e-07
998 6.069111881089891e-07
999 4.461075831712342e-07
