0 6.435243282844042e-07
1 8.55219346352517e-07
2 7.886421854720322e-07
3 7.144883141835758e-07
4 8.757528485275526e-07
5 6.777119236144281e-07
6 7.952861535786114e-07
7 6.80905852763279e-07
8 7.796643236182474e-07
9 8.288640472096865e-07
10 6.957237550125891e-07
11 7.537994491339903e-07
12 8.269295928026397e-07
13 6.826147633630507e-07
14 8.513108142489208e-07
15 5.629827164819416e-07
16 6.632165204496505e-07
17 8.503292836989215e-07
18 7.927069105565024e-07
19 7.20754811677844e-07
20 8.25727088956401e-07
21 6.496718998534999e-07
22 6.156968898902944e-07
23 7.180418979131134e-07
24 6.310222025312607e-07
25 6.067963153109037e-07
26 7.852048690711371e-07
27 7.717331516912868e-07
28 7.142884456349366e-07
29 7.528327297158831e-07
30 4.531494545481168e-07
31 7.249774497057999e-07
32 1.054830788696997e-06
33 8.094764057709172e-07
34 7.717439071663343e-07
35 9.546437658804342e-07
36 6.75163727784715e-07
37 6.837902197223958e-07
38 6.249709741680117e-07
39 8.276632184852769e-07
40 5.351602654125739e-07
41 8.85919082336708e-07
42 7.149721091956254e-07
43 8.199916815880781e-07
44 8.845369921155423e-07
45 6.596146104494242e-07
46 6.139896589938452e-07
47 5.835635300950722e-07
48 6.222070738592577e-07
49 5.691944731897256e-07
50 6.471591030820026e-07
51 6.410625599963368e-07
52 8.213820561403067e-07
53 6.636474547515864e-07
54 6.461008948069429e-07
55 7.980123985856196e-07
56 8.098010819665662e-07
57 7.185251483262921e-07
58 8.368446791860231e-07
59 6.684455024771841e-07
60 5.620842334463169e-07
61 6.730404526979521e-07
62 7.373842296407425e-07
63 7.64530838912751e-07
64 7.078967286640799e-07
65 7.524384202386254e-07
66 5.461588680005622e-07
67 6.135915749327478e-07
68 7.317552907479762e-07
69 7.06787868702233e-07
70 8.063617846464243e-07
71 6.80120816459368e-07
72 7.39564158459789e-07
73 7.114126784081876e-07
74 6.659671218546919e-07
75 6.408721451012844e-07
76 9.078214770882028e-07
77 6.743931323241345e-07
78 6.803289390963407e-07
79 8.48205105880746e-07
80 5.975252472207194e-07
81 7.227403437215985e-07
82 7.988884946993878e-07
83 6.732614778202992e-07
84 6.730727599383521e-07
85 7.099784302599682e-07
86 7.814655703809881e-07
87 1.0121216798422813e-06
88 6.974181314149833e-07
89 1.0283426168917226e-06
90 7.220100732185981e-07
91 8.601743938706713e-07
92 8.179833720636713e-07
93 5.575732460786825e-07
94 6.672658174297771e-07
95 7.611586216892141e-07
96 7.103252393994873e-07
97 6.149749234269241e-07
98 7.766590124753806e-07
99 7.089781249007363e-07
100 6.489777030414212e-07
101 4.6993984870314774e-07
102 7.11869485306561e-07
103 9.175517391470886e-07
104 6.24831480303475e-07
105 6.714016938852777e-07
106 7.600365465305195e-07
107 7.45977573948125e-07
108 6.676739417828779e-07
109 7.245998497505598e-07
110 1.0869782942098075e-06
111 8.447839277421922e-07
112 6.473097209817319e-07
113 8.270462188639395e-07
114 8.629326899830778e-07
115 8.530779109903076e-07
116 8.09244918798481e-07
117 6.006850562061551e-07
118 6.501103643016924e-07
119 7.170077755283984e-07
120 8.817902516665351e-07
121 6.220266918689504e-07
122 7.875045343397842e-07
123 5.308552424500187e-07
124 6.684377283015651e-07
125 6.302576322478796e-07
126 7.848741522899787e-07
127 7.444811805467301e-07
128 8.416798395237982e-07
129 6.944776968348523e-07
130 7.174510363263877e-07
131 9.658319406630262e-07
132 7.980839197165317e-07
133 7.211905037230716e-07
134 7.254999975403704e-07
135 8.606261173727221e-07
136 5.992743575912568e-07
137 7.95860623908274e-07
138 8.970884705634059e-07
139 5.921762542906024e-07
140 6.687864637633635e-07
141 7.895313295321801e-07
142 7.136611829969678e-07
143 7.035349866248806e-07
144 6.912826425102816e-07
145 6.746433852903459e-07
146 6.821216438828771e-07
147 7.188514965393596e-07
148 8.015491272337115e-07
149 5.432413965335641e-07
150 5.954481646538988e-07
151 6.846503275145549e-07
152 8.852644018522481e-07
153 7.204119244464582e-07
154 7.150645510519056e-07
155 8.173349060545909e-07
156 6.987647762616945e-07
157 7.443948181169228e-07
158 7.196917918825435e-07
159 6.791944781732034e-07
160 7.389425486122113e-07
161 8.510122970160953e-07
162 3.576553475707552e-07
163 6.557012806190963e-07
164 6.868509549501876e-07
165 7.606909796263143e-07
166 6.505447525473366e-07
167 6.85592071137682e-07
168 6.289673785428848e-07
169 7.684415313710925e-07
170 6.67950303088204e-07
171 7.332790941463773e-07
172 4.873156882994158e-07
173 8.428986016493077e-07
174 7.545669262224763e-07
175 5.652216133283185e-07
176 5.820507323838641e-07
177 7.119464975632133e-07
178 6.82291286764024e-07
179 7.631603813874408e-07
180 7.806251220832281e-07
181 6.864169480525371e-07
182 6.7545794478252e-07
183 7.712647424169782e-07
184 6.656806220792838e-07
185 6.607699149108875e-07
186 7.491329090492994e-07
187 6.736761017032574e-07
188 6.144138954407821e-07
189 6.869463925515313e-07
190 6.062302771064784e-07
191 9.00318567578517e-07
192 8.115865077778524e-07
193 1.0714062178158736e-06
194 4.838769236019329e-07
195 1.0117944726421518e-06
196 8.222542140076497e-07
197 8.124183983083257e-07
198 7.020937843683616e-07
199 7.588519517274351e-07
200 7.120272583772606e-07
201 7.966558089276353e-07
202 8.208451198230143e-07
203 6.922098912558043e-07
204 7.804359287130645e-07
205 6.817294338090394e-07
206 5.920245510122954e-07
207 6.237776885903674e-07
208 5.944207083760399e-07
209 6.37623072288201e-07
210 5.46890343912817e-07
211 7.617017338263448e-07
212 6.889395565077965e-07
213 5.148790362641538e-07
214 6.448643115093076e-07
215 6.824297979943357e-07
216 8.481174146238525e-07
217 8.714296950061642e-07
218 7.276425664153649e-07
219 5.863296978244125e-07
220 5.998737612640485e-07
221 6.649954901712046e-07
222 8.808626209214331e-07
223 7.851601362817386e-07
224 5.151337001396868e-07
225 8.356501403469981e-07
226 7.285214743530081e-07
227 8.651669335759979e-07
228 7.83361142925901e-07
229 6.722979689620261e-07
230 5.562888116042308e-07
231 7.506288562858103e-07
232 5.521132716230924e-07
233 5.228874151407396e-07
234 8.155332847410172e-07
235 7.43202853047214e-07
236 7.712510911331374e-07
237 7.6304993790728e-07
238 7.462094642278407e-07
239 6.184993928653366e-07
240 6.082432993090893e-07
241 8.836248883211169e-07
242 7.046945087459758e-07
243 8.31140509127972e-07
244 7.549159115035905e-07
245 8.052046251558858e-07
246 6.647343605989967e-07
247 8.960973865378201e-07
248 6.657459692884456e-07
249 7.871329685443832e-07
250 7.240022234309241e-07
251 6.76684021720865e-07
252 6.046731454585173e-07
253 8.816183831131014e-07
254 6.582902172768859e-07
255 6.78230240598672e-07
256 6.65258835384546e-07
257 7.227809923712746e-07
258 8.722759878619844e-07
259 9.099389779946758e-07
260 7.1116616117928e-07
261 9.153721315040215e-07
262 7.673445756452721e-07
263 5.860815579361855e-07
264 5.906512919390022e-07
265 7.80844494966126e-07
266 6.250286212394236e-07
267 8.504312959959535e-07
268 7.724500374416407e-07
269 8.079465944977263e-07
270 7.914607912232727e-07
271 7.849679988796975e-07
272 1.070803579376103e-06
273 6.770064840707015e-07
274 9.707446699425287e-07
275 8.57768315985566e-07
276 9.110210694151956e-07
277 7.533993732956456e-07
278 7.485488165909729e-07
279 8.463352715172976e-07
280 7.827858138199332e-07
281 8.21824992212367e-07
282 7.362683408151463e-07
283 8.936457614591534e-07
284 6.928036711955942e-07
285 5.538968066761228e-07
286 8.113842605664146e-07
287 6.775754282507933e-07
288 7.369723617386485e-07
289 6.377192371943502e-07
290 6.346571072531226e-07
291 6.841807535163736e-07
292 6.163903220298598e-07
293 6.246833673362571e-07
294 6.907156430856513e-07
295 7.203591858197824e-07
296 7.905767233025763e-07
297 7.810441509125938e-07
298 7.57055041514153e-07
299 6.858586542583042e-07
300 6.252364930129425e-07
301 8.041280859788803e-07
302 7.83416032233218e-07
303 6.125721253282925e-07
304 8.421187968921964e-07
305 8.375811108165062e-07
306 7.33441252429547e-07
307 7.76060902457599e-07
308 6.859658553329358e-07
309 6.468174534901625e-07
310 7.807861544216066e-07
311 7.461744600967947e-07
312 7.657954817128248e-07
313 7.548087658082166e-07
314 9.159708514900776e-07
315 7.009516030833756e-07
316 6.251667307514803e-07
317 5.84460398831007e-07
318 4.710288670067881e-07
319 6.197288018304951e-07
320 7.064611763831445e-07
321 6.405267053963383e-07
322 5.685362435865958e-07
323 6.758740469076712e-07
324 5.571418393820532e-07
325 7.244478651747244e-07
326 5.707357172073599e-07
327 7.946937765846989e-07
328 9.000426508968839e-07
329 7.11034164704269e-07
330 4.528616350610287e-07
331 5.987856503487652e-07
332 6.704037357054993e-07
333 6.584199048633255e-07
334 6.863649663019112e-07
335 7.587831744811959e-07
336 7.091283361439454e-07
337 7.411828907664075e-07
338 4.513579615764631e-07
339 7.543008759334088e-07
340 6.905918784798217e-07
341 6.515896136696322e-07
342 7.232806359877509e-07
343 8.079509984059192e-07
344 6.572735337018139e-07
345 9.348387442262582e-07
346 8.344844462547944e-07
347 6.003948236778753e-07
348 7.63005792209078e-07
349 8.113062231619543e-07
350 7.381853090876767e-07
351 7.598101587809422e-07
352 6.221663650686418e-07
353 8.133053460492568e-07
354 7.935432592327118e-07
355 7.580207077492952e-07
356 8.104284272281963e-07
357 7.734475941892197e-07
358 5.983586653248162e-07
359 7.901330077458119e-07
360 6.773251489714846e-07
361 6.635788485391703e-07
362 7.552778315270193e-07
363 8.226758308331315e-07
364 6.651665745940259e-07
365 6.544865118297622e-07
366 7.519573354559597e-07
367 6.356569853377929e-07
368 8.966938988653341e-07
369 7.419941387269098e-07
370 7.512317340903366e-07
371 5.358439818391742e-07
372 8.872343767463515e-07
373 8.102320415062518e-07
374 6.347290644407313e-07
375 6.21505418971421e-07
376 8.344509013472378e-07
377 6.779862342524817e-07
378 6.727585809491486e-07
379 6.918903915472902e-07
380 6.782962621717577e-07
381 7.923087524657352e-07
382 7.85901550490513e-07
383 6.646216211385639e-07
384 6.686402630464015e-07
385 7.710488237307943e-07
386 7.578247439311259e-07
387 8.07295189847143e-07
388 7.958356074198474e-07
389 7.699387559555983e-07
390 7.351754010828177e-07
391 5.509828663121335e-07
392 7.218069865725616e-07
393 6.620685025616537e-07
394 6.554809350908991e-07
395 1.0867632598058713e-06
396 7.6446325690507e-07
397 6.368374608711421e-07
398 7.530629169167989e-07
399 8.08830117540837e-07
400 5.502783916148275e-07
401 6.793376620070231e-07
402 7.374405431167399e-07
403 5.195922419863138e-07
404 5.637994132959426e-07
405 5.810515463539462e-07
406 7.569855061458118e-07
407 7.735685614619148e-07
408 6.291228546404286e-07
409 6.932801408487106e-07
410 7.697937239598378e-07
411 8.193419513122869e-07
412 6.510353143553269e-07
413 5.682948975629184e-07
414 7.528586215911909e-07
415 6.531389361380638e-07
416 6.949189348753586e-07
417 8.967806195127622e-07
418 3.983829350092242e-07
419 5.840921643028549e-07
420 6.137244600101274e-07
421 6.718662916248002e-07
422 5.175518315199273e-07
423 7.012225778762175e-07
424 7.263471774015786e-07
425 7.064536314586308e-07
426 7.979736426684586e-07
427 7.636049681469531e-07
428 7.255931310376846e-07
429 6.041776649216175e-07
430 6.408612726751858e-07
431 7.584669754714996e-07
432 7.39129680964176e-07
433 6.488461346885179e-07
434 8.487141423041435e-07
435 8.147797274597949e-07
436 6.052086942561196e-07
437 7.315496262442498e-07
438 6.850359096459502e-07
439 9.312668107594262e-07
440 7.778903131949092e-07
441 7.066969936016707e-07
442 7.011976466788954e-07
443 7.022278417514881e-07
444 6.476480079135463e-07
445 6.390059469018542e-07
446 5.324072097695362e-07
447 8.609596374264063e-07
448 6.352338824565598e-07
449 8.082412353741458e-07
450 6.891464511833427e-07
451 6.064438144899148e-07
452 6.449529246968662e-07
453 8.192708787131533e-07
454 7.213161546615577e-07
455 6.165059047800501e-07
456 8.446902169988801e-07
457 6.233770922045158e-07
458 7.329562612213404e-07
459 6.279798185571913e-07
460 7.476105123049031e-07
461 4.807226851825044e-07
462 6.968579107721564e-07
463 7.135455064057833e-07
464 9.280666398588542e-07
465 8.8450380570254e-07
466 6.321728067328911e-07
467 6.867081137691335e-07
468 6.890988673523058e-07
469 7.920785900953383e-07
470 7.746972931068652e-07
471 6.116027403403479e-07
472 7.960399808423097e-07
473 6.427436311550103e-07
474 5.020552428523877e-07
475 5.773094192943261e-07
476 5.305354034893922e-07
477 7.978272655985041e-07
478 6.827756748148684e-07
479 6.993490236518023e-07
480 9.374868004706318e-07
481 6.771418819487147e-07
482 7.187312247259538e-07
483 5.989098367163926e-07
484 7.419981172592138e-07
485 7.508152630393137e-07
486 7.699586375475513e-07
487 6.52419197498917e-07
488 8.540216511907285e-07
489 7.145111818865808e-07
490 8.532191348083656e-07
491 6.930723080821978e-07
492 7.026752575490676e-07
493 7.215381250064062e-07
494 5.453848810179494e-07
495 5.877748030307608e-07
496 7.822273717413354e-07
497 8.229667063488331e-07
498 9.092360959912075e-07
499 6.931723097544338e-07
500 8.205191937600431e-07
501 7.513468443126007e-07
502 7.031550434178762e-07
503 7.52666675252156e-07
504 5.117477592825271e-07
505 6.540918871035022e-07
506 7.152924207336877e-07
507 8.003154307543219e-07
508 6.928493536354842e-07
509 6.610933432211445e-07
510 5.257731389872928e-07
511 6.692627276031058e-07
512 6.301812688880851e-07
513 6.541606407488948e-07
514 8.248204285129166e-07
515 7.306357517205227e-07
516 7.70546370884824e-07
517 8.097226979368687e-07
518 7.511934176277315e-07
519 4.168579231268987e-07
520 8.595376095257799e-07
521 7.09980134587391e-07
522 6.939480949955041e-07
523 7.832739501089397e-07
524 6.75401122185926e-07
525 6.015893133553035e-07
526 8.092549352425084e-07
527 7.477513093015273e-07
528 6.487652838189797e-07
529 7.042411467880674e-07
530 6.990977836244813e-07
531 5.865055571536342e-07
532 6.055978895875482e-07
533 8.581584016741717e-07
534 6.80381432995549e-07
535 8.439551556698887e-07
536 7.996331579156133e-07
537 7.668459638844447e-07
538 7.044590193402721e-07
539 6.660215109956204e-07
540 7.833392010103978e-07
541 5.637711050386419e-07
542 8.443021980267776e-07
543 7.331403385638573e-07
544 7.038048574427214e-07
545 6.550527562375412e-07
546 6.957867261675247e-07
547 5.887715977023638e-07
548 6.168863549774233e-07
549 8.466024279886057e-07
550 9.62625228734484e-07
551 7.908857384891512e-07
552 7.534671864615218e-07
553 7.731995980047731e-07
554 7.146778513120132e-07
555 6.610263048511475e-07
556 5.886211862370748e-07
557 7.547542154148147e-07
558 6.613631299369493e-07
559 7.612754352145135e-07
560 9.78131594355869e-07
561 7.442195617473498e-07
562 6.167141492835758e-07
563 7.759096254673604e-07
564 5.851396330823045e-07
565 7.299020325595269e-07
566 9.051934968178056e-07
567 5.563683961978423e-07
568 6.540992421658264e-07
569 7.734197473280562e-07
570 6.381931707698388e-07
571 8.125249777099334e-07
572 6.137172667198033e-07
573 8.027896690267451e-07
574 6.081605206834897e-07
575 7.836903136830749e-07
576 7.288246313323179e-07
577 7.888145999851542e-07
578 8.191913313263724e-07
579 7.596806061939322e-07
580 8.218590336091028e-07
581 7.626259788411039e-07
582 6.652178918967679e-07
583 7.746382632203109e-07
584 6.268660292234868e-07
585 8.046083503497546e-07
586 7.643300716925008e-07
587 8.86481338497239e-07
588 7.611356371621303e-07
589 7.500343006398747e-07
590 6.742890810468147e-07
591 6.065074652662138e-07
592 8.523618175219804e-07
593 5.684806800091349e-07
594 6.940435300032639e-07
595 6.896767634550438e-07
596 5.767512612296586e-07
597 7.738629734261671e-07
598 8.407734770662648e-07
599 9.263369693031444e-07
600 7.618994903337504e-07
601 7.00467624171522e-07
602 6.648388900177526e-07
603 6.614870099995613e-07
604 6.273314083200751e-07
605 6.555719175608149e-07
606 6.274033578599497e-07
607 7.601016613479019e-07
608 7.410459849896754e-07
609 6.773778345067067e-07
610 7.963933480078741e-07
611 7.224047968355244e-07
612 7.146785996608736e-07
613 6.550911234977878e-07
614 8.194233573859965e-07
615 6.30197078038715e-07
616 6.803002886988385e-07
617 7.357402666676544e-07
618 7.714959716124333e-07
619 5.943625667919528e-07
620 6.223934755620598e-07
621 7.6813595603037e-07
622 7.36102812375329e-07
623 7.009857104606621e-07
624 6.61991949190218e-07
625 8.29274604932198e-07
626 7.754814199442486e-07
627 9.077386899603289e-07
628 6.651616019798125e-07
629 8.286909901710674e-07
630 6.945173538958034e-07
631 7.07424444159382e-07
632 8.003930418886655e-07
633 8.690316316017132e-07
634 7.494133022761908e-07
635 8.82204900761977e-07
636 7.694923735662074e-07
637 4.7553511757157117e-07
638 7.485780475656562e-07
639 7.307160937765804e-07
640 6.771164484096204e-07
641 6.656276269321648e-07
642 8.157824884244807e-07
643 6.064769131750551e-07
644 7.746524325043269e-07
645 8.734524678995102e-07
646 6.584219353127091e-07
647 9.104149293178008e-07
648 7.490357603874211e-07
649 6.175380945552123e-07
650 6.029656044205353e-07
651 6.843049477877754e-07
652 8.266361222270802e-07
653 6.998945050023295e-07
654 6.702274871902036e-07
655 6.763434967806627e-07
656 8.592346234607827e-07
657 8.307707348245722e-07
658 6.95170933891673e-07
659 8.805333348315394e-07
660 8.353575620923036e-07
661 6.317514554036129e-07
662 9.026743387485097e-07
663 8.536901960645645e-07
664 7.053587966576662e-07
665 6.94758496932563e-07
666 6.512361622018612e-07
667 6.776799804267993e-07
668 5.979545170526088e-07
669 8.068209438726092e-07
670 6.245915174316135e-07
671 7.164447370488843e-07
672 6.69107125815957e-07
673 7.492737109825911e-07
674 6.662625942939146e-07
675 7.792169749048484e-07
676 8.754787517114292e-07
677 7.872028105263628e-07
678 6.584915173886457e-07
679 5.504709871983774e-07
680 7.620556121253416e-07
681 6.085750542916708e-07
682 6.275203907106167e-07
683 7.376027243603107e-07
684 4.896361814717958e-07
685 6.193953367530713e-07
686 7.197261104074775e-07
687 7.430810163745325e-07
688 7.838406705595682e-07
689 8.873668729051706e-07
690 6.081489114352947e-07
691 8.135578323352722e-07
692 7.303797201307223e-07
693 8.306331312473178e-07
694 7.570841661590376e-07
695 6.688999544344887e-07
696 7.675205866193332e-07
697 7.038606434859575e-07
698 7.816273964613828e-07
699 6.10653037031449e-07
700 6.714374156756402e-07
701 7.86576895393392e-07
702 6.811968193464046e-07
703 6.553197908963811e-07
704 6.265304026564183e-07
705 7.079114566900799e-07
706 6.224544838642772e-07
707 8.058398176198132e-07
708 7.537656593451985e-07
709 5.840015408592382e-07
710 8.767672502947016e-07
711 6.064448415134871e-07
712 6.674101138033653e-07
713 9.223395643213966e-07
714 7.250940540628509e-07
715 8.530867954520314e-07
716 8.886162760261258e-07
717 7.510253973506021e-07
718 6.223669516695005e-07
719 7.795300380120638e-07
720 7.484973588664157e-07
721 7.760089603839899e-07
722 7.595030712470275e-07
723 6.779677212489831e-07
724 7.246873751653901e-07
725 7.993513735836057e-07
726 5.5880204727578e-07
727 5.414496073825456e-07
728 6.558070487962121e-07
729 7.083039974991495e-07
730 8.070819532722191e-07
731 7.970319194613618e-07
732 6.48866809538846e-07
733 5.91485098079249e-07
734 8.061101606591603e-07
735 8.422869951107436e-07
736 4.56347641007385e-07
737 7.115497484880229e-07
738 7.225890261333685e-07
739 5.882348485441857e-07
740 6.439332637807227e-07
741 7.142057583617957e-07
742 5.672615402861563e-07
743 8.202409234276469e-07
744 9.147058210220799e-07
745 6.686350854585696e-07
746 6.85151488403376e-07
747 5.533081517880762e-07
748 6.847080099424207e-07
749 8.770072875294422e-07
750 8.742694285874352e-07
751 6.887762750858865e-07
752 7.137989373743184e-07
753 8.428795883048969e-07
754 5.292242034756197e-07
755 7.256859979398083e-07
756 8.97959779283181e-07
757 8.85232349924539e-07
758 6.918341914571429e-07
759 8.703390599282504e-07
760 7.505739005511438e-07
761 8.122135205963969e-07
762 6.664526646623608e-07
763 7.296631924981505e-07
764 7.50956160783631e-07
765 6.053924593408163e-07
766 7.747041400343975e-07
767 6.213207748979754e-07
768 6.012023573387116e-07
769 8.757580316135121e-07
770 7.603116584642009e-07
771 7.17886572149945e-07
772 6.518838707075653e-07
773 5.40651560457084e-07
774 6.73569190036666e-07
775 6.083153422107289e-07
776 7.647425846960198e-07
777 7.953443790905385e-07
778 6.841385875014785e-07
779 6.98309875315097e-07
780 6.519880017003257e-07
781 7.055493924684176e-07
782 5.12852797204853e-07
783 6.120806821614851e-07
784 7.352407011355111e-07
785 5.760508346396161e-07
786 6.756401667795699e-07
787 8.290448666823261e-07
788 7.702538672752187e-07
789 6.594397481483332e-07
790 7.207229909926805e-07
791 7.438620485686808e-07
792 7.598520908914375e-07
793 7.915647691928213e-07
794 7.736176877830547e-07
795 7.389939823796365e-07
796 8.686714943061789e-07
797 6.846368992459605e-07
798 5.866860799621912e-07
799 6.283893053624366e-07
800 9.157873519912053e-07
801 8.179279306067545e-07
802 8.158571836307856e-07
803 6.338564809844977e-07
804 7.511803636928784e-07
805 7.208115401725612e-07
806 7.341854246217099e-07
807 5.730011698376261e-07
808 7.278793841698929e-07
809 9.285045436642129e-07
810 7.740204733080277e-07
811 8.458532583656645e-07
812 7.913423390391478e-07
813 6.207409071618521e-07
814 7.167122871803076e-07
815 8.099179144200559e-07
816 6.16292300023091e-07
817 9.298366983088917e-07
818 7.815410767476767e-07
819 5.108334137565729e-07
820 8.51223666696545e-07
821 6.057123636194603e-07
822 6.741305785092844e-07
823 6.07241241808174e-07
824 9.711702631973224e-07
825 7.14153618160457e-07
826 6.598245181262636e-07
827 5.329049008994174e-07
828 6.174065763159054e-07
829 7.068884976481359e-07
830 6.447823337808477e-07
831 5.489893616250383e-07
832 9.436875438060346e-07
833 6.611815021612652e-07
834 7.271874552340582e-07
835 6.580247848976361e-07
836 6.073298951290012e-07
837 5.564112924781333e-07
838 6.43031194633067e-07
839 6.678962510187422e-07
840 6.839221358124667e-07
841 7.650116118006396e-07
842 6.751283480463355e-07
843 6.647049908443005e-07
844 7.647564601401856e-07
845 5.957240692011217e-07
846 8.567042165348422e-07
847 8.088342251940023e-07
848 9.600673007288584e-07
849 6.34849730196936e-07
850 6.387125098948752e-07
851 5.892199204958227e-07
852 7.109233644774841e-07
853 7.798176641790975e-07
854 6.873071627727529e-07
855 7.796465524447595e-07
856 7.485624586681734e-07
857 7.581391238034889e-07
858 8.500937799819578e-07
859 8.269575758356731e-07
860 7.590585809873092e-07
861 7.097789166600062e-07
862 8.766795157916141e-07
863 6.2135097014836e-07
864 8.957229564231388e-07
865 5.652343611525194e-07
866 6.76290070457946e-07
867 5.897419479568852e-07
868 7.467504632018067e-07
869 5.298458477979469e-07
870 7.236047841133634e-07
871 6.758480071329752e-07
872 7.375806033140994e-07
873 8.821863391983394e-07
874 8.542389491773491e-07
875 7.372498522941136e-07
876 7.33914836443146e-07
877 7.96223752221791e-07
878 6.893913650584637e-07
879 7.406146643948844e-07
880 7.746699993752933e-07
881 8.693371658390044e-07
882 7.312948158483207e-07
883 7.620411274850235e-07
884 7.041619592707913e-07
885 7.803074808083569e-07
886 6.894379147860644e-07
887 7.587219024319718e-07
888 8.834570933753023e-07
889 7.53788514998533e-07
890 7.262773283737158e-07
891 6.068860772854987e-07
892 6.634503399456926e-07
893 7.490855760737967e-07
894 7.391780247726321e-07
895 7.633173896513973e-07
896 6.173761003691793e-07
897 7.236694728615073e-07
898 7.007064059743523e-07
899 6.32486241736376e-07
900 6.771507245234287e-07
901 6.585568092247941e-07
902 7.455075640540744e-07
903 7.460717144743386e-07
904 9.005019477550699e-07
905 9.247945728908626e-07
906 8.173870124409566e-07
907 5.730508472705989e-07
908 9.237876893594612e-07
909 6.944923997801271e-07
910 5.444665034400006e-07
911 7.792891878021349e-07
912 9.594449671159296e-07
913 6.393360728163211e-07
914 7.776517464663303e-07
915 6.967691118424375e-07
916 8.245171443991285e-07
917 7.404423325258815e-07
918 6.700647937504516e-07
919 5.53346014459466e-07
920 7.569944819038108e-07
921 6.908050892893937e-07
922 8.811375286643891e-07
923 6.414742546541636e-07
924 6.07537869805037e-07
925 6.638034887351504e-07
926 6.43220823818237e-07
927 6.783766402648043e-07
928 5.606325253405298e-07
929 8.48717305157137e-07
930 8.312792770781088e-07
931 8.419637938127095e-07
932 7.705286566246097e-07
933 7.145191445209322e-07
934 1.000725548977491e-06
935 5.361932316541978e-07
936 7.893166366755266e-07
937 7.179174824761146e-07
938 6.75726682579823e-07
939 7.50329435281664e-07
940 6.629419027989245e-07
941 6.397119106633357e-07
942 7.37382722010806e-07
943 9.562051183764936e-07
944 1.0062861661511691e-06
945 8.031538013260403e-07
946 5.900669804617096e-07
947 6.982974900121063e-07
948 4.6423452734583003e-07
949 7.849541465779917e-07
950 7.334134301223662e-07
951 6.533772958140238e-07
952 8.307163249580798e-07
953 8.077989274530299e-07
954 7.257252407033377e-07
955 4.974381191927285e-07
956 6.081187613643623e-07
957 7.094194266817088e-07
958 6.514431858171537e-07
959 7.635519731269372e-07
960 6.763886213294039e-07
961 6.760891475049153e-07
962 7.910774012108115e-07
963 7.391605811310844e-07
964 5.727620058378117e-07
965 9.021566131305356e-07
966 7.985956680379921e-07
967 6.509111977830347e-07
968 6.797339498647961e-07
969 8.472357305959952e-07
970 7.220170655841264e-07
971 7.361931363171784e-07
972 6.877592619698615e-07
973 7.08567290357652e-07
974 6.754770467705485e-07
975 7.39370797487214e-07
976 6.836645201038494e-07
977 7.228404693836605e-07
978 7.459489787022386e-07
979 6.481487768207076e-07
980 9.231213323323505e-07
981 6.760472495031682e-07
982 8.020041129771584e-07
983 6.959296436616918e-07
984 6.503439410216279e-07
985 8.296498543791811e-07
986 6.229693386734817e-07
987 7.72819012969429e-07
988 7.236983127242788e-07
989 6.551929768387382e-07
990 7.713552733957349e-07
991 8.259786485360452e-07
992 5.964222655437683e-07
993 6.2747432688031e-07
994 7.863682824835372e-07
995 7.972715271708742e-07
996 6.081964719640819e-07
997 6.443330324743188e-07
998 8.077603719579307e-07
999 6.904299517165063e-07
