0 3.416841724767502e-07
1 3.2212655550444e-07
2 3.391731588127431e-07
3 3.423333849695773e-07
4 3.2058642165830477e-07
5 3.308330503554814e-07
6 3.424735089950751e-07
7 3.424806510039355e-07
8 2.976960106333962e-07
9 3.288567075562434e-07
10 3.4047069016930187e-07
11 3.288023486139061e-07
12 3.534909026401962e-07
13 3.2995551630860556e-07
14 3.636636648346531e-07
15 3.3814532149504567e-07
16 3.100722050564685e-07
17 2.907814172424733e-07
18 3.1354574356672493e-07
19 3.3515342183503976e-07
20 2.962559903807967e-07
21 3.265643845934736e-07
22 3.412527250890463e-07
23 3.368417675692701e-07
24 3.145335298899506e-07
25 3.309066608825322e-07
26 3.6198414594124526e-07
27 3.4038152701815437e-07
28 3.241355190177847e-07
29 3.005675017125079e-07
30 3.5188421200779226e-07
31 3.0519359962375075e-07
32 3.496283223564424e-07
33 3.285089629039817e-07
34 3.567550862441009e-07
35 3.549597595855878e-07
36 3.2960339381812404e-07
37 3.0400480749743856e-07
38 3.1171311374126245e-07
39 3.2218586785708674e-07
40 2.986222373014596e-07
41 3.077778140929172e-07
42 3.2662297299643747e-07
43 3.421820443907427e-07
44 3.319671746714577e-07
45 3.340937921916325e-07
46 2.8923125492392787e-07
47 2.739561538803303e-07
48 3.1919789340389525e-07
49 3.1160323342215136e-07
50 3.282305133924324e-07
51 3.545809742266079e-07
52 3.16881275001403e-07
53 3.6699112980421453e-07
54 2.926713770792096e-07
55 2.9901184997404444e-07
56 3.270507501473065e-07
57 3.0260295848816606e-07
58 3.455137399077473e-07
59 3.215006842232643e-07
60 3.322930394196979e-07
61 3.6825097402003457e-07
62 3.507020278454845e-07
63 2.693500248686003e-07
64 3.354994805192642e-07
65 3.6969426327694767e-07
66 3.19750576222582e-07
67 2.9765124668220673e-07
68 3.120966961581668e-07
69 3.300643982184961e-07
70 2.942241659145669e-07
71 3.0817107158593097e-07
72 3.15836424154443e-07
73 3.121020026034681e-07
74 3.391195533118565e-07
75 3.4820425715655185e-07
76 3.447983581343509e-07
77 3.1020626927169205e-07
78 3.221439060120152e-07
79 2.967318666598532e-07
80 3.4259205360185405e-07
81 2.98694473656888e-07
82 3.294445711548034e-07
83 3.49620246439927e-07
84 3.3049893198339455e-07
85 3.544344261644865e-07
86 3.297382944292301e-07
87 3.3796503143472285e-07
88 3.2387303230154954e-07
89 2.941488214485065e-07
90 3.063209039785347e-07
91 2.833661333441847e-07
92 3.4818521822268143e-07
93 3.157489901539751e-07
94 3.4338510095384663e-07
95 3.355295713525e-07
96 3.346873109841128e-07
97 3.1290018494957437e-07
98 3.4878083825610094e-07
99 3.5245996955673714e-07
100 3.036570134505322e-07
101 3.2598348693988544e-07
102 3.0442722641475755e-07
103 3.396425691230897e-07
104 3.4224843370116944e-07
105 3.502515914777773e-07
106 3.5081428018529165e-07
107 3.281138520847418e-07
108 3.609002879232764e-07
109 3.4383849790535613e-07
110 3.6503068213683623e-07
111 3.4265589147402594e-07
112 3.1685924940676637e-07
113 3.42228946938143e-07
114 3.264279368504506e-07
115 3.2183566096508987e-07
116 2.5404589541650687e-07
117 3.461455739262067e-07
118 3.2043926922251076e-07
119 3.1851991689298727e-07
120 3.64696729723028e-07
121 3.3332395145994885e-07
122 3.575109904942811e-07
123 3.0315613860933125e-07
124 3.360748984624587e-07
125 3.4284400659632813e-07
126 3.143702340365551e-07
127 3.1458475665069515e-07
128 3.114792939057892e-07
129 3.474680198528021e-07
130 3.030324742202864e-07
131 3.5639787077389037e-07
132 3.3399902818266294e-07
133 3.1819583380532886e-07
134 3.253701918474044e-07
135 3.3231675699443763e-07
136 3.733415269495413e-07
137 3.447677082677326e-07
138 3.4586470627243113e-07
139 3.229812817134938e-07
140 3.1591603502668763e-07
141 3.5541088914417086e-07
142 3.0596385239788406e-07
143 3.9699986598332797e-07
144 3.155348787339776e-07
145 3.333584301796404e-07
146 3.581198740990311e-07
147 3.16186164583168e-07
148 3.493013494287831e-07
149 3.1886814686852704e-07
150 3.120340039772421e-07
151 3.1363036383309706e-07
152 3.164396061049147e-07
153 3.2849689209963433e-07
154 3.594863333586779e-07
155 3.247209600802031e-07
156 3.2505353169618523e-07
157 2.942301118299022e-07
158 3.368590069505281e-07
159 3.4019959466390855e-07
160 2.95796888332619e-07
161 3.112869835290408e-07
162 3.407452620698171e-07
163 3.31587887650429e-07
164 3.5862891516420614e-07
165 3.497335477533809e-07
166 3.494923049260831e-07
167 3.586961980836077e-07
168 3.345057362730431e-07
169 3.432473748224241e-07
170 3.294338860406536e-07
171 3.5598920460551587e-07
172 3.476950623598663e-07
173 3.017700215594192e-07
174 2.9476620513648664e-07
175 3.4019323926874177e-07
176 3.388790773092157e-07
177 3.395618907670043e-07
178 3.6895507218925724e-07
179 3.23090280548941e-07
180 3.1813222074510006e-07
181 3.1395417205988626e-07
182 3.2376032939013603e-07
183 3.2630223531814945e-07
184 3.221083166165532e-07
185 3.3820756046976235e-07
186 3.521689997270209e-07
187 2.9330345813924264e-07
188 3.1955165703850225e-07
189 2.842544551143479e-07
190 3.4486516477245177e-07
191 3.286461514517767e-07
192 2.967048658268916e-07
193 3.6085444807407165e-07
194 3.560258937763456e-07
195 3.640810914217178e-07
196 2.740538297380335e-07
197 3.636420285537254e-07
198 3.121190796370666e-07
199 3.452454860402641e-07
200 3.335781087885596e-07
201 3.193368413093502e-07
202 3.1232873782434275e-07
203 3.412544071849047e-07
204 3.130755531076385e-07
205 3.280347422115204e-07
206 3.4817888550357826e-07
207 2.8755389069921265e-07
208 2.978259516483636e-07
209 3.3009572275382535e-07
210 3.102773707666424e-07
211 3.4473290084655006e-07
212 3.2552353201108445e-07
213 3.0122703489971103e-07
214 3.646327629205675e-07
215 3.1570335173848333e-07
216 3.5345525548149226e-07
217 3.3200692828027737e-07
218 3.36797702138031e-07
219 2.9410785708280386e-07
220 3.017238754491048e-07
221 3.495107942544983e-07
222 3.126546864395304e-07
223 3.44051724907166e-07
224 3.442482434597232e-07
225 3.430353485016035e-07
226 3.261776972634392e-07
227 3.1486737605805714e-07
228 2.9699377843775537e-07
229 3.3045013529764776e-07
230 2.972179251339828e-07
231 3.3967217876800163e-07
232 3.07605356130784e-07
233 3.47189671085844e-07
234 3.029089756311157e-07
235 3.3579069356766723e-07
236 3.069490231561715e-07
237 3.3431471325816996e-07
238 3.442215937720756e-07
239 3.3301740394507876e-07
240 3.4718725511500613e-07
241 2.927625933054078e-07
242 3.17034620211566e-07
243 2.9996770667810763e-07
244 2.961509581425514e-07
245 3.124356395485175e-07
246 3.051177105682171e-07
247 2.9886141457409507e-07
248 3.144102130066576e-07
249 3.017831521208733e-07
250 3.4687015268925353e-07
251 2.996109150771499e-07
252 3.024842060002923e-07
253 3.307131988654073e-07
254 3.2133012956069767e-07
255 3.298026796508e-07
256 2.5667182072726775e-07
257 3.218818846731528e-07
258 3.0806776987426213e-07
259 3.361893164106224e-07
260 3.2398323726208e-07
261 3.251993688482824e-07
262 3.182843270147178e-07
263 3.4081488345407374e-07
264 2.990261530769609e-07
265 3.4793545113237e-07
266 3.397195558287209e-07
267 3.4705909104827217e-07
268 3.316088190617965e-07
269 3.4048012112026397e-07
270 3.1294484519149784e-07
271 3.1889829118669323e-07
272 3.0722449522751005e-07
273 3.1916290550353786e-07
274 2.9724091357561147e-07
275 3.26663584794298e-07
276 3.1817933530775336e-07
277 3.890271468858309e-07
278 3.1885950071549574e-07
279 3.4158979350502044e-07
280 3.337800366192212e-07
281 3.449389244715457e-07
282 3.418745946756976e-07
283 3.18415538672512e-07
284 3.2010877426166486e-07
285 3.5449378430603974e-07
286 2.9219092355850884e-07
287 3.4363263355833456e-07
288 2.8084156149678045e-07
289 3.191710498219896e-07
290 3.1879941130359773e-07
291 2.9188344350838874e-07
292 3.6993531253490414e-07
293 3.377796632753391e-07
294 3.589512345493079e-07
295 3.2268095197386786e-07
296 3.437586803178196e-07
297 3.1263763645934176e-07
298 3.5156462115183784e-07
299 2.806744875135291e-07
300 3.433878222858586e-07
301 3.172986633176636e-07
302 3.523724636064439e-07
303 3.2040019915643123e-07
304 3.392146746990136e-07
305 3.2027901350444166e-07
306 3.0792973568061715e-07
307 3.1562005829024263e-07
308 3.653131424520047e-07
309 3.2796707446063295e-07
310 3.552613066115554e-07
311 3.140543994110481e-07
312 3.4556849881163813e-07
313 3.079445178361874e-07
314 3.233355838051817e-07
315 3.1396242538046644e-07
316 3.0875458379648325e-07
317 3.622444827843682e-07
318 3.0257100363029604e-07
319 3.1821663368870043e-07
320 3.249473487820688e-07
321 3.553401813093943e-07
322 3.117551637618815e-07
323 3.134312800827683e-07
324 3.3315111213510165e-07
325 3.3473697417134304e-07
326 3.203395033662929e-07
327 2.986589980101403e-07
328 2.960263396593494e-07
329 3.057687794238175e-07
330 3.800256107024897e-07
331 3.1354003521439675e-07
332 3.130372385059574e-07
333 3.366013323214294e-07
334 3.545144675511251e-07
335 3.184569011191314e-07
336 3.444299374850465e-07
337 3.2642573928616404e-07
338 3.1329533102239156e-07
339 3.0476567044779684e-07
340 2.966028700574709e-07
341 3.1200935553504005e-07
342 3.137729165359091e-07
343 3.091553345547194e-07
344 3.6983745517799875e-07
345 2.9291922002050697e-07
346 3.250795016943935e-07
347 3.6297989132550477e-07
348 3.2951286067119255e-07
349 3.097909642998914e-07
350 3.2045966518801575e-07
351 3.490993393700948e-07
352 3.2700183969157556e-07
353 3.2198114390736085e-07
354 3.009830199710732e-07
355 3.7874520342989044e-07
356 3.402115678744735e-07
357 3.1932292554654404e-07
358 3.1763785412483966e-07
359 3.4691815256665007e-07
360 3.2918854330372686e-07
361 3.128955824015642e-07
362 3.261938375841628e-07
363 2.9626253676339387e-07
364 3.5878766128983835e-07
365 3.0735404573946825e-07
366 3.054693293016525e-07
367 3.061693624916444e-07
368 3.308807933265051e-07
369 3.520459995195033e-07
370 3.117318703765906e-07
371 3.1524974875723375e-07
372 2.9473537948001555e-07
373 3.3003362968270335e-07
374 3.3165379418517896e-07
375 3.3264706184346523e-07
376 2.5960994830706194e-07
377 3.2141810027825055e-07
378 3.133954981809247e-07
379 3.371736612214437e-07
380 3.2280421495644286e-07
381 3.0544330487246536e-07
382 3.2310354205595374e-07
383 3.414440742421288e-07
384 3.393144320658432e-07
385 3.3611477711341165e-07
386 3.092088894620987e-07
387 3.2305400602769146e-07
388 3.3426256030860327e-07
389 3.119544256217802e-07
390 3.636556517072668e-07
391 3.3852633422776064e-07
392 3.399376611063152e-07
393 3.202027299049937e-07
394 3.445738434952203e-07
395 3.497822454255625e-07
396 2.926541286397674e-07
397 3.538776655911487e-07
398 3.144852609138644e-07
399 3.5764681931604613e-07
400 3.1574304719882667e-07
401 2.775801316020186e-07
402 3.217616832944102e-07
403 3.175064617034138e-07
404 3.650387993841957e-07
405 3.020794768559452e-07
406 3.060214848008745e-07
407 3.379864512616999e-07
408 3.614655739335009e-07
409 3.582563818544031e-07
410 3.4881258649456795e-07
411 3.404243690108951e-07
412 3.4164184492389473e-07
413 3.2904371930092834e-07
414 3.3916180942715403e-07
415 3.56351145849989e-07
416 3.2811175817097584e-07
417 3.0342169678809445e-07
418 3.288330170300537e-07
419 3.302166612475604e-07
420 3.336838742412507e-07
421 3.5534896774249084e-07
422 3.783844115667012e-07
423 2.6576442703126985e-07
424 3.1487221408353857e-07
425 3.209779879197374e-07
426 3.266914509962261e-07
427 3.36406279026085e-07
428 3.1846088380988794e-07
429 3.339576945282171e-07
430 2.860378220997708e-07
431 2.9846219669479107e-07
432 3.597889469157742e-07
433 3.2768320191600255e-07
434 3.216234040171902e-07
435 3.126787085504576e-07
436 3.2860127912161694e-07
437 3.0513895736902475e-07
438 3.0953758991324614e-07
439 2.9484434903167296e-07
440 3.304796510741952e-07
441 3.3645370497792173e-07
442 3.356588709084319e-07
443 3.0398087781477465e-07
444 3.550437788473203e-07
445 2.8177668678084015e-07
446 3.4706159311197145e-07
447 3.288218554027572e-07
448 2.9888951611294273e-07
449 3.1762160830672716e-07
450 3.1849648342450157e-07
451 3.101986760142265e-07
452 3.308851050208153e-07
453 3.0203764054070606e-07
454 3.284845376942478e-07
455 3.17117793439796e-07
456 3.103352257551004e-07
457 4.0141988148351266e-07
458 3.395893154878905e-07
459 2.9339447692908375e-07
460 3.755454125262413e-07
461 3.4041413840407124e-07
462 3.072948533255519e-07
463 3.1911260288520324e-07
464 3.673743951159762e-07
465 3.192994264072544e-07
466 3.587028852897558e-07
467 3.3692624788304125e-07
468 3.204300718732201e-07
469 3.167569612514987e-07
470 3.1472878745600835e-07
471 2.699735831657621e-07
472 3.6140679222403234e-07
473 3.477748101795147e-07
474 3.438685068641182e-07
475 3.4075702584486766e-07
476 3.2792879770567107e-07
477 3.3383670485241906e-07
478 3.562419969407547e-07
479 3.221837684030734e-07
480 3.2316584946623915e-07
481 3.0805290771580734e-07
482 3.102146130034596e-07
483 3.2706134362387414e-07
484 3.4405353434808943e-07
485 3.4016717360019026e-07
486 3.111058416537465e-07
487 2.9215770483594383e-07
488 3.036693490351216e-07
489 3.5260906420957106e-07
490 3.230409577048741e-07
491 3.347111549852553e-07
492 3.28298935276436e-07
493 3.3453578808261996e-07
494 3.6539832310853317e-07
495 2.9303964067053135e-07
496 3.395400476052335e-07
497 3.439661473551804e-07
498 3.15057159586424e-07
499 3.568072535217912e-07
500 2.893334539901371e-07
501 3.256190706368153e-07
502 2.993329771780334e-07
503 3.166193365593912e-07
504 3.4640614023296685e-07
505 3.03218451957428e-07
506 3.2955130323245956e-07
507 2.979373590009835e-07
508 2.88365921702886e-07
509 3.219486208760478e-07
510 2.999707012593899e-07
511 3.0036707781298304e-07
512 3.2007655792861185e-07
513 3.7230279498839215e-07
514 3.420211125577394e-07
515 3.2658398096751665e-07
516 3.4752145041717087e-07
517 3.37423933010581e-07
518 3.5949645759409744e-07
519 3.310737752170636e-07
520 3.191468601162519e-07
521 3.323736575921382e-07
522 3.164802438844484e-07
523 3.3537256670690507e-07
524 3.302542743562965e-07
525 3.3271643710761445e-07
526 3.262731277205769e-07
527 3.42934923916081e-07
528 3.261417221752806e-07
529 3.514917618727856e-07
530 3.2198240002068084e-07
531 3.1613074556804614e-07
532 3.1790263303281043e-07
533 3.127667153913624e-07
534 3.191598720495127e-07
535 3.337039754070439e-07
536 3.411791283470329e-07
537 3.150729427741509e-07
538 3.1709373922364364e-07
539 3.5461622104146304e-07
540 3.2614244663134073e-07
541 3.647111738189836e-07
542 3.376609464152914e-07
543 2.9669230446916253e-07
544 3.5262272579165163e-07
545 3.4531863263046736e-07
546 3.2747592198620527e-07
547 3.4560791280681967e-07
548 3.1672425333849455e-07
549 3.3417566217422724e-07
550 3.1826363411370125e-07
551 3.2538079372795085e-07
552 3.245537986066216e-07
553 3.3939205398614424e-07
554 3.424372338445415e-07
555 3.238860190931176e-07
556 3.497178208107262e-07
557 3.5469349891525567e-07
558 3.1368357852358886e-07
559 3.118344117891037e-07
560 2.9084340882615216e-07
561 3.204863177906257e-07
562 3.6805367981094307e-07
563 3.238453697243823e-07
564 3.32674994373115e-07
565 3.447659544844094e-07
566 3.38935974931869e-07
567 3.09672686039763e-07
568 2.9738794694430706e-07
569 3.2292201142468223e-07
570 3.22437516647358e-07
571 3.543210473434198e-07
572 3.023450947953825e-07
573 3.0816002940162536e-07
574 3.459667165439338e-07
575 3.58782297418934e-07
576 3.2812314830344006e-07
577 3.6899490375703027e-07
578 3.312748311598849e-07
579 3.3120164496190314e-07
580 3.2999206578509237e-07
581 3.3404899502014177e-07
582 3.323698507115799e-07
583 3.025596687454991e-07
584 3.3292295089970675e-07
585 3.026133961411937e-07
586 3.500014563860534e-07
587 3.1706130534106817e-07
588 3.176184146502938e-07
589 3.2407462970433757e-07
590 3.427520930024425e-07
591 3.0358595111615094e-07
592 3.6706188375969576e-07
593 3.2398407921846975e-07
594 3.1750616303967803e-07
595 3.25449707364578e-07
596 3.1028770645179774e-07
597 3.403042445532403e-07
598 2.8350262759081805e-07
599 3.2220165797581275e-07
600 3.139174053398162e-07
601 3.2645804277523956e-07
602 3.432290367337905e-07
603 2.990876571632778e-07
604 3.3299578806068504e-07
605 3.8777326901148956e-07
606 3.226211334048699e-07
607 3.3612455667860926e-07
608 3.222161264684988e-07
609 3.0172783781270194e-07
610 3.266697772038474e-07
611 3.525611694443908e-07
612 3.7252196222393314e-07
613 3.276299986264381e-07
614 3.313995660992864e-07
615 3.5403359266564614e-07
616 2.8085424403501483e-07
617 3.018470220841653e-07
618 3.252869153279745e-07
619 3.366064488489863e-07
620 3.7395707262662975e-07
621 2.9416638587489944e-07
622 3.122800751018636e-07
623 3.25366029664114e-07
624 3.30978292966596e-07
625 2.919635599508869e-07
626 3.744879730744734e-07
627 3.2718374210335974e-07
628 3.130255042345135e-07
629 3.103384317360381e-07
630 3.7385743353045803e-07
631 3.368565142386815e-07
632 3.4766837032349126e-07
633 3.0296133219765505e-07
634 3.447728234793849e-07
635 3.3739669624995177e-07
636 3.0006905763593903e-07
637 3.3215738543593225e-07
638 3.3126165973707854e-07
639 3.2195355825166337e-07
640 2.873832368377258e-07
641 3.1892247161037974e-07
642 3.4171518901216804e-07
643 3.658113894330568e-07
644 3.4491243275648075e-07
645 2.7707096560408297e-07
646 3.7305730886380643e-07
647 3.2515344760583257e-07
648 3.06730754632767e-07
649 3.9048298475728214e-07
650 2.895840307316959e-07
651 2.880289964949967e-07
652 3.348360879737445e-07
653 3.3796800872546924e-07
654 3.286940766106342e-07
655 3.201963904351332e-07
656 3.497114233296645e-07
657 3.2747565264085504e-07
658 3.129919534176146e-07
659 3.3002219498837596e-07
660 3.0303585326301716e-07
661 3.5921584747057596e-07
662 3.18487338006814e-07
663 3.45734157169527e-07
664 2.9894079824690135e-07
665 3.3753129003472946e-07
666 3.7384711936093446e-07
667 3.011157737339454e-07
668 3.334952831614406e-07
669 3.285569899309629e-07
670 3.3281690695767905e-07
671 3.2756415312282685e-07
672 3.1502165034309464e-07
673 3.6709204779527013e-07
674 3.432047120670789e-07
675 3.407364800679143e-07
676 2.6380807993686587e-07
677 3.426399975533259e-07
678 3.4199549158976037e-07
679 3.5919387103730756e-07
680 3.1542086396013007e-07
681 3.313154272514918e-07
682 3.8359981036026987e-07
683 3.470111023160651e-07
684 3.212755394574538e-07
685 3.265090391168658e-07
686 3.4178941758177637e-07
687 3.8549993971488987e-07
688 3.2553859398510537e-07
689 3.238178333262073e-07
690 3.1888200453895317e-07
691 3.120082616216541e-07
692 3.258976169116032e-07
693 3.4020395604338926e-07
694 3.086025462120189e-07
695 2.9840917869388025e-07
696 3.289150322210196e-07
697 3.209956469348149e-07
698 2.9353991973375853e-07
699 2.942291949639926e-07
700 3.32172747267537e-07
701 3.1045280895626483e-07
702 3.1976160387917085e-07
703 3.357779620601838e-07
704 3.5228579002526807e-07
705 3.33878295992937e-07
706 3.7224345683000827e-07
707 3.4449295503388106e-07
708 3.174854823087265e-07
709 2.864223234208165e-07
710 3.254758525804482e-07
711 3.5028584188331666e-07
712 3.3721579813925095e-07
713 2.9541135713954706e-07
714 3.0382017334284677e-07
715 3.0545637033875415e-07
716 2.95714469767649e-07
717 3.405127376169914e-07
718 3.3270596054070584e-07
719 3.1384872803720985e-07
720 3.470853106185993e-07
721 3.3901697572052393e-07
722 3.457374589286232e-07
723 3.129160534829562e-07
724 3.17540797877259e-07
725 3.4080252822939695e-07
726 3.2058761944957987e-07
727 3.4132265114877914e-07
728 3.274407137072402e-07
729 3.134250550236777e-07
730 3.606794150086594e-07
731 3.314382622274653e-07
732 3.2420862734230307e-07
733 3.59140675357754e-07
734 3.009516150034112e-07
735 3.0720937934443333e-07
736 3.2743060132544993e-07
737 3.2180131776135614e-07
738 3.139476176922483e-07
739 2.932644829448737e-07
740 2.62546194139469e-07
741 2.9854722507635295e-07
742 3.318637434067302e-07
743 3.0204151777863776e-07
744 3.2550462295455534e-07
745 2.968330004760216e-07
746 3.279614540638914e-07
747 3.387907333694666e-07
748 3.512950630868299e-07
749 3.174089644545394e-07
750 3.487698806382345e-07
751 3.507563964996651e-07
752 3.381401908290681e-07
753 3.3313859913807027e-07
754 3.192936943437945e-07
755 3.334259019176599e-07
756 3.433166213832127e-07
757 3.191299235413552e-07
758 3.820587130554844e-07
759 3.210326255443514e-07
760 3.1724676717662033e-07
761 2.938845951854064e-07
762 3.571897242163097e-07
763 3.2789514943284934e-07
764 3.6860960070601355e-07
765 3.3688637198900955e-07
766 2.7145487974162465e-07
767 3.5121824653355503e-07
768 3.298413297639643e-07
769 3.4622375031865e-07
770 3.2294558160614046e-07
771 3.354646756199817e-07
772 3.222612883103953e-07
773 3.4528799294679613e-07
774 3.274137023184251e-07
775 3.350627382982855e-07
776 3.3312481079047633e-07
777 3.3328925172822697e-07
778 3.425548871092165e-07
779 2.8741458775255523e-07
780 3.3158050104702634e-07
781 3.2275836929270285e-07
782 3.126316719912424e-07
783 3.1028672739564427e-07
784 3.45576678726667e-07
785 3.2024183325102737e-07
786 3.223779576606313e-07
787 3.709884883529323e-07
788 3.250461498662588e-07
789 3.6943127632449225e-07
790 3.23511026910267e-07
791 3.374682082453323e-07
792 3.382703490388857e-07
793 3.6895431785478914e-07
794 3.551006735617784e-07
795 3.443438365694645e-07
796 3.297756567588558e-07
797 2.9868102446172473e-07
798 3.245122909871669e-07
799 3.538901487805234e-07
800 3.3685261294101676e-07
801 3.3838622863547813e-07
802 3.10596241193367e-07
803 3.4565208434822913e-07
804 3.625623471730752e-07
805 3.357446187321791e-07
806 3.486577373670344e-07
807 3.180158306883175e-07
808 3.0920416933307143e-07
809 3.245895893529229e-07
810 2.9889946760102555e-07
811 3.463016691600106e-07
812 3.561028562569065e-07
813 3.506404798070163e-07
814 2.986695830377382e-07
815 3.4854109060326825e-07
816 2.816504458016664e-07
817 3.2231661891840384e-07
818 3.1724607457045277e-07
819 2.833194461340854e-07
820 3.4506883587430096e-07
821 3.93529917904625e-07
822 3.2590901280950986e-07
823 3.4660239379998407e-07
824 3.316998192501872e-07
825 3.4362206247082265e-07
826 2.861113630396254e-07
827 2.9969836236164056e-07
828 3.437976756710873e-07
829 3.233410448694363e-07
830 3.180061768594493e-07
831 3.0353623309688974e-07
832 3.5126263360309535e-07
833 3.094706871148525e-07
834 3.433591534674617e-07
835 3.197063773856555e-07
836 3.483456446849191e-07
837 3.5501397158753176e-07
838 3.3592225146257525e-07
839 3.315172362660679e-07
840 2.653606767021944e-07
841 3.808523280931879e-07
842 3.1635280326216247e-07
843 3.158361132750656e-07
844 3.353628409482882e-07
845 2.999856368449337e-07
846 3.8117355703570525e-07
847 3.321609111306941e-07
848 3.1753021444529813e-07
849 3.335653117809327e-07
850 3.145466632941246e-07
851 3.189654003339069e-07
852 3.4359099456490266e-07
853 3.089959741651812e-07
854 3.422663356175796e-07
855 2.989599795126694e-07
856 3.1349230840417547e-07
857 3.265995592666636e-07
858 3.276513397422611e-07
859 3.1934459553076047e-07
860 2.725632170827482e-07
861 3.7175557755402867e-07
862 2.9100193147377895e-07
863 2.953624855461015e-07
864 3.650031347215926e-07
865 2.9985308012277163e-07
866 3.3635428273755445e-07
867 3.510939409251405e-07
868 3.071041176972059e-07
869 3.592587648045615e-07
870 3.2282674099198725e-07
871 3.4259703696329574e-07
872 3.1068093614483716e-07
873 3.1640683131196864e-07
874 3.305692430406816e-07
875 3.5916507221072843e-07
876 3.3825108562205826e-07
877 3.4065296988428026e-07
878 3.2151515075489124e-07
879 3.223149129856894e-07
880 3.429389171557954e-07
881 3.199686996258139e-07
882 3.0851738153162577e-07
883 3.46755930982276e-07
884 3.470684623450006e-07
885 3.444127903376444e-07
886 3.1888668506281153e-07
887 3.0133784635058703e-07
888 3.0184868413340913e-07
889 3.3370375110772785e-07
890 3.2318206076372876e-07
891 3.386924022924645e-07
892 3.023770705255594e-07
893 3.7902322569166404e-07
894 3.3496845054456646e-07
895 3.3322096458819743e-07
896 3.306969825403078e-07
897 3.4740053568318124e-07
898 3.1572777601699684e-07
899 3.2416838593159615e-07
900 3.4985311132199495e-07
901 3.6958825135548837e-07
902 3.117312004624453e-07
903 3.284369425147156e-07
904 3.1573920789731963e-07
905 3.451596095021422e-07
906 2.979225307538271e-07
907 3.010022828611954e-07
908 3.5794535353609507e-07
909 3.4018000868373473e-07
910 3.378868325291581e-07
911 3.2576621532571283e-07
912 3.0859220523968294e-07
913 3.2364314306672473e-07
914 3.503737314395887e-07
915 3.316893235718049e-07
916 3.224497926255818e-07
917 3.635377693953468e-07
918 3.220440385689925e-07
919 3.308042279135064e-07
920 3.58717646814522e-07
921 2.9557427597243373e-07
922 3.5313336884934273e-07
923 3.516327063881359e-07
924 2.9278759065459877e-07
925 2.990475702226357e-07
926 3.1526070605900103e-07
927 3.814537693831413e-07
928 3.041116297177998e-07
929 2.9901197358813006e-07
930 3.3621179556028097e-07
931 3.14461422226428e-07
932 3.0083572845676395e-07
933 3.0891793737845403e-07
934 3.013535169822588e-07
935 3.0726540890305946e-07
936 3.0659570598307633e-07
937 2.8871370426316767e-07
938 3.151414391791e-07
939 3.175674877515234e-07
940 3.55617623900149e-07
941 3.411193156459772e-07
942 3.254192413319821e-07
943 3.13221266672962e-07
944 3.089116254219796e-07
945 3.142289237984181e-07
946 2.862618014326869e-07
947 3.170310907904343e-07
948 3.232744725429214e-07
949 2.9864373297140705e-07
950 3.2117862039165167e-07
951 3.364996429439308e-07
952 3.259109216806506e-07
953 3.2630437047215906e-07
954 3.1445061986322105e-07
955 3.4327452132173574e-07
956 3.638638015002107e-07
957 3.337457266321207e-07
958 3.4457791169010747e-07
959 3.3919080881612813e-07
960 3.2194600792053065e-07
961 3.540422591262295e-07
962 3.207006385153765e-07
963 3.231835762814142e-07
964 3.1737037065965704e-07
965 3.2855973749830045e-07
966 3.844097143300935e-07
967 3.1984706645857516e-07
968 3.254594481498217e-07
969 3.620950757101589e-07
970 3.039150318247148e-07
971 3.6560026025957143e-07
972 2.910982837744021e-07
973 3.2510197914833e-07
974 3.428135351947011e-07
975 3.3731142118581596e-07
976 3.3587960741636145e-07
977 3.092591431997159e-07
978 3.391771162597865e-07
979 2.844329295921478e-07
980 3.266178792692326e-07
981 2.8420919608459977e-07
982 3.0223596428712507e-07
983 3.080004670662439e-07
984 3.3604098369979994e-07
985 3.4902302016040033e-07
986 3.1428914871558283e-07
987 3.2861844205374715e-07
988 3.370158967567327e-07
989 3.274937935116827e-07
990 3.308142344025717e-07
991 2.8765196940287333e-07
992 3.693934653268712e-07
993 3.9841439037066625e-07
994 3.1965916222538554e-07
995 3.293868584613721e-07
996 3.2597402290662556e-07
997 2.7706574427582924e-07
998 3.421259695774304e-07
999 3.2145077202654215e-07
