0 4.623492161433883e-07
1 3.3112379660351227e-07
2 3.4432359203748985e-07
3 3.664029289601923e-07
4 4.262495491396625e-07
5 3.8202595326652487e-07
6 3.167743981930459e-07
7 4.642830580726914e-07
8 4.992991518721546e-07
9 4.900721643472727e-07
10 4.6628019672828304e-07
11 3.409015335639458e-07
12 3.083955985173776e-07
13 5.22578555176603e-07
14 3.2738202837319754e-07
15 3.560899444498926e-07
16 4.315904496699925e-07
17 5.494692668270447e-07
18 5.526161855944702e-07
19 3.5529367392733605e-07
20 4.639042408837554e-07
21 5.067561964702468e-07
22 3.945862329443578e-07
23 3.643546976375215e-07
24 4.7654584782067983e-07
25 3.0770175152845134e-07
26 3.786570530891572e-07
27 3.888557294907589e-07
28 3.4209400646689694e-07
29 4.634104689096239e-07
30 1.7346784467287404e-07
31 5.815777114198088e-07
32 2.724037173671041e-07
33 3.783521996771711e-07
34 4.248728069625818e-07
35 3.3672470878334755e-07
36 2.8418724069858783e-07
37 4.231733017064016e-07
38 3.858765828308138e-07
39 4.543058857519806e-07
40 5.817209208662728e-07
41 5.313626162048775e-07
42 5.27273913320682e-07
43 4.2618732783038544e-07
44 4.1808156427061374e-07
45 5.104086481116154e-07
46 6.075338175102796e-07
47 5.501871629223192e-07
48 4.639906228765974e-07
49 3.3424586085900325e-07
50 4.3980493309586683e-07
51 3.1811096187239674e-07
52 4.869337681729809e-07
53 4.2416402325748837e-07
54 3.991652028746655e-07
55 3.662126301544418e-07
56 3.382366931601491e-07
57 4.4400864636557336e-07
58 4.2345040199222215e-07
59 4.762474144322063e-07
60 3.7084934268054297e-07
61 4.0690768967284773e-07
62 3.0081810850903656e-07
63 5.535044028348638e-07
64 4.291510730515783e-07
65 3.101874061964321e-07
66 4.68171783297602e-07
67 4.817320024778214e-07
68 4.793427066280108e-07
69 3.877508480203136e-07
70 4.255705228673863e-07
71 3.772592607971057e-07
72 3.4295849100779993e-07
73 5.112376235810514e-07
74 3.607953084752025e-07
75 5.079670529351564e-07
76 2.5131670888146465e-07
77 4.333347127170357e-07
78 5.079580409768238e-07
79 4.5636943688387334e-07
80 3.55655869887902e-07
81 3.6374210888136803e-07
82 3.3248742816503793e-07
83 4.2240849404829424e-07
84 3.4395515244051384e-07
85 3.211380838113753e-07
86 4.0836379644505683e-07
87 3.682380893311641e-07
88 3.6848583194025136e-07
89 4.883384779626907e-07
90 6.117646481363665e-07
91 4.3517344041445495e-07
92 3.557446941074128e-07
93 3.303671508198056e-07
94 3.879973214746832e-07
95 3.3833146555190333e-07
96 3.758958735811726e-07
97 2.93394259553073e-07
98 4.564090317879325e-07
99 3.091232991141626e-07
100 5.383408429261741e-07
101 5.55680750893613e-07
102 3.5018948727863925e-07
103 4.522587779027941e-07
104 4.3914766101933776e-07
105 3.081865940990078e-07
106 3.6103390260953154e-07
107 4.3568478246167984e-07
108 4.5893968287397724e-07
109 4.4070364803655823e-07
110 3.932293755151782e-07
111 3.4214461549785974e-07
112 3.514078116122632e-07
113 4.4270834704949283e-07
114 4.490982503816893e-07
115 5.093456563949596e-07
116 6.114921481789576e-07
117 2.9481873755550285e-07
118 3.419037173716049e-07
119 6.421219005526196e-07
120 3.513046694449057e-07
121 2.539787417944844e-07
122 4.113219276535663e-07
123 5.203446564264857e-07
124 1.6377730242680112e-07
125 4.1515256344896975e-07
126 4.988971673060099e-07
127 4.186243713736079e-07
128 4.1310764307283964e-07
129 3.2717441956862706e-07
130 5.291620840389544e-07
131 2.8369425122315796e-07
132 4.3032956714915454e-07
133 5.206400257132644e-07
134 4.745938949647337e-07
135 3.5692920312375e-07
136 3.004451818732718e-07
137 2.7426520690508473e-07
138 4.872989768918819e-07
139 4.299113212391904e-07
140 4.3522210091822855e-07
141 2.709450107076233e-07
142 4.01035163579274e-07
143 3.9271603847517787e-07
144 5.437511893584532e-07
145 5.132131840275426e-07
146 2.3274304691404256e-07
147 5.620389865276482e-07
148 4.825656727870242e-07
149 3.329345412564991e-07
150 4.1105232712910644e-07
151 3.6822014030731486e-07
152 5.854250948290146e-07
153 2.547546990385958e-07
154 4.086843486751145e-07
155 4.513378410718043e-07
156 3.6501475130346563e-07
157 4.0766448037343436e-07
158 3.5388176587179393e-07
159 4.110930879346692e-07
160 4.883229974877015e-07
161 4.5690540506632653e-07
162 3.64518633731915e-07
163 5.534321480482461e-07
164 3.654403613484769e-07
165 3.7651201956998916e-07
166 3.548116323547857e-07
167 4.880963443783987e-07
168 5.109147514898284e-07
169 5.001471384581939e-07
170 4.7429550541128516e-07
171 3.8363696327251597e-07
172 4.990959497403188e-07
173 4.515470081921325e-07
174 4.1501963703334395e-07
175 4.4051833407498345e-07
176 2.8624159759967495e-07
177 2.8923178707454936e-07
178 3.1354874798130483e-07
179 4.472781449473063e-07
180 5.795554997066783e-07
181 4.5885104772707317e-07
182 4.501465788437641e-07
183 4.785277643924749e-07
184 4.551936762303613e-07
185 3.629030541808778e-07
186 3.618136544420678e-07
187 3.6006602261373725e-07
188 4.812284385407096e-07
189 4.875935585864681e-07
190 3.510906453540791e-07
191 4.490429129800151e-07
192 3.747830522353691e-07
193 4.2673871857089563e-07
194 2.9011496035147064e-07
195 3.678713882152534e-07
196 5.459473506904294e-07
197 3.548526720686366e-07
198 3.6373911688231793e-07
199 4.1320973899213073e-07
200 3.979182309603023e-07
201 2.447976230935506e-07
202 4.136755813579023e-07
203 3.4638970194237047e-07
204 5.424106699064004e-07
205 4.6148047366299635e-07
206 3.755932930230895e-07
207 5.535187054975275e-07
208 4.328392763025236e-07
209 4.767826701228734e-07
210 4.3942183291027886e-07
211 3.3939249924539305e-07
212 4.191263456210693e-07
213 4.450839653712361e-07
214 3.3555756970448576e-07
215 4.242466351667174e-07
216 3.213996848365647e-07
217 3.848065966377417e-07
218 4.5294493344150754e-07
219 5.050145201863972e-07
220 5.027953609372707e-07
221 2.4290318171035723e-07
222 4.0684846855616837e-07
223 4.194276080588642e-07
224 4.1482956708594153e-07
225 4.1818936300365344e-07
226 3.218548158682102e-07
227 4.557782603278285e-07
228 4.4890312558439266e-07
229 4.5695372355390415e-07
230 5.132923464945511e-07
231 2.2713237043445468e-07
232 3.61929664249836e-07
233 4.4978291861146995e-07
234 3.726645721708317e-07
235 4.0576834175972056e-07
236 3.5816155189396375e-07
237 2.862355343344361e-07
238 4.163994393869984e-07
239 3.7288615767997527e-07
240 4.388024748098727e-07
241 5.856725582065777e-07
242 4.145967495146655e-07
243 4.3489835361359174e-07
244 3.84690236151871e-07
245 4.976277020759499e-07
246 4.7199005080253746e-07
247 3.335053891891279e-07
248 4.482288977569911e-07
249 3.9187097883060943e-07
250 3.520951641709388e-07
251 3.235699915073156e-07
252 5.632103163734522e-07
253 4.16059812971487e-07
254 2.9623403204972657e-07
255 4.3312182099222905e-07
256 5.441739351330111e-07
257 3.838091754736411e-07
258 4.114045553165581e-07
259 3.5682401162705746e-07
260 5.743702544413204e-07
261 3.871099846228097e-07
262 5.388110683044544e-07
263 3.5395158906682943e-07
264 4.204025236589536e-07
265 3.606589044235692e-07
266 4.465602225190709e-07
267 3.471027344534993e-07
268 4.880726251719347e-07
269 3.223265462882565e-07
270 4.128185452165194e-07
271 3.855501459830322e-07
272 3.4046629854748726e-07
273 4.981918497634858e-07
274 4.1630466974288107e-07
275 3.604006838383611e-07
276 3.960111274441097e-07
277 3.6411901928846554e-07
278 3.638114946536082e-07
279 3.1085851781598346e-07
280 5.255389354488898e-07
281 2.109316499151942e-07
282 4.61459343572681e-07
283 4.5017891675491537e-07
284 4.500782766579615e-07
285 3.6002749116322656e-07
286 4.663184297537105e-07
287 4.370610167934463e-07
288 4.209029269422315e-07
289 4.2099756859192075e-07
290 4.1147986856436887e-07
291 4.980496161461925e-07
292 3.521199283288735e-07
293 4.3309570886529204e-07
294 3.41330582349978e-07
295 3.141025543988816e-07
296 4.0589836426323624e-07
297 4.2317761009496475e-07
298 3.8868353617498523e-07
299 5.306113802936415e-07
300 4.13555549403827e-07
301 4.1774261822940013e-07
302 2.5936625279314734e-07
303 6.110364358533153e-07
304 3.5911243260897674e-07
305 4.5087020471366275e-07
306 4.447856454826928e-07
307 3.861605769577128e-07
308 4.361380061708848e-07
309 4.452310878808733e-07
310 2.8869945348706444e-07
311 5.197324960149167e-07
312 2.491248909458405e-07
313 3.727625799120738e-07
314 2.6100362482106354e-07
315 4.47248073178233e-07
316 4.869130576404409e-07
317 3.3590136446786787e-07
318 6.0202774407326e-07
319 4.327605250246884e-07
320 3.985175094467716e-07
321 3.221238107944132e-07
322 4.5148574886439284e-07
323 4.3721277917548935e-07
324 3.2697295833201596e-07
325 4.368600138225208e-07
326 4.470924319047358e-07
327 4.5332299425099417e-07
328 4.648362850280665e-07
329 4.833665999959922e-07
330 4.2523192450059853e-07
331 4.0088294889434077e-07
332 5.097216009689994e-07
333 3.997806344417051e-07
334 4.170721692866074e-07
335 5.005843638627799e-07
336 4.979471937123323e-07
337 3.9172207473513775e-07
338 3.496530895114649e-07
339 5.289051191876557e-07
340 5.15625423938046e-07
341 5.130638156768184e-07
342 5.750469505183939e-07
343 3.734727510952602e-07
344 3.0915261347396336e-07
345 4.939792528016005e-07
346 3.8226678068073927e-07
347 3.7915207960318807e-07
348 4.927871059005571e-07
349 3.751070907975303e-07
350 3.48052102351179e-07
351 2.3603081264884657e-07
352 3.579937100877638e-07
353 5.253201017533752e-07
354 5.085470336094784e-07
355 3.4681005929449617e-07
356 5.174738526553793e-07
357 4.922330406484325e-07
358 4.588432144795961e-07
359 3.5069884921366373e-07
360 2.654567458615051e-07
361 5.265416188283251e-07
362 3.8527940724658515e-07
363 6.113141574989456e-07
364 4.215013614414889e-07
365 4.0589840146271263e-07
366 4.955475338242545e-07
367 4.2985554231558223e-07
368 4.35252189625479e-07
369 4.1320307494571636e-07
370 5.706245044621516e-07
371 3.3880745048255855e-07
372 4.5670600060126286e-07
373 4.6412107811620164e-07
374 3.802659007660253e-07
375 4.300465517451115e-07
376 5.925997363599011e-07
377 4.748738124496772e-07
378 4.4664089469015005e-07
379 4.149293350659512e-07
380 4.60757201793052e-07
381 5.914252755578302e-07
382 5.27710085240844e-07
383 4.11653840303715e-07
384 3.3620356548170067e-07
385 4.794070884915453e-07
386 5.620664048795567e-07
387 2.883060707686676e-07
388 3.2847602205153905e-07
389 4.080091799645814e-07
390 4.4877396106921094e-07
391 3.746165840039437e-07
392 2.2706664285159158e-07
393 3.350696621435323e-07
394 4.548699145747536e-07
395 2.92705182476629e-07
396 5.675716567529862e-07
397 4.3483065150997706e-07
398 3.8994868660971985e-07
399 4.60810584135531e-07
400 4.0067090198265985e-07
401 3.2906871852969214e-07
402 4.3276886020484917e-07
403 3.842330033123982e-07
404 4.3802876189861695e-07
405 4.3462937202903795e-07
406 2.5854276203769535e-07
407 3.683399762795507e-07
408 2.9401394254557496e-07
409 3.4947348324069235e-07
410 3.150314777171432e-07
411 5.016917032821851e-07
412 4.584312341984758e-07
413 3.0738113864173825e-07
414 4.1939592067928975e-07
415 3.3370465132320084e-07
416 3.2278087536730597e-07
417 3.6375802819702126e-07
418 3.103216088870734e-07
419 4.525261560342801e-07
420 5.232081496273783e-07
421 4.326144676250697e-07
422 2.200754057107268e-07
423 4.745033163006238e-07
424 5.757700726791813e-07
425 5.276380018355643e-07
426 3.107362045288404e-07
427 3.2634404027390895e-07
428 4.024370743459406e-07
429 4.290225084240348e-07
430 5.108772279852622e-07
431 4.784658967082407e-07
432 3.3778336386641144e-07
433 3.8927548999113114e-07
434 4.1092890832018226e-07
435 4.2306102170619014e-07
436 4.0941140179363235e-07
437 4.4874744407415375e-07
438 4.438907893729781e-07
439 5.631301436619823e-07
440 4.2709065853249e-07
441 4.1140615580945743e-07
442 4.619925561906158e-07
443 4.3462999616295056e-07
444 3.5630344124847026e-07
445 5.508849564779544e-07
446 4.785036530474628e-07
447 3.0138680285711684e-07
448 4.016438347883069e-07
449 2.5408615580373304e-07
450 3.0489341418595e-07
451 5.127757880592052e-07
452 4.061912534529801e-07
453 4.3678252600131235e-07
454 4.051210563262544e-07
455 2.8244778061124506e-07
456 4.866648348006332e-07
457 3.6142465725103687e-07
458 2.3318964364000792e-07
459 5.404826247379435e-07
460 4.0373307705416656e-07
461 5.526427459014975e-07
462 3.889819925269856e-07
463 5.271241308190032e-07
464 5.177870141309123e-07
465 5.584300551533136e-07
466 2.980378960130475e-07
467 3.1457506125072205e-07
468 3.334425360831752e-07
469 2.570833847060301e-07
470 4.12743952773921e-07
471 3.5302195953886656e-07
472 4.1362562955680267e-07
473 4.890355152230807e-07
474 4.010319899928605e-07
475 3.459467245854529e-07
476 4.082284356579108e-07
477 3.1885277730930466e-07
478 4.6537219234618115e-07
479 3.5319910089920327e-07
480 5.451025592930745e-07
481 3.687761556662665e-07
482 4.682371941043148e-07
483 4.502774347342005e-07
484 4.329696646512298e-07
485 3.921200484823987e-07
486 4.322001512000831e-07
487 4.6760291434677054e-07
488 3.910506212217818e-07
489 2.9366830218911825e-07
490 3.5546623577205644e-07
491 5.481483552931985e-07
492 3.226033138454235e-07
493 4.608408389961733e-07
494 4.160919298940792e-07
495 4.036818197174273e-07
496 3.3595640576083976e-07
497 4.4270965132808315e-07
498 3.1935968934754054e-07
499 4.0598637020603543e-07
500 5.081472145616671e-07
501 3.326281271304545e-07
502 4.5833862773575416e-07
503 3.1285264642012396e-07
504 3.048235093336625e-07
505 3.6275667276287683e-07
506 5.104297738893802e-07
507 2.7174832934254426e-07
508 4.797048160348072e-07
509 3.1503457049141505e-07
510 3.4281627296496955e-07
511 5.674547743089896e-07
512 3.4572387410711295e-07
513 3.585406375582017e-07
514 4.245198605722874e-07
515 3.2870912843368944e-07
516 3.58270320280691e-07
517 5.841256315345085e-07
518 3.518265435895351e-07
519 5.040150882131654e-07
520 4.868007512575137e-07
521 4.107618288695778e-07
522 3.526512907590178e-07
523 3.7188543888367517e-07
524 3.6690901403293827e-07
525 3.2624684550820584e-07
526 3.937225713106514e-07
527 3.2068332081280197e-07
528 4.336240376093325e-07
529 3.752819735371163e-07
530 5.191997486109781e-07
531 3.482457594273627e-07
532 3.9965518565894576e-07
533 3.700870977197798e-07
534 3.435011653933419e-07
535 4.0495139444009244e-07
536 4.161567352712926e-07
537 2.8476225834827306e-07
538 4.536907373444399e-07
539 3.4135760571874004e-07
540 4.99575294871169e-07
541 4.154543224984617e-07
542 2.920682086510938e-07
543 5.657289747039583e-07
544 4.007612121717385e-07
545 4.0661148288814643e-07
546 2.8380379133501315e-07
547 3.3319456318163967e-07
548 3.6562812729540497e-07
549 3.7168612986729467e-07
550 3.760490197199571e-07
551 3.389925293518414e-07
552 4.672844008468434e-07
553 3.1738604870082577e-07
554 2.6342819331083963e-07
555 3.6303027268977024e-07
556 2.2553562322306496e-07
557 3.074715950258291e-07
558 4.791339229065044e-07
559 4.196740551718322e-07
560 5.086384800502836e-07
561 6.05396728999316e-07
562 3.7791519389064267e-07
563 2.7323451741711475e-07
564 4.530122528103164e-07
565 3.9271141425886287e-07
566 4.09329914842551e-07
567 5.076458537026159e-07
568 5.83946663282686e-07
569 4.914082539006424e-07
570 4.422061084400515e-07
571 4.509430771942113e-07
572 5.318110781370628e-07
573 3.851523874432489e-07
574 3.3503949626896656e-07
575 3.9653585143697547e-07
576 4.948111468367544e-07
577 3.6398948760501743e-07
578 4.2001178152728205e-07
579 4.1970372910159097e-07
580 4.071737347784823e-07
581 3.5428732528920295e-07
582 5.575468716056819e-07
583 6.517602877249413e-07
584 4.564707960935097e-07
585 3.1752023519648624e-07
586 4.106033353553398e-07
587 4.5773129240631703e-07
588 4.214305275221928e-07
589 3.457658167756312e-07
590 3.674091884839395e-07
591 4.880425126063239e-07
592 4.618848445466184e-07
593 4.812180637288188e-07
594 4.377625376025481e-07
595 4.654203013294282e-07
596 5.065528126989519e-07
597 4.0778317780220653e-07
598 5.715469446115633e-07
599 2.7454283467458676e-07
600 3.8897411540671507e-07
601 4.2883517908293803e-07
602 4.1745417128075824e-07
603 5.492931304287596e-07
604 4.0908718895899036e-07
605 3.290615337143751e-07
606 4.4916842966531856e-07
607 4.4695285271963706e-07
608 4.5310997801683053e-07
609 4.21187363929534e-07
610 3.88929355949217e-07
611 3.0569812278611106e-07
612 2.3119794225712072e-07
613 4.143680044428657e-07
614 4.422419259866683e-07
615 3.5203507348685674e-07
616 3.447514254442964e-07
617 5.635067290933442e-07
618 4.1465225418643126e-07
619 3.0969275792505443e-07
620 4.6676141647525916e-07
621 5.27748481242788e-07
622 3.486752922882674e-07
623 4.6607091050733336e-07
624 3.2787672834328444e-07
625 4.3737228207629503e-07
626 3.7959374574041787e-07
627 4.368050221236596e-07
628 4.3068239305182903e-07
629 3.9467529621130584e-07
630 2.3863393054719057e-07
631 4.406924140797104e-07
632 4.737570696057208e-07
633 3.801308944804088e-07
634 4.133189391781371e-07
635 3.4342879018901387e-07
636 6.072673773456604e-07
637 4.4882095100197065e-07
638 3.807800457464921e-07
639 4.635323685891265e-07
640 3.7717420766946154e-07
641 4.039682719607766e-07
642 2.780861187147297e-07
643 3.797971666384882e-07
644 4.2473419671530174e-07
645 4.3317332358331394e-07
646 4.247906180258917e-07
647 4.211849459541466e-07
648 6.033495748445112e-07
649 7.790500656930341e-08
650 4.168908650865039e-07
651 4.1384503450982384e-07
652 2.9965865685482424e-07
653 5.171414702424865e-07
654 4.7616024835569846e-07
655 3.2669826832386384e-07
656 3.482264236991635e-07
657 4.883117874956968e-07
658 6.041163223408753e-07
659 4.0635109286998624e-07
660 4.2981459384766843e-07
661 3.881077371345279e-07
662 4.0632187857244724e-07
663 4.862943487318127e-07
664 3.756555018761084e-07
665 4.2665866852249415e-07
666 2.929890920953564e-07
667 3.2970186924458325e-07
668 3.870252460880093e-07
669 3.334265649275461e-07
670 3.6828395533300763e-07
671 4.679776875299633e-07
672 4.840005675010371e-07
673 2.595506206985519e-07
674 3.288621262624719e-07
675 3.9313447323273607e-07
676 6.340398350297808e-07
677 3.1282837375509806e-07
678 3.256620481819241e-07
679 3.6222729479471184e-07
680 3.959635814341406e-07
681 4.5016383290586614e-07
682 2.7783418908036193e-07
683 3.286294923550824e-07
684 4.37031830845359e-07
685 5.562635919360381e-07
686 5.683834432902544e-07
687 2.1906692748324033e-07
688 4.412121151748316e-07
689 3.61089683814876e-07
690 5.08215274767668e-07
691 5.562212986998941e-07
692 4.198037866314664e-07
693 3.9843340111152756e-07
694 2.9500303608116623e-07
695 3.9707040481878623e-07
696 5.410889255701881e-07
697 5.33668900689834e-07
698 4.316318086104473e-07
699 5.075752944424327e-07
700 3.163437826988822e-07
701 4.961522217779734e-07
702 3.140620431621908e-07
703 4.6909058699806113e-07
704 3.599208258573866e-07
705 4.5802676091085596e-07
706 2.4222794314685833e-07
707 3.4493626394978817e-07
708 4.68171805518852e-07
709 5.033716575514527e-07
710 3.281013240790757e-07
711 4.2600595578736867e-07
712 4.0084970513476345e-07
713 4.5716859763482346e-07
714 5.044442085609915e-07
715 3.883276579861605e-07
716 4.791309586341601e-07
717 4.3888781857075855e-07
718 5.030434358077443e-07
719 3.2662879412195414e-07
720 3.5556450380240433e-07
721 4.814099272739035e-07
722 3.227622000110239e-07
723 3.921797078436552e-07
724 5.333578495724247e-07
725 5.154529054328796e-07
726 5.725029072592932e-07
727 4.54252917624977e-07
728 4.7264015115678563e-07
729 4.6026381198944494e-07
730 3.5034637687474553e-07
731 4.099234153104328e-07
732 3.518099462612105e-07
733 2.542267183630266e-07
734 4.5992787048858535e-07
735 4.776048776675924e-07
736 3.330773594402742e-07
737 3.5105494688954686e-07
738 2.855238571946135e-07
739 5.503398475153094e-07
740 6.333961716587198e-07
741 6.222545480010453e-07
742 4.1436929035056575e-07
743 2.6717959847797043e-07
744 2.751718318728168e-07
745 5.991153213816216e-07
746 3.62251412894144e-07
747 4.686941333781756e-07
748 4.020917688516599e-07
749 3.600695104671845e-07
750 3.194649645768481e-07
751 3.737595229130713e-07
752 3.8715506627825925e-07
753 3.9075547581708894e-07
754 3.254850928337893e-07
755 3.96534738589293e-07
756 3.793446788608252e-07
757 4.5450323358650893e-07
758 3.662380124280734e-07
759 3.938327152650885e-07
760 5.462072277638264e-07
761 5.452403761803505e-07
762 3.1123658680865344e-07
763 2.8632312201432664e-07
764 4.757590069978444e-07
765 2.2706994678646458e-07
766 5.253753632602698e-07
767 4.952304309636917e-07
768 2.9326204660509083e-07
769 4.906538784100505e-07
770 3.570039855747728e-07
771 3.737977601739631e-07
772 4.440701666325219e-07
773 2.5930050763274937e-07
774 4.811006829703133e-07
775 4.0846101635508815e-07
776 5.324408904300822e-07
777 4.989493972782575e-07
778 4.740011576141919e-07
779 5.339605899376023e-07
780 4.5676169871911677e-07
781 3.247680918000818e-07
782 4.7766500414744e-07
783 4.4772093984599433e-07
784 3.2607990180438503e-07
785 2.5122446120163236e-07
786 4.0977506747802697e-07
787 2.793922564981738e-07
788 5.759169232048613e-07
789 2.6286734052359835e-07
790 4.643460723587543e-07
791 3.132583488535056e-07
792 3.957406420695009e-07
793 2.889815109660252e-07
794 3.7558507955132324e-07
795 3.659766115947668e-07
796 2.938538106886486e-07
797 4.016789598344161e-07
798 4.0172019250241413e-07
799 5.448034333534704e-07
800 3.0459180262798157e-07
801 3.7157826690724127e-07
802 3.506869177912387e-07
803 4.6598417623809053e-07
804 3.507545575257677e-07
805 4.772538115273413e-07
806 2.8717664047449234e-07
807 4.793042255659934e-07
808 4.1467314527141246e-07
809 4.4910413253020744e-07
810 3.7565077700324193e-07
811 3.69292209141321e-07
812 3.0849219234283086e-07
813 4.173684841012713e-07
814 4.210757493164189e-07
815 3.4473931107699984e-07
816 4.764135859960967e-07
817 3.9857951481545603e-07
818 4.461174837427319e-07
819 5.509111719450339e-07
820 3.843928823251552e-07
821 3.983385766329937e-07
822 4.032317670211381e-07
823 4.747422214262448e-07
824 2.5788196850009034e-07
825 3.922308877556288e-07
826 4.3716567961867e-07
827 4.514892403726222e-07
828 2.961530391588721e-07
829 5.028471552207736e-07
830 5.830626770706679e-07
831 4.5548857513887383e-07
832 4.6883426296974896e-07
833 4.2108697704501293e-07
834 3.3711436204438625e-07
835 3.6473756874329813e-07
836 3.7960702869640493e-07
837 3.3912222898746224e-07
838 3.6570996332942523e-07
839 4.389773790905291e-07
840 5.644791091670364e-07
841 2.8995944830636376e-07
842 3.813467251203454e-07
843 5.849758250157566e-07
844 2.8543124307969685e-07
845 5.424586281538077e-07
846 3.0314251313549283e-07
847 4.337389977283931e-07
848 3.8993173879434443e-07
849 3.473293848474941e-07
850 4.712082363940472e-07
851 5.316114434886797e-07
852 2.7043171470078714e-07
853 4.11123548749238e-07
854 3.838763981488625e-07
855 4.6454256421196956e-07
856 3.8380982442694446e-07
857 4.4113025633913157e-07
858 2.8862746966299295e-07
859 5.102408187111673e-07
860 3.759300606148083e-07
861 3.158636495547065e-07
862 5.337408297799646e-07
863 4.842735606848601e-07
864 4.1605070031407105e-07
865 6.037391850371974e-07
866 3.398620972805628e-07
867 4.862225115562176e-07
868 5.458650313347316e-07
869 2.737103600952196e-07
870 4.437470214237709e-07
871 5.555525196315477e-07
872 4.931732070734346e-07
873 3.971919665037101e-07
874 2.896814286778699e-07
875 3.6273909541330864e-07
876 3.116621126536189e-07
877 3.7494528308797495e-07
878 3.7600930699627095e-07
879 4.53751831039061e-07
880 3.4560718290528793e-07
881 4.377320190165223e-07
882 4.673001063568186e-07
883 2.7154235854754236e-07
884 4.0910246401405706e-07
885 3.93843849200064e-07
886 3.705454003520828e-07
887 3.0535431393070915e-07
888 5.016515604453173e-07
889 4.4004061503728636e-07
890 6.122949869658049e-07
891 3.2528474868500246e-07
892 4.7211173134758986e-07
893 2.180124213457345e-07
894 3.990263273304093e-07
895 3.022964918697098e-07
896 3.757877901945441e-07
897 3.0684712985007177e-07
898 5.033267095385954e-07
899 3.893190868530109e-07
900 2.504031547555617e-07
901 4.0194990090543844e-07
902 4.0074325652223925e-07
903 4.3955178357712404e-07
904 3.5242187093223354e-07
905 3.08891269562708e-07
906 4.2353287395117197e-07
907 4.0324600884877597e-07
908 1.9388721711253964e-07
909 2.0797634587918191e-07
910 4.4998159838144184e-07
911 5.052870318425461e-07
912 4.0633965787513866e-07
913 4.063657893900676e-07
914 4.2526910271710097e-07
915 4.148427526121934e-07
916 5.279399797458699e-07
917 3.780095524169719e-07
918 4.076830593077649e-07
919 5.560696410351128e-07
920 4.8215582243513e-07
921 5.622776459411396e-07
922 2.893466723319082e-07
923 2.772190745384105e-07
924 4.901739271763612e-07
925 5.183601098949395e-07
926 3.6071409643568155e-07
927 1.7944694695899058e-07
928 3.900458251808361e-07
929 4.6441120681120763e-07
930 5.166499531603341e-07
931 4.808844071116263e-07
932 4.583112199959393e-07
933 4.1720986071420006e-07
934 3.4674339987594524e-07
935 4.525986455550272e-07
936 4.1768280109115315e-07
937 3.9247931205727713e-07
938 3.099507670372143e-07
939 4.034978563379625e-07
940 3.7518834560967647e-07
941 4.2903701720254433e-07
942 5.375913910019815e-07
943 4.879110587211928e-07
944 4.5297707998643574e-07
945 4.032438063055855e-07
946 3.660290872865006e-07
947 3.8043783805483197e-07
948 4.4119222059677405e-07
949 4.4412200732035846e-07
950 5.017274011960522e-07
951 2.6065299869347987e-07
952 4.828837926201332e-07
953 2.3576924344827467e-07
954 3.745969076305419e-07
955 3.9505159493413937e-07
956 4.391117803765803e-07
957 4.23961799124294e-07
958 4.608875118346934e-07
959 4.1278722610811563e-07
960 4.5646076594855384e-07
961 3.3509199225152325e-07
962 4.02821911784491e-07
963 4.266907276619548e-07
964 4.010336155126415e-07
965 2.808417651795536e-07
966 4.2221519448282356e-07
967 4.7681439377045333e-07
968 2.970804546333864e-07
969 3.8658679186416146e-07
970 4.3034172115359674e-07
971 3.888393116371471e-07
972 4.2246648955791775e-07
973 3.2677452034179706e-07
974 3.716176405822782e-07
975 2.0017457143057124e-07
976 3.6558311926312846e-07
977 3.279118345941016e-07
978 4.207942390122573e-07
979 4.825201813923813e-07
980 2.930160458582942e-07
981 4.3463462070747114e-07
982 4.0020346199841643e-07
983 4.4029500009590865e-07
984 3.8446589677765104e-07
985 2.723265741080548e-07
986 4.4084416862997806e-07
987 4.039744186556723e-07
988 4.16454443183311e-07
989 4.1023095991738367e-07
990 4.041368958927801e-07
991 4.118045042851647e-07
992 2.8249126480132754e-07
993 3.15092218538437e-07
994 2.8492123872205507e-07
995 4.327640753340582e-07
996 4.84638663782137e-07
997 4.176919512824296e-07
998 3.4452087620034803e-07
999 3.622331203290428e-07
