0 4.476991043571718e-07
1 3.090488785034793e-07
2 3.337363167967072e-07
3 3.281631231425015e-07
4 4.1064517002326253e-07
5 3.745269083780037e-07
6 3.3505654495429537e-07
7 4.740334615826686e-07
8 4.4140173172294395e-07
9 4.655389234745323e-07
10 4.5743374189642577e-07
11 3.142179659412348e-07
12 3.2809909330343926e-07
13 4.77236275942138e-07
14 3.7454076598757693e-07
15 3.795104073258447e-07
16 3.834931918741259e-07
17 4.488487379486229e-07
18 4.949170054061265e-07
19 3.3769821639106357e-07
20 3.4374102788518823e-07
21 4.601192248226129e-07
22 3.933978086391929e-07
23 3.541902523418798e-07
24 4.3899497039353957e-07
25 3.101846601279136e-07
26 4.105243152861317e-07
27 3.7324128956879447e-07
28 3.2839424357325356e-07
29 3.991120340512436e-07
30 2.3891075876781944e-07
31 5.1292662644417e-07
32 2.8517795432864937e-07
33 3.315341007466162e-07
34 4.296570385375518e-07
35 3.5423304264203804e-07
36 2.7571858476960803e-07
37 3.461951329080104e-07
38 3.4119950045880053e-07
39 3.934702549282906e-07
40 4.916560727924648e-07
41 4.751339564558965e-07
42 5.089940295680334e-07
43 4.2309560672225914e-07
44 4.0036408683507646e-07
45 4.713836623593065e-07
46 4.804065271866421e-07
47 4.224816268219572e-07
48 4.1809620940022336e-07
49 2.759856397955208e-07
50 4.183606592658562e-07
51 3.6500936994176913e-07
52 4.376755242792417e-07
53 4.3577564931358446e-07
54 3.4751177640306804e-07
55 3.252325499545564e-07
56 3.2156114729299543e-07
57 4.085600950607546e-07
58 4.2643853440363865e-07
59 4.4696156029029473e-07
60 3.5428749303939565e-07
61 4.3891079723744725e-07
62 3.410311307472918e-07
63 4.248406946020019e-07
64 4.176480797631752e-07
65 3.691687060307899e-07
66 4.199672856775119e-07
67 3.937287673147679e-07
68 3.8120334778673497e-07
69 3.657001064324925e-07
70 3.50220007597026e-07
71 2.9959591752282883e-07
72 2.9942157197157474e-07
73 4.324030206511019e-07
74 3.5323282109206635e-07
75 4.836992425021854e-07
76 2.8172425209369257e-07
77 3.91231745775299e-07
78 4.5203866632774325e-07
79 3.7674927911987985e-07
80 3.338724398913251e-07
81 3.1216139946245204e-07
82 3.311917841005485e-07
83 4.031297164183248e-07
84 3.3914226548178394e-07
85 3.3425044890493914e-07
86 3.865647921771655e-07
87 3.553704019245694e-07
88 3.6379646776279966e-07
89 3.942802826606292e-07
90 5.172075484304616e-07
91 3.530921259876895e-07
92 3.8054058079112774e-07
93 3.1417136921312646e-07
94 3.9205945212059796e-07
95 3.334656609863116e-07
96 3.9257070565312375e-07
97 2.7475975920510355e-07
98 4.5579084902145396e-07
99 3.190065744761175e-07
100 4.641142283724404e-07
101 5.083597820214391e-07
102 3.1436449647246055e-07
103 4.258206534110305e-07
104 4.173671016605697e-07
105 3.292906066433235e-07
106 3.656548196254431e-07
107 4.048519121464325e-07
108 4.863666788302657e-07
109 4.3422988791697993e-07
110 4.092554940209236e-07
111 3.5904953991271066e-07
112 3.1504171538365756e-07
113 4.433572960601654e-07
114 4.0112166910501425e-07
115 4.651708983809249e-07
116 4.541087856026557e-07
117 3.108672216686642e-07
118 3.6381356834555614e-07
119 5.880531681619799e-07
120 3.7367060982793905e-07
121 2.6337631377605724e-07
122 4.240083310449696e-07
123 4.7223118725891024e-07
124 2.0363410848218235e-07
125 3.945266587658573e-07
126 4.2234367796654496e-07
127 3.668310559540558e-07
128 3.7401199780073173e-07
129 3.736019594885089e-07
130 4.441376479408058e-07
131 3.3805086659510603e-07
132 4.0117316284085746e-07
133 4.822252572037545e-07
134 4.191147767052078e-07
135 3.5247816631918087e-07
136 3.5123364177361486e-07
137 2.8577523669073307e-07
138 4.6104160927281837e-07
139 4.14783834564905e-07
140 3.8724836436726737e-07
141 3.074405154068154e-07
142 3.6528446187650237e-07
143 4.7045381802985877e-07
144 4.841939594963163e-07
145 4.6680877980384e-07
146 3.0501583903775216e-07
147 5.002581123986541e-07
148 4.5897904000839744e-07
149 2.870954032253392e-07
150 3.634417100106485e-07
151 3.279470582554865e-07
152 5.083343947546455e-07
153 2.481192357506466e-07
154 4.117665596969195e-07
155 4.0455938617108516e-07
156 3.4992267264249e-07
157 3.216882928966413e-07
158 3.661039340826952e-07
159 4.344141662095369e-07
160 4.031359068924954e-07
161 4.0769747341997865e-07
162 3.879261545770791e-07
163 4.515705760883978e-07
164 4.2269111638042887e-07
165 3.88632659498885e-07
166 3.969589460155144e-07
167 4.701413726404579e-07
168 4.752644460517241e-07
169 5.001757567622111e-07
170 4.1191151202722387e-07
171 4.1194051022325186e-07
172 4.556550510169841e-07
173 4.194525645570399e-07
174 3.207472049486452e-07
175 4.3537856149511547e-07
176 2.904144645299304e-07
177 3.2450242979476656e-07
178 3.3268990559014524e-07
179 3.97381228231169e-07
180 5.156465459976009e-07
181 4.139048328289315e-07
182 4.5015899515182103e-07
183 4.336008254880334e-07
184 3.9055747384790694e-07
185 3.8412839127610127e-07
186 4.1598036854310684e-07
187 3.1595464867551475e-07
188 4.3424045728588465e-07
189 3.90046299940566e-07
190 3.5306858778593395e-07
191 4.45191945753023e-07
192 2.8799460631154264e-07
193 4.374304640948733e-07
194 3.6649963940327744e-07
195 4.11195345507426e-07
196 4.37799764555148e-07
197 3.890533378195177e-07
198 3.49367289758071e-07
199 3.8871574136380103e-07
200 3.6997848615467303e-07
201 2.481873798488464e-07
202 3.6658246045512146e-07
203 3.598778066347595e-07
204 4.776349102330654e-07
205 4.361355995923967e-07
206 3.9081824519894034e-07
207 4.4099075235812247e-07
208 3.661586454168325e-07
209 4.4456864085692963e-07
210 3.8619729058573405e-07
211 3.560611188499551e-07
212 4.0473740884986927e-07
213 3.653338576829461e-07
214 4.0380791793568884e-07
215 3.8404129483623854e-07
216 3.55914180876136e-07
217 3.66614767849479e-07
218 4.457827902866878e-07
219 4.122577937097066e-07
220 4.334219816693013e-07
221 2.7657060098808283e-07
222 3.728099924324608e-07
223 4.086568858461816e-07
224 4.04130706481623e-07
225 4.010796357988398e-07
226 3.266781949701865e-07
227 4.112235479677447e-07
228 3.7875810003088417e-07
229 4.0291636639090217e-07
230 4.012250826726312e-07
231 2.6009987119315783e-07
232 3.387090823014116e-07
233 4.329761960495732e-07
234 3.075648197943634e-07
235 4.0580245990607905e-07
236 3.0020300468311677e-07
237 2.8476277268265653e-07
238 4.51611480594283e-07
239 3.834488052242764e-07
240 4.211498035054265e-07
241 4.7586320224117124e-07
242 3.877865086248047e-07
243 3.711725943311738e-07
244 2.974063431463245e-07
245 4.216212428428534e-07
246 4.0303053940381785e-07
247 2.8451496891309005e-07
248 4.018955704200007e-07
249 3.2173834387744703e-07
250 3.68520560668948e-07
251 2.8214078246001876e-07
252 4.864762806553503e-07
253 4.089946995853261e-07
254 3.052016482588451e-07
255 4.0872253376928183e-07
256 4.167721328455769e-07
257 3.498888261802095e-07
258 3.6522401028256926e-07
259 3.6452747027119446e-07
260 5.068537086914078e-07
261 3.4852219597766636e-07
262 4.881414999296796e-07
263 3.462636620835267e-07
264 3.7211791626517974e-07
265 3.782282164651492e-07
266 4.1322971859466704e-07
267 3.4118519416972553e-07
268 4.4414642813300395e-07
269 3.306837475066245e-07
270 3.8679887503003276e-07
271 3.659236439231189e-07
272 2.916979892254731e-07
273 4.6626726308088336e-07
274 3.1366665701503084e-07
275 3.2708685455186306e-07
276 3.7585924423608115e-07
277 4.261774812892556e-07
278 3.110613999923891e-07
279 3.2850779683598146e-07
280 4.938185955628706e-07
281 2.637439679172909e-07
282 4.827393356088025e-07
283 4.2623412011559256e-07
284 4.1369747513027605e-07
285 3.7801195917602525e-07
286 3.4792239819859923e-07
287 4.3525252547992615e-07
288 3.2128907520735395e-07
289 3.748046404380845e-07
290 3.4271928805759316e-07
291 4.0767884085445315e-07
292 4.0133127816255985e-07
293 4.4271754390038355e-07
294 3.494252843021919e-07
295 2.745512029682827e-07
296 4.13920403395177e-07
297 3.574300927684547e-07
298 3.8767439677889083e-07
299 4.119226567832082e-07
300 4.044488596170103e-07
301 3.906025940120474e-07
302 3.134265016025938e-07
303 5.401151989701366e-07
304 3.50375534706039e-07
305 4.2261450638391296e-07
306 4.0438516734222537e-07
307 3.472586484228089e-07
308 4.259595094771921e-07
309 4.062649780322003e-07
310 3.0223735167657134e-07
311 4.4544983141134104e-07
312 2.6727392524691093e-07
313 3.099202335237598e-07
314 2.9344362677091585e-07
315 3.933766356386798e-07
316 4.1658967953973977e-07
317 3.5607594050098943e-07
318 4.961706140962094e-07
319 3.870606449106087e-07
320 3.355961370664357e-07
321 3.579307883912433e-07
322 3.951817875099323e-07
323 3.788664153303935e-07
324 3.296592833006864e-07
325 4.347261874778838e-07
326 3.772122292186882e-07
327 4.13678391830096e-07
328 3.3688679491048414e-07
329 4.054150881850368e-07
330 4.54543876033071e-07
331 3.445754470503649e-07
332 4.473178743541569e-07
333 3.9840711495009853e-07
334 4.2297426004773044e-07
335 4.523835033610631e-07
336 4.756951418891144e-07
337 3.691712321690511e-07
338 3.2531535241096475e-07
339 4.572675783415181e-07
340 4.541939381624342e-07
341 4.205990633278811e-07
342 5.009897532397863e-07
343 3.268984459693688e-07
344 3.5797671669299416e-07
345 4.16362358952512e-07
346 3.466102326991075e-07
347 3.8560157953536344e-07
348 4.622150519970183e-07
349 3.3464085018631215e-07
350 3.148224114562247e-07
351 2.535681895024774e-07
352 3.4237762941443925e-07
353 4.87846047361627e-07
354 4.4506843055489406e-07
355 3.972077280403092e-07
356 4.738485100009855e-07
357 4.44792387022655e-07
358 4.1597764562030407e-07
359 3.974561001654638e-07
360 2.8448325460254733e-07
361 4.6556740109983485e-07
362 3.8705379904291554e-07
363 4.942829272447685e-07
364 4.5008789540199836e-07
365 3.591686659992421e-07
366 4.4130200670480917e-07
367 3.898871111045309e-07
368 4.0263223409009106e-07
369 4.423892651191807e-07
370 4.776341459159803e-07
371 3.1177473698506445e-07
372 3.8242533358320244e-07
373 4.127761689429496e-07
374 3.8294891052126316e-07
375 4.1925009477301145e-07
376 4.4996464785379313e-07
377 4.1635071577502333e-07
378 3.838113532539836e-07
379 4.101119523505963e-07
380 4.214513070679739e-07
381 5.106232726650819e-07
382 4.6399353126493445e-07
383 4.304971573374878e-07
384 3.391207837636193e-07
385 4.39461347194132e-07
386 4.928460364741385e-07
387 2.6132928272233976e-07
388 3.4192839202851773e-07
389 3.5596481396208073e-07
390 4.711679886883357e-07
391 4.107172236700036e-07
392 2.50334991824597e-07
393 3.228263610978808e-07
394 4.444679213630204e-07
395 3.0459733882940714e-07
396 4.702478354095604e-07
397 4.4944512231219123e-07
398 3.437611044685865e-07
399 4.5578065553414e-07
400 3.681793487410959e-07
401 2.617345148324454e-07
402 3.8732472991520624e-07
403 3.7330476815708e-07
404 4.5918380568181155e-07
405 3.795095498656736e-07
406 2.385857321582444e-07
407 3.782985576411081e-07
408 3.6469641427205983e-07
409 3.932830797297511e-07
410 3.3477507011006753e-07
411 5.059166006388091e-07
412 4.619937337300654e-07
413 3.1970593839242547e-07
414 4.1935493704035193e-07
415 3.518185913415579e-07
416 3.1890194207314207e-07
417 3.2966096211305523e-07
418 2.988637743523627e-07
419 4.0632854572000286e-07
420 4.976176767107499e-07
421 4.3241947459657886e-07
422 3.2130302842583165e-07
423 3.489958042560751e-07
424 4.916658217883921e-07
425 4.6688325522436856e-07
426 3.1101850830925017e-07
427 3.359325514274724e-07
428 3.638471535326896e-07
429 4.145360724852251e-07
430 4.4056574415377613e-07
431 4.1692046565061797e-07
432 3.859961257987301e-07
433 3.475867666162139e-07
434 3.8099774953002194e-07
435 3.680208468897505e-07
436 3.7630165168339254e-07
437 3.666572429978326e-07
438 4.0707343212580235e-07
439 4.5001051845367155e-07
440 4.1815384044343025e-07
441 4.161705963973219e-07
442 4.4856375998135794e-07
443 3.9619973550344383e-07
444 3.7557856755723896e-07
445 4.384421065244156e-07
446 4.643592981497404e-07
447 3.2736100311816017e-07
448 3.404446317021107e-07
449 2.326828663581148e-07
450 2.971002040178407e-07
451 4.216820013773536e-07
452 3.65328541191751e-07
453 3.9597926834060404e-07
454 3.6222563883764156e-07
455 2.533432508705031e-07
456 3.960240882011995e-07
457 4.3839136438815515e-07
458 2.478906343399524e-07
459 4.3139057365168154e-07
460 4.207746813790089e-07
461 5.046497581677601e-07
462 3.2546234068128636e-07
463 4.883731871373583e-07
464 5.550792926981257e-07
465 4.830914028252163e-07
466 3.211965122450745e-07
467 3.4589922955286285e-07
468 2.942242317422869e-07
469 2.4490479311603356e-07
470 3.80548949632249e-07
471 2.536532305262157e-07
472 4.24439010728934e-07
473 4.7605779555519826e-07
474 3.8840545532721296e-07
475 3.671016688976885e-07
476 3.5513223122390434e-07
477 3.12807170292823e-07
478 4.4730700083150204e-07
479 3.3503399806563674e-07
480 5.080588943934155e-07
481 3.25911372802193e-07
482 4.270737680097937e-07
483 4.233510079366221e-07
484 4.0763131311593864e-07
485 3.838259068302503e-07
486 3.572689717608727e-07
487 4.054858587146384e-07
488 3.0448817973432146e-07
489 3.1658456486309564e-07
490 3.432067959515159e-07
491 4.896881552653003e-07
492 3.3468538754938905e-07
493 4.287407558477023e-07
494 4.1404482508460043e-07
495 3.317791322775967e-07
496 3.455956316321727e-07
497 4.306838758686279e-07
498 2.672598662057882e-07
499 4.008693146700939e-07
500 4.27010776496994e-07
501 3.3951183228671285e-07
502 3.594074548143643e-07
503 2.878859454713398e-07
504 3.588796738347931e-07
505 3.143428285026079e-07
506 4.823041299621062e-07
507 2.3611941125345413e-07
508 3.755806697164217e-07
509 3.0305382912896015e-07
510 2.866498097249828e-07
511 4.543774523778751e-07
512 3.322348989934568e-07
513 4.264542981560923e-07
514 4.0290818602280084e-07
515 2.995465841783813e-07
516 3.7480245994836437e-07
517 5.323269892051402e-07
518 3.7218751065411624e-07
519 4.669520782458865e-07
520 4.355283947806415e-07
521 3.707505524291764e-07
522 3.022763792999752e-07
523 3.526501081515984e-07
524 3.723725306551131e-07
525 3.319266038748707e-07
526 3.854829673860126e-07
527 3.424165541809712e-07
528 4.160748447175737e-07
529 4.033497515537539e-07
530 4.651364895556026e-07
531 3.102569199651918e-07
532 3.691351173189587e-07
533 3.3597027203118827e-07
534 3.4263629051609065e-07
535 3.983466181643056e-07
536 4.053614725071617e-07
537 2.456424055998655e-07
538 3.9480098683906215e-07
539 3.6561577370670577e-07
540 4.5217542509931063e-07
541 4.366176207985264e-07
542 2.788179738407002e-07
543 4.749634955801161e-07
544 4.05405592039823e-07
545 4.313750993979077e-07
546 2.83471492549881e-07
547 3.3374048648509687e-07
548 3.498812088778982e-07
549 3.611086107820355e-07
550 3.387435193815975e-07
551 3.244213658464662e-07
552 4.0423325159823894e-07
553 3.220365241847936e-07
554 2.8143270613895646e-07
555 3.3599958577112235e-07
556 2.588616150147126e-07
557 3.349323684738756e-07
558 4.301952318214133e-07
559 3.581969515599673e-07
560 4.326347818019194e-07
561 4.96560785232024e-07
562 4.135798614463614e-07
563 2.779642153339416e-07
564 4.142708901674954e-07
565 3.887540749487288e-07
566 3.933533309948427e-07
567 4.33986770969871e-07
568 4.789386964350513e-07
569 4.290887483480095e-07
570 4.277049114034905e-07
571 4.6255454470959803e-07
572 4.5690767893021405e-07
573 3.3493762000178174e-07
574 3.678226101915625e-07
575 4.062824617720392e-07
576 4.681014106669284e-07
577 4.087725653046836e-07
578 3.954115482711476e-07
579 4.004690085585534e-07
580 3.8266184120144944e-07
581 3.4954181862186287e-07
582 5.164204448231184e-07
583 5.645603688715868e-07
584 4.255790561938336e-07
585 2.7066997330788047e-07
586 3.931167073198707e-07
587 3.969343511204662e-07
588 3.555588441437703e-07
589 3.2598575530807507e-07
590 4.183782141978133e-07
591 4.25504102226566e-07
592 4.887047305397565e-07
593 4.359493390332419e-07
594 3.949250168884881e-07
595 4.288905596756862e-07
596 4.231801293795352e-07
597 4.096592846546177e-07
598 4.92514317084532e-07
599 2.6471890418719984e-07
600 3.3798890080297586e-07
601 3.8940548080987367e-07
602 4.1902025682319885e-07
603 4.853046917916284e-07
604 3.997617942030225e-07
605 3.9769660658378696e-07
606 3.9110976614113714e-07
607 4.1407105197493297e-07
608 4.3796893693766675e-07
609 3.6411693950496787e-07
610 3.8033589195472546e-07
611 3.289948430488668e-07
612 2.8529603060995646e-07
613 3.8159332430874876e-07
614 4.3635455533865316e-07
615 3.3586520522407894e-07
616 2.67963382624458e-07
617 4.935390003307185e-07
618 3.9534030591846714e-07
619 3.167929374631716e-07
620 5.143216797173734e-07
621 4.337109688091221e-07
622 3.241674018170435e-07
623 4.2466560585357606e-07
624 3.475866467368309e-07
625 3.6739065556262734e-07
626 3.8315535758232567e-07
627 4.2256900493786187e-07
628 3.6845268536561366e-07
629 3.0903152179557773e-07
630 2.7931867942238173e-07
631 4.0091126104990054e-07
632 4.4203755248062615e-07
633 3.402928746502964e-07
634 3.9142950532376777e-07
635 3.4888427433409873e-07
636 5.156091834214803e-07
637 4.188382235768711e-07
638 3.69859413145723e-07
639 3.8842822462473043e-07
640 3.105398907740934e-07
641 3.642288564463095e-07
642 2.8530824778720314e-07
643 4.1522297657317267e-07
644 4.2379537924209344e-07
645 3.199097645284255e-07
646 4.515330476819147e-07
647 3.7579300246062106e-07
648 5.294468129492927e-07
649 2.1126175267555057e-07
650 3.2423271611358727e-07
651 3.319200802404913e-07
652 2.9478578369801583e-07
653 4.831998779201098e-07
654 4.3994031840249586e-07
655 2.9386813313714266e-07
656 3.675738456254788e-07
657 4.7371527913997607e-07
658 5.275436524884208e-07
659 3.8074675569200956e-07
660 3.761691622157326e-07
661 3.800041834955547e-07
662 4.0500561699569737e-07
663 4.3855927129850577e-07
664 3.2522887078678724e-07
665 4.0257143641349073e-07
666 3.5812578622510976e-07
667 2.956178767124775e-07
668 3.8771457865251597e-07
669 3.2048841574935634e-07
670 3.616351417975842e-07
671 4.2823641543354476e-07
672 4.3663641341478513e-07
673 3.1136045755833793e-07
674 3.4530954793658393e-07
675 3.9154841371488204e-07
676 4.6386733994125575e-07
677 3.4637681788494456e-07
678 3.242420448452167e-07
679 4.033331840489292e-07
680 3.366830972679247e-07
681 4.30596567242377e-07
682 3.301986183344982e-07
683 3.3423204570196167e-07
684 3.660536674664168e-07
685 4.723749241735602e-07
686 5.08526634420479e-07
687 2.8859001118900503e-07
688 3.903398984616974e-07
689 3.446325859966521e-07
690 4.5986445278719827e-07
691 4.793004275349305e-07
692 3.949108752833482e-07
693 3.7616308527422456e-07
694 2.676901812234601e-07
695 3.3060732369851043e-07
696 4.906917854093659e-07
697 4.7467238580109133e-07
698 3.755367195624647e-07
699 4.2230014180014237e-07
700 3.13007950161028e-07
701 4.574432627439751e-07
702 3.0075118661902354e-07
703 4.2858580660539296e-07
704 3.8068949893720853e-07
705 4.203644859349523e-07
706 3.008692147485915e-07
707 3.602834530780245e-07
708 4.265799441845389e-07
709 4.301573236084421e-07
710 3.014693331742484e-07
711 4.5926318041082077e-07
712 3.7576876052031755e-07
713 4.056996345910199e-07
714 3.9729775790988576e-07
715 3.329780652909512e-07
716 4.2228251951136933e-07
717 4.4568336417939277e-07
718 4.669358408454079e-07
719 2.9942432069035315e-07
720 3.72184008092335e-07
721 4.6289402888441207e-07
722 3.56623803896127e-07
723 3.622954803497082e-07
724 4.487919847559527e-07
725 4.700232610761255e-07
726 4.81124488552777e-07
727 4.3409191701615536e-07
728 4.119495905174976e-07
729 4.159936336916877e-07
730 3.896724652878157e-07
731 3.8753398450853563e-07
732 3.470232932264622e-07
733 2.844185758108455e-07
734 3.9675443516803545e-07
735 4.3502556559854144e-07
736 2.9563086393741217e-07
737 3.226746830199176e-07
738 3.048174064000629e-07
739 4.7115012903510065e-07
740 4.879719599574638e-07
741 5.328741547732459e-07
742 4.126848050888116e-07
743 2.647398451654361e-07
744 2.7712539629088554e-07
745 5.1573175716491e-07
746 3.4095972215722795e-07
747 4.442324593793366e-07
748 4.038008585691863e-07
749 3.427129146982501e-07
750 3.520789154426322e-07
751 3.8285528348566843e-07
752 3.968631113416742e-07
753 3.75359863410738e-07
754 3.1750358364615745e-07
755 3.777989368524002e-07
756 3.84906435131523e-07
757 4.140658357946806e-07
758 4.183538066127388e-07
759 3.6174043069140936e-07
760 4.816097934893422e-07
761 4.387779228305872e-07
762 3.32452354435678e-07
763 2.8818563788838503e-07
764 4.900090426884337e-07
765 2.5274995755420644e-07
766 4.249750342899499e-07
767 4.888159954803579e-07
768 3.1480244420289844e-07
769 4.979145537025745e-07
770 3.585690518213405e-07
771 3.718280179156694e-07
772 4.2719178242854616e-07
773 3.0151006172262304e-07
774 4.3626486897880384e-07
775 3.773750843825446e-07
776 4.951585493229768e-07
777 4.348216442633182e-07
778 4.537078897474329e-07
779 4.0698988921874873e-07
780 4.3270383033101775e-07
781 2.7854427120212884e-07
782 3.877934082429329e-07
783 3.652925220149972e-07
784 3.467673587191604e-07
785 2.667544140902376e-07
786 3.7981174249481227e-07
787 3.348524115172997e-07
788 5.042737812933095e-07
789 3.177259959688398e-07
790 3.881349854942504e-07
791 3.12730813370047e-07
792 3.955552916739233e-07
793 3.306068113592546e-07
794 3.661599208898331e-07
795 3.69046097715993e-07
796 2.902742114066733e-07
797 3.29369713293426e-07
798 3.8831680190543763e-07
799 5.325526125724776e-07
800 3.164050999410253e-07
801 3.5484840692804606e-07
802 2.986355039881415e-07
803 4.6539571511969305e-07
804 3.864860619528617e-07
805 4.6201020312435925e-07
806 3.0727196646878785e-07
807 4.182509743866087e-07
808 3.6241532532613984e-07
809 4.1798413260123155e-07
810 3.0617645206089495e-07
811 3.7481667673371463e-07
812 3.4516339754869724e-07
813 4.3225046883708304e-07
814 3.3572351243571917e-07
815 3.7131355025429763e-07
816 3.9071044954714805e-07
817 3.5781323533792086e-07
818 3.8749448633269946e-07
819 4.3013705416748395e-07
820 3.98576176881838e-07
821 4.916243169748355e-07
822 4.008588236596398e-07
823 4.670606985787709e-07
824 2.455425183813604e-07
825 3.7337863396914544e-07
826 3.551959085025048e-07
827 3.549310270608558e-07
828 2.9670311565448846e-07
829 4.914236751275711e-07
830 5.185449597708558e-07
831 3.785977985144711e-07
832 4.699966951770186e-07
833 3.7530178277554727e-07
834 3.6964507095331334e-07
835 3.599902973230727e-07
836 3.950456677040315e-07
837 3.8910522990283693e-07
838 3.874316853800515e-07
839 3.8804855944469177e-07
840 4.441733379869472e-07
841 3.697484433246411e-07
842 3.449901588969213e-07
843 5.164628754748133e-07
844 3.245881987810184e-07
845 4.642267197691401e-07
846 3.711714851597178e-07
847 4.0384129360087297e-07
848 3.6745274315828777e-07
849 3.25758048563642e-07
850 4.1416264234886645e-07
851 4.8269723810068e-07
852 3.090735266247601e-07
853 3.4949910579803837e-07
854 3.9962385742542276e-07
855 3.851016637659057e-07
856 3.673939703314894e-07
857 4.1192603406223397e-07
858 3.0009788371320576e-07
859 4.340079884276208e-07
860 2.9114220885762246e-07
861 3.243034667466752e-07
862 4.739371723192385e-07
863 4.26854117837175e-07
864 4.5266708202179934e-07
865 5.347438093323826e-07
866 3.542896223253582e-07
867 4.605388394901909e-07
868 4.720700598729502e-07
869 3.015513564690195e-07
870 3.964774179177448e-07
871 5.189301235119785e-07
872 4.4665009084791863e-07
873 3.7735886633939303e-07
874 2.7403757977077e-07
875 4.0367107638567724e-07
876 3.15375487656897e-07
877 3.5207332053367594e-07
878 3.5148881999344623e-07
879 4.2050415663500205e-07
880 3.7317910943988825e-07
881 3.8487887274861373e-07
882 4.0389732377722466e-07
883 3.067215163803601e-07
884 3.946657826722681e-07
885 3.9431433403478355e-07
886 3.590047070154493e-07
887 2.61480959964479e-07
888 4.32541449172523e-07
889 4.006609890506964e-07
890 5.391880519604671e-07
891 3.323546648092679e-07
892 3.873550498681703e-07
893 2.9898188530274504e-07
894 3.7503374999280815e-07
895 2.912810558400984e-07
896 3.4642848355179185e-07
897 3.254800045665382e-07
898 4.2387232412519047e-07
899 3.5850936677204234e-07
900 2.708256902393186e-07
901 4.393757312884586e-07
902 3.3421488501861843e-07
903 4.2774749590557353e-07
904 3.398476903415263e-07
905 3.373816895580889e-07
906 3.5678005869187345e-07
907 3.493054574859177e-07
908 2.4307807898204094e-07
909 2.513298998790471e-07
910 4.2834520905233904e-07
911 4.783535729477845e-07
912 3.49378480557921e-07
913 3.908139785546912e-07
914 4.258396614453188e-07
915 3.742735795373116e-07
916 4.648700463933943e-07
917 4.1548190150674543e-07
918 3.917091806384143e-07
919 5.06245830202083e-07
920 4.877281400505212e-07
921 4.6211432729395667e-07
922 3.4032461059628866e-07
923 3.1132295556396617e-07
924 4.2798235275607273e-07
925 4.350481217093117e-07
926 3.2501622814119045e-07
927 2.9282482126830035e-07
928 3.4901273523027787e-07
929 3.885133596988521e-07
930 4.914383107855437e-07
931 4.229597260421536e-07
932 4.321854033825277e-07
933 3.4811608202998724e-07
934 2.842472163618985e-07
935 4.11898294060538e-07
936 3.352242972488137e-07
937 3.144049999349125e-07
938 2.880239224852934e-07
939 3.8038481357141595e-07
940 3.91318615274538e-07
941 4.167744104464816e-07
942 5.101044859917889e-07
943 4.1354141693093e-07
944 4.0291953971382895e-07
945 3.436967856932183e-07
946 3.151978129723305e-07
947 3.13656521804747e-07
948 3.9345645584376963e-07
949 3.8996613050708245e-07
950 4.662762350330261e-07
951 2.784042412986881e-07
952 4.3290699348310617e-07
953 2.580464040874527e-07
954 3.246620295740398e-07
955 3.638399301264464e-07
956 4.4350158029119313e-07
957 4.015749889270682e-07
958 4.5617667980737505e-07
959 3.949836061424642e-07
960 4.214140722977505e-07
961 3.398127088304271e-07
962 3.7403567487226316e-07
963 4.1435795947089555e-07
964 3.6188143543890603e-07
965 2.7571798111646805e-07
966 4.6361747812572396e-07
967 4.057160867575997e-07
968 3.090316753437166e-07
969 3.9894437638044844e-07
970 3.84746311782954e-07
971 4.3070126966717377e-07
972 3.406230833772222e-07
973 3.1356493101510885e-07
974 3.731842953623818e-07
975 2.2586048030685823e-07
976 3.56670220591005e-07
977 3.05215139573825e-07
978 4.106393718128568e-07
979 3.593616997514222e-07
980 2.716337237410393e-07
981 3.430792560221996e-07
982 3.3495908867650293e-07
983 3.787112319353217e-07
984 3.915637545835782e-07
985 2.740389200495983e-07
986 3.930302495614372e-07
987 3.665675062546175e-07
988 4.0985287024901796e-07
989 3.648646843627533e-07
990 3.713001152018004e-07
991 3.153202546484505e-07
992 2.9469324713032277e-07
993 4.268567849575681e-07
994 2.7497420048041853e-07
995 3.986308754297078e-07
996 4.490651973917419e-07
997 3.268580461680664e-07
998 3.6875243840615237e-07
999 3.472763965661596e-07
