0 2.7340073290252785e-07
1 2.7449174130352963e-07
2 2.999398405503793e-07
3 2.778485471157137e-07
4 2.736031017975784e-07
5 3.1789973126479646e-07
6 3.6589941040239644e-07
7 3.315856049228752e-07
8 2.137224233107044e-07
9 2.780329787593606e-07
10 3.127164681976187e-07
11 2.756351483484501e-07
12 3.776181720975385e-07
13 2.4025082449671714e-07
14 3.898089789869716e-07
15 3.5968937605409774e-07
16 2.1426444877285735e-07
17 1.2209899691064504e-07
18 2.1267564225654843e-07
19 2.9433431733363273e-07
20 1.0738393875086315e-07
21 2.546076841079292e-07
22 3.22444610931711e-07
23 3.1141757491017497e-07
24 2.51127519323899e-07
25 3.207227081487963e-07
26 3.8744555846474e-07
27 3.110368690993362e-07
28 2.8487324369272207e-07
29 2.1478181749333607e-07
30 4.709395240329822e-07
31 1.6712765215256947e-07
32 3.6080141301024e-07
33 2.564631466207482e-07
34 3.588176694317234e-07
35 3.9439108250611233e-07
36 3.104376994424914e-07
37 1.9779235806736303e-07
38 2.613417527180503e-07
39 2.250321267313352e-07
40 1.3634890294550544e-07
41 1.959282810717635e-07
42 2.79117754621337e-07
43 3.106159675792005e-07
44 2.9117391689000817e-07
45 2.680183616189172e-07
46 2.9695754153038364e-08
47 6.063703651374576e-08
48 2.2042826691223893e-07
49 1.8829719146601864e-07
50 2.794217199360494e-07
51 4.362676258647589e-07
52 2.0282985869512578e-07
53 3.526375118554092e-07
54 1.975836995154236e-07
55 2.1557303267438103e-07
56 2.96292407740581e-07
57 2.4065026727664476e-07
58 3.295870838402038e-07
59 2.3279990516771527e-07
60 2.8501996615369045e-07
61 3.906718977902892e-07
62 4.18262282591531e-07
63 7.964032581990638e-08
64 3.234144130086144e-07
65 4.376646167034933e-07
66 2.299581839493699e-07
67 1.3186902327381963e-07
68 1.3316597678064238e-07
69 2.921035869998451e-07
70 1.7555629599060855e-07
71 1.7564923801206008e-07
72 2.3802230001702265e-07
73 1.926124289499988e-07
74 3.059734026972478e-07
75 2.7184904712136227e-07
76 3.773283942083116e-07
77 2.2651103308035664e-07
78 2.1088613890439296e-07
79 1.741989862678819e-07
80 2.9877257662739825e-07
81 2.2680373729195674e-07
82 3.1493218779669957e-07
83 2.856392105449087e-07
84 3.1399009129798945e-07
85 3.6592635982048807e-07
86 2.940460178795961e-07
87 3.006562643272914e-07
88 3.162867972552628e-07
89 1.2425061209309142e-07
90 1.2421214830140654e-07
91 1.620359214273687e-07
92 3.797101072072261e-07
93 3.0183139149984316e-07
94 3.098665802953187e-07
95 3.1971570075970917e-07
96 3.314887068305902e-07
97 3.0619227346391455e-07
98 3.101473095408296e-07
99 3.421117042576207e-07
100 1.6749130968687427e-07
101 2.3142701764824785e-07
102 2.3704706905342306e-07
103 2.8623277639457166e-07
104 2.7423613248021066e-07
105 3.5852495600277153e-07
106 3.3566645088211157e-07
107 2.659794349592125e-07
108 3.967919675545058e-07
109 3.0869983137795725e-07
110 3.7054104391476917e-07
111 3.5968977648447494e-07
112 2.5943948251182275e-07
113 3.4053680975586125e-07
114 2.3553764102138287e-07
115 2.424733078885371e-07
116 1.5569244885763575e-08
117 3.587267309571476e-07
118 3.510814027858976e-07
119 1.8619170072701688e-07
120 3.813329920467059e-07
121 3.5997299745786666e-07
122 3.327267763298496e-07
123 2.109679428342736e-07
124 3.916335989865066e-07
125 2.8216590724319133e-07
126 1.74977822005921e-07
127 2.3533309369045504e-07
128 2.3687581503790224e-07
129 3.916978419777886e-07
130 1.384242271870584e-07
131 4.032938653158328e-07
132 2.790080022477353e-07
133 2.437124282734153e-07
134 2.2177151732461495e-07
135 3.1816400398689545e-07
136 4.258045747342008e-07
137 3.1956889380027906e-07
138 2.7229249260538953e-07
139 2.767123176251278e-07
140 2.3317204031431744e-07
141 4.0558319581307863e-07
142 2.408653575417767e-07
143 4.676514593660001e-07
144 2.2921294747111083e-07
145 2.3205305257298269e-07
146 4.536048014082785e-07
147 2.0527341688387845e-07
148 2.8481620703240646e-07
149 2.292912854588473e-07
150 2.2458342736664944e-07
151 2.2229040525152217e-07
152 1.8701610727175623e-07
153 3.304612810641116e-07
154 3.336462776385679e-07
155 2.3247644692697012e-07
156 2.884815908036538e-07
157 1.6830906744660313e-07
158 3.25369729682794e-07
159 3.601511003656636e-07
160 1.642385574808966e-07
161 2.23094071198978e-07
162 3.6911156526134134e-07
163 1.42504505757303e-07
164 4.052958057152403e-07
165 3.5607148313900453e-07
166 4.0534315080846917e-07
167 2.816614074770064e-07
168 2.435935865406834e-07
169 3.20600572433085e-07
170 2.1036556556051649e-07
171 3.7932968942677356e-07
172 2.4765638825009194e-07
173 2.2224712121378151e-07
174 1.6060717852953264e-07
175 3.2573044080099877e-07
176 3.469326058154249e-07
177 4.148123901441141e-07
178 3.756926424401411e-07
179 2.332028591886127e-07
180 2.1369653107912582e-07
181 2.445582573084975e-07
182 3.3495021883149457e-07
183 2.3264441747888353e-07
184 1.713059133415768e-07
185 3.584586940921618e-07
186 4.2583322119790833e-07
187 2.447392001374103e-07
188 2.2883042200816748e-07
189 1.2403116341800643e-07
190 3.539048501038627e-07
191 3.0689706368634467e-07
192 1.822466317926917e-07
193 3.6073830084492115e-07
194 4.697886431371614e-07
195 4.304752284659676e-07
196 9.06670307557819e-08
197 3.8304796078412205e-07
198 2.702705385878604e-07
199 2.9358641986280465e-07
200 2.6675845400983394e-07
201 3.6951696631340436e-07
202 2.5373805050906724e-07
203 3.4091071293291054e-07
204 1.7761783338175103e-07
205 2.806204260412975e-07
206 3.651553654062561e-07
207 1.028734881626223e-07
208 1.6707799932921013e-07
209 2.785541356609671e-07
210 2.0172566463205671e-07
211 3.6881126096997655e-07
212 2.686477136855761e-07
213 1.8213126587140784e-07
214 4.484137844920682e-07
215 2.641452048931161e-07
216 3.769334898199664e-07
217 2.994021808621212e-07
218 3.2378214346246903e-07
219 1.2147070914356842e-07
220 1.7329347337576934e-07
221 4.0923909865520925e-07
222 2.801406174255128e-07
223 3.301532589652403e-07
224 2.944561688965591e-07
225 2.647395067868932e-07
226 3.047632133311627e-07
227 2.423428176177867e-07
228 1.6970779043270705e-07
229 2.2684048355691333e-07
230 9.102952129511029e-08
231 4.004309323699861e-07
232 2.8335038895029763e-07
233 2.8895008370191385e-07
234 2.0684588956067262e-07
235 3.422838203087611e-07
236 2.1353820666296869e-07
237 3.404734243797729e-07
238 3.8029878288840046e-07
239 3.3775917061492123e-07
240 2.9418223869024013e-07
241 1.1486244979442969e-07
242 2.8418526859511947e-07
243 1.7290264524665285e-07
244 1.7957086538671705e-07
245 1.8272710807423517e-07
246 1.6778769650012682e-07
247 2.399757400841014e-07
248 2.3391013636613748e-07
249 1.8102914527260696e-07
250 3.5686798622425387e-07
251 2.5212944275590026e-07
252 1.6042822264665716e-07
253 3.102694335195023e-07
254 3.354306946016202e-07
255 3.028477502094191e-07
256 8.203145305091273e-08
257 2.647152442184042e-07
258 2.2961585359531676e-07
259 3.377112964117345e-07
260 1.914000669435245e-07
261 2.455207672744707e-07
262 1.7732050751535244e-07
263 3.0301194341482916e-07
264 2.139108160458687e-07
265 3.478674644693722e-07
266 2.7352791994018255e-07
267 3.2327124713533917e-07
268 2.3624504305176375e-07
269 3.4304853069767696e-07
270 2.6914800830679324e-07
271 2.805337847175444e-07
272 2.3746775098257e-07
273 2.45503805351437e-07
274 1.2932896000387755e-07
275 2.9233911729263115e-07
276 2.815678439558744e-07
277 4.675065975442253e-07
278 2.3599744458830196e-07
279 3.6231919810523456e-07
280 2.5829488052205874e-07
281 4.123004289720768e-07
282 3.5755800566967203e-07
283 2.628815553908772e-07
284 2.4944224522331286e-07
285 3.8379905507515056e-07
286 9.735637554057498e-08
287 3.092774519458369e-07
288 1.277506963776442e-07
289 2.517733852858814e-07
290 2.0705605022076595e-07
291 1.5133327485880108e-07
292 4.0964514648002293e-07
293 3.3004110004132745e-07
294 3.4052294767200357e-07
295 2.483768834917822e-07
296 3.3476872346736197e-07
297 2.1615863908754473e-07
298 2.884050296015184e-07
299 9.269146897148243e-08
300 3.1627314282218426e-07
301 2.813581444306099e-07
302 4.37523552988432e-07
303 1.6198529516626266e-07
304 3.291201392131397e-07
305 2.4200683478624387e-07
306 2.4215065951093355e-07
307 2.3925925637130313e-07
308 3.1286550027130466e-07
309 2.469897945420757e-07
310 3.671898512274181e-07
311 1.9420474602915455e-07
312 3.856294336669112e-07
313 2.0679639230110982e-07
314 3.650370754469381e-07
315 2.270354507004156e-07
316 1.909013094804428e-07
317 3.5937385224353565e-07
318 1.3354907344770916e-07
319 2.212981144270565e-07
320 2.068735619714051e-07
321 4.15023141869694e-07
322 2.0044541710577189e-07
323 2.148674156529663e-07
324 3.288326464795712e-07
325 3.146907631038586e-07
326 1.7514537031789177e-07
327 2.1864819924856316e-07
328 1.0442734049136055e-07
329 1.4555430082029695e-07
330 4.006547077643771e-07
331 1.9099410638071586e-07
332 2.0784882574082912e-07
333 3.32395422936474e-07
334 3.310144631349556e-07
335 1.994351503069984e-07
336 2.6785482026559234e-07
337 2.88066005842165e-07
338 2.9402891263264485e-07
339 1.6122120613780622e-07
340 1.961137453454837e-07
341 1.4813494121775493e-07
342 1.56150591092867e-07
343 2.2425280380487134e-07
344 4.361407380684372e-07
345 1.580989406551839e-07
346 2.508379595331902e-07
347 3.7618525471421296e-07
348 2.589787295038122e-07
349 2.6325408330177615e-07
350 2.611937660794968e-07
351 3.785876368184261e-07
352 3.017116289669896e-07
353 2.4865101194444995e-07
354 1.9788770106701762e-07
355 4.4760117313290887e-07
356 2.567129565955863e-07
357 2.1086898523796372e-07
358 2.1682225460827996e-07
359 4.2967341793434893e-07
360 3.614153634366087e-07
361 1.6583650886577264e-07
362 2.9636966062831314e-07
363 1.0755852703589246e-07
364 3.8587986519702807e-07
365 2.2392320893120317e-07
366 2.125667454250992e-07
367 2.417035614788242e-07
368 2.6201835207725477e-07
369 3.948850779036751e-07
370 1.2841463122443193e-07
371 2.8278889601024436e-07
372 1.7865241245016266e-07
373 2.2756125242636697e-07
374 3.19055852859297e-07
375 3.08666048897433e-07
376 6.001281137996569e-08
377 2.1449629578769122e-07
378 1.9279880676149984e-07
379 2.906623102426062e-07
380 2.399475954003253e-07
381 1.5542838794679957e-07
382 2.253622607906615e-07
383 3.6115214288008816e-07
384 3.2946257165766957e-07
385 2.461210221026923e-07
386 1.952772126130006e-07
387 3.002833483891606e-07
388 3.3568168739364e-07
389 2.1219538243631947e-07
390 3.8625568983415264e-07
391 3.73453132090341e-07
392 3.7177537896616726e-07
393 2.7999222496753453e-07
394 2.9811771587487153e-07
395 3.720086357466309e-07
396 1.2476546896693157e-07
397 3.481244160623533e-07
398 2.4730332953300936e-07
399 3.229378343201387e-07
400 2.477850837815631e-07
401 2.0143542579726673e-07
402 2.4140342126410027e-07
403 3.1061839803379494e-07
404 3.6410219929035683e-07
405 1.906462730226464e-07
406 3.1167566772720653e-07
407 3.419409114567688e-07
408 4.831800813310872e-07
409 4.1265379557006083e-07
410 3.535519510067976e-07
411 3.183059712687396e-07
412 3.337939423167401e-07
413 3.772737770214107e-07
414 3.239336766534623e-07
415 3.687660828563225e-07
416 3.07577262626793e-07
417 2.4492810994270387e-07
418 3.1718196841321335e-07
419 2.357173724274636e-07
420 2.84543790627436e-07
421 2.878816750560119e-07
422 5.344094181065212e-07
423 5.432174704917417e-08
424 1.6692037822781916e-07
425 2.0386835203909924e-07
426 3.28793855216976e-07
427 3.457229149239008e-07
428 2.561283004360522e-07
429 3.0146033171989837e-07
430 1.6288106999791212e-07
431 1.8950354634348676e-07
432 3.9822796709453404e-07
433 2.5602660741004857e-07
434 2.7793040312417607e-07
435 1.8961035902382862e-07
436 2.559426234543393e-07
437 1.7080242301951786e-07
438 2.7048545303741975e-07
439 1.0222825382590916e-07
440 2.9021072116981975e-07
441 3.4869593796324473e-07
442 2.9151220255786505e-07
443 2.556963497654762e-07
444 3.4647717864861246e-07
445 7.521227787072573e-08
446 2.9689372687722345e-07
447 3.678222954820253e-07
448 2.0895538270086202e-07
449 2.889301274559894e-07
450 2.8784548595507476e-07
451 1.4593108316759057e-07
452 2.3628692481601338e-07
453 2.3831535219897398e-07
454 2.469936810351387e-07
455 2.722776922494653e-07
456 1.4867738367559596e-07
457 4.780561934082431e-07
458 3.680349908929619e-07
459 1.3034596877979614e-07
460 3.878674327460591e-07
461 2.34692632373161e-07
462 1.947069223914982e-07
463 2.2943967116221403e-07
464 3.8291699108982105e-07
465 1.9792569354687594e-07
466 4.1533451205746664e-07
467 3.678909536173548e-07
468 2.748250540458115e-07
469 3.2851719324561305e-07
470 2.5867667488903603e-07
471 1.1645999155075918e-07
472 3.6499062925556286e-07
473 2.947297422311706e-07
474 2.816338656872624e-07
475 3.853140068449138e-07
476 2.385033635863518e-07
477 3.0811718622431073e-07
478 2.8576368161332274e-07
479 3.1260571139656367e-07
480 2.5282946396402453e-07
481 2.527883517331626e-07
482 2.370428639079793e-07
483 2.760009235483191e-07
484 2.674943387287899e-07
485 2.9429235532172544e-07
486 1.9920884589478958e-07
487 1.8237015293023578e-07
488 1.8659764012383334e-07
489 3.942623235296182e-07
490 3.080226661922134e-07
491 2.1574060824177346e-07
492 3.4013172444596536e-07
493 2.690173135524794e-07
494 3.2760661343001735e-07
495 1.730726655312304e-07
496 3.444175070378114e-07
497 2.9491158498284363e-07
498 2.056084388924372e-07
499 3.116736627067583e-07
500 1.5620688868651296e-07
501 3.504650176371256e-07
502 1.442322908077138e-07
503 2.8869806924410126e-07
504 4.320584535886003e-07
505 2.4052454539935084e-07
506 2.6027036725178403e-07
507 2.645683635562009e-07
508 1.2450590916981727e-07
509 3.2591561296899104e-07
510 2.1874534127656662e-07
511 1.013090998467836e-07
512 2.858764652664786e-07
513 4.530186515765829e-07
514 3.0205297793254323e-07
515 2.8252895166220394e-07
516 3.696901466159852e-07
517 2.0077793859770246e-07
518 3.744468211081977e-07
519 2.188047684934289e-07
520 2.3474942861491516e-07
521 2.6759351043854835e-07
522 2.3935147349288776e-07
523 2.8190962947148045e-07
524 3.4786301202750217e-07
525 3.3908270826135e-07
526 3.0778597130513735e-07
527 3.5096737257115063e-07
528 3.054183590732146e-07
529 3.8201144666428143e-07
530 2.1847206417372362e-07
531 2.5851508105079695e-07
532 2.585595658593101e-07
533 2.422908474934812e-07
534 3.167654856492285e-07
535 2.884567897417615e-07
536 3.0754855037809074e-07
537 2.482350568261758e-07
538 2.1746812580579123e-07
539 3.608286341977353e-07
540 2.2254751853316104e-07
541 3.7384193805473877e-07
542 3.017013663904427e-07
543 1.3607234942174728e-07
544 3.4274812050024234e-07
545 3.511180793787669e-07
546 3.2001453768828686e-07
547 3.258178508690615e-07
548 3.1446163748976417e-07
549 3.1369139843191786e-07
550 2.5423392365386985e-07
551 3.0412759232193405e-07
552 2.0761298291919145e-07
553 3.407936066195515e-07
554 3.770449562789367e-07
555 2.601485553011613e-07
556 3.844155684181072e-07
557 3.6915625780763234e-07
558 2.4027798404437544e-07
559 2.020591490147854e-07
560 1.875369159844961e-07
561 1.0634095094890861e-07
562 4.120158257163989e-07
563 3.4549871636707927e-07
564 2.4095049918462365e-07
565 3.1782123555102315e-07
566 2.980964317376199e-07
567 1.694018670070182e-07
568 8.59806251003322e-08
569 1.980534501401217e-07
570 2.7923928346993345e-07
571 3.0855616704382577e-07
572 1.7730118364295088e-07
573 2.3673805630400455e-07
574 3.902915497579163e-07
575 3.4559763869824757e-07
576 2.639482966559926e-07
577 4.124299913034369e-07
578 2.7553705377954564e-07
579 3.041646757213638e-07
580 2.8829520856226247e-07
581 3.1119898417841685e-07
582 2.506291489615656e-07
583 1.3943378685277538e-07
584 2.650994710208268e-07
585 2.4846685708771046e-07
586 3.0948725390566244e-07
587 2.2075876196003061e-07
588 1.9384866459764273e-07
589 2.9715004856122254e-07
590 4.0639331704708465e-07
591 1.8344468984141018e-07
592 3.8874345347696357e-07
593 2.477147246676553e-07
594 2.593804601226857e-07
595 2.396761132609536e-07
596 1.5126546537841559e-07
597 3.191021209988055e-07
598 1.526119386210366e-07
599 3.1402114892905854e-07
600 2.1890031903578918e-07
601 2.5519900873596703e-07
602 3.1924666029805545e-07
603 2.030738836642126e-07
604 3.2959895260320625e-07
605 4.5497297213069203e-07
606 2.211208162078312e-07
607 2.4764839478063723e-07
608 2.8885720682708493e-07
609 2.1457983564663982e-07
610 2.818164049891689e-07
611 3.7651592039174883e-07
612 4.2341951649018957e-07
613 2.4569143700054284e-07
614 3.311316557512189e-07
615 3.1798977746256e-07
616 1.7385790278482908e-07
617 1.689360644780996e-07
618 3.0552027060514895e-07
619 3.218257039875224e-07
620 4.134734770458393e-07
621 1.3733334624191363e-07
622 2.633591668514365e-07
623 2.70796223142403e-07
624 3.4377335388448964e-07
625 1.9082877705578202e-07
626 3.4301178361827625e-07
627 2.984759843692206e-07
628 2.23356875343149e-07
629 1.5541184065390284e-07
630 4.140351874044948e-07
631 2.451990428734445e-07
632 2.351956995468084e-07
633 2.345411353266584e-07
634 2.85185892953886e-07
635 3.152019196427677e-07
636 1.201965991628827e-07
637 2.733245463986564e-07
638 2.922868213463246e-07
639 1.9522625089866893e-07
640 1.749040738570684e-07
641 2.5216280217149966e-07
642 3.332094920785817e-07
643 3.8259351867619973e-07
644 3.1999058232975775e-07
645 9.69625526282451e-08
646 4.088779888161133e-07
647 2.6755179713272365e-07
648 1.843232556912782e-07
649 6.040095413844071e-07
650 1.4883279691736635e-07
651 1.587427312149376e-07
652 3.1549123372348546e-07
653 2.771347212671916e-07
654 2.2992716353632856e-07
655 2.7464175019100505e-07
656 3.6158049125003853e-07
657 2.705207733665724e-07
658 1.576049717736449e-07
659 2.9815713933333194e-07
660 2.1650034420526035e-07
661 3.338319576226577e-07
662 3.183373398785989e-07
663 2.373271865123249e-07
664 2.0678533253904406e-07
665 2.908516029198423e-07
666 4.542962611110569e-07
667 2.6288420203428067e-07
668 3.4149603573121956e-07
669 2.9748067042294937e-07
670 3.066795271049713e-07
671 2.59854915370043e-07
672 2.2313135826421847e-07
673 4.1857391665538707e-07
674 3.4573231588784796e-07
675 3.277701094991123e-07
676 -1.7723723694360233e-08
677 3.828287275134293e-07
678 3.197929465416416e-07
679 4.1277920640785356e-07
680 2.3051200191682068e-07
681 2.8150426840506354e-07
682 4.6629205047116674e-07
683 3.6031322229040357e-07
684 2.144094572271665e-07
685 1.6649196743658372e-07
686 1.8527720675174116e-07
687 4.544314760546274e-07
688 2.2185271102371282e-07
689 2.9273633227813496e-07
690 2.062413658829619e-07
691 1.7825102627238352e-07
692 2.9384226761631383e-07
693 2.811179227077911e-07
694 2.546713793998157e-07
695 2.0720797311722784e-07
696 2.0333205865874963e-07
697 2.2905382105345304e-07
698 2.17464823495108e-07
699 1.474525650911255e-07
700 3.072581192985209e-07
701 2.402956264511922e-07
702 2.899138701817296e-07
703 2.3350291341988482e-07
704 3.62403900603029e-07
705 2.5925896961136347e-07
706 4.755128307110639e-07
707 3.3958470201375363e-07
708 2.2725207451633287e-07
709 1.5304298011247264e-07
710 2.8451511819440283e-07
711 4.068952655451759e-07
712 2.6118861095104114e-07
713 2.1183426003347427e-07
714 1.2831853022151702e-07
715 2.2585566720398826e-07
716 1.9338381249484317e-07
717 3.341109728353031e-07
718 2.510885568924083e-07
719 2.831333865259275e-07
720 3.4973264450649146e-07
721 2.8213620402378607e-07
722 4.148845392729542e-07
723 2.645166222650002e-07
724 1.8090610719164148e-07
725 2.440273991652122e-07
726 1.3065727221438198e-07
727 2.833976830845664e-07
728 2.1614289688897545e-07
729 2.4975761421694426e-07
730 4.123717757385744e-07
731 2.7810025659731886e-07
732 3.039311099313949e-07
733 3.9820155746583116e-07
734 1.8317773667427184e-07
735 2.2268117759605927e-07
736 2.480376256605779e-07
737 2.9428422943162126e-07
738 3.382873989442782e-07
739 1.4513915318453178e-07
740 2.3021665843896144e-08
741 1.5487144209316388e-07
742 3.1726349075038244e-07
743 2.961093403962527e-07
744 3.1948512245178784e-07
745 1.1837974024902083e-07
746 2.939140919781339e-07
747 2.832953776273435e-07
748 3.412326062048036e-07
749 2.7673859128450174e-07
750 3.9679604105086474e-07
751 3.445102034207276e-07
752 3.219709658893026e-07
753 3.058674275671052e-07
754 3.0164457503814954e-07
755 2.8497666160411974e-07
756 3.0114639448747573e-07
757 2.225012522898475e-07
758 4.148848727194181e-07
759 2.53930143201739e-07
760 1.9131485505619772e-07
761 8.0511973309518e-08
762 3.882968984177936e-07
763 3.323870997572815e-07
764 3.340726721994155e-07
765 4.0424800417428385e-07
766 1.024343698328399e-07
767 3.168149940485751e-07
768 3.666981568205134e-07
769 3.149456730105898e-07
770 3.101843057073995e-07
771 3.082098787636263e-07
772 2.897602496982125e-07
773 3.939588108474051e-07
774 2.314214682056327e-07
775 2.72619683869987e-07
776 2.543272010996406e-07
777 1.9267534824806116e-07
778 2.9397544713905617e-07
779 1.031929395649407e-07
780 2.8567844960528925e-07
781 2.505377390139386e-07
782 1.7769868117923063e-07
783 1.7424939585858316e-07
784 3.7071099074547466e-07
785 3.6693033061263304e-07
786 2.4510504373702816e-07
787 4.1290566086565183e-07
788 1.6298821883506286e-07
789 4.142103688041372e-07
790 1.7620885431026125e-07
791 3.090729853300927e-07
792 3.186588429842262e-07
793 4.160047599814327e-07
794 3.301221885565744e-07
795 3.1528256137821125e-07
796 3.4025544264853563e-07
797 1.7372621854886906e-07
798 3.070900377321652e-07
799 2.955425203748353e-07
800 3.424099007937168e-07
801 3.2998939877350434e-07
802 2.3262168988929927e-07
803 3.3049185592638685e-07
804 3.9638964402235696e-07
805 3.0053145979793336e-07
806 3.4449506642641835e-07
807 2.1346805780454886e-07
808 2.3277460274251861e-07
809 2.6650339456261674e-07
810 1.8853864756111534e-07
811 3.2100988322219536e-07
812 4.108227080235547e-07
813 3.5939318912637e-07
814 1.4725399679733868e-07
815 3.792655129226275e-07
816 1.3994684452249502e-07
817 2.4584030158464354e-07
818 2.2829564864136063e-07
819 8.997486709791111e-08
820 3.7814458003121233e-07
821 4.974880007680817e-07
822 3.201540534496872e-07
823 2.9461562798338497e-07
824 3.2834059338362685e-07
825 2.989937883365654e-07
826 1.705604637100793e-07
827 1.3314884524402867e-07
828 3.1861398808903405e-07
829 3.1176388181849824e-07
830 2.0280515439873446e-07
831 1.55707959317203e-07
832 3.2559680457715364e-07
833 2.529162323226959e-07
834 3.6415427138981507e-07
835 3.1724698528183474e-07
836 3.809662558587249e-07
837 3.7311607912027345e-07
838 3.568351286028025e-07
839 2.415453276183235e-07
840 6.77278495035068e-08
841 5.048511520839173e-07
842 2.5798477270760247e-07
843 1.6483263267492408e-07
844 3.882583844232526e-07
845 1.6520687129703353e-07
846 4.4768595389774194e-07
847 2.568608229907406e-07
848 2.7288968241183903e-07
849 2.83282321236247e-07
850 2.109902314228531e-07
851 2.2270405896175012e-07
852 4.096937833383669e-07
853 2.0364079642528785e-07
854 3.103118517282796e-07
855 1.8379718418399278e-07
856 2.683806523043419e-07
857 2.512063875654525e-07
858 3.6225335414657735e-07
859 1.8808395307502573e-07
860 1.6978937376164524e-07
861 3.896262121539676e-07
862 1.7315292351945998e-07
863 2.024679750501157e-07
864 3.942777153992089e-07
865 1.9320846019534948e-07
866 3.5064657650799795e-07
867 2.83585310267898e-07
868 1.634746873177615e-07
869 3.943136554827082e-07
870 2.1231760799316525e-07
871 2.4055032361886056e-07
872 2.33285137889007e-07
873 2.6711434880850794e-07
874 2.8774617939998524e-07
875 3.9692331043597646e-07
876 3.5018246825607287e-07
877 2.71608880939567e-07
878 2.9397947051713476e-07
879 2.696998716442299e-07
880 3.493473639814662e-07
881 2.225105209942381e-07
882 2.1906167010514066e-07
883 3.8309356564812514e-07
884 3.041150905024017e-07
885 3.0965935026100913e-07
886 2.7388828953290354e-07
887 2.2642033842355898e-07
888 1.6960591355285832e-07
889 2.6303050751033913e-07
890 1.7919167843774743e-07
891 3.2215520107078795e-07
892 1.6328743376187036e-07
893 4.866403882519844e-07
894 2.807720997441892e-07
895 2.874099436140743e-07
896 2.697423350889601e-07
897 3.633539679938344e-07
898 1.5898080917159642e-07
899 2.547824082186668e-07
900 3.8028721093485207e-07
901 3.9037210728178323e-07
902 1.9759750262321258e-07
903 2.8311808311073886e-07
904 3.021686059764183e-07
905 3.599323519325417e-07
906 1.8720230355428896e-07
907 2.0451563068532283e-07
908 4.3669017661084954e-07
909 4.2474841901654824e-07
910 2.580468575423252e-07
911 2.6411566436918795e-07
912 2.1019145081851133e-07
913 3.02978827245489e-07
914 3.3430906233083044e-07
915 2.627416403171854e-07
916 2.089978619696755e-07
917 4.0059441273102065e-07
918 2.845407345931325e-07
919 2.218826238386385e-07
920 3.488641852255333e-07
921 9.912512504835123e-08
922 4.2655439044113254e-07
923 3.9418055664670034e-07
924 1.695959419903321e-07
925 1.5473424613351225e-07
926 2.834453985778135e-07
927 5.459194546901441e-07
928 2.5318281249939536e-07
929 1.8072262179760188e-07
930 2.861369113334969e-07
931 2.0048092756180043e-07
932 2.8164396246973313e-07
933 1.7342697310872122e-07
934 2.0820232062189198e-07
935 2.43100190849809e-07
936 1.8116300116899599e-07
937 1.6551435383169548e-07
938 2.758004475800517e-07
939 2.806910607627206e-07
940 3.6441854276432514e-07
941 3.023791983363112e-07
942 2.4404262290943327e-07
943 1.8766693477999538e-07
944 1.9001336788281056e-07
945 2.2121001734572983e-07
946 2.095316878633001e-07
947 2.042157397894678e-07
948 2.506977974472018e-07
949 1.9393535485046802e-07
950 2.5781841119484936e-07
951 3.5126333434990164e-07
952 2.0329385580376325e-07
953 3.6185820412978036e-07
954 2.311072661788127e-07
955 2.654995683883945e-07
956 3.319631108854905e-07
957 2.9234936280674865e-07
958 3.103259828792319e-07
959 3.017103739669755e-07
960 2.598561258420881e-07
961 3.168021266683567e-07
962 2.542354192602301e-07
963 3.04564015290155e-07
964 2.271674676904935e-07
965 3.355072596175881e-07
966 4.2159016500603354e-07
967 2.0907013801330618e-07
968 3.476711231559792e-07
969 3.445349169599861e-07
970 2.2126318379727015e-07
971 3.9710783680809863e-07
972 1.4366208081175887e-07
973 2.9963076804101616e-07
974 3.214771850441691e-07
975 3.4565862269306164e-07
976 3.1469381624147786e-07
977 2.9744720341815843e-07
978 2.8763278280170554e-07
979 5.9892066515097e-08
980 2.7791070938864604e-07
981 1.3099365386967197e-07
982 1.9896717454413222e-07
983 2.117661952857212e-07
984 3.1128398761538757e-07
985 3.469396751380821e-07
986 2.648280494261277e-07
987 2.6860768407888305e-07
988 3.11000620351239e-07
989 2.7390514009564325e-07
990 2.8089353415704423e-07
991 1.2674275158001556e-07
992 3.8238556892344245e-07
993 5.289820210812331e-07
994 3.0602058422222474e-07
995 2.554337868812408e-07
996 2.1938354590890833e-07
997 1.4558158006220935e-07
998 3.628618624891124e-07
999 2.946434448126262e-07
