0 4.729576231679752e-08
1 4.198170745198359e-08
2 4.1914693666926135e-08
3 4.727097110275276e-08
4 5.126164537994285e-08
5 5.970479095322699e-08
6 5.520037145241897e-08
7 6.549368173317597e-08
8 4.674916467946322e-08
9 5.785308254746462e-08
10 6.522851222261798e-08
11 3.5972952824341965e-08
12 6.205753097042963e-08
13 4.572154612968578e-08
14 6.075941701323215e-08
15 5.600492782446815e-08
16 3.8393930673783175e-08
17 2.5886186937240534e-08
18 5.4036875145389274e-08
19 4.319607741138781e-08
20 1.4581482106180855e-08
21 6.212307415516886e-08
22 5.396053098394884e-08
23 5.166681653237788e-08
24 4.755200534243062e-08
25 4.368200778646602e-08
26 6.695309270806431e-08
27 5.54572176711712e-08
28 3.595376135072324e-08
29 4.847524983633153e-08
30 7.177142389915427e-08
31 3.84442278392716e-08
32 5.6571835799192436e-08
33 4.269554624099347e-08
34 7.280066937591417e-08
35 8.080664639043788e-08
36 3.9844606705752183e-08
37 3.642796700531263e-08
38 5.1081900793368296e-08
39 4.119395949287202e-08
40 3.1895922725505337e-08
41 3.922266519889079e-08
42 5.8920729923200656e-08
43 5.6832765753485727e-08
44 5.4248695875120285e-08
45 5.930584053939593e-08
46 4.8461034072029795e-09
47 1.0640300412253206e-08
48 4.0274848137224e-08
49 8.993519341423139e-09
50 5.30669411709651e-08
51 7.793078307065588e-08
52 3.448831453477089e-08
53 6.724410940154392e-08
54 2.3792424860462703e-08
55 2.891503928232563e-08
56 4.668729516069916e-08
57 3.97366026804158e-08
58 5.8551461252754444e-08
59 3.817242185138738e-08
60 4.194522379150042e-08
61 7.610448470802064e-08
62 6.678494090935882e-08
63 2.655058308216641e-08
64 6.357833152985661e-08
65 7.512499294640923e-08
66 4.348942456430143e-08
67 2.2900233264733866e-08
68 1.6739477179611945e-08
69 4.6483504216446526e-08
70 2.6503030253055608e-08
71 1.9542516610625853e-08
72 3.0787775952402875e-08
73 4.5632071795589606e-08
74 4.876495710214096e-08
75 5.412953500525283e-08
76 5.0278552685107524e-08
77 4.098818279671922e-08
78 4.4609302370438983e-08
79 3.3950989379809604e-08
80 4.894168757210211e-08
81 3.7380090237881206e-08
82 5.1277144463941104e-08
83 5.0246841715953254e-08
84 4.4791401907363973e-08
85 5.598868669629271e-08
86 5.399552639031366e-08
87 4.862802430893856e-08
88 6.104861999780038e-08
89 1.2079314083450805e-08
90 2.5356510113604363e-08
91 2.731341091831909e-08
92 6.943663541661669e-08
93 4.825725362180261e-08
94 4.435820057957303e-08
95 4.383030222062318e-08
96 5.317939394308798e-08
97 4.524034140047594e-08
98 5.4472016852338e-08
99 4.448136475067581e-08
100 3.8380877139712726e-08
101 5.348699680126427e-08
102 3.355757075711513e-08
103 5.571279563668065e-08
104 4.163948670926255e-08
105 5.317808665891967e-08
106 5.447046569359041e-08
107 5.206531745174068e-08
108 8.44661691357225e-08
109 6.003849797929675e-08
110 7.164630124861407e-08
111 5.958661780842078e-08
112 3.5792344551154165e-08
113 7.007317198367172e-08
114 4.052618093165552e-08
115 5.322584304708633e-08
116 1.6581064846307806e-08
117 5.797384698869378e-08
118 5.8230572764346686e-08
119 4.583065864783279e-08
120 6.310033974884002e-08
121 5.093392810193372e-08
122 5.192338591464089e-08
123 4.4128700080072084e-08
124 4.7979372999489595e-08
125 4.6845174098374694e-08
126 3.3003112758191933e-08
127 3.606863261533053e-08
128 3.683428576077313e-08
129 5.8430291154395926e-08
130 2.865568545077973e-08
131 5.7046110172507017e-08
132 5.2016335935576085e-08
133 5.47186038676619e-08
134 3.701799689463396e-08
135 5.481658730957252e-08
136 6.992066278974582e-08
137 3.233186177221702e-08
138 5.7467065062661603e-08
139 4.602148981143758e-08
140 4.7439753991937e-08
141 6.263015365293429e-08
142 3.616541495077625e-08
143 8.106617480594293e-08
144 5.978543209171744e-08
145 4.797720292538976e-08
146 7.088935858202215e-08
147 5.030740357439096e-08
148 5.132831910859317e-08
149 2.365817598176762e-08
150 3.672533376415515e-08
151 2.014058884153974e-08
152 4.717023591597963e-08
153 4.722977766308578e-08
154 6.069291762223681e-08
155 4.5039869730746176e-08
156 4.255090744400563e-08
157 2.60744067240385e-08
158 4.5834027317794835e-08
159 7.430472840303992e-08
160 3.070727577513763e-08
161 4.151966313015216e-08
162 6.166407730868535e-08
163 3.3790192855698956e-08
164 7.00238921048743e-08
165 6.12467334676309e-08
166 7.592326761831538e-08
167 4.773744778593117e-08
168 4.863109056225772e-08
169 6.925940291473537e-08
170 4.0852717001981555e-08
171 7.314969546578144e-08
172 5.387490374812515e-08
173 3.191937664012583e-08
174 3.029422520264259e-08
175 6.323005236225895e-08
176 5.196945138827352e-08
177 7.188724673728431e-08
178 5.7529013653069026e-08
179 4.233934618012062e-08
180 5.973607632474307e-08
181 5.0089987251893225e-08
182 7.18064951004072e-08
183 4.09922359300778e-08
184 1.5836158240191847e-08
185 6.705539191338027e-08
186 7.877087943632275e-08
187 3.685051692325248e-08
188 4.310914187729126e-08
189 1.6284118915828652e-08
190 6.278857173741828e-08
191 5.4408606708331244e-08
192 2.4776325366883193e-08
193 7.159721059275618e-08
194 8.427590711692816e-08
195 8.766941874267008e-08
196 2.1475052856517038e-08
197 6.5096399884053e-08
198 3.625958878468924e-08
199 5.09199354331512e-08
200 4.038654101516359e-08
201 5.845851317309329e-08
202 4.695194916450413e-08
203 5.35269398269689e-08
204 3.4611206806485676e-08
205 5.812535342678151e-08
206 6.363961264903929e-08
207 2.5147340742825603e-08
208 1.95506549225594e-08
209 6.514527612568466e-08
210 2.9237823611777236e-08
211 6.601507586143858e-08
212 3.096485112446015e-08
213 4.078085128835639e-08
214 7.452986497549522e-08
215 5.570003436101577e-08
216 6.000639849026177e-08
217 5.141874327768076e-08
218 6.936807430187035e-08
219 2.1293245865629386e-08
220 3.354102091344161e-08
221 6.2343525673418e-08
222 5.7804115641671086e-08
223 6.728084358986083e-08
224 5.0186232578267214e-08
225 4.015897343926534e-08
226 3.5423638618713744e-08
227 4.721867683148153e-08
228 2.1428106252698852e-08
229 3.969713277167224e-08
230 6.523058637079972e-09
231 6.747928959016832e-08
232 4.869581142783542e-08
233 5.227572934811114e-08
234 3.4688127213241104e-08
235 6.85414129402671e-08
236 3.0260225110994274e-08
237 5.005342879194161e-08
238 6.865798056585e-08
239 5.932100495293048e-08
240 5.3451053703810966e-08
241 2.9620857580473457e-08
242 5.281391391093253e-08
243 2.1147871426217728e-08
244 2.9781682243172412e-08
245 3.275925693027201e-08
246 2.1743973247784435e-08
247 3.322626902128483e-08
248 4.6787440709265e-08
249 1.645605601882349e-08
250 6.286123269662307e-08
251 4.081833718436144e-08
252 3.308037012324768e-08
253 5.711426115738931e-08
254 4.602855674884199e-08
255 6.021491082717044e-08
256 2.905888041641827e-08
257 4.421740896944689e-08
258 3.9340996669373544e-08
259 6.112683388593019e-08
260 4.7063920753313183e-08
261 3.713581996839983e-08
262 2.894984217596893e-08
263 4.344452809576851e-08
264 2.6431500741803517e-08
265 5.435889892715399e-08
266 5.2132938502069324e-08
267 5.5617430394591767e-08
268 4.483916783878987e-08
269 5.832514589374934e-08
270 4.8725568166853265e-08
271 4.024410478881855e-08
272 3.493329882724404e-08
273 4.977537998178368e-08
274 9.85770190483721e-09
275 5.7472625410771094e-08
276 4.62635171829053e-08
277 8.97681884011845e-08
278 3.7782987134027745e-08
279 5.7580512806755824e-08
280 5.371712392267678e-08
281 5.268163556294988e-08
282 7.222676992207582e-08
283 4.355864460862359e-08
284 4.106184491309828e-08
285 6.626394565808027e-08
286 7.049764013085317e-09
287 5.1319668563518955e-08
288 1.406121309048112e-08
289 4.940343133489864e-08
290 4.0110717790560526e-08
291 3.039961211523317e-08
292 6.74266448324198e-08
293 5.636751243797848e-08
294 5.0792339478896495e-08
295 2.611538787838193e-08
296 5.957402546086003e-08
297 3.710374456876605e-08
298 3.13990610895079e-08
299 1.9150658199001624e-08
300 5.710880351061344e-08
301 5.3260946704990974e-08
302 6.348229012904892e-08
303 4.43096896114593e-08
304 6.251645667483251e-08
305 3.655573280553146e-08
306 4.2014135936159006e-08
307 2.934550506969286e-08
308 5.684289409779801e-08
309 4.4143962529667836e-08
310 5.4608112863788435e-08
311 4.550524962164792e-08
312 5.979966638270758e-08
313 2.8073740982867985e-08
314 4.362901985690023e-08
315 4.111588075325629e-08
316 4.183200892275561e-08
317 5.249441404795844e-08
318 3.553948933912557e-08
319 3.516751554284749e-08
320 2.3556955222193646e-08
321 7.556347284470656e-08
322 3.0726054449254844e-08
323 4.013894497371114e-08
324 5.2201724393249165e-08
325 6.192200711399867e-08
326 1.4754568337431399e-08
327 3.4468267855669855e-08
328 9.060382728293939e-09
329 1.5828994324906946e-08
330 7.938718259349982e-08
331 1.5698472164552724e-08
332 4.907260181488882e-08
333 6.055987789141862e-08
334 5.1615308425252476e-08
335 3.535614387823803e-08
336 5.162956648561847e-08
337 4.921338780879865e-08
338 5.332054645137271e-08
339 2.5965995847734007e-08
340 4.090568124846871e-08
341 2.8430329274004276e-08
342 2.9058114448881694e-08
343 2.6733605557055744e-08
344 8.111184599730174e-08
345 3.034131939338366e-08
346 3.833274429682205e-08
347 7.264857044314647e-08
348 5.676210504927e-08
349 4.897491029229553e-08
350 3.5717704013816366e-08
351 5.369088762321215e-08
352 4.484110302573838e-08
353 5.993407717125847e-08
354 4.174381004732812e-08
355 8.397755346342199e-08
356 5.733006811344767e-08
357 3.2841549818916386e-08
358 3.6357278249939056e-08
359 8.820984943495558e-08
360 5.567112671588757e-08
361 2.1823185958756036e-08
362 3.7849383766938984e-08
363 3.831137417615601e-08
364 7.535684110391838e-08
365 4.1359840728255e-08
366 3.6722985215001595e-08
367 4.40291141083648e-08
368 4.638946665245913e-08
369 8.383143134688001e-08
370 2.1427169641033027e-08
371 4.460998326102164e-08
372 3.261150305814487e-08
373 4.078994011566202e-08
374 4.98962689397484e-08
375 6.153191883553336e-08
376 2.598587625581478e-08
377 3.7680878864636495e-08
378 3.3281984700296514e-08
379 5.212937434853501e-08
380 4.153289222131476e-08
381 4.102917912461634e-08
382 5.086003687999483e-08
383 7.002098825450314e-08
384 5.101284685478486e-08
385 4.4795998175928656e-08
386 4.730040894574489e-08
387 4.821495429177054e-08
388 5.2241492089340465e-08
389 2.8706107594051874e-08
390 7.337782902854591e-08
391 6.362323207276085e-08
392 4.7771239415622025e-08
393 3.9942990720344856e-08
394 5.992320444428696e-08
395 5.9120726731552766e-08
396 2.6751791237376705e-08
397 6.715928600604658e-08
398 4.194200814126005e-08
399 6.454962651211503e-08
400 3.6825719636613474e-08
401 2.6327438728578492e-08
402 3.723708451638028e-08
403 5.637784670243863e-08
404 6.984105727478531e-08
405 2.6326682605251634e-08
406 4.632431247727801e-08
407 5.664742064890206e-08
408 9.381761966943651e-08
409 7.358667589597203e-08
410 4.974597666157485e-08
411 6.355278474512387e-08
412 6.371766916793693e-08
413 6.789897791138036e-08
414 6.301841848700887e-08
415 5.427124807616961e-08
416 4.5349511486966724e-08
417 3.61947635636268e-08
418 4.892667381939413e-08
419 4.287608339013024e-08
420 6.739399352656114e-08
421 3.910508058064816e-08
422 9.063203192514068e-08
423 -1.181075474246719e-09
424 4.015939491567665e-08
425 4.529479316452981e-08
426 5.280231846456336e-08
427 5.1887630779725726e-08
428 4.503279131259195e-08
429 6.291408648800945e-08
430 3.1939120815125717e-08
431 3.6806637778841296e-08
432 6.362549987153437e-08
433 3.947887835387967e-08
434 4.795586265581723e-08
435 1.4786911505081372e-08
436 3.83594082337524e-08
437 3.047435418289059e-08
438 5.360140695116679e-08
439 2.396583742815495e-08
440 5.315545372714271e-08
441 7.453078325755288e-08
442 5.200015398512811e-08
443 5.047076134423181e-08
444 5.008723890861227e-08
445 1.2169509396840216e-08
446 5.6897893207257534e-08
447 6.177828102551643e-08
448 3.240468738300818e-08
449 3.4528931099569714e-08
450 4.0324863928078196e-08
451 2.6550026909627393e-08
452 3.167310776615456e-08
453 4.322138785547495e-08
454 3.9000893360383795e-08
455 3.6812218456226175e-08
456 2.2885149074815605e-08
457 8.578258782925586e-08
458 4.8338577878012384e-08
459 3.443877010927544e-08
460 7.30835658938742e-08
461 5.107936376532112e-08
462 2.1492601284580863e-08
463 5.06745305805053e-08
464 8.228944287328342e-08
465 5.253159066978541e-08
466 7.20033966080635e-08
467 5.672636316166211e-08
468 4.345768010980843e-08
469 5.3336189746099574e-08
470 4.682131477260303e-08
471 2.1209196407281983e-09
472 7.18729883217982e-08
473 5.781696659464344e-08
474 3.9881241535667526e-08
475 7.800543500688207e-08
476 3.9286350726512955e-08
477 4.36036993073935e-08
478 5.1413477625379084e-08
479 5.8028814190437084e-08
480 6.322366773069698e-08
481 4.4745477698979626e-08
482 4.482198408836798e-08
483 5.089781486275406e-08
484 4.457471951984134e-08
485 4.4172273180357353e-08
486 3.871296482128128e-08
487 2.9755508935144243e-08
488 3.236247377674326e-08
489 6.651937273802044e-08
490 5.579193805435147e-08
491 4.6310634439342595e-08
492 5.2750810405934914e-08
493 5.203100792993614e-08
494 6.296441584796884e-08
495 2.6579340500845978e-08
496 5.537318093574426e-08
497 5.2184354122122503e-08
498 1.2243608679502831e-08
499 5.2016310824022715e-08
500 2.9471282299461024e-08
501 6.221841913102545e-08
502 2.987339420774491e-08
503 4.3382908571499425e-08
504 7.826317747074764e-08
505 3.504962937675084e-08
506 4.79664730977317e-08
507 4.239031451258856e-08
508 1.8255271504208512e-08
509 5.5191715507557164e-08
510 3.1757011345267085e-08
511 1.8950064794318896e-08
512 4.085852590977811e-08
513 8.067946060620223e-08
514 5.347996813339227e-08
515 4.3953204369047056e-08
516 6.619479262900263e-08
517 4.4749771381042056e-08
518 6.291815772218557e-08
519 3.0926249723277534e-08
520 4.6201751211305606e-08
521 4.2211852265902304e-08
522 3.272342282254827e-08
523 3.9190824125619374e-08
524 6.78775172152535e-08
525 6.241934706602623e-08
526 5.435085721736163e-08
527 4.936842709152916e-08
528 6.454156283392378e-08
529 6.127041662159876e-08
530 4.546812794860799e-08
531 3.951767626473072e-08
532 3.8321566211730197e-08
533 3.413994824486586e-08
534 4.716920591565177e-08
535 4.543080227495706e-08
536 5.7680909354201365e-08
537 2.6354001398637683e-08
538 3.564982512313699e-08
539 5.466417708232143e-08
540 4.010168882771853e-08
541 7.059685201237407e-08
542 4.093645321273909e-08
543 3.337469633038082e-08
544 6.524981473972204e-08
545 5.885620687360585e-08
546 4.24943103516544e-08
547 5.066382358258165e-08
548 6.040307968689255e-08
549 5.0481391308928814e-08
550 3.579776240664184e-08
551 4.300346721787753e-08
552 3.770948573115692e-08
553 4.98062020126826e-08
554 5.2595581329952717e-08
555 2.3301303403415388e-08
556 4.750587583334096e-08
557 5.7515209289104335e-08
558 5.346889475676147e-08
559 2.5036674413667515e-08
560 4.657424642086076e-08
561 2.9663070635790244e-08
562 8.050541900384797e-08
563 6.325614059058373e-08
564 3.037567747382414e-08
565 5.0312925528193084e-08
566 5.5942588120879597e-08
567 3.013283810188105e-08
568 1.3274893757485518e-08
569 3.855392753986511e-08
570 5.033128546350279e-08
571 4.503521764119638e-08
572 2.9515427810846492e-08
573 3.254213580170793e-08
574 6.386264682874328e-08
575 5.586777886681651e-08
576 4.9525820863548785e-08
577 7.71976238955333e-08
578 4.5297610032832097e-08
579 6.220624413287327e-08
580 4.451973894957888e-08
581 4.965746733611396e-08
582 5.745137702251437e-08
583 4.370719605596916e-08
584 4.9273188528138444e-08
585 2.9403875027120757e-08
586 5.630690683515788e-08
587 4.135783748363088e-08
588 2.9679834933108424e-08
589 4.429828439527751e-08
590 7.740981875195154e-08
591 2.5333601529747857e-08
592 7.941618123281801e-08
593 4.8045154259323485e-08
594 5.284219333431401e-08
595 4.2856870041745214e-08
596 2.3287467893749787e-08
597 5.7635538637871e-08
598 4.040848564232566e-08
599 3.961454644101329e-08
600 3.069110320486516e-08
601 4.844930870499452e-08
602 6.064870680920546e-08
603 4.6307982475057927e-08
604 6.597563149807351e-08
605 7.110312357654115e-08
606 3.267122635612504e-08
607 4.253537329764222e-08
608 5.3037473887830834e-08
609 3.718887804491947e-08
610 3.966796781044108e-08
611 6.324595667875702e-08
612 5.4071773635666867e-08
613 3.1227790279122925e-08
614 6.824687294709764e-08
615 4.7988065589296866e-08
616 1.2967366806170639e-08
617 3.448838321560061e-08
618 5.768180301924392e-08
619 4.0295329575470816e-08
620 8.180967637587467e-08
621 3.0910976157053954e-08
622 3.8611987237434705e-08
623 6.186896390093604e-08
624 5.730619586843204e-08
625 3.036189869023445e-08
626 5.518997624139053e-08
627 5.5412331787596265e-08
628 3.688801352006479e-08
629 1.344736216411954e-08
630 5.878243706550773e-08
631 4.089793336746414e-08
632 3.2049736901836986e-08
633 3.4430656736805984e-08
634 4.868877959204746e-08
635 3.953586659121309e-08
636 2.815245222753176e-08
637 5.336353018335731e-08
638 3.8547847947097035e-08
639 3.680231429932065e-08
640 1.4284332137625193e-08
641 3.553161561866209e-08
642 4.256851191410491e-08
643 6.67607143531743e-08
644 5.825259215966058e-08
645 2.073004135311608e-09
646 8.824433158891972e-08
647 4.946448003599412e-08
648 6.094760559536832e-08
649 8.686023517874983e-08
650 1.833003821690847e-08
651 2.282476786749081e-08
652 4.101124200848062e-08
653 6.392610225131115e-08
654 3.8173613282383984e-08
655 3.994902159546681e-08
656 5.713889589149532e-08
657 4.9095810899628926e-08
658 3.711446558586754e-08
659 5.971012709941699e-08
660 3.785258378906523e-08
661 6.494293759925648e-08
662 5.936668773305015e-08
663 4.407920365933363e-08
664 2.5704288139062523e-08
665 5.294258389553305e-08
666 7.966316246265118e-08
667 3.754244394637392e-08
668 5.882890277470953e-08
669 5.264397834468423e-08
670 4.598746508398383e-08
671 5.1324965612443464e-08
672 4.1164103965050564e-08
673 6.154734996559768e-08
674 4.908786696329914e-08
675 6.034471255003404e-08
676 2.6294596704914132e-09
677 5.7397523166800235e-08
678 4.560192391063786e-08
679 7.302044908978769e-08
680 3.639308983696328e-08
681 5.052562032759318e-08
682 7.436561603088645e-08
683 5.76186431514655e-08
684 4.0366897088433605e-08
685 3.986418745284332e-08
686 3.242296617188303e-08
687 5.64031093050216e-08
688 2.7755278962992223e-08
689 4.917830174962739e-08
690 3.4961933892610137e-08
691 3.477888782506736e-08
692 5.399675221646062e-08
693 4.188671383916461e-08
694 2.8761437528245013e-08
695 3.5659336224564306e-08
696 3.675037604540567e-08
697 5.794766918665982e-08
698 3.671897871355264e-08
699 2.461578800376445e-08
700 4.29253218851483e-08
701 4.341678110677841e-08
702 3.342704031904362e-08
703 4.167094288538622e-08
704 5.699997080038564e-08
705 4.730770126167943e-08
706 8.44776337630996e-08
707 5.587897145625194e-08
708 3.8439097929740995e-08
709 2.363794943065888e-08
710 4.415534146576568e-08
711 8.55331945788897e-08
712 3.460287256636527e-08
713 3.3617194538200584e-08
714 2.4745368927569484e-08
715 3.159009087491811e-08
716 4.2858301842943326e-08
717 7.052128197177055e-08
718 5.631864332746879e-08
719 4.258699623478504e-08
720 5.7524069026166825e-08
721 5.105695746213959e-08
722 7.490632376085794e-08
723 3.568796359178064e-08
724 4.83146247701466e-08
725 5.200725831548856e-08
726 2.660156673282384e-08
727 5.1564501666219996e-08
728 3.0268612978373505e-08
729 5.576679264293343e-08
730 7.225373500376022e-08
731 4.839977970726451e-08
732 4.3663960859440974e-08
733 6.322079952670397e-08
734 2.2193004553362426e-08
735 4.108974006392005e-08
736 2.2440932192345165e-08
737 4.8981577151938926e-08
738 4.776743703684396e-08
739 2.7929687047182566e-08
740 1.4415572208666304e-08
741 4.720317278609983e-08
742 6.524556897121529e-08
743 3.10114466774336e-08
744 4.1219600462249046e-08
745 2.5440844091331942e-08
746 4.8166844342373656e-08
747 6.167787783143727e-08
748 6.852094908047899e-08
749 3.761469012434732e-08
750 6.738204000549979e-08
751 5.999790991616131e-08
752 5.694821282871247e-08
753 5.349225792592276e-08
754 4.181460730287921e-08
755 4.138249470804728e-08
756 3.874112998877301e-08
757 3.7511909001103366e-08
758 6.046622724497986e-08
759 3.774529406598585e-08
760 4.112290782676704e-08
761 1.5014050332497108e-09
762 6.91743722615717e-08
763 4.740428102535492e-08
764 5.5647369326587744e-08
765 6.675323593423807e-08
766 1.9921732773397563e-08
767 6.788513625770758e-08
768 5.695414666613494e-08
769 5.8308527167615725e-08
770 4.854954226094838e-08
771 5.1782021529762586e-08
772 6.019165876808522e-08
773 5.6401832244404287e-08
774 3.5180141955944215e-08
775 4.683544387860026e-08
776 5.610085713933757e-08
777 3.3129599438531285e-08
778 6.360206646414615e-08
779 2.7297454309816768e-08
780 5.443068033613315e-08
781 3.857873276327339e-08
782 3.6353955236994404e-08
783 2.7705529402823878e-08
784 6.236582331801444e-08
785 5.5819922281334616e-08
786 3.3479279614442787e-08
787 5.997444592299083e-08
788 3.238019982238529e-08
789 6.277434549933497e-08
790 2.7968192641251872e-08
791 3.917480519339281e-08
792 5.3420939266944355e-08
793 6.748547062602114e-08
794 5.780426003241105e-08
795 4.6750122908574924e-08
796 5.203839951707719e-08
797 2.0288374419426293e-08
798 5.7707176275331426e-08
799 6.492486366472651e-08
800 5.428570957449153e-08
801 6.140483089014987e-08
802 2.6974463997521955e-08
803 6.581045415828383e-08
804 6.724574741013608e-08
805 6.04952023033872e-08
806 4.149017271744898e-08
807 3.920772359729475e-08
808 4.870474584196057e-08
809 4.943552526265063e-08
810 2.2643939006035015e-08
811 4.688114754377113e-08
812 7.083610171041505e-08
813 6.668059652728151e-08
814 1.3319115242782427e-08
815 6.683436078496544e-08
816 1.907252935697692e-08
817 4.27597246691955e-08
818 3.619285768497859e-08
819 2.9649763529437766e-08
820 7.744896561409174e-08
821 8.998980740826856e-08
822 5.685594983785541e-08
823 5.68227472818565e-08
824 4.568046650303366e-08
825 5.183294626606823e-08
826 3.3522449000267856e-08
827 1.1844380981051568e-08
828 4.4115426387647763e-08
829 7.068893051546799e-08
830 4.998416728668669e-08
831 1.9837361060391173e-08
832 6.565832334384782e-08
833 4.535813446278283e-08
834 5.162703484549013e-08
835 5.34912785527186e-08
836 7.615784582623705e-08
837 4.673871324334427e-08
838 6.379934065964792e-08
839 4.1171627905356304e-08
840 1.3358190077751623e-08
841 9.005189341747037e-08
842 4.7669372425774817e-08
843 3.3715325375573445e-08
844 6.148617786431732e-08
845 3.9639154109558045e-08
846 7.124453486646223e-08
847 4.412108107807484e-08
848 4.5677964274135836e-08
849 4.2647112859087484e-08
850 3.3429689434827195e-08
851 4.3828450542957164e-08
852 6.30361556077498e-08
853 3.000861795611777e-08
854 4.101570599650913e-08
855 3.308478995411579e-08
856 3.615771675295882e-08
857 4.1106020746894824e-08
858 6.30601337752277e-08
859 4.23084953987721e-08
860 1.9162249631090837e-08
861 6.739496947088096e-08
862 3.933727834162488e-08
863 3.725797643445413e-08
864 7.107296096637518e-08
865 5.191468878405145e-08
866 5.98370183778327e-08
867 5.85830982994025e-08
868 2.598496750206005e-08
869 6.047729654515986e-08
870 2.6053857955034906e-08
871 4.9471891220146195e-08
872 4.934112356513085e-08
873 3.8729298916381326e-08
874 3.41505919079451e-08
875 6.232896609790651e-08
876 5.218848854220023e-08
877 3.680804007167245e-08
878 5.3610996937527884e-08
879 5.355804669488234e-08
880 4.903839426168761e-08
881 3.5563416685202716e-08
882 4.5065629583655946e-08
883 5.446532136606401e-08
884 5.366722024112298e-08
885 4.542585415395094e-08
886 3.372927701938703e-08
887 2.2801054053484616e-08
888 2.866030371196051e-08
889 4.941656950940132e-08
890 4.4031784923649695e-08
891 3.998398161368779e-08
892 3.1945244639831117e-08
893 7.715206045054868e-08
894 4.479054535240103e-08
895 3.426834773014675e-08
896 3.3669896576605956e-08
897 6.170880781249032e-08
898 2.8711074919993892e-08
899 3.363706992505806e-08
900 5.979766977593518e-08
901 7.551737242109008e-08
902 3.061481817158233e-08
903 4.775897446379508e-08
904 5.250372207207343e-08
905 5.245535713652399e-08
906 2.5199540753553497e-08
907 2.8728064085307035e-08
908 6.691776140292649e-08
909 6.326651750602078e-08
910 3.769675941323473e-08
911 4.985019998055702e-08
912 2.9263444672961107e-08
913 5.586831324217025e-08
914 6.406571920488636e-08
915 4.6724111285512904e-08
916 4.237460355765794e-08
917 6.926857332143845e-08
918 4.9159047223526015e-08
919 5.221121448012905e-08
920 7.887468831361788e-08
921 1.7625738219289535e-08
922 6.901669918813538e-08
923 5.856131317703384e-08
924 2.922777013976966e-08
925 3.294337372064073e-08
926 5.145076997384852e-08
927 8.132513841341434e-08
928 4.8140167238881916e-08
929 3.5855521324299206e-08
930 6.081924259963834e-08
931 3.5427080946421334e-08
932 6.832878368369229e-08
933 1.6676044458590368e-08
934 2.1794390818453928e-08
935 5.218229575138937e-08
936 3.0331680907866794e-08
937 2.750309768925869e-08
938 3.233954215112896e-08
939 4.9869302572671834e-08
940 6.657144439124078e-08
941 5.0117789980436376e-08
942 4.7762562798858446e-08
943 3.131977238563147e-08
944 1.6044778218256238e-08
945 3.533976278235137e-08
946 2.6842963807335288e-08
947 2.8516554256984138e-08
948 4.438808485448256e-08
949 2.684972573765343e-08
950 5.3599150569576834e-08
951 4.9498915138283616e-08
952 3.112321377215034e-08
953 4.80073128104455e-08
954 2.9823030789735296e-08
955 4.10915893364421e-08
956 6.916586955302373e-08
957 5.481477429247778e-08
958 6.013157850497454e-08
959 5.4210537780171306e-08
960 5.67422915590047e-08
961 4.0735558285734455e-08
962 4.098719854547634e-08
963 6.414119200376306e-08
964 3.1301465692655425e-08
965 5.301678458845283e-08
966 8.352142074310006e-08
967 4.520458863038594e-08
968 5.914395246823697e-08
969 5.041275445698467e-08
970 3.6552585826856655e-08
971 7.385962765803116e-08
972 1.4237509566260632e-08
973 4.092646890066965e-08
974 4.8370363269926036e-08
975 3.1461459502125615e-08
976 6.158723730001286e-08
977 4.409930195493132e-08
978 4.5357740694573156e-08
979 -7.745780077271973e-09
980 3.1459688248049534e-08
981 1.169950470365574e-08
982 2.748854321554774e-08
983 3.483759853962652e-08
984 5.197676845990036e-08
985 5.280339548317243e-08
986 5.8399061907800026e-08
987 4.656181796569347e-08
988 5.750722134729574e-08
989 5.453267726043166e-08
990 5.2254599826363294e-08
991 1.5680783899571853e-08
992 6.061401951901349e-08
993 9.349460073749037e-08
994 4.4323134403091964e-08
995 4.648384613891092e-08
996 3.170508987503293e-08
997 2.089223054295745e-08
998 5.665114987235877e-08
999 4.312891848973153e-08
