0 4.3300032852298043e-07
1 4.2924095583050275e-07
2 4.3254602175490293e-07
3 4.417559163892745e-07
4 4.5982550628360327e-07
5 4.2425463064078097e-07
6 4.2310288929266235e-07
7 4.0719032462431383e-07
8 3.9069068246730013e-07
9 3.5516294239365876e-07
10 4.796202119215439e-07
11 4.0099938797476404e-07
12 4.201081409475504e-07
13 4.493721719995193e-07
14 4.0971111187954137e-07
15 3.9863702049749847e-07
16 3.9878537871278934e-07
17 4.2982335381723725e-07
18 4.149895873306093e-07
19 3.268470519567621e-07
20 4.339440827218887e-07
21 4.455576660220082e-07
22 4.642171182725346e-07
23 5.071329023658437e-07
24 4.7655547206542526e-07
25 4.962056173509072e-07
26 3.962086144337422e-07
27 4.4986088778217777e-07
28 4.0909819876196115e-07
29 4.0685442116290547e-07
30 4.353674774960137e-07
31 4.2406515201374316e-07
32 4.0226790498274487e-07
33 4.380645717810987e-07
34 4.170211942243708e-07
35 4.3788182540499224e-07
36 4.326347271372879e-07
37 4.0872319322047623e-07
38 3.7365772877779953e-07
39 4.339095333130095e-07
40 4.1373817398858024e-07
41 4.2769754120856024e-07
42 4.772332356542889e-07
43 4.3019151296017844e-07
44 4.661582027055157e-07
45 4.0351336854193934e-07
46 4.4117428731565335e-07
47 4.365461407658104e-07
48 3.9766147842332334e-07
49 4.2704322797467345e-07
50 4.654510538361591e-07
51 4.2845521269818497e-07
52 4.4272379443251766e-07
53 4.3059647212120763e-07
54 4.5914558947287813e-07
55 4.124292018160565e-07
56 4.3021179717614637e-07
57 4.864108062258596e-07
58 4.302827045741559e-07
59 4.0353938877177045e-07
60 4.0836239318389634e-07
61 4.336714859626827e-07
62 4.1944114824204293e-07
63 4.943680814293773e-07
64 3.831378182555923e-07
65 4.5588212876184263e-07
66 4.4438208694258484e-07
67 4.147696151961801e-07
68 4.666149435619659e-07
69 4.235058921436978e-07
70 4.4679662664303326e-07
71 5.008004437728175e-07
72 4.0337634737343045e-07
73 4.194369929696137e-07
74 3.8602799585335907e-07
75 4.020535028256667e-07
76 3.706672662192117e-07
77 4.5367056165605707e-07
78 3.442093876401497e-07
79 4.570826259888772e-07
80 3.900151075922829e-07
81 4.752631275440943e-07
82 3.858199516767617e-07
83 4.5916194113303154e-07
84 4.3317727976230175e-07
85 4.3206888604604806e-07
86 3.708386771797919e-07
87 4.0907511753448767e-07
88 3.7083951451961537e-07
89 3.9790309959648653e-07
90 4.479691382139496e-07
91 4.148830973847493e-07
92 3.724159070407763e-07
93 3.63044998966781e-07
94 3.8175694591917975e-07
95 4.6491884835083487e-07
96 4.2993878016391566e-07
97 4.2482867977763945e-07
98 4.1440575182183087e-07
99 3.5211096582552673e-07
100 4.406429890345227e-07
101 3.961866795800018e-07
102 4.1421420372710235e-07
103 4.4694736902331104e-07
104 4.330561634478827e-07
105 4.1968909828322355e-07
106 3.864833220599065e-07
107 3.7302320461285514e-07
108 3.650015500950705e-07
109 4.0027181864423785e-07
110 3.751790089457162e-07
111 3.7217960974168026e-07
112 3.821355321393289e-07
113 4.190919793200106e-07
114 3.7544670328412407e-07
115 4.034942844601055e-07
116 4.615021622504329e-07
117 4.340114698802268e-07
118 4.600508064755374e-07
119 3.88117175254514e-07
120 3.7378928884468087e-07
121 4.2851591261495457e-07
122 4.2528601508570297e-07
123 3.740934570412088e-07
124 4.5085764990186795e-07
125 3.586824784044754e-07
126 4.7683666336514854e-07
127 4.2232155326464396e-07
128 5.016235584514453e-07
129 3.959977122107845e-07
130 5.164466737124572e-07
131 4.0237647590082293e-07
132 3.93882476218987e-07
133 4.1885030480756917e-07
134 3.781602808273358e-07
135 4.038809984221022e-07
136 4.77543923416163e-07
137 3.754603905269887e-07
138 4.1492511751635006e-07
139 3.8567702832826377e-07
140 4.05481593454119e-07
141 4.7270886791743565e-07
142 4.271989561584573e-07
143 4.2385266803050797e-07
144 4.343024203165726e-07
145 3.9556795592124334e-07
146 3.990511087853267e-07
147 3.9766747944067244e-07
148 3.816740894786608e-07
149 4.134005424631921e-07
150 3.917531197326325e-07
151 4.7193824457565176e-07
152 4.2089001411251944e-07
153 3.717846655017289e-07
154 4.041375467760863e-07
155 3.4961144781299024e-07
156 3.944899617922413e-07
157 4.5323059377527313e-07
158 4.3816167135149186e-07
159 3.6416329092097185e-07
160 4.462463185929003e-07
161 4.6196065325214654e-07
162 4.460431011071531e-07
163 4.0659616855590886e-07
164 4.1880513451285437e-07
165 4.1812384592047315e-07
166 3.98251198693989e-07
167 3.9761463116805175e-07
168 3.898775047467961e-07
169 4.3411883014142387e-07
170 4.304090903897696e-07
171 3.834112251534471e-07
172 4.713496116312945e-07
173 4.493773484678064e-07
174 3.922369145752988e-07
175 4.0806256586315553e-07
176 4.2398953457713477e-07
177 4.1741506014002647e-07
178 4.050426908216788e-07
179 4.0307050730936423e-07
180 4.392175678528923e-07
181 4.4613994067375043e-07
182 4.563050580652917e-07
183 4.575992637669664e-07
184 3.972956617435015e-07
185 4.792334058189302e-07
186 4.951798879658645e-07
187 4.0581718758661884e-07
188 3.6570286014586537e-07
189 4.4278109452282484e-07
190 3.623702858105919e-07
191 4.478811441483079e-07
192 3.9235736584205454e-07
193 3.776616247824079e-07
194 4.4168190276553126e-07
195 4.908679920525482e-07
196 3.8378912013070423e-07
197 4.84470642672185e-07
198 3.9017891723099934e-07
199 3.8328262564582384e-07
200 4.095129081951321e-07
201 4.136479007102403e-07
202 4.0363878408769604e-07
203 3.591813862486497e-07
204 4.1182809679180045e-07
205 3.8481915655439395e-07
206 4.911239321775348e-07
207 3.8716471862787407e-07
208 4.114418901828574e-07
209 4.441000392225538e-07
210 4.016429521453397e-07
211 3.8602066342395135e-07
212 4.5606579729685533e-07
213 4.298497715269062e-07
214 3.8116513360432343e-07
215 4.498584614892384e-07
216 4.2866734426858757e-07
217 4.272024648978256e-07
218 4.83929645403793e-07
219 4.1876733363459454e-07
220 4.271969170304501e-07
221 4.424798624849385e-07
222 4.869694217509691e-07
223 4.228463742173422e-07
224 4.2816431658451544e-07
225 4.4447533343371753e-07
226 3.9049224202321784e-07
227 3.847673282690837e-07
228 4.3171807037783804e-07
229 4.5690975058810014e-07
230 4.788175420955625e-07
231 4.05238299660127e-07
232 3.770148784020891e-07
233 4.323276824208751e-07
234 3.989843988171622e-07
235 3.6668170845096024e-07
236 4.348799165557317e-07
237 3.2556432349213675e-07
238 4.1462980051111447e-07
239 4.3588128380106135e-07
240 4.1064375950933e-07
241 4.3125084859256165e-07
242 3.6361233391575697e-07
243 4.0186861206579363e-07
244 4.0211945961765923e-07
245 4.348899953367546e-07
246 4.234720182129518e-07
247 4.05599991026142e-07
248 3.7406207422886217e-07
249 4.1435174292964356e-07
250 3.94049877456072e-07
251 4.1281260953432023e-07
252 3.9930364841619475e-07
253 4.286631163792163e-07
254 3.4840505227680807e-07
255 4.084755047742675e-07
256 3.9599060235694906e-07
257 3.997008975568756e-07
258 3.8499591028599883e-07
259 4.841886212233881e-07
260 3.7625193251670695e-07
261 4.20874415707079e-07
262 4.3140843280105775e-07
263 4.2105488227690286e-07
264 4.468775221840538e-07
265 4.448831041224046e-07
266 3.8308392802048017e-07
267 3.705694134532383e-07
268 4.3176791809949754e-07
269 4.4540309475741327e-07
270 4.59854392213261e-07
271 3.7675524820769514e-07
272 3.99453994108825e-07
273 4.1780804912018976e-07
274 3.9436354515480796e-07
275 3.960651228012254e-07
276 4.04662215512069e-07
277 4.361139023389182e-07
278 4.515599789797998e-07
279 4.5793789245167557e-07
280 4.404098465840122e-07
281 4.028746439651712e-07
282 4.195935781311625e-07
283 4.0320922004126104e-07
284 4.31147473926043e-07
285 5.111171679280439e-07
286 4.4681037406927024e-07
287 4.454315672992719e-07
288 4.6568057116557396e-07
289 4.1584792806668924e-07
290 3.6606187650585714e-07
291 4.128936402924282e-07
292 3.843179543382962e-07
293 4.6744049535506986e-07
294 4.00109321268286e-07
295 4.0583258952456284e-07
296 3.8537721370928377e-07
297 4.308571238091031e-07
298 4.570054163123706e-07
299 4.373971290039903e-07
300 4.783456546867269e-07
301 3.9565143537195667e-07
302 3.9230396246547045e-07
303 4.3791418405663905e-07
304 4.13275844203556e-07
305 4.1241030621091197e-07
306 3.8468463366290365e-07
307 4.1951381076712426e-07
308 4.3562374372761375e-07
309 4.558873272107365e-07
310 3.954253900082509e-07
311 4.794679376367714e-07
312 4.3486847938280973e-07
313 4.890096829205758e-07
314 3.8549356911187126e-07
315 4.2000828990803885e-07
316 4.621840602274371e-07
317 4.207913545664073e-07
318 3.5656712769907617e-07
319 4.60514291897176e-07
320 4.3863706817723695e-07
321 4.0501348033228e-07
322 4.685731788677129e-07
323 4.2008143598026017e-07
324 4.391347608138625e-07
325 3.881076491141252e-07
326 4.2254158835545665e-07
327 4.3188311155490106e-07
328 4.5115133593366593e-07
329 4.7559043068794424e-07
330 4.3219617011468455e-07
331 3.6555469825502064e-07
332 4.3134023126088005e-07
333 4.896743172149743e-07
334 4.311174022358924e-07
335 3.891027660020424e-07
336 4.452429697100451e-07
337 4.404925362340631e-07
338 4.566471738861165e-07
339 4.1887178807767823e-07
340 3.82631064670303e-07
341 3.915732704923709e-07
342 4.008360516308077e-07
343 4.3054897525116056e-07
344 4.449563537226656e-07
345 4.0421282897870155e-07
346 4.5414849923137434e-07
347 3.916113730330793e-07
348 3.802179902076081e-07
349 4.315243658114647e-07
350 4.11883112808849e-07
351 4.503842652616346e-07
352 4.824038758191952e-07
353 4.5858769970676524e-07
354 4.4120977357018503e-07
355 4.066018404727677e-07
356 4.473915033881238e-07
357 4.0192178628831224e-07
358 4.0320995108871564e-07
359 4.3710862461267445e-07
360 4.4146956606792194e-07
361 4.538288206306353e-07
362 3.7963834807440196e-07
363 4.1794857358042463e-07
364 4.583925325315021e-07
365 4.5188968304106513e-07
366 3.865570528345718e-07
367 4.252384945176846e-07
368 4.3172813911812535e-07
369 3.6160401888053207e-07
370 4.0334524526724597e-07
371 4.036064735019226e-07
372 4.095636273541656e-07
373 4.38646121682863e-07
374 4.2503373361712214e-07
375 4.013286505586679e-07
376 4.7159780054156166e-07
377 4.241508065609399e-07
378 4.174398329007755e-07
379 3.649028709171548e-07
380 4.3586610457465224e-07
381 3.982981296823417e-07
382 4.036169503134987e-07
383 4.3159623037063023e-07
384 4.045177061684628e-07
385 4.3488244343346515e-07
386 4.126352357524358e-07
387 3.8865440544170854e-07
388 3.902802294339659e-07
389 4.1048981059954714e-07
390 3.962073198307451e-07
391 4.2090953933532234e-07
392 4.285385272114735e-07
393 4.43615500924697e-07
394 4.204887933700688e-07
395 3.705398159065752e-07
396 4.578540796550059e-07
397 4.396198066140904e-07
398 4.087934746906235e-07
399 4.1827132699176186e-07
400 3.816448915765745e-07
401 4.5466350551845185e-07
402 4.0036694607105883e-07
403 4.916485288891253e-07
404 4.11138520053889e-07
405 4.0454044402372917e-07
406 4.407420533904647e-07
407 3.3814145443394654e-07
408 4.4329981365201554e-07
409 4.3822155477249817e-07
410 4.554328773095006e-07
411 3.670162363283685e-07
412 4.192103830533277e-07
413 4.295723376313149e-07
414 4.374841599192472e-07
415 3.731170145484529e-07
416 4.33524988854101e-07
417 3.693795648903749e-07
418 4.1279389046904323e-07
419 4.188748821856952e-07
420 4.455170043649105e-07
421 4.087502328369152e-07
422 4.3783100312524534e-07
423 3.658589838085042e-07
424 3.7657750903453075e-07
425 4.3148289567396116e-07
426 3.5728384339079686e-07
427 3.8649793964875954e-07
428 3.7778224475053734e-07
429 4.322800675813418e-07
430 3.900763549624771e-07
431 3.819261555650873e-07
432 4.4045442336558033e-07
433 4.418026209198837e-07
434 3.529749945121731e-07
435 4.546736131346723e-07
436 4.1925260589829424e-07
437 3.662710993113572e-07
438 4.24027522300521e-07
439 3.913134927507532e-07
440 3.9277574536783303e-07
441 4.3664671002441e-07
442 4.631693254457209e-07
443 4.1593045613842065e-07
444 4.374702751856953e-07
445 4.073417737289703e-07
446 3.8859293753298174e-07
447 4.2256602425006565e-07
448 4.370288908099737e-07
449 4.713581716267629e-07
450 4.868714398226393e-07
451 3.9103581763369553e-07
452 4.773706353693732e-07
453 4.665771760139098e-07
454 4.4078009742351493e-07
455 4.2842725073337236e-07
456 4.036160372528892e-07
457 4.7779336785861e-07
458 4.441866578591092e-07
459 4.10086132779464e-07
460 4.686970028138717e-07
461 4.492630558010722e-07
462 3.990453608337262e-07
463 3.8742558094532723e-07
464 4.327496757228955e-07
465 4.0711470515985234e-07
466 4.024115590581093e-07
467 4.2393489084643993e-07
468 4.62983121587702e-07
469 4.503988029392903e-07
470 4.09197187696651e-07
471 3.825578928146397e-07
472 4.91897388208981e-07
473 3.3248057449903374e-07
474 4.2076397282281154e-07
475 4.3585738298125015e-07
476 4.331249320200904e-07
477 4.4630843919800664e-07
478 4.401635499155514e-07
479 4.4636481618947855e-07
480 3.982841383825265e-07
481 3.836766048798261e-07
482 5.24068854130949e-07
483 4.0367556422121475e-07
484 4.302850025357312e-07
485 3.918460371917521e-07
486 4.780854941115223e-07
487 4.001118235750778e-07
488 4.373892153432594e-07
489 4.4594334638360375e-07
490 4.252411789035063e-07
491 3.991101563203838e-07
492 5.157496613547731e-07
493 5.393727463588588e-07
494 4.4594091625964437e-07
495 4.3838871533224194e-07
496 3.863498402249358e-07
497 4.019657371802515e-07
498 4.368414240144604e-07
499 4.647350184684057e-07
500 4.0759724301130607e-07
501 4.296580895181617e-07
502 4.725799270125523e-07
503 4.43727772513938e-07
504 4.7056220851519404e-07
505 4.4268903080685625e-07
506 4.123639366574372e-07
507 4.25690300500222e-07
508 4.247289842787096e-07
509 3.7103908855738335e-07
510 4.492833892431166e-07
511 4.36868869652662e-07
512 3.914324179875598e-07
513 4.3321278217681006e-07
514 4.530865205405474e-07
515 4.1932501802400414e-07
516 3.8780705981045547e-07
517 4.6131118436373733e-07
518 4.155294579688126e-07
519 4.4994726978601266e-07
520 5.022078988922584e-07
521 3.6947410237747556e-07
522 4.3670299398095414e-07
523 4.400103360897967e-07
524 3.5872187147455093e-07
525 4.2130986768180853e-07
526 4.716511087048146e-07
527 4.789287002874464e-07
528 4.360656860052113e-07
529 4.535611485618406e-07
530 3.9893035913818635e-07
531 4.3233647715408937e-07
532 3.918687222902857e-07
533 4.020805031950214e-07
534 4.0634455840761665e-07
535 4.809767899881446e-07
536 4.439599911241725e-07
537 4.0421975689169913e-07
538 4.1672379206707853e-07
539 4.4373158550801944e-07
540 4.756539386943157e-07
541 3.347108716613904e-07
542 5.072521102137362e-07
543 4.67442416537669e-07
544 4.663097696951151e-07
545 4.818357245271022e-07
546 4.1633635025155076e-07
547 3.6660425994576253e-07
548 3.9841762183434417e-07
549 4.362052022381533e-07
550 4.938464856646845e-07
551 4.436312541918061e-07
552 4.064178372468166e-07
553 3.9125892422600616e-07
554 4.266949977975265e-07
555 3.7476275325402093e-07
556 4.823811819578894e-07
557 4.343111817962717e-07
558 4.21259143638058e-07
559 3.946847517477503e-07
560 4.244194593749391e-07
561 4.779997574199134e-07
562 3.947860531661419e-07
563 4.947178787168396e-07
564 4.0241349603465126e-07
565 4.4279857008022744e-07
566 3.529997051609541e-07
567 4.555849181200842e-07
568 4.782851597233149e-07
569 4.801496901050887e-07
570 4.5101286272292967e-07
571 4.153885307882463e-07
572 4.1512347148297397e-07
573 4.50176563719555e-07
574 4.3704285107097386e-07
575 4.800256756315907e-07
576 4.3398341448606167e-07
577 4.706695751210062e-07
578 3.9607503909813077e-07
579 4.6958926774110925e-07
580 4.36735272243112e-07
581 4.7209674321986386e-07
582 4.6132701438663987e-07
583 4.0961076777968494e-07
584 3.5936320864138854e-07
585 4.431128929389314e-07
586 4.0134996461129696e-07
587 4.809447688071784e-07
588 4.396029317698523e-07
589 4.2825280328381e-07
590 3.761972869231403e-07
591 4.3711001948773755e-07
592 4.456183152263306e-07
593 3.3252940407635365e-07
594 4.215365218216496e-07
595 4.4603202926747154e-07
596 3.6668520638888223e-07
597 4.235585631071178e-07
598 4.5098399368601697e-07
599 3.9441020870346955e-07
600 4.897082087908316e-07
601 4.2108969461179477e-07
602 3.8249499602848773e-07
603 3.8585452163273564e-07
604 4.0596639172863046e-07
605 4.7230573682166274e-07
606 3.7052549747232155e-07
607 4.264544098346595e-07
608 4.0088297110549145e-07
609 3.8251273078807634e-07
610 3.3576067744641384e-07
611 4.4397702076420993e-07
612 4.216010808244345e-07
613 4.5349053703515235e-07
614 4.90219757690073e-07
615 3.9839286730952154e-07
616 4.4221958546406243e-07
617 4.94765515936385e-07
618 4.4901678631387126e-07
619 4.5122941564561565e-07
620 4.618640215222249e-07
621 4.375190077999467e-07
622 3.890175587405711e-07
623 4.3758570154752407e-07
624 4.527072842618939e-07
625 3.834569925388747e-07
626 4.3689258483974946e-07
627 4.4063580173982655e-07
628 4.784197083931496e-07
629 3.9675032476028816e-07
630 3.93972281286962e-07
631 3.7964248886374703e-07
632 4.1067737814537694e-07
633 4.055859995617395e-07
634 3.652463398701323e-07
635 3.847372827737639e-07
636 3.798051126308136e-07
637 4.278888839197131e-07
638 5.019312861543772e-07
639 4.704947694851068e-07
640 4.491681519742152e-07
641 4.240218939826899e-07
642 4.79841156386502e-07
643 4.005047425977838e-07
644 4.2814394223549843e-07
645 3.736861279182258e-07
646 4.266745456765548e-07
647 4.1471540125754703e-07
648 4.089581975613364e-07
649 4.882051868603112e-07
650 4.493989765274985e-07
651 3.9766864796117106e-07
652 4.4696662862596045e-07
653 3.831825181848039e-07
654 4.291816399946108e-07
655 4.1318434670595637e-07
656 4.056564032586036e-07
657 4.3923114253444646e-07
658 4.016119403533577e-07
659 4.17972857760399e-07
660 4.4599274659693196e-07
661 4.208086668149913e-07
662 3.770648256121687e-07
663 3.84808494321579e-07
664 4.1415836439084116e-07
665 4.4775505956074074e-07
666 4.087318416126257e-07
667 4.948428967555411e-07
668 3.918067087057537e-07
669 3.921500115596096e-07
670 3.9282595495294514e-07
671 4.425712827921741e-07
672 4.03651514684982e-07
673 4.476481221173644e-07
674 4.3654900663329056e-07
675 3.9572431221473426e-07
676 4.4718298710685775e-07
677 4.005323691771633e-07
678 3.572662411455657e-07
679 4.769889786999602e-07
680 3.858490621885471e-07
681 4.345394937784581e-07
682 4.659252340252681e-07
683 3.7701829357152026e-07
684 4.5030231747041583e-07
685 4.541814542938196e-07
686 4.5238624466679193e-07
687 4.126565120807656e-07
688 4.52911368075533e-07
689 4.2787567846441396e-07
690 4.173687262596646e-07
691 3.9335010775541953e-07
692 4.994983056235588e-07
693 4.0260162920758427e-07
694 4.5389942492278393e-07
695 4.024071783847973e-07
696 4.7015049692582544e-07
697 4.4039246608313256e-07
698 3.871350629776045e-07
699 4.893916029234011e-07
700 3.37184022071841e-07
701 4.182556877345736e-07
702 4.0208116669438925e-07
703 4.156156252177546e-07
704 4.225358278399166e-07
705 4.550797240439273e-07
706 4.4539661843380535e-07
707 4.734565932703878e-07
708 4.250516365493832e-07
709 4.6819292812024744e-07
710 4.426622188131415e-07
711 4.2690231429430755e-07
712 3.761657613562067e-07
713 4.161751990949351e-07
714 4.4132419031300693e-07
715 4.530848596067121e-07
716 4.221932057991104e-07
717 3.2349938295721143e-07
718 4.405331556050936e-07
719 4.822871853454836e-07
720 3.824768589254982e-07
721 4.985009356329892e-07
722 3.964442688248492e-07
723 4.882385586716848e-07
724 4.411601271915775e-07
725 4.028961656296857e-07
726 3.807967397213794e-07
727 3.760459074791369e-07
728 3.9336645995289894e-07
729 3.551653975806084e-07
730 5.300152689443638e-07
731 3.733400571034179e-07
732 4.3176472373479206e-07
733 4.521281927991022e-07
734 3.771407926675134e-07
735 4.5665958888489553e-07
736 4.0494338293564584e-07
737 4.098904607073034e-07
738 4.1850803044618303e-07
739 4.6616924635374046e-07
740 4.184726345495016e-07
741 4.479128757286493e-07
742 3.825583447892321e-07
743 3.424676212335605e-07
744 3.9746892362807687e-07
745 3.9884917757505933e-07
746 4.457513875294018e-07
747 4.6685960501379783e-07
748 4.0429446051812625e-07
749 4.323951378747123e-07
750 4.708175147170614e-07
751 4.3705101865184453e-07
752 4.007455210665451e-07
753 4.0216489013438437e-07
754 4.707733029515747e-07
755 4.165161124765226e-07
756 4.209565429816585e-07
757 4.886926244880028e-07
758 4.6755879824836866e-07
759 3.942563712855055e-07
760 4.0940963564765077e-07
761 4.107580652669759e-07
762 3.9483474997240565e-07
763 4.084322237362194e-07
764 3.7540681880385983e-07
765 4.86423860728975e-07
766 4.0132166638522927e-07
767 3.853482383695692e-07
768 4.218100733602228e-07
769 3.5520311864473674e-07
770 4.433921992294811e-07
771 3.648609767461533e-07
772 3.902379917112581e-07
773 4.3113802749475843e-07
774 4.357131193001148e-07
775 5.044124618993237e-07
776 3.624715788072299e-07
777 3.801115614890221e-07
778 4.049286536583329e-07
779 4.021423038915984e-07
780 3.9481821641682303e-07
781 4.0064350960853117e-07
782 3.8957773726867215e-07
783 4.259251644615188e-07
784 4.524899328225958e-07
785 3.926972892341759e-07
786 4.27938298447851e-07
787 4.51947692686561e-07
788 3.2777201451401e-07
789 4.397700018251615e-07
790 4.224408850329719e-07
791 4.1360096348098517e-07
792 3.9815575854480225e-07
793 4.192886230866418e-07
794 4.823019381397769e-07
795 5.406899878912332e-07
796 4.675472917777149e-07
797 4.4012593905120806e-07
798 4.062628523721271e-07
799 4.335741497182613e-07
800 4.666875792685538e-07
801 4.441406505852027e-07
802 4.098282729990443e-07
803 3.8541227942453674e-07
804 4.0874077951922253e-07
805 4.2451194010163737e-07
806 4.4207275773317206e-07
807 3.3645838454560436e-07
808 4.4823491011713683e-07
809 4.0698473566375935e-07
810 4.6064222243529435e-07
811 4.2767331362726587e-07
812 3.9966214357968003e-07
813 4.1858084626121223e-07
814 4.214209738522393e-07
815 3.828095926358195e-07
816 4.201596940900439e-07
817 4.1881561596559873e-07
818 4.255986333044746e-07
819 4.167959442056267e-07
820 4.0078819207258637e-07
821 4.199599636623202e-07
822 4.900309670853739e-07
823 4.0678330617773506e-07
824 4.0575205308555697e-07
825 4.3149315702412765e-07
826 3.9205551002498683e-07
827 4.922829542374996e-07
828 4.5549776689405833e-07
829 4.1598066877054125e-07
830 4.632145533022807e-07
831 4.157391320187602e-07
832 3.9338842251666384e-07
833 4.201892394465523e-07
834 3.796751219339918e-07
835 3.830678095734884e-07
836 3.878557645287987e-07
837 3.9153422348417407e-07
838 4.2317910447383996e-07
839 4.521878269351e-07
840 3.537717766593789e-07
841 4.454955685384776e-07
842 4.592813859307655e-07
843 4.873877664452115e-07
844 4.059330437134692e-07
845 4.3073575850233143e-07
846 4.585283744594484e-07
847 4.0167718102188376e-07
848 3.947358115536187e-07
849 4.779334131033087e-07
850 4.178359552540337e-07
851 4.06869270934986e-07
852 3.5262162690653136e-07
853 5.105200259408745e-07
854 4.899630722615291e-07
855 3.789196320168133e-07
856 3.815679426258742e-07
857 4.280848073389077e-07
858 3.791878455435142e-07
859 4.113595099785335e-07
860 4.123080327017008e-07
861 4.3540188248673493e-07
862 4.171917903069008e-07
863 4.7507544354922355e-07
864 4.060556910006304e-07
865 3.644750317621501e-07
866 4.31806010452924e-07
867 4.514232373227194e-07
868 3.9080036943562973e-07
869 4.318772787367143e-07
870 4.292867923625771e-07
871 3.8353085198880383e-07
872 4.7311412483153416e-07
873 3.7179290300174925e-07
874 4.6922727341233377e-07
875 3.27681542384791e-07
876 5.042801221479404e-07
877 4.784926647725243e-07
878 4.2620568410412456e-07
879 4.200710141763551e-07
880 4.830470369978516e-07
881 4.4549005341992615e-07
882 3.533014516149286e-07
883 4.1394031278141927e-07
884 3.3794283491615425e-07
885 4.345597942548456e-07
886 4.046119500139563e-07
887 4.2475866363806375e-07
888 3.8531534249697917e-07
889 3.9557319712813157e-07
890 3.2708373135223994e-07
891 4.6512616771142515e-07
892 4.261129188986718e-07
893 4.1790764442790034e-07
894 3.6506304445429653e-07
895 4.4822279018999736e-07
896 3.751414263602386e-07
897 4.29942831668064e-07
898 3.6556044763555066e-07
899 3.9812424287448047e-07
900 4.313336087385823e-07
901 4.5360210052654075e-07
902 3.778953996780434e-07
903 4.031155072630022e-07
904 4.6673133825438404e-07
905 3.9951654743805875e-07
906 4.179689192906341e-07
907 3.982399227093449e-07
908 3.9868219448530587e-07
909 3.9336216877670047e-07
910 4.5939285469155996e-07
911 4.0467241707018977e-07
912 4.078013163113275e-07
913 3.575541220413389e-07
914 3.9353805409535267e-07
915 3.8488272067051325e-07
916 4.55393535314997e-07
917 4.3057577681919734e-07
918 3.8156743469881267e-07
919 4.363430337884822e-07
920 4.139990186962578e-07
921 4.5334370687922433e-07
922 4.105920172450841e-07
923 4.1173898329415005e-07
924 3.8340656426162475e-07
925 4.410545674834697e-07
926 3.6131993253470133e-07
927 3.4958501864155094e-07
928 4.383264598558301e-07
929 4.1554899319439696e-07
930 4.3650135623718883e-07
931 5.000440391690504e-07
932 4.1137925834452793e-07
933 4.3188728309238507e-07
934 3.8683482251548736e-07
935 3.6383992430363267e-07
936 4.2459751159114117e-07
937 4.026525543720892e-07
938 4.486054501471288e-07
939 4.368505592269375e-07
940 4.404668739675699e-07
941 4.143999785802247e-07
942 4.064329664846617e-07
943 3.9928703099209623e-07
944 4.2378624034052247e-07
945 4.689843217929736e-07
946 4.6252777365684575e-07
947 4.3526109231360594e-07
948 4.392413528930382e-07
949 4.011857626009837e-07
950 4.2974234887586635e-07
951 4.0175845448534757e-07
952 4.204570225353984e-07
953 3.9406899142509267e-07
954 4.7287288622151353e-07
955 4.2995462260810136e-07
956 4.4552710076764855e-07
957 4.7395375602976675e-07
958 3.691823482705365e-07
959 4.50013427824965e-07
960 4.4895298538064177e-07
961 4.070307476589245e-07
962 4.57757568595722e-07
963 4.1428286228955925e-07
964 4.777740598660344e-07
965 3.992867728603473e-07
966 4.0700591019747104e-07
967 4.2695971570527656e-07
968 4.012770502653144e-07
969 4.161697312860011e-07
970 4.0621514942720136e-07
971 4.003424991184912e-07
972 4.3597424702415394e-07
973 3.890633044443253e-07
974 3.682422646916624e-07
975 4.271557498560659e-07
976 3.8559877782927566e-07
977 4.376274085077011e-07
978 4.792035678755615e-07
979 4.196832374893026e-07
980 4.1485815335331107e-07
981 4.1569071905991795e-07
982 4.341213038327083e-07
983 4.7208365379267635e-07
984 4.5906884612585066e-07
985 4.48250135127093e-07
986 3.320250336710565e-07
987 4.341219154842134e-07
988 4.840869633724003e-07
989 4.540790233458138e-07
990 3.7398662480103213e-07
991 4.182887317562479e-07
992 4.1414487435959643e-07
993 4.05755855781695e-07
994 3.906116625700169e-07
995 4.6119269273259164e-07
996 3.6868013689618167e-07
997 4.1511658634377343e-07
998 4.542931045007335e-07
999 3.876852391519114e-07
