0 4.6635271728154253e-07
1 4.524396077286441e-07
2 4.870141545249823e-07
3 4.663462877705817e-07
4 5.004666650863267e-07
5 4.3863999487311367e-07
6 4.3947255070814526e-07
7 3.9256983283543654e-07
8 3.7628590477134537e-07
9 3.310766038175449e-07
10 5.350831844365222e-07
11 4.1351500322933644e-07
12 4.6091525812987866e-07
13 5.102269409749324e-07
14 4.569282302372064e-07
15 4.2845824448400706e-07
16 4.1333342978572243e-07
17 4.701643638288641e-07
18 4.2501805454486756e-07
19 2.94717100313849e-07
20 4.978509032521341e-07
21 4.729891578628797e-07
22 5.427699553325798e-07
23 5.655218754167624e-07
24 5.015843119466973e-07
25 5.756043763996832e-07
26 3.9557974317781537e-07
27 4.987566282055915e-07
28 4.300311339352337e-07
29 4.0690891901087466e-07
30 4.7450408691179737e-07
31 4.5583289672522876e-07
32 4.0777724341457373e-07
33 4.78550050643644e-07
34 4.6979011954547925e-07
35 4.6260199339322494e-07
36 4.2073028908552875e-07
37 4.483644489823834e-07
38 4.111629315937868e-07
39 5.017914145183405e-07
40 4.305802618285506e-07
41 4.5733240143454273e-07
42 5.408660835285138e-07
43 4.661204771728735e-07
44 5.022220651619629e-07
45 4.3914932913000544e-07
46 4.860518259603131e-07
47 4.671517999260279e-07
48 4.1371279202190505e-07
49 4.721906773915743e-07
50 5.456515015944775e-07
51 4.5415768777794016e-07
52 4.974468545547165e-07
53 4.4418895772213724e-07
54 5.291598180625139e-07
55 4.596479240685974e-07
56 4.675840432979779e-07
57 5.598767197788197e-07
58 4.692037852321555e-07
59 4.134811339886103e-07
60 4.1686363065109355e-07
61 4.565661599716217e-07
62 4.310513951603615e-07
63 5.808271818207647e-07
64 3.7594761792758897e-07
65 5.182020212296546e-07
66 5.000082291431294e-07
67 4.222795052489586e-07
68 5.285450381674707e-07
69 4.5826845891862084e-07
70 4.6309247565862553e-07
71 5.955707290580392e-07
72 4.2183245647580914e-07
73 4.2067030010987663e-07
74 3.7037269606601715e-07
75 4.447485111408823e-07
76 3.5872493856066523e-07
77 4.954533641424539e-07
78 3.059444166589913e-07
79 4.892657606926705e-07
80 4.4337840647204403e-07
81 5.042566386107986e-07
82 3.794690295567334e-07
83 5.564294648073213e-07
84 4.7266886377052995e-07
85 4.849366110955951e-07
86 3.86858706292323e-07
87 4.133320145463527e-07
88 3.7869710518960457e-07
89 3.891156762901943e-07
90 4.940185822680627e-07
91 4.2990460071299053e-07
92 3.4439301359320687e-07
93 3.416251881516067e-07
94 3.906880696166963e-07
95 4.842731754339213e-07
96 4.4777612575426026e-07
97 4.682640165287408e-07
98 4.241971537163994e-07
99 3.719609382316703e-07
100 4.742225343411883e-07
101 4.028169792108378e-07
102 4.279422804912886e-07
103 4.953913246090302e-07
104 4.468680767343579e-07
105 4.3926833549479137e-07
106 3.920050411494568e-07
107 3.987960223725154e-07
108 3.713017404038883e-07
109 4.061578059086538e-07
110 4.1036638720386215e-07
111 3.554250078873025e-07
112 3.783033450995279e-07
113 4.4756966097973857e-07
114 4.005967524276595e-07
115 4.272594715479785e-07
116 4.90445519964455e-07
117 4.80661277663746e-07
118 5.276347037068122e-07
119 4.069893934721984e-07
120 3.836426101733605e-07
121 4.56333119493294e-07
122 4.5392662732908806e-07
123 3.9305098864225217e-07
124 4.987715668968537e-07
125 3.280318148380773e-07
126 5.446360614056566e-07
127 4.33290615792607e-07
128 5.887947367233196e-07
129 4.2256727503871414e-07
130 5.921134688180401e-07
131 3.9211575733625425e-07
132 4.45884425046591e-07
133 4.576185412187597e-07
134 3.9686400730279225e-07
135 4.051641128888054e-07
136 5.329942663314557e-07
137 3.952524011877163e-07
138 4.224203508097475e-07
139 3.875152767744654e-07
140 4.1468642060295723e-07
141 5.17944815808419e-07
142 4.2814472564497626e-07
143 4.735247672616779e-07
144 4.5092423167434433e-07
145 3.7749789042101546e-07
146 4.0241756159056177e-07
147 3.93674338470018e-07
148 3.536667639784501e-07
149 4.2272452230732627e-07
150 3.7697716508324546e-07
151 5.068561658199546e-07
152 4.223370230025594e-07
153 3.5441927159378367e-07
154 4.208266094567518e-07
155 3.284767809994523e-07
156 4.011860452589842e-07
157 4.680684991213733e-07
158 4.930242595140981e-07
159 3.585529306333523e-07
160 4.4460726249573797e-07
161 5.225128454455978e-07
162 5.298993525294694e-07
163 4.12667034935889e-07
164 4.359582416799218e-07
165 4.3951235403576e-07
166 4.117679927620237e-07
167 4.1348388096205707e-07
168 3.961761084174156e-07
169 4.5396312921103566e-07
170 4.59646540706565e-07
171 3.931508530615387e-07
172 5.463613273962971e-07
173 4.7535753868633884e-07
174 4.358569870229922e-07
175 4.116575560598406e-07
176 4.604732870044204e-07
177 4.254045635830167e-07
178 4.32350572227209e-07
179 4.377634745315524e-07
180 4.5517201138314456e-07
181 5.014709272899401e-07
182 4.7133624468772116e-07
183 5.143814939750687e-07
184 4.0222595077322434e-07
185 5.603633643127818e-07
186 5.822196664579395e-07
187 4.204056995346456e-07
188 3.8913637884179473e-07
189 5.081779459153718e-07
190 3.61779634618662e-07
191 4.981016057631163e-07
192 4.0783334871116673e-07
193 3.797399957059252e-07
194 4.885760807237302e-07
195 5.606206538361975e-07
196 3.700015092842177e-07
197 5.612908704716941e-07
198 3.670605312750096e-07
199 3.889472217130102e-07
200 4.292795354453915e-07
201 4.416510586727278e-07
202 4.298903389539025e-07
203 3.2587584441462063e-07
204 4.1950194214381764e-07
205 4.4095351732562227e-07
206 5.496095524226375e-07
207 3.9074032196218296e-07
208 4.494775781870571e-07
209 4.707076955286149e-07
210 4.458437485720984e-07
211 3.693893641420714e-07
212 4.6292882769516196e-07
213 4.360119567327033e-07
214 3.7625879797531814e-07
215 4.900382646474031e-07
216 4.321347861191347e-07
217 4.4616270607266096e-07
218 5.641187262494233e-07
219 4.5054171771317696e-07
220 4.543064946944426e-07
221 4.977208524826097e-07
222 5.386695953933651e-07
223 4.766134994782571e-07
224 4.680795580310871e-07
225 5.036677246874367e-07
226 4.1412564437164544e-07
227 3.729815564776871e-07
228 4.717365093958541e-07
229 5.062550704038385e-07
230 5.149955312618225e-07
231 4.2628606452485047e-07
232 3.6302233095514475e-07
233 4.637323240471029e-07
234 4.273245562505323e-07
235 3.5433253992236893e-07
236 4.881069652000634e-07
237 3.0740544653185153e-07
238 4.6758887412985223e-07
239 4.4920828923904643e-07
240 4.280043972060718e-07
241 4.460393948289478e-07
242 3.634160802621926e-07
243 4.139814150774585e-07
244 4.266903915548776e-07
245 4.814671880140855e-07
246 4.4891688555006103e-07
247 4.3723002441324444e-07
248 3.472869808072243e-07
249 4.5630301656868295e-07
250 3.948623981865645e-07
251 4.540303891046595e-07
252 4.2014668065669357e-07
253 4.411007143797501e-07
254 3.206420168047315e-07
255 4.027721889618248e-07
256 4.181041304297035e-07
257 4.273484274662457e-07
258 3.975559378218687e-07
259 5.349638187938343e-07
260 3.5586310102278274e-07
261 4.5242089767524736e-07
262 4.74320185484894e-07
263 4.5615099433085697e-07
264 5.031950396675303e-07
265 4.955331739399287e-07
266 4.1711907838677653e-07
267 4.256130514337227e-07
268 4.521582898230944e-07
269 4.86366566139887e-07
270 4.9279379102368e-07
271 3.9319007680421707e-07
272 4.004182679056762e-07
273 4.2674132143594456e-07
274 3.992918384544044e-07
275 3.9375138642854127e-07
276 4.028269546089727e-07
277 4.832016346825151e-07
278 5.244571956655031e-07
279 5.412158571748231e-07
280 4.94522544144762e-07
281 4.094132675722033e-07
282 4.5583618203238075e-07
283 4.327415553486198e-07
284 4.56369947005575e-07
285 5.71218433123123e-07
286 5.086169338632327e-07
287 4.847072758581166e-07
288 5.144507751434503e-07
289 4.3567600440641806e-07
290 3.7080017809745646e-07
291 4.487546991876566e-07
292 3.776733302436776e-07
293 5.314991097631467e-07
294 4.209733366088188e-07
295 4.2632733856759764e-07
296 3.9870205627306816e-07
297 4.871940413705741e-07
298 5.1758045442646e-07
299 4.5905173133931574e-07
300 5.546443804377673e-07
301 3.9029016935197974e-07
302 4.150267828221522e-07
303 4.731608638293868e-07
304 4.1263764493379453e-07
305 4.296239496824023e-07
306 3.839895157811768e-07
307 4.3861252426597394e-07
308 4.686628063053248e-07
309 5.111452271135013e-07
310 4.297247846322064e-07
311 5.523738558491406e-07
312 4.411415305812468e-07
313 5.474895470963168e-07
314 4.187455094458681e-07
315 4.534448856644548e-07
316 4.896557265499713e-07
317 4.1184320703455296e-07
318 3.4485011423831855e-07
319 4.960131698458296e-07
320 4.6525390882786586e-07
321 4.3315483290386207e-07
322 5.195247804674473e-07
323 4.336776061661062e-07
324 4.828132117504106e-07
325 4.021195598900942e-07
326 4.710397004823798e-07
327 4.6798955138006385e-07
328 4.879455740989999e-07
329 5.165936666856162e-07
330 4.5666350341474414e-07
331 3.7948956523611835e-07
332 4.827616223826933e-07
333 5.536231695638397e-07
334 4.359014843115384e-07
335 4.090009310823003e-07
336 5.14512342704427e-07
337 4.860787862172819e-07
338 5.01700471342974e-07
339 4.483000963658944e-07
340 3.9178147698231156e-07
341 4.023925421082537e-07
342 4.071124337162151e-07
343 4.662776020696474e-07
344 4.847613410629296e-07
345 4.084551887719348e-07
346 5.179753694860939e-07
347 4.0742611706186277e-07
348 3.924246147972772e-07
349 4.5309656817674136e-07
350 4.3213765132113217e-07
351 5.083935612206908e-07
352 5.453834672622828e-07
353 4.773835600241568e-07
354 4.815670922400077e-07
355 4.36637652005712e-07
356 4.920815336643178e-07
357 4.391808786885054e-07
358 4.3724265838762877e-07
359 4.544683748822277e-07
360 4.980619790227775e-07
361 4.92212161222952e-07
362 3.704690150222523e-07
363 4.585834539048425e-07
364 4.926824714355856e-07
365 5.158981467130832e-07
366 4.1992598705934776e-07
367 4.3129647751209376e-07
368 4.700700722716826e-07
369 3.6354127033421113e-07
370 4.091420905232921e-07
371 4.324654764378854e-07
372 4.369767140341048e-07
373 4.518346560925297e-07
374 4.5375883060365073e-07
375 4.0345227756307413e-07
376 5.274768163290398e-07
377 4.76337929027211e-07
378 4.141752003525538e-07
379 3.6226950888460547e-07
380 4.6313546050257556e-07
381 4.1533091172301326e-07
382 3.863855852165032e-07
383 4.533027685671279e-07
384 4.267068374002749e-07
385 4.554301782486876e-07
386 4.1663826677318826e-07
387 3.702633230872168e-07
388 3.835290459856888e-07
389 4.2993509437685866e-07
390 3.9696536490401333e-07
391 4.56347901751587e-07
392 4.615625038149507e-07
393 4.832194888107256e-07
394 4.5448892260317115e-07
395 3.5694769603240863e-07
396 5.100567816215777e-07
397 4.6291939197370173e-07
398 4.536532900872503e-07
399 4.536644620399206e-07
400 3.8234156093404395e-07
401 5.065409111967647e-07
402 4.2269293078488473e-07
403 5.53920440504475e-07
404 4.568668573524841e-07
405 4.3437707839912647e-07
406 4.860887053638429e-07
407 3.3305240204843563e-07
408 4.637147166063244e-07
409 5.105693505576022e-07
410 4.863757023234773e-07
411 3.775852902426879e-07
412 4.5243277186261055e-07
413 4.4474100562607206e-07
414 5.043440842550324e-07
415 3.7540674745361336e-07
416 4.5472818028918235e-07
417 3.674894208920013e-07
418 4.2000153437565886e-07
419 4.399943659845991e-07
420 4.891965513280512e-07
421 4.098720857910756e-07
422 4.6042540604523337e-07
423 3.7468394109082355e-07
424 4.0725884461938855e-07
425 4.676884406953461e-07
426 3.3171708496343144e-07
427 3.947841861952266e-07
428 4.032883220696851e-07
429 4.3599417862053013e-07
430 4.0238182776550776e-07
431 3.6575324893771934e-07
432 4.962404703818275e-07
433 4.7001120429835283e-07
434 3.5344495669364507e-07
435 5.040692180209488e-07
436 4.534193781662123e-07
437 3.654008042212066e-07
438 4.251690060357897e-07
439 3.979324253693564e-07
440 4.1101902876299887e-07
441 4.5610254574511777e-07
442 5.097749145622099e-07
443 4.2812781353111133e-07
444 4.6465967168413544e-07
445 4.402675861624218e-07
446 4.135247968349226e-07
447 4.752036627668981e-07
448 4.538423652010735e-07
449 5.108350280028523e-07
450 5.555832457327624e-07
451 3.9244256309089507e-07
452 5.610074857947693e-07
453 5.202589220863395e-07
454 4.658714114230205e-07
455 4.310539207247493e-07
456 4.50224212705682e-07
457 5.343250950949348e-07
458 4.747195888638855e-07
459 4.3484797736703587e-07
460 5.378404608107437e-07
461 4.6578777174441163e-07
462 4.340156212818326e-07
463 4.1548271152691416e-07
464 4.3961112197505366e-07
465 4.24361531136711e-07
466 4.2267688283471904e-07
467 4.442405660423896e-07
468 4.850715159756545e-07
469 5.502565197044743e-07
470 4.319556017113817e-07
471 3.6988146469663604e-07
472 5.840860674449401e-07
473 3.011085736094033e-07
474 4.5233519869196073e-07
475 4.7381988824959986e-07
476 4.5990093149607604e-07
477 5.024696229592716e-07
478 4.937616035764207e-07
479 5.006449765616452e-07
480 4.1168753583775117e-07
481 3.7439665023441784e-07
482 6.344255835848367e-07
483 4.162730821898985e-07
484 4.797545463012586e-07
485 4.1321106330251996e-07
486 5.49289498327165e-07
487 3.8930318228050526e-07
488 4.985602589721085e-07
489 4.587377253445833e-07
490 4.80986738415149e-07
491 4.1421349864719345e-07
492 6.189278189358407e-07
493 6.238812746983171e-07
494 4.907676822184194e-07
495 4.978075641779961e-07
496 3.7422715454727845e-07
497 4.075932457991041e-07
498 4.692840878691785e-07
499 5.23238345930658e-07
500 4.1420786302037223e-07
501 4.5973099352736526e-07
502 5.408055475881707e-07
503 4.681802334069872e-07
504 5.145232901284921e-07
505 4.799868311784211e-07
506 4.423581590352908e-07
507 4.840869448878082e-07
508 4.4354547677946415e-07
509 3.6304191558743044e-07
510 5.31180733544592e-07
511 4.462273629905881e-07
512 4.1587614574094523e-07
513 4.68234798764213e-07
514 5.169497874433407e-07
515 4.521527696956609e-07
516 3.852131066329185e-07
517 4.845949555119752e-07
518 4.4158072011877417e-07
519 4.96281080070125e-07
520 6.18611405149001e-07
521 3.431375468192266e-07
522 4.847560616858493e-07
523 4.829687401814111e-07
524 3.615086271287782e-07
525 4.6039747648564377e-07
526 5.354032362067705e-07
527 5.400440396150333e-07
528 4.5525028596280687e-07
529 4.897986163762537e-07
530 4.419761452315074e-07
531 4.590939685212259e-07
532 3.6828028107179417e-07
533 4.486826598162341e-07
534 4.4936158159796525e-07
535 5.797686335707395e-07
536 4.936869971952943e-07
537 4.2438930312908286e-07
538 4.458853981751216e-07
539 5.073666223049586e-07
540 5.417079186998467e-07
541 3.3471373897357275e-07
542 5.409187339732075e-07
543 5.192049394961705e-07
544 5.337612759023287e-07
545 5.284530902914496e-07
546 4.387698935135026e-07
547 3.639919345453588e-07
548 4.226751717807383e-07
549 4.885484549136143e-07
550 5.628405608659824e-07
551 4.941849589862973e-07
552 4.496791142239337e-07
553 4.1538072782883005e-07
554 4.450725972981138e-07
555 3.7921738804988514e-07
556 5.606432664875345e-07
557 4.6766735102854356e-07
558 4.604869155717311e-07
559 4.0899223329868903e-07
560 4.6153118768831893e-07
561 5.623509248903956e-07
562 3.9594646588730225e-07
563 5.73133927196604e-07
564 4.3744741581226604e-07
565 4.93730430593303e-07
566 3.246158654306884e-07
567 4.7101325985523985e-07
568 5.297093386753631e-07
569 5.592155107568759e-07
570 5.031957644296211e-07
571 4.23893322624307e-07
572 4.325483956438976e-07
573 4.7301053796533546e-07
574 4.716247302340357e-07
575 5.379794689058983e-07
576 4.7353174853038373e-07
577 5.377538820523437e-07
578 4.4197352970617637e-07
579 5.419079204310896e-07
580 4.717998395573901e-07
581 5.405731660086718e-07
582 5.211043055198153e-07
583 4.480112082203976e-07
584 3.457035941723742e-07
585 5.061651559149281e-07
586 4.0641264938646193e-07
587 5.376754380463656e-07
588 4.759255403559695e-07
589 4.5022314599099985e-07
590 3.587956434612673e-07
591 5.010346369341039e-07
592 4.931123487795473e-07
593 2.869228550964887e-07
594 4.4635332101035937e-07
595 4.990313580077077e-07
596 3.8402116829976625e-07
597 4.65800923280477e-07
598 4.982342289249823e-07
599 3.9134030224477203e-07
600 5.684921596037946e-07
601 4.5893558252982977e-07
602 3.6628451885672004e-07
603 3.7514413425702873e-07
604 4.122042265751304e-07
605 5.242950267060584e-07
606 3.7554819992398634e-07
607 4.726947485983749e-07
608 4.0924008357279763e-07
609 4.1189752599475607e-07
610 2.9505963623553323e-07
611 4.6560102668020997e-07
612 4.3917155986550634e-07
613 5.116948102163916e-07
614 5.574727548896107e-07
615 3.903152606765297e-07
616 5.095586517605859e-07
617 5.540051881776518e-07
618 4.846252843217161e-07
619 4.97400360594747e-07
620 5.064187880129443e-07
621 4.992976007552468e-07
622 3.9145681612551634e-07
623 4.959599898746212e-07
624 4.857520054693548e-07
625 3.622150335580956e-07
626 4.59573798284319e-07
627 5.087461559492048e-07
628 5.620185956845586e-07
629 4.0926038065814037e-07
630 3.8395785902789255e-07
631 3.9155036513371885e-07
632 4.557931059588138e-07
633 4.172710588542925e-07
634 3.593682099634172e-07
635 4.1745845183623447e-07
636 3.861566077004014e-07
637 4.513181766957202e-07
638 5.486603122678393e-07
639 4.993717684854027e-07
640 5.341112678207077e-07
641 4.4928651899996564e-07
642 5.195993995417434e-07
643 4.0072721597209114e-07
644 4.6189361261196213e-07
645 3.8056159842297044e-07
646 4.476034115014784e-07
647 4.3592470311583675e-07
648 4.3623986592036576e-07
649 5.526535617421668e-07
650 5.091598612244164e-07
651 4.1280934296681193e-07
652 4.666584199729577e-07
653 3.905707374954261e-07
654 4.45162588385878e-07
655 4.3835677385388307e-07
656 4.233686234830293e-07
657 4.803109426758138e-07
658 4.350559494471628e-07
659 4.491683981438723e-07
660 4.762159427365114e-07
661 4.0614309883231175e-07
662 3.882431342242761e-07
663 3.752832926001307e-07
664 4.348815002080334e-07
665 4.93287184527764e-07
666 4.303948988119633e-07
667 5.835816616600827e-07
668 4.1495135099980425e-07
669 4.0363028652940703e-07
670 4.520824940987859e-07
671 4.74895638614028e-07
672 3.852599599413061e-07
673 4.889686322200745e-07
674 4.7264846310071203e-07
675 3.940744184017879e-07
676 4.61307878195038e-07
677 4.2968388980456255e-07
678 3.6577479289091634e-07
679 5.034494817983185e-07
680 4.1068319650335014e-07
681 4.7413548600298957e-07
682 5.383426867914066e-07
683 3.738134912636307e-07
684 4.7546978969741907e-07
685 4.906092936680207e-07
686 5.145312994406574e-07
687 4.113353043525344e-07
688 4.972526288400655e-07
689 4.2897470656971127e-07
690 4.23060465897598e-07
691 4.000526329255339e-07
692 5.651615581660323e-07
693 3.9431187994410544e-07
694 5.181542056156291e-07
695 4.1900307587186384e-07
696 5.076341186679451e-07
697 5.112164275789388e-07
698 3.893224751270767e-07
699 5.689170022051352e-07
700 3.14791807900983e-07
701 4.668618947566709e-07
702 4.1750609508295084e-07
703 4.4855950283863756e-07
704 4.706052435047785e-07
705 5.130587864425019e-07
706 4.85158493097297e-07
707 5.14092158986357e-07
708 4.5470466267279974e-07
709 5.379347794370526e-07
710 4.869014099855713e-07
711 4.606022845553312e-07
712 3.4654678575662947e-07
713 4.4458345838147524e-07
714 4.872350845035237e-07
715 5.022710422992653e-07
716 4.622596731836766e-07
717 2.973915989172764e-07
718 5.048148488399536e-07
719 5.343571119052578e-07
720 3.77292251772969e-07
721 5.938500553445801e-07
722 3.8244756993332147e-07
723 5.592453293839712e-07
724 4.6242755997859583e-07
725 4.0689025023859427e-07
726 3.723554036758724e-07
727 3.5551608997767454e-07
728 3.8907886396575557e-07
729 3.4283319641135605e-07
730 6.123367281481315e-07
731 3.803863096851036e-07
732 4.866880548697405e-07
733 4.819175497331574e-07
734 3.6086729187775864e-07
735 4.900893167015643e-07
736 4.124612738630114e-07
737 4.2889066808789614e-07
738 4.352836520192322e-07
739 5.220648783850792e-07
740 4.3384090705111567e-07
741 4.775301997438785e-07
742 4.2179732882789437e-07
743 2.871703643855419e-07
744 3.919560814912911e-07
745 4.0868071515198675e-07
746 4.774573038847401e-07
747 5.223710625077171e-07
748 3.981685559598934e-07
749 4.81548736424001e-07
750 5.423413310254495e-07
751 4.877572242164912e-07
752 4.089533081344094e-07
753 4.461087974836047e-07
754 5.304888917672692e-07
755 4.313204244835648e-07
756 4.4810215318644293e-07
757 5.695510408157993e-07
758 5.190163939265344e-07
759 3.9703715643429557e-07
760 4.486418022734054e-07
761 4.5351856615586125e-07
762 4.1157294842331183e-07
763 4.187854463448555e-07
764 3.605385154079052e-07
765 5.341226419193539e-07
766 4.0291369398835706e-07
767 3.6970392806637826e-07
768 4.452578885644707e-07
769 3.583043850397101e-07
770 4.884099896635189e-07
771 3.5982736438793366e-07
772 3.8101235859462277e-07
773 4.81687342846806e-07
774 4.555995635239818e-07
775 5.985489719712738e-07
776 3.2931373452000715e-07
777 3.589727024122087e-07
778 4.6959869888738307e-07
779 4.4853299069113415e-07
780 4.0591094869557966e-07
781 4.2945595632196154e-07
782 4.000208277087025e-07
783 4.6257456510705764e-07
784 4.962006816889893e-07
785 4.1074941342094465e-07
786 4.490251213716927e-07
787 4.651322048973311e-07
788 3.3755348929828017e-07
789 4.6051087582335275e-07
790 4.5538740941952894e-07
791 4.1034898588069037e-07
792 4.002684831789059e-07
793 4.2065069922057325e-07
794 5.66819870104398e-07
795 6.462049119776991e-07
796 5.44413780787953e-07
797 4.633028310618489e-07
798 4.27330444144821e-07
799 4.800732283312962e-07
800 5.309932649982937e-07
801 4.889612057467821e-07
802 4.1859325514019967e-07
803 4.01786779228297e-07
804 4.4343968867266495e-07
805 4.64026897304532e-07
806 4.662049442198057e-07
807 2.996385020621715e-07
808 4.79528985360037e-07
809 4.056338115421447e-07
810 5.260343455995691e-07
811 5.069605198128012e-07
812 4.138416113539753e-07
813 4.4610747460038835e-07
814 4.3367411776248884e-07
815 3.5108707832888557e-07
816 4.3040661176387384e-07
817 4.412379710223285e-07
818 4.488973889624751e-07
819 4.4067863444988055e-07
820 4.0755968178074583e-07
821 4.4848606047213893e-07
822 5.656976347431005e-07
823 4.451365387801776e-07
824 4.3925746734710224e-07
825 4.670063485696847e-07
826 4.1362506106443793e-07
827 5.786009397399374e-07
828 5.152515692238435e-07
829 4.755736157232776e-07
830 5.021635592516202e-07
831 4.165788269822245e-07
832 4.12723555403792e-07
833 4.3782064795904453e-07
834 4.0032850409083514e-07
835 3.7909669064940815e-07
836 3.80238487583089e-07
837 3.897480050814486e-07
838 4.383271390470481e-07
839 4.897844663177867e-07
840 3.415844632402424e-07
841 4.915477679963911e-07
842 4.799056248195637e-07
843 5.260043531425514e-07
844 3.9887379392971635e-07
845 4.776082832893768e-07
846 4.940921073960245e-07
847 4.102161990597676e-07
848 4.2924251329590705e-07
849 5.123881966276119e-07
850 4.291821544097364e-07
851 4.1980169044366143e-07
852 3.4019077175911296e-07
853 5.969256376610335e-07
854 5.736596490818402e-07
855 4.0044951400738343e-07
856 3.539991103863052e-07
857 4.3275483947303295e-07
858 3.771834577911679e-07
859 4.1405518653240256e-07
860 4.010707511743746e-07
861 4.6782780927368637e-07
862 4.507790405553775e-07
863 5.40026899023079e-07
864 4.316872011487249e-07
865 3.3310603025613815e-07
866 4.5306857496266637e-07
867 4.94639224474765e-07
868 3.856601041556348e-07
869 4.414820510996853e-07
870 4.4701241209808905e-07
871 3.506900218381356e-07
872 5.358091066345395e-07
873 4.0043203385731424e-07
874 5.040426873179888e-07
875 2.8551154970041353e-07
876 5.787575108420289e-07
877 5.384971769310519e-07
878 4.5468677106634713e-07
879 4.351708017197516e-07
880 5.705837938850237e-07
881 5.305364079107104e-07
882 3.400455833337403e-07
883 4.311309620784361e-07
884 3.2492187325231025e-07
885 4.738882901488e-07
886 4.007135669316367e-07
887 4.466827378216227e-07
888 3.903772834489349e-07
889 4.1701726225000493e-07
890 3.298697951604493e-07
891 5.169463629666548e-07
892 4.7002784517702867e-07
893 4.5106070723035886e-07
894 3.432128116774039e-07
895 4.805034604671267e-07
896 3.621936966020438e-07
897 4.559563755211174e-07
898 3.597216644227966e-07
899 4.4896557750188446e-07
900 4.926256378952995e-07
901 4.805233046535306e-07
902 3.881100670891902e-07
903 4.4415582812904693e-07
904 5.275108746926781e-07
905 4.31943133812348e-07
906 4.3014859942044235e-07
907 4.1925984978534157e-07
908 4.2656954579549425e-07
909 4.2780170323046913e-07
910 4.830506654421631e-07
911 4.060876530779253e-07
912 4.389646520097638e-07
913 3.4332189889599053e-07
914 4.3435695614864973e-07
915 3.639930242660559e-07
916 4.79738322514591e-07
917 4.6978754002639476e-07
918 3.4515268854535973e-07
919 4.740866460601449e-07
920 4.2270074040894706e-07
921 5.200775160821582e-07
922 4.2042511549859597e-07
923 4.271568301349139e-07
924 3.9454095190015583e-07
925 4.637822209330295e-07
926 3.4201640690420987e-07
927 3.1794990650886864e-07
928 4.590435938612543e-07
929 4.295769956452638e-07
930 4.972111994570646e-07
931 5.927212002433475e-07
932 4.1571049187197446e-07
933 4.88877585626599e-07
934 3.9823701867123145e-07
935 3.5246499657571224e-07
936 4.749414011252762e-07
937 4.163374186396875e-07
938 4.778988231010574e-07
939 4.82190778182414e-07
940 5.051618723747335e-07
941 4.3358018169812055e-07
942 3.775609405624357e-07
943 4.143527772757938e-07
944 4.4530810249551613e-07
945 5.285473673130384e-07
946 5.207889373571683e-07
947 4.6034773343511336e-07
948 5.121138154220789e-07
949 4.2122752784493643e-07
950 4.4617862500325777e-07
951 4.0841111635113e-07
952 4.5262684165781894e-07
953 4.0379548024409506e-07
954 5.125513494685308e-07
955 4.50235749970084e-07
956 5.149234406567772e-07
957 5.296026401734755e-07
958 3.567857990121321e-07
959 5.008688562924196e-07
960 5.069034797345205e-07
961 4.0075463536448983e-07
962 4.884364148725424e-07
963 4.4265504651923813e-07
964 5.283392636557462e-07
965 3.9045289084825813e-07
966 4.1810991382902485e-07
967 4.565703414062989e-07
968 4.348184339905834e-07
969 4.329044000249013e-07
970 3.9782116317529673e-07
971 4.1864915427133886e-07
972 4.876896669850826e-07
973 3.977062997728757e-07
974 3.568405979365347e-07
975 4.4763657439510446e-07
976 4.045082398707932e-07
977 5.083585071978943e-07
978 5.295513337809651e-07
979 4.3433504166519776e-07
980 4.570967416533742e-07
981 4.405096907577133e-07
982 4.847934877021563e-07
983 5.415519898755002e-07
984 5.186296204258104e-07
985 4.924311717548841e-07
986 3.1930665765624917e-07
987 4.794284643504339e-07
988 5.440696738421504e-07
989 5.032250976755853e-07
990 3.9219067310906346e-07
991 4.2284894292499765e-07
992 4.6343697354096813e-07
993 4.3180086768508725e-07
994 3.4717586535184674e-07
995 4.849023216123912e-07
996 3.7492713194556845e-07
997 4.449057113847786e-07
998 4.993937070048504e-07
999 3.95509060901021e-07
