0 6.033480300249663e-08
1 1.3185467852976954e-07
2 5.287897896601417e-08
3 1.2910532897653038e-07
4 1.4630339847523085e-07
5 1.0478525762401568e-07
6 1.0356752708450219e-07
7 9.103205610463844e-08
8 8.255272764746872e-08
9 2.4208225881687014e-08
10 9.930464849915446e-08
11 4.33216612128972e-08
12 2.1580751021034544e-08
13 -5.176635012869877e-09
14 -8.417742896200767e-10
15 6.0565876557347085e-09
16 -2.9142075866636677e-09
17 5.664972457114538e-08
18 8.283084660272389e-08
19 -1.1215749497548358e-08
20 2.86533856696216e-08
21 6.084335005495945e-08
22 7.108687521798745e-08
23 1.734055770639381e-07
24 2.00959511611796e-07
25 1.3548984373826094e-07
26 4.902422858167527e-08
27 6.937896404796838e-08
28 3.825944883586956e-08
29 6.884147561437643e-08
30 5.946227547861828e-08
31 1.185091377013371e-08
32 5.5907414155328953e-08
33 9.863941143056139e-08
34 1.9700408609845103e-08
35 7.245311963848272e-08
36 1.7270767248687596e-07
37 2.718611849251662e-08
38 -5.601488638487342e-08
39 -1.3638677177506807e-08
40 8.66160491767613e-08
41 9.074043691109874e-08
42 1.1341739816025186e-07
43 2.5736653918002452e-08
44 1.4245393688908606e-07
45 3.416541145885595e-08
46 4.5109036620768545e-08
47 8.77706167355195e-08
48 7.862908375156567e-08
49 3.257957993791104e-08
50 7.063958231921631e-08
51 8.548533195218696e-08
52 1.0372674870472973e-08
53 1.0907867649566881e-07
54 -1.986503509729729e-09
55 3.715539199994871e-08
56 1.0180828639943224e-07
57 1.2546044794791155e-07
58 4.317733947220042e-08
59 6.528435744573934e-08
60 6.503283289337422e-08
61 4.390297550718355e-08
62 4.2473783583368367e-08
63 1.405066681592623e-07
64 4.215172269838954e-08
65 4.434891606128053e-08
66 5.074680873424877e-08
67 6.217022396803611e-08
68 1.208286589059768e-07
69 6.56532655857395e-08
70 1.4901775201859747e-07
71 9.267890383417091e-08
72 -4.385480645806768e-09
73 9.53016428939916e-08
74 7.202768502466296e-08
75 -4.668794439906425e-08
76 2.702249001381814e-08
77 8.431880713797695e-08
78 -2.0159385953713533e-08
79 1.1159601501356541e-07
80 -2.0561160236606963e-08
81 1.453467335380812e-07
82 4.424549867654376e-08
83 7.177416521185313e-08
84 9.503348279286453e-08
85 3.202223893956238e-08
86 -2.33207672098889e-08
87 9.109087030226926e-08
88 -2.8293228852593e-09
89 5.124177181025878e-08
90 5.5969726440972535e-08
91 1.0411833242529186e-07
92 6.699313805850815e-08
93 3.941686460152177e-08
94 -8.12584999853499e-09
95 1.7830187765334487e-07
96 9.116513725760803e-08
97 4.00966218096839e-09
98 9.175704894810842e-08
99 -1.1520052363660077e-07
100 7.127147206014444e-08
101 5.790198741356706e-08
102 3.1393401153998876e-08
103 8.212997450791126e-08
104 1.420426705518686e-07
105 6.842499038663444e-08
106 1.4817387338756633e-08
107 -1.7585200929853393e-08
108 6.484672312559416e-09
109 5.3987882101423185e-08
110 -5.156158099865432e-08
111 2.5932298089485192e-08
112 4.3686821829911406e-08
113 9.607929131771804e-08
114 1.7615628548986833e-09
115 7.084123503081622e-09
116 6.226233552230476e-08
117 4.4564828897200274e-08
118 5.90181507278624e-08
119 3.684427553092913e-08
120 -1.371432725321266e-08
121 3.8624104624158345e-08
122 1.0375970852680976e-07
123 -2.9688931463003333e-08
124 6.292707289838195e-08
125 1.3711526626851855e-08
126 7.692534522874415e-08
127 8.119861940039306e-08
128 1.2693442855619525e-07
129 2.36480231515009e-08
130 1.7335280938043437e-07
131 6.043579523364224e-08
132 -4.9785903165780295e-08
133 1.7629227990029405e-08
134 -2.3871009343770395e-08
135 5.2666375191143976e-08
136 6.684847500714079e-08
137 -2.3096894374780574e-08
138 -3.795209055982729e-09
139 1.1197381742202646e-07
140 2.9604289995308898e-08
141 1.6315037293508123e-07
142 1.508983396955815e-07
143 5.352330864338582e-09
144 7.841576586351647e-08
145 5.658586352195372e-08
146 2.5252272528005976e-08
147 4.692955053139599e-08
148 2.8082394523247446e-08
149 1.3407210073741243e-07
150 5.7118226355295025e-08
151 1.214903002356047e-07
152 1.1699521585294513e-07
153 4.5805850804494964e-08
154 4.2503850693593676e-08
155 -2.9338340372265577e-08
156 3.275447494655672e-08
157 1.5370043614035958e-07
158 4.841622588539414e-08
159 -1.3455214672580916e-08
160 1.6830571990976475e-07
161 4.9249633545071267e-08
162 -1.0759027763157226e-08
163 5.1620596004794425e-08
164 7.087669080848029e-08
165 8.572548106128735e-08
166 4.247387664191986e-08
167 5.8940521760156366e-08
168 2.9851548085284455e-08
169 6.16069643482543e-08
170 4.353467955468407e-08
171 1.6815276757483242e-08
172 2.1709227753196062e-08
173 1.2914832579127155e-07
174 -7.53706408784108e-08
175 8.206004824070168e-08
176 1.8940171229853102e-08
177 3.877238401489539e-08
178 1.1644381181634591e-08
179 -7.952301809321498e-09
180 1.4595233496433463e-07
181 3.3338099967476306e-08
182 1.0471274734957088e-07
183 8.159562125312456e-08
184 4.5075666513192764e-08
185 1.030610474402392e-07
186 1.0230665277059823e-07
187 4.7782024751072146e-08
188 -5.19165736605297e-08
189 2.3980798758651276e-08
190 -4.003391327974551e-08
191 1.044028943667466e-07
192 3.2950694825195766e-08
193 3.473016083021841e-09
194 4.449108816106659e-08
195 1.1792262843818292e-07
196 8.54125598471067e-09
197 9.740149455852068e-08
198 4.8067901086436234e-08
199 6.233227531056567e-08
200 4.218949337804859e-08
201 3.384102360507641e-08
202 3.848057271098363e-08
203 2.362961807329058e-08
204 8.501611731736453e-08
205 -6.365688787755892e-08
206 1.5046724403067962e-07
207 2.9223630637792604e-08
208 1.5121112213844935e-08
209 1.2053813994895948e-07
210 7.469643466690488e-09
211 5.442213953137173e-08
212 1.3178036410131173e-07
213 1.5171298717294272e-07
214 3.4161569699857985e-08
215 7.200439662303833e-08
216 9.280582873535113e-08
217 1.0108359883053125e-07
218 8.130085777245044e-08
219 6.08912934094911e-08
220 1.0086366929277835e-07
221 7.00394932791413e-08
222 1.7960357785143034e-07
223 1.9422436464548834e-08
224 4.8326933847727225e-08
225 3.359746855523974e-08
226 1.0210292563796767e-08
227 4.601165629108997e-09
228 2.098093879056714e-08
229 1.3270412375836092e-07
230 2.0603797517430752e-07
231 3.311850081422081e-08
232 2.799206714090561e-08
233 2.8467659725393753e-08
234 1.573857607067421e-08
235 -5.0315706043572e-08
236 1.153114281997804e-08
237 -6.985713075444222e-08
238 1.3404759131835527e-08
239 1.7686311574542328e-07
240 3.348265936617829e-08
241 1.1499671348115423e-07
242 1.291928944915268e-08
243 7.449366579380488e-08
244 3.850781832647913e-08
245 4.5323831512247164e-08
246 5.78940591310811e-08
247 7.448366047242535e-08
248 1.3375710290678656e-08
249 1.7617368472252307e-08
250 7.564939869787913e-08
251 -8.464671318509099e-09
252 -4.6236314949406786e-09
253 7.59622534062603e-08
254 -2.2390449118885943e-08
255 6.234964104627356e-08
256 2.4745430674938655e-08
257 -2.1034558187335995e-08
258 -1.323394708719974e-08
259 1.2459159019535494e-07
260 3.783373627303627e-08
261 7.606185909741284e-08
262 3.9151027502468616e-08
263 6.402013546045059e-08
264 7.674116425176786e-08
265 7.564274187830579e-08
266 -1.384061606231622e-08
267 -1.0176169900937615e-07
268 8.950263612496292e-08
269 5.452444555810442e-08
270 1.0573299926355905e-07
271 -3.547660635916393e-08
272 5.515527735891574e-08
273 7.420440972550433e-08
274 1.0452308552903808e-07
275 4.1409802994995006e-08
276 7.603083216313165e-08
277 7.433458378094865e-08
278 -2.8652563511343058e-08
279 1.6215935327763998e-08
280 2.6246962261216402e-08
281 5.741635814936245e-08
282 7.332214417768094e-08
283 -5.557440792205591e-09
284 8.358572373393804e-08
285 1.694643735104138e-07
286 3.12185192717146e-08
287 1.0582093644606241e-07
288 8.796053038551689e-08
289 4.470006951849926e-08
290 2.7933836451248097e-09
291 -7.152677553079299e-09
292 7.720241259460371e-08
293 1.3269077562404828e-07
294 -1.7538326965338584e-08
295 8.637130175026451e-08
296 1.861880097312475e-08
297 -2.1979246339880116e-08
298 7.578126359967753e-08
299 1.151236663899136e-07
300 6.550652085645003e-08
301 7.158856073011209e-08
302 -6.199883352830321e-09
303 7.801343472102794e-08
304 7.241901627806443e-08
305 7.873991417486758e-08
306 4.745253669843727e-08
307 1.1841728885617122e-07
308 6.780924969717297e-08
309 9.991968246143882e-08
310 -2.427478406216582e-08
311 6.458438753271341e-08
312 1.2113218608654243e-07
313 1.0058101729456033e-07
314 1.818016350965744e-08
315 4.5476646584662186e-08
316 1.4100127376386944e-07
317 1.5097610307927492e-07
318 -1.7031992095191856e-08
319 1.3513742727227717e-07
320 9.100409087561493e-08
321 -3.41891786295251e-08
322 1.6960242396687152e-07
323 6.651070094843277e-08
324 7.439147349430725e-08
325 2.1352154185359096e-08
326 -7.100109936850894e-09
327 6.478810925820055e-08
328 1.4918571228246676e-07
329 1.281125365415029e-07
330 7.198739955545475e-08
331 -4.192684830032273e-08
332 4.9704344543931726e-08
333 1.4387994876424271e-07
334 1.2301711913233556e-07
335 -1.841152050617082e-08
336 -5.845443134781798e-11
337 2.6452873523181892e-08
338 1.4314242741873551e-07
339 5.489052125478102e-08
340 -1.9252936755247104e-08
341 5.3996214676307426e-08
342 5.2185773777516714e-08
343 1.2661941025063452e-08
344 9.778237659909522e-08
345 5.389252767430811e-08
346 1.2161556674683293e-07
347 -1.608258068809591e-08
348 2.5828598543190837e-09
349 9.610116095131242e-08
350 5.349736021928272e-08
351 3.952206134888442e-08
352 1.259191438529301e-07
353 9.652220850353215e-08
354 4.848284198289642e-08
355 1.2896125144668935e-08
356 8.560109738095894e-08
357 1.3399953035737236e-08
358 9.5108219159591e-10
359 1.0167097209668642e-07
360 4.349545188503768e-08
361 8.47255632996852e-08
362 2.365002357471803e-08
363 6.233347073373676e-08
364 1.1325667397210279e-07
365 6.766506449862417e-08
366 -3.5578378283858056e-08
367 9.550051512649334e-08
368 8.091784314871471e-08
369 -2.845561641109657e-08
370 5.8917103818558685e-08
371 2.7181653216862858e-08
372 1.013979636239738e-08
373 1.389155939232958e-07
374 3.6073717203441646e-08
375 6.187064850105918e-08
376 1.1159715001860174e-07
377 -7.2372897247459164e-09
378 7.661029938442472e-08
379 1.1421185558508685e-08
380 5.2982800690242544e-08
381 4.645533490140613e-08
382 7.146522096543425e-08
383 5.109846521684608e-08
384 2.7679001203346557e-08
385 8.702097200455552e-08
386 9.526181929298661e-08
387 3.1319383304153964e-08
388 4.9007589791152274e-08
389 4.212423519245551e-08
390 2.1084329352146865e-08
391 9.305794926363809e-08
392 6.938634141840878e-08
393 6.731503770656424e-08
394 2.1916997632775986e-08
395 -3.1963256892209637e-09
396 5.7503238547873264e-08
397 1.4359711799957915e-07
398 2.7950435838803213e-08
399 7.543681624924107e-08
400 4.2618362334391885e-10
401 8.226969255110774e-08
402 -1.3370742253100864e-08
403 1.504216863364789e-07
404 -7.367044871837602e-09
405 3.690160415899037e-08
406 3.116588437436274e-08
407 -9.118653409659127e-08
408 1.2834249122188778e-07
409 2.0008921065245008e-08
410 1.6900138259790627e-07
411 -3.359241160035691e-08
412 4.04319315866959e-08
413 1.1645142240472936e-07
414 1.9751013353659615e-08
415 -3.376781378274701e-08
416 1.5090595168122778e-07
417 6.4721499141545895e-09
418 8.182468928710774e-08
419 3.4760660342511146e-08
420 7.023447744191677e-08
421 5.269604348805679e-08
422 1.0593831082675727e-07
423 -6.631053030557566e-09
424 5.76465796634238e-09
425 3.1296465345494095e-08
426 -3.1603647013904323e-08
427 8.962305767657653e-09
428 -4.090619284037419e-08
429 1.2741951845738634e-07
430 -1.8317894567465152e-08
431 5.452032097896889e-08
432 5.4076599067948655e-08
433 6.768550274820032e-08
434 -3.937797840518768e-08
435 1.0945180622279783e-07
436 3.656358538609354e-08
437 3.172341799753018e-08
438 8.917652897588622e-08
439 4.926195123350247e-09
440 -1.5712801823407047e-08
441 8.134296887681597e-08
442 6.851317069440492e-08
443 3.350317370668297e-08
444 1.1922069423275442e-07
445 3.169665545929242e-08
446 -1.5436017976955952e-08
447 3.88952530849535e-08
448 1.0985550778871527e-07
449 1.1349829445624724e-07
450 1.1664135293814161e-07
451 4.936112781931511e-09
452 7.62805047990515e-08
453 8.757386244885417e-08
454 1.0450150094862774e-07
455 1.061486206841497e-07
456 2.1188017941787783e-08
457 1.3471534221164253e-07
458 5.073407098066945e-08
459 3.1474629769859914e-08
460 1.0385859273042218e-07
461 1.1411253787040965e-07
462 -1.7661877266153313e-08
463 5.971295125700339e-10
464 1.2816498790287578e-07
465 5.845432662592065e-08
466 8.370851838173877e-09
467 4.7734181313337575e-08
468 1.38590193049942e-07
469 1.1072145491402658e-09
470 3.5533371599138327e-08
471 3.670332747851407e-08
472 8.069089622687248e-08
473 -5.8800016126371005e-08
474 5.970416540588415e-08
475 5.9314675711761777e-08
476 9.573733640458292e-08
477 3.5277123261198744e-08
478 6.470413195609715e-08
479 5.020552327967238e-08
480 5.122485634119771e-08
481 2.5567859548584553e-08
482 1.5891639062485862e-07
483 9.484741331076324e-09
484 9.040788907035383e-08
485 -2.6889382855519148e-08
486 8.411906198145935e-08
487 8.91712958388854e-08
488 3.419519513145072e-08
489 1.750171036222454e-07
490 4.102156336852309e-08
491 4.4373576388015e-08
492 1.244522692274228e-07
493 2.25333398747008e-07
494 2.5814224320091128e-08
495 2.4712648280970452e-08
496 5.7378853257507575e-08
497 8.471251424740445e-08
498 9.041180141600075e-08
499 8.176484802211687e-08
500 1.0135596543756656e-07
501 8.300564172271101e-08
502 2.647810085244162e-08
503 1.0680963417629165e-07
504 1.262241021017261e-07
505 6.87022024009897e-08
506 3.056586137565729e-08
507 2.100261975993584e-08
508 3.989437348211094e-08
509 6.018093480523817e-08
510 -3.9496558385438714e-08
511 1.2639515703434515e-07
512 2.276814058383727e-08
513 8.024761110406005e-08
514 5.883846258725539e-08
515 3.0060575183141845e-08
516 6.257692971780358e-08
517 1.9258221521658268e-07
518 4.655318573573148e-08
519 8.028858284110827e-08
520 5.998781966915959e-08
521 1.1665908469112862e-08
522 8.903947196690786e-08
523 6.35610756228893e-08
524 -1.3017366913550043e-08
525 5.4038580011432685e-08
526 6.354451812829986e-08
527 1.26073971245982e-07
528 1.1507952194002401e-07
529 1.178631206067775e-07
530 1.0778063407611623e-08
531 6.755695618096682e-08
532 1.2343431792030628e-07
533 -2.9301465970085773e-08
534 -5.2880945776847415e-08
535 5.251369859663099e-08
536 4.406457041314017e-08
537 3.7619819989367014e-08
538 8.903824807675715e-08
539 4.55738432043408e-08
540 1.3088884671120714e-07
541 -8.082746129649224e-08
542 2.027431574849494e-07
543 1.142834201654282e-07
544 3.908678509557107e-08
545 1.5720359465693156e-07
546 6.968582524416338e-08
547 -2.6510193285170436e-08
548 -6.080005990958946e-11
549 7.615714871665137e-08
550 1.4291896920198224e-07
551 7.663145353953885e-08
552 1.4442918503780404e-08
553 -6.691781619682821e-08
554 9.142303561130756e-08
555 -2.9194028922352962e-08
556 8.792301145855378e-08
557 8.814448714160259e-08
558 1.9805308982233765e-08
559 1.0369764890172738e-08
560 5.195779582238265e-08
561 7.943442997269908e-08
562 2.8468622046686332e-08
563 1.1838880967931775e-07
564 9.51786135798076e-09
565 5.537327896894124e-08
566 5.895639043148274e-10
567 1.334204538777408e-07
568 1.1513341306361501e-07
569 6.498651696827087e-08
570 1.2633705784911315e-07
571 9.573871062995677e-08
572 5.5766781881304025e-08
573 1.4380230930003666e-07
574 5.724489407896493e-08
575 1.2585835544970695e-07
576 9.686578739185668e-08
577 7.076466909573541e-08
578 -3.641494235533939e-08
579 7.879846841497178e-08
580 8.185481005083291e-08
581 8.768752963665726e-08
582 3.484886421520633e-08
583 -2.7594119159971195e-08
584 2.288342327407055e-08
585 5.3769592463800626e-08
586 8.31078415360905e-08
587 1.269323913054907e-07
588 5.6690395876805936e-09
589 1.1186568875544475e-07
590 2.0927019088254482e-08
591 4.320943292219472e-08
592 7.290269465699093e-08
593 -2.1581105600126758e-08
594 3.5073175086235735e-08
595 6.063306171764174e-08
596 -3.4018664619242594e-08
597 -4.5168170767204856e-08
598 9.120471425318333e-08
599 5.1790762190666766e-08
600 1.0178567411732749e-07
601 4.0583734607869306e-08
602 5.2689333261987595e-08
603 6.011454766734976e-08
604 8.836803919014894e-08
605 1.263128377836071e-07
606 8.143125961570683e-11
607 3.599670594007774e-08
608 2.6314138637787732e-08
609 -5.126669889555852e-08
610 -7.013229020588309e-08
611 8.306340082851943e-08
612 5.91550693126602e-08
613 3.988770403342082e-08
614 1.4156115574586988e-07
615 1.0136422185369657e-07
616 4.283211483739127e-08
617 1.8386626387117533e-07
618 6.552115917130912e-08
619 1.0429548810756187e-07
620 1.3288027321266236e-07
621 5.785786519512069e-08
622 6.307237533083846e-08
623 2.6313000230215613e-08
624 1.1233776319264736e-07
625 5.357123999746808e-08
626 8.995003199384084e-08
627 7.678250841529903e-08
628 6.327703110569513e-08
629 3.763649850123913e-08
630 7.003781451797009e-08
631 1.4413529107573581e-08
632 6.939945510879959e-09
633 5.477966936164323e-08
634 3.2171091685632e-08
635 -1.9293775497418882e-08
636 9.64997992837104e-08
637 3.40579779905805e-08
638 1.787162456145136e-07
639 1.8263787974778041e-07
640 -6.955231979076031e-09
641 3.1363869268095096e-08
642 1.7312273444497745e-07
643 2.4172105452515944e-08
644 2.0924580563648114e-08
645 3.2038282979659436e-08
646 1.3776743415830795e-07
647 1.0283338473757654e-08
648 2.878670054269592e-08
649 1.4602488836733233e-07
650 4.468005553014553e-08
651 2.9077450459413625e-08
652 8.03160312776561e-08
653 2.462533061804901e-08
654 8.581507480440508e-08
655 4.0999013058104815e-08
656 3.658439034781443e-08
657 -3.927281023997932e-09
658 8.89760557136439e-09
659 7.200575135943392e-08
660 1.4969532373772911e-07
661 1.194791727756725e-07
662 -2.901988828184127e-08
663 2.5139596893211426e-08
664 7.256535697034948e-08
665 5.144064904050552e-08
666 1.838580878698296e-08
667 1.2693355678414162e-07
668 -2.4507894641009712e-08
669 -5.993662984788864e-09
670 -5.377458457070533e-08
671 1.2135811559075486e-07
672 1.4824301660018544e-07
673 1.0034461049653765e-07
674 8.459764553757449e-08
675 6.19922794727487e-08
676 1.3040409256769477e-07
677 4.349112569272223e-09
678 -9.036286702499649e-08
679 1.9850315717364663e-07
680 1.5533411932659666e-08
681 2.04325764717634e-08
682 7.527940212336148e-08
683 5.598505248564057e-08
684 1.5734280527431595e-07
685 1.6489255003824325e-07
686 9.397829325903479e-08
687 9.91375514954371e-08
688 1.0663376258124712e-07
689 1.2861472827319506e-07
690 8.999709158918327e-08
691 8.881036411845106e-08
692 1.413903645927131e-07
693 5.401751785442443e-08
694 1.1523758499239374e-07
695 2.7670960263623028e-08
696 1.6277443795420138e-07
697 3.385379427908322e-08
698 4.8621054463849085e-08
699 9.311076352272749e-08
700 -4.714234317046584e-08
701 1.3277894036339529e-08
702 2.994709974616532e-08
703 3.560463194385576e-08
704 5.6482125029814686e-08
705 3.618026423620166e-08
706 1.1094629177403233e-07
707 1.862910095252623e-07
708 4.0631067995958717e-08
709 1.3425495396350328e-07
710 8.062048597726105e-08
711 5.722765504844211e-08
712 5.405060746114379e-08
713 3.8777203087577654e-08
714 6.049809181242943e-08
715 6.972649306767591e-08
716 -1.0432848376981287e-08
717 1.2602860458435048e-08
718 5.655341880407291e-08
719 1.3396945804796895e-07
720 4.160470168564772e-08
721 1.1279317210120814e-07
722 1.1348820103581636e-07
723 9.33483862368155e-08
724 1.2445330291411342e-07
725 5.688994071645837e-08
726 1.7668967687264488e-09
727 4.245224847331166e-08
728 3.164636773666554e-08
729 -1.5558400707936503e-08
730 1.522781236849753e-07
731 -1.0498284533477863e-08
732 6.500927826420404e-08
733 1.5727252093251415e-07
734 3.23569558957925e-08
735 1.09877393994919e-07
736 8.6188784057186e-08
737 4.9859605472939676e-08
738 6.932636078069139e-08
739 9.688214677448798e-08
740 6.68993206785089e-08
741 1.5136983560811523e-07
742 -5.44010365693607e-08
743 3.810961829215686e-08
744 5.997338984345037e-08
745 8.392531831070994e-08
746 7.96327083098197e-08
747 8.78613586755244e-08
748 7.283230903274698e-08
749 2.004668011537584e-08
750 1.267382797139468e-07
751 4.8072691543965506e-08
752 4.9599722284959e-08
753 -4.5321989459801804e-08
754 8.80278403566045e-08
755 4.120407056392866e-08
756 4.823296919775149e-08
757 1.3510902042816186e-07
758 1.5629306781106487e-07
759 4.742138234157781e-08
760 1.2028909000223862e-08
761 -3.8809190969538986e-08
762 1.862687085906521e-08
763 5.573420732477598e-08
764 -8.045530709906974e-09
765 1.434415125702683e-07
766 9.835647188079073e-08
767 4.136622291074932e-08
768 7.630815545782961e-08
769 -5.0576704121281336e-08
770 8.225746091320068e-08
771 -3.5184578674856644e-08
772 2.6394997202185972e-08
773 2.879826922238923e-08
774 8.721602108418196e-08
775 1.6119535902665828e-07
776 3.8322468571508185e-08
777 5.266769474396886e-08
778 -6.972417647392876e-08
779 2.5880970952289977e-09
780 3.094943855429129e-09
781 9.513962973156584e-09
782 -3.8684327632070635e-08
783 3.074496363364841e-08
784 1.19676493011671e-07
785 2.3296643287336203e-08
786 8.311119839518285e-08
787 1.720143624231832e-07
788 -1.6166519196029689e-07
789 1.2549083424378064e-07
790 6.949290497924929e-08
791 4.876769583832158e-08
792 5.307508463907857e-08
793 9.079823336086702e-08
794 6.14219553130448e-08
795 1.9008057391092692e-07
796 6.89273838654617e-08
797 8.729894205157858e-08
798 3.4261750949885054e-08
799 6.81871623106714e-08
800 8.446892418770151e-08
801 4.224412716186715e-08
802 8.173583660953673e-08
803 2.2801972164832068e-08
804 -1.3391979067262132e-08
805 2.17669120211252e-08
806 7.787342051236547e-08
807 -4.302355718253059e-08
808 1.0272149409410265e-07
809 5.1636317981076915e-08
810 1.0923913342812793e-07
811 -1.2870224842050624e-08
812 -1.3864245041513323e-08
813 7.448922756989384e-08
814 5.416804259692062e-08
815 1.1155891723930063e-07
816 7.006547643115165e-08
817 5.030701332200473e-08
818 6.113376155424167e-08
819 5.628043138461519e-08
820 7.548454570717491e-08
821 2.5813059537071993e-09
822 1.2139567522858753e-07
823 3.755893319842205e-08
824 -1.1282371527826623e-08
825 5.521582194438957e-08
826 1.3740365504175848e-08
827 1.2312314437404967e-07
828 5.511067534069786e-08
829 4.542349720638141e-09
830 1.7462272881917716e-07
831 1.0275157255256131e-07
832 -3.4533202205325554e-09
833 7.603185603840953e-08
834 -8.850553706140859e-09
835 -4.766679334231979e-09
836 1.9478230002012333e-08
837 6.82299196462859e-08
838 6.852302289259797e-08
839 1.1929926808535652e-07
840 7.501615133752034e-09
841 7.918210889475353e-08
842 9.710064507277106e-08
843 1.9682475880995674e-07
844 9.46493379612853e-08
845 1.985767717412789e-08
846 1.1724914794669622e-07
847 4.846925831738177e-08
848 1.1795598103841388e-08
849 1.2240637295193657e-07
850 5.4509278163938884e-08
851 4.1734409764808696e-08
852 -2.0975516687660095e-08
853 1.8434469270414717e-07
854 7.571983385247104e-08
855 -4.077285183776867e-08
856 2.8506590689568424e-08
857 9.971400135570137e-08
858 2.0758260973332915e-08
859 7.471758072877903e-08
860 1.32057670374952e-07
861 7.664593353550383e-08
862 4.1983764007579845e-08
863 1.1010925210984858e-07
864 6.659261692015134e-08
865 4.742054967377024e-08
866 7.498758268777446e-08
867 8.239877215008921e-08
868 6.130810324749986e-08
869 1.0323103591583223e-07
870 8.227933962520974e-08
871 1.1216033060726346e-07
872 6.607769128750344e-08
873 -3.368512179513257e-08
874 1.5895523363127085e-07
875 -8.200490896109531e-08
876 1.680441334335222e-07
877 1.0068869326477705e-07
878 3.837087969368377e-08
879 1.0320044607508538e-07
880 3.4948318374901354e-08
881 -1.849711605455037e-08
882 -7.654610774953207e-09
883 3.8294991327398107e-08
884 -1.4374038453781749e-08
885 5.145706940637069e-08
886 9.035097268908739e-08
887 5.6360841221981795e-08
888 -2.6889377482150445e-08
889 -4.443748249490384e-08
890 -9.095594183038376e-08
891 1.464131287757903e-07
892 5.412685863474754e-08
893 3.9842201313632585e-08
894 -2.3173313568771234e-08
895 1.5700702875039527e-07
896 6.716199092991253e-08
897 1.1003343898376531e-07
898 -2.1813722964478244e-08
899 -3.1389964395824015e-08
900 2.615435175767933e-08
901 1.357831430617919e-07
902 2.6597294087518122e-08
903 6.572946150440331e-09
904 7.933817658686116e-08
905 3.4341166961620924e-08
906 7.776364880681896e-08
907 3.352786321705977e-08
908 -2.7435971583202972e-08
909 1.4225908876908838e-08
910 1.9522751158665428e-07
911 1.0850757855196669e-07
912 4.8631824315574425e-08
913 -1.0562858651047982e-08
914 -7.117885083082627e-08
915 5.420408145873735e-08
916 1.2495914697277052e-07
917 4.928594051407665e-08
918 3.4247064838788295e-08
919 3.696494375368544e-08
920 4.023090300014173e-08
921 3.35858598287308e-08
922 5.2680931719228846e-08
923 9.531074665057176e-08
924 -8.329450371566682e-09
925 1.5451329174676696e-07
926 3.093903330617027e-08
927 2.463058871172371e-08
928 1.1838985497625307e-07
929 4.66780254060462e-08
930 -1.4746219750280474e-08
931 1.4699291557029652e-07
932 8.123349024261815e-08
933 3.8858072828628516e-08
934 5.651125386409704e-09
935 4.829313827643444e-08
936 1.3627139098541613e-08
937 4.616756554638815e-08
938 1.291321314102226e-07
939 6.160719176353823e-08
940 -2.7155765543288586e-08
941 6.199532848626205e-08
942 1.4173046980286496e-07
943 3.93742735945257e-08
944 1.8123309577279545e-08
945 1.2915861758419056e-07
946 1.9888771896525334e-08
947 1.365108271105162e-07
948 3.440131794636185e-08
949 6.116354925405279e-08
950 4.5634988309374245e-08
951 6.50073065175504e-08
952 7.197714031754195e-08
953 2.0640107231383414e-08
954 1.8669153476242727e-07
955 5.483923033402845e-08
956 -7.592512939417799e-09
957 1.6999024247541265e-07
958 -1.1490830767646636e-08
959 7.79656975766292e-08
960 6.24569045536979e-08
961 9.418162510941259e-08
962 9.811739423720897e-08
963 6.188880253076803e-08
964 1.4148377071772263e-07
965 8.091386725006682e-08
966 5.568562820277991e-08
967 5.943797184132577e-08
968 -3.4868781694117446e-08
969 1.8554130039235814e-08
970 5.8340470948016125e-08
971 3.243484555037322e-08
972 1.0035231170263698e-08
973 1.0293125869748033e-08
974 -1.5751392202258288e-08
975 4.331666588684074e-08
976 1.0079135003152262e-08
977 -4.127716447067374e-08
978 1.7218098473781627e-07
979 6.003800123476307e-08
980 3.1385068559421987e-09
981 1.513163274899982e-08
982 3.847366498048721e-08
983 7.357328422880025e-08
984 4.698262626065717e-08
985 4.218711541299589e-08
986 -7.539816212921015e-08
987 4.8192107740707936e-08
988 1.638811699998276e-07
989 7.887569858622997e-08
990 -6.101811560300697e-08
991 8.064127435702603e-08
992 -4.584682573115098e-08
993 -2.87250120462478e-08
994 1.1214208506735818e-07
995 1.1272525489968827e-07
996 -2.270983322941231e-08
997 5.168563330424594e-08
998 8.05162640383307e-08
999 2.3310288944962867e-08
