0 1.8467718287720953e-07
1 2.2233263679316733e-07
2 1.8636691910576666e-07
3 2.3724554382237734e-07
4 2.1625433555779046e-07
5 2.2539734071190968e-07
6 2.093236867749978e-07
7 2.1806394713235978e-07
8 2.2939249489742896e-07
9 2.1019776454298402e-07
10 2.0070407523358675e-07
11 1.9936092252456598e-07
12 1.657298798487983e-07
13 1.4317157166728116e-07
14 1.5412439523593922e-07
15 1.7974977482078168e-07
16 1.5652136597885886e-07
17 1.7981798314470633e-07
18 2.0722390081419976e-07
19 2.0875394922885305e-07
20 1.683677703609068e-07
21 1.8158146248303666e-07
22 1.6885552755981712e-07
23 2.1389661681989519e-07
24 2.4469811494471326e-07
25 1.9438714701119514e-07
26 1.9987689629682674e-07
27 1.8742149745095544e-07
28 1.7737172488489335e-07
29 2.0679460055803298e-07
30 1.9198823491582993e-07
31 1.6324039054931406e-07
32 1.9874487553816492e-07
33 2.1075768383142706e-07
34 1.6325016911500975e-07
35 1.9277400480136553e-07
36 2.523171551969567e-07
37 1.72769557137348e-07
38 1.49972666620374e-07
39 1.5169502457071393e-07
40 2.1012111076123797e-07
41 2.1395884043948153e-07
42 1.9357003934268615e-07
43 1.772446112728617e-07
44 2.2314853051732918e-07
45 1.8856967990040897e-07
46 1.7194832716994704e-07
47 2.0416320335715845e-07
48 2.0975168769010018e-07
49 1.759900005335474e-07
50 1.7526481474568663e-07
51 2.0463835895798398e-07
52 1.57053389982043e-07
53 2.215714580967818e-07
54 1.4183769678030391e-07
55 1.840078740633792e-07
56 1.986620761661204e-07
57 1.9596697471721782e-07
58 1.7633192846852362e-07
59 2.0886448255154763e-07
60 1.9919055254905903e-07
61 1.9041848378572934e-07
62 1.8882869092202214e-07
63 1.925887174868801e-07
64 2.0027908328151886e-07
65 1.7143439574025926e-07
66 1.7314702288201976e-07
67 2.0311847606285634e-07
68 2.0506691197641285e-07
69 1.8169626206981504e-07
70 2.293587887085278e-07
71 1.737952176240275e-07
72 1.681949252332477e-07
73 2.112602243755771e-07
74 2.1326045482193705e-07
75 1.3469999587556212e-07
76 1.970920877454219e-07
77 1.8142791268045616e-07
78 1.9019280183292014e-07
79 2.091780401617729e-07
80 1.5491616335975545e-07
81 2.2121450937596447e-07
82 2.115214372755576e-07
83 1.7298849116467432e-07
84 2.1755959214588467e-07
85 1.8404303000361024e-07
86 1.6845838892388098e-07
87 2.1391993043300706e-07
88 1.8962563551682761e-07
89 2.1144231284638414e-07
90 1.8388796448027937e-07
91 2.1223250064525697e-07
92 2.2755116757414055e-07
93 2.0782378700566828e-07
94 1.76935048573205e-07
95 2.42729828325195e-07
96 2.0721906218794145e-07
97 1.600533610612328e-07
98 2.2848933177051198e-07
99 1.3844632768691128e-07
100 1.8476400666703407e-07
101 2.1583039732977198e-07
102 1.9140207352473591e-07
103 1.8331330707963904e-07
104 2.2669172401422145e-07
105 1.982409959654683e-07
106 1.8437142873705583e-07
107 1.717577461066135e-07
108 1.7989817367644142e-07
109 2.0359909952239482e-07
110 1.5477889508329982e-07
111 1.968224146011856e-07
112 2.2188716500650616e-07
113 2.1734941131475724e-07
114 1.7291688398949456e-07
115 1.7193179510239795e-07
116 1.6883021695142957e-07
117 1.7221640420725003e-07
118 1.7666354576505095e-07
119 1.9286913920824176e-07
120 1.7262907465731626e-07
121 1.832239918594985e-07
122 2.1372030984433366e-07
123 1.7039182362768982e-07
124 1.8216372473058793e-07
125 1.9573578604376957e-07
126 1.7484954914322193e-07
127 1.984977419569951e-07
128 1.823415096256532e-07
129 1.830730984372324e-07
130 2.1904594265212878e-07
131 1.944171281496727e-07
132 1.4381184531862882e-07
133 1.599918632891483e-07
134 1.7115712564241155e-07
135 1.933106636600805e-07
136 1.6054270072601466e-07
137 1.71790556020995e-07
138 1.6780527305786405e-07
139 2.451487586884814e-07
140 1.850789073766705e-07
141 2.199580657682558e-07
142 2.440906361228702e-07
143 1.5534275475038405e-07
144 2.1231126070959546e-07
145 2.0403838036281777e-07
146 1.931115884735496e-07
147 2.0381733449840893e-07
148 1.9877750576359505e-07
149 2.3199843319031554e-07
150 2.1427833315751012e-07
151 2.1347441584935442e-07
152 2.174845405898734e-07
153 2.019380374337803e-07
154 1.952818908662838e-07
155 1.8242703268556566e-07
156 1.7441888076267914e-07
157 2.2609451534004252e-07
158 1.7502767761995918e-07
159 1.8170380461209168e-07
160 2.4331782268269656e-07
161 1.7094999129190203e-07
162 1.5062469251061114e-07
163 1.881067415441948e-07
164 2.0034328032083384e-07
165 2.0009066240061853e-07
166 1.9337871686757035e-07
167 1.9191821617826145e-07
168 1.8401708649842875e-07
169 1.9448615986069647e-07
170 1.8851517299966562e-07
171 1.7496822641591762e-07
172 1.5370388860975986e-07
173 2.2873700500519087e-07
174 1.2858915881682122e-07
175 2.0478872549368702e-07
176 1.7054524104005454e-07
177 1.8869004087849373e-07
178 1.653976038372389e-07
179 1.566094745553522e-07
180 2.2898118749240603e-07
181 1.5081251877019638e-07
182 2.014530356012327e-07
183 1.8107330501914294e-07
184 1.8491784479814237e-07
185 1.7590358061827804e-07
186 1.8899301025091478e-07
187 1.9022518859892812e-07
188 1.4721779858960044e-07
189 1.5379226371094575e-07
190 1.6751064994597518e-07
191 2.1729112022252106e-07
192 2.0065164790936383e-07
193 1.731311350032648e-07
194 1.814348742709632e-07
195 1.8357817534415997e-07
196 1.870005009654181e-07
197 1.8510000500928631e-07
198 2.0721260662521536e-07
199 1.9920923397069668e-07
200 1.81832194002084e-07
201 1.7987043774256555e-07
202 1.9197015029341648e-07
203 2.1412867274149685e-07
204 2.0907614093533665e-07
205 1.287566922997975e-07
206 1.9783061796733776e-07
207 1.96267011718602e-07
208 1.6964188617033223e-07
209 2.1270416499049644e-07
210 1.676323780240036e-07
211 2.1647250307948169e-07
212 2.299460585354838e-07
213 2.330850674434316e-07
214 1.9870140622508761e-07
215 1.8497935430764903e-07
216 2.0653149826364196e-07
217 2.0961098338757144e-07
218 1.6997080162975552e-07
219 1.953162116933141e-07
220 2.1126899044999015e-07
221 1.9058770741194927e-07
222 2.2725687912984077e-07
223 1.737435419403478e-07
224 1.8262446215204886e-07
225 1.6528132504601567e-07
226 1.656977044748812e-07
227 1.7682120842082392e-07
228 1.7038912383342822e-07
229 2.0991275600277927e-07
230 2.5101079335534693e-07
231 1.708271213453152e-07
232 1.9877378992434268e-07
233 1.7565927202085263e-07
234 1.7218285888241922e-07
235 1.7366558282687905e-07
236 1.4589903320012312e-07
237 1.7487609804218192e-07
238 1.6538035385041952e-07
239 2.465009640561104e-07
240 1.7884238992062316e-07
241 2.2232177420950576e-07
242 1.842444951858857e-07
243 2.072265220118331e-07
244 1.84469850275322e-07
245 1.6591679592382476e-07
246 2.0586716643845003e-07
247 2.1992619264512897e-07
248 1.9145114788329585e-07
249 1.8256670967449943e-07
250 2.173927036674868e-07
251 1.5908445136002965e-07
252 1.7109429077197884e-07
253 2.1084595758696698e-07
254 1.8087243368735762e-07
255 2.0331142522633707e-07
256 1.8829220437706368e-07
257 1.4910779363292962e-07
258 1.6859981151598867e-07
259 2.0125181001213217e-07
260 2.092863235183781e-07
261 2.0271874766024602e-07
262 1.7756065653394753e-07
263 1.9412346958881496e-07
264 1.8693705812237194e-07
265 1.8534679697120557e-07
266 1.8267182616226754e-07
267 1.244139622743893e-07
268 1.9692689799486767e-07
269 1.767437628237021e-07
270 2.033891351621566e-07
271 1.553978224073925e-07
272 2.076482798455968e-07
273 2.160423164929453e-07
274 2.2460817998440132e-07
275 2.0497921394487606e-07
276 2.233884673418037e-07
277 1.9825366808421486e-07
278 1.2066368247743482e-07
279 1.5682157062607866e-07
280 1.6985940621752886e-07
281 2.033510284857208e-07
282 2.1125879818750234e-07
283 1.6618748715874665e-07
284 1.9771054075878078e-07
285 2.193345581336725e-07
286 1.6211237470977417e-07
287 2.016967279543292e-07
288 1.8756688898942947e-07
289 1.8862384848032304e-07
290 1.852826840499071e-07
291 1.533074046467573e-07
292 2.2015853176828165e-07
293 2.0921553805866085e-07
294 1.6877429750182622e-07
295 2.1109116180462761e-07
296 1.9740397640221447e-07
297 1.2929948570257194e-07
298 1.8047951076494863e-07
299 2.300421030668264e-07
300 1.6343269785253982e-07
301 2.124402769439586e-07
302 1.7279442419187346e-07
303 1.8737729655043646e-07
304 1.9896996762472274e-07
305 1.9654702591013587e-07
306 1.954558997349313e-07
307 2.2234679751222867e-07
308 1.783177519254e-07
309 2.0512012108180513e-07
310 1.6027044112939702e-07
311 1.6479836496654473e-07
312 2.2525509285955678e-07
313 1.7516318193778603e-07
314 1.854442853307392e-07
315 1.8649127184405102e-07
316 2.260485503532302e-07
317 2.4762329240039456e-07
318 1.7743856951055205e-07
319 2.0876589947334677e-07
320 2.0207224238430633e-07
321 1.4962092780257734e-07
322 2.3404964524233117e-07
323 1.904033194110855e-07
324 1.953966121558381e-07
325 1.7884772840500346e-07
326 1.5694038927755592e-07
327 1.9527805543003841e-07
328 2.1693016854952517e-07
329 2.041558466789546e-07
330 2.0125059848697658e-07
331 1.676878278955643e-07
332 1.8696968205102711e-07
333 2.0357747154500568e-07
334 2.2946600251948158e-07
335 1.5433138202921294e-07
336 1.4472269382114046e-07
337 1.6601970824810598e-07
338 2.1385200054381802e-07
339 1.9921119137838018e-07
340 1.805322860582081e-07
341 1.997651991538306e-07
342 1.8560114680798367e-07
343 1.6837864062987172e-07
344 2.006717909075737e-07
345 1.9838365308502858e-07
346 2.1033501014808618e-07
347 1.659645751146264e-07
348 1.857183267730021e-07
349 2.1264840210286317e-07
350 2.001770300413805e-07
351 1.6698869921491508e-07
352 1.8901130233829986e-07
353 1.9856828583736558e-07
354 1.9176391988349276e-07
355 1.7562860556536e-07
356 1.9537877708963057e-07
357 1.7157236025023305e-07
358 1.6236824536683295e-07
359 2.0402041814677917e-07
360 1.6667632256187113e-07
361 1.8795191714840314e-07
362 1.892593955913106e-07
363 2.0121100431247456e-07
364 2.0164509099291136e-07
365 1.7969536298665795e-07
366 1.5730734778798224e-07
367 2.1242541644578343e-07
368 1.9136849484485204e-07
369 1.8515484233157775e-07
370 2.0085713771530564e-07
371 1.8113800921373984e-07
372 1.7086820427337416e-07
373 2.356323332091845e-07
374 1.739549809823575e-07
375 2.0991313082328117e-07
376 1.809587260261552e-07
377 1.591892411235951e-07
378 2.1596375765979727e-07
379 1.917851984064142e-07
380 1.7950904715500053e-07
381 2.031193479101749e-07
382 2.15895348613005e-07
383 1.8370579580747944e-07
384 1.8187169952218173e-07
385 1.9769192421641682e-07
386 2.266245555282724e-07
387 1.8473129719651983e-07
388 2.0062171308582725e-07
389 1.8092108782802156e-07
390 1.9069918330141777e-07
391 2.060545967961954e-07
392 1.9273209893369127e-07
393 1.8716525193037798e-07
394 1.7486947578842968e-07
395 1.8611853348441626e-07
396 1.7885606084104178e-07
397 2.3188814380026422e-07
398 1.6470764645283023e-07
399 2.1035927778451814e-07
400 1.740932650961925e-07
401 1.8715778887522608e-07
402 1.5499094288747712e-07
403 2.0703412626922366e-07
404 1.5413747534743073e-07
405 1.7301792651346115e-07
406 1.5861536698490532e-07
407 1.3267131338497e-07
408 2.0975290610688358e-07
409 1.6906079981020802e-07
410 2.4273136174912596e-07
411 1.632844421019245e-07
412 1.790124035731925e-07
413 2.2242334924892406e-07
414 1.478275280721471e-07
415 1.6146698767283544e-07
416 2.2944934282712063e-07
417 1.8789029595571038e-07
418 2.1771786577079048e-07
419 1.8277610113795053e-07
420 1.908424668073034e-07
421 1.9140652630278467e-07
422 2.1723664532450797e-07
423 1.7251944895539535e-07
424 1.765996170812897e-07
425 1.7116316872163944e-07
426 1.7452262661147057e-07
427 1.845436064226922e-07
428 1.6266206640718812e-07
429 2.2073801511027985e-07
430 1.6584242427129662e-07
431 2.0996144006746789e-07
432 1.717644277527743e-07
433 1.9091446044578241e-07
434 1.762281161513909e-07
435 2.194092313113869e-07
436 1.8745758689194847e-07
437 1.916245787374916e-07
438 2.154781984466061e-07
439 1.7440133855753936e-07
440 1.5693803932917011e-07
441 1.8983811068126382e-07
442 1.8477460299879965e-07
443 1.792706721970216e-07
444 2.1636161487561056e-07
445 1.7795220034027785e-07
446 1.6411602889786488e-07
447 1.865172634550722e-07
448 2.1330282392548793e-07
449 2.007266566255173e-07
450 1.9727218818735473e-07
451 1.8180489081779602e-07
452 1.696372589479454e-07
453 1.859448915388714e-07
454 2.1294674041232547e-07
455 2.1094779197110702e-07
456 1.7061157108622478e-07
457 2.0492684291448427e-07
458 1.7646095894911848e-07
459 1.7713560469145136e-07
460 1.93520042834053e-07
461 2.0481357335377206e-07
462 1.6204312567605206e-07
463 1.7645844429914723e-07
464 2.3270839504601011e-07
465 2.042934453231478e-07
466 1.6859843260581585e-07
467 1.8983464383810682e-07
468 2.1228137995633333e-07
469 1.3762312497855063e-07
470 1.7387657487154246e-07
471 1.9675603664800232e-07
472 1.6761585465910845e-07
473 1.8151277213527274e-07
474 1.8732770825243326e-07
475 1.8918668377064828e-07
476 2.0852191123612697e-07
477 1.6795540761874464e-07
478 1.878000988571917e-07
479 1.7695531191086022e-07
480 1.9580927798918774e-07
481 1.928879706539311e-07
482 1.899698141062218e-07
483 1.6666182236385815e-07
484 1.985662312752875e-07
485 1.582829415436321e-07
486 1.7649420803039284e-07
487 2.249409129450939e-07
488 1.7880962160468914e-07
489 2.3745691863781764e-07
490 1.6946409466467743e-07
491 1.9971390419472846e-07
492 1.7764585899773447e-07
493 2.2059006596727683e-07
494 1.6445876503670932e-07
495 1.576485037726381e-07
496 2.2072146076117502e-07
497 2.1700004963365613e-07
498 1.9241124232117588e-07
499 1.7674686596489552e-07
500 2.2930951845069356e-07
501 2.0223344280425415e-07
502 1.504909627612153e-07
503 2.098528501081073e-07
504 2.1070819816542322e-07
505 1.8799689148017365e-07
506 1.7792221024684654e-07
507 1.6678700934244044e-07
508 1.7631581742425694e-07
509 2.17600737014239e-07
510 1.2716077421824242e-07
511 2.2897781969154738e-07
512 1.8508504772230065e-07
513 1.9470924405955058e-07
514 1.7380254891730332e-07
515 1.8275515308453878e-07
516 2.1260090051503457e-07
517 2.3295069023321908e-07
518 1.961685885705089e-07
519 1.8903916473116987e-07
520 1.4831784250819187e-07
521 1.9170322439867276e-07
522 1.962429101494842e-07
523 1.851226803575917e-07
524 1.8480036016333495e-07
525 1.9112810276228107e-07
526 1.7336756653542708e-07
527 2.0403673787999824e-07
528 2.2159689200450804e-07
529 2.0886336206401915e-07
530 1.5960963089018998e-07
531 1.9314367242341954e-07
532 2.4408584578754204e-07
533 1.6044688583153731e-07
534 1.3147575861544956e-07
535 1.5305169881117863e-07
536 1.683801823459153e-07
537 1.8926792629838111e-07
538 2.0892540351136216e-07
539 1.6899400333932349e-07
540 2.0895435921403843e-07
541 1.614862062298471e-07
542 2.401799656302717e-07
543 2.0240527197213476e-07
544 1.5711312069468105e-07
545 2.126148727924699e-07
546 2.1338174108758854e-07
547 1.8728664514172173e-07
548 1.7926033546551398e-07
549 1.9227341015687415e-07
550 2.0295632557539668e-07
551 1.9118601939099985e-07
552 1.9476810941976278e-07
553 1.4650389237822073e-07
554 2.1277286138486696e-07
555 1.627989987145934e-07
556 1.6069090573654427e-07
557 2.0157893469496944e-07
558 1.6177861129284404e-07
559 1.780140983378116e-07
560 1.7936270614346621e-07
561 1.7547806365845202e-07
562 1.9381717071224536e-07
563 1.9191257354671481e-07
564 1.7348135290189199e-07
565 1.708769057739683e-07
566 1.9927941248092297e-07
567 2.1603397779454066e-07
568 1.9758693737679566e-07
569 1.6681443356584086e-07
570 2.0511467750834178e-07
571 2.1991786211375234e-07
572 2.048928447020306e-07
573 2.263711999913453e-07
574 1.809051007163718e-07
575 2.0603199844228635e-07
576 2.108594109011994e-07
577 1.7225535290254392e-07
578 1.420010507762403e-07
579 1.803462005331818e-07
580 1.9318225000369436e-07
581 1.8523916054252305e-07
582 1.6091633034883952e-07
583 1.5076761175776894e-07
584 2.0921513491196575e-07
585 1.8148183260290615e-07
586 2.026847588089733e-07
587 1.9685202472009413e-07
588 1.4695482898843776e-07
589 2.220320634888547e-07
590 1.9693046973306063e-07
591 1.6957516584944413e-07
592 1.859383260161532e-07
593 1.9727780186567497e-07
594 1.7531263028236967e-07
595 1.849596646300119e-07
596 1.6895280806967657e-07
597 1.352758620686704e-07
598 1.828514527909563e-07
599 2.0633659032595543e-07
600 1.762183405477148e-07
601 1.8596124288683284e-07
602 2.0816008820770413e-07
603 2.129357490576963e-07
604 2.2237105609688717e-07
605 1.987719876577321e-07
606 1.7643597379326294e-07
607 1.6956893651424147e-07
608 1.9486842392031402e-07
609 1.5009945584663795e-07
610 1.6783400960360648e-07
611 1.9894598661087457e-07
612 1.9363244239731548e-07
613 1.602691913952982e-07
614 2.0175194658274245e-07
615 2.1790941259785394e-07
616 1.6335423903519384e-07
617 2.190420765838555e-07
618 1.737452435602147e-07
619 2.0162943029388217e-07
620 2.1135626493486363e-07
621 1.859369665521953e-07
622 2.085298149530569e-07
623 1.7318278858153462e-07
624 1.9630160779795404e-07
625 2.1050219453811831e-07
626 2.1023578938626852e-07
627 1.7348728243319667e-07
628 1.6786503234664232e-07
629 1.9271349710748762e-07
630 2.1826325888655864e-07
631 2.0155993778556315e-07
632 1.6323619338010106e-07
633 2.003951333016245e-07
634 2.0820616838580197e-07
635 1.6583082378611414e-07
636 2.279037175519356e-07
637 1.8368643023515828e-07
638 2.0633541143725057e-07
639 2.339097180251967e-07
640 1.3951513458353942e-07
641 1.8082412122812828e-07
642 2.2544578298807505e-07
643 1.8756563563836326e-07
644 1.7064809068066243e-07
645 1.9298368901938553e-07
646 2.2587754935734196e-07
647 1.6617349553962294e-07
648 1.808442286272966e-07
649 1.9744652040234403e-07
650 1.7607166880367235e-07
651 1.8416705086585741e-07
652 2.064975523776341e-07
653 1.9806408955699158e-07
654 2.1837071506865918e-07
655 1.8256797997589906e-07
656 1.9731368172734708e-07
657 1.4596207176459143e-07
658 1.6655447307239084e-07
659 1.9437588238596204e-07
660 2.2062748068360927e-07
661 2.364768182879169e-07
662 1.654473886615288e-07
663 1.9614506304381487e-07
664 2.0360808689613614e-07
665 1.6870041234690344e-07
666 1.756652509705057e-07
667 1.9902382366619413e-07
668 1.5519199515045215e-07
669 1.7688502136212173e-07
670 1.4484011760976697e-07
671 2.1503063957659674e-07
672 2.5258652734733435e-07
673 2.018245334336115e-07
674 1.951280135513301e-07
675 2.127012874971013e-07
676 2.0716807252055497e-07
677 1.72771635667526e-07
678 1.5120486192755148e-07
679 2.4468528483731075e-07
680 1.7880285637378105e-07
681 1.6547762902837004e-07
682 1.7914874980538249e-07
683 2.1116304491216978e-07
684 2.3673664435607911e-07
685 2.2906027882123141e-07
686 1.973436352476455e-07
687 2.1770758168468928e-07
688 1.9364185662692208e-07
689 2.2445662839422402e-07
690 2.172582761429093e-07
691 2.190967928565496e-07
692 2.017659932933377e-07
693 2.082874202433575e-07
694 2.009659477610577e-07
695 1.873145741512386e-07
696 2.3451668135127744e-07
697 1.7698323727832982e-07
698 2.1151363759356046e-07
699 1.8132994440350877e-07
700 1.690484411155342e-07
701 1.6984820370667686e-07
702 1.945565350396363e-07
703 1.8611605081669434e-07
704 1.8965693258729724e-07
705 1.6896093402783816e-07
706 2.1467643634042564e-07
707 2.2939017259842675e-07
708 1.7441876538994e-07
709 2.061588561750312e-07
710 1.9617761729003092e-07
711 1.9057947987416817e-07
712 2.0933947259536668e-07
713 1.8005443451159217e-07
714 1.772482202361264e-07
715 1.7515704121267984e-07
716 1.4582918929780106e-07
717 2.0688068217369022e-07
718 1.7315819283607703e-07
719 2.0848174822003966e-07
720 1.9059323564959195e-07
721 1.8366127614778664e-07
722 2.2229144421985268e-07
723 1.6664815582065026e-07
724 2.1378067329362498e-07
725 2.0571661989701783e-07
726 1.737130568099528e-07
727 2.0657336133449502e-07
728 1.876609916134834e-07
729 1.7994325819330162e-07
730 1.9454144287108695e-07
731 1.7736944006727404e-07
732 1.801899591781481e-07
733 2.320699049099013e-07
734 1.8922695654685488e-07
735 2.0134534199873785e-07
736 2.1430053598751084e-07
737 1.924294556084175e-07
738 1.9290017140719566e-07
739 1.8821390550878002e-07
740 2.049186110734105e-07
741 2.2698792401587012e-07
742 1.4761052224961346e-07
743 2.3820114746797258e-07
744 1.963985913107125e-07
745 2.1207580004571076e-07
746 1.9482359941266498e-07
747 1.8346050869119084e-07
748 2.0979265035883805e-07
749 1.466316913565727e-07
750 2.0282168479314996e-07
751 1.754283678469141e-07
752 1.8090462775071528e-07
753 1.4563412312239313e-07
754 1.9315957840201724e-07
755 1.8835249456412544e-07
756 2.0230829038845908e-07
757 1.918685159851599e-07
758 2.2398792316661164e-07
759 2.1332607969607334e-07
760 1.9223606154072035e-07
761 1.4150029131953422e-07
762 1.860143918733797e-07
763 2.057803705820226e-07
764 1.7748632040853707e-07
765 1.9180258164032846e-07
766 2.141947465639255e-07
767 2.049673323864186e-07
768 2.051410854759765e-07
769 1.6097243170211217e-07
770 1.9369855717376754e-07
771 1.6740726378239892e-07
772 1.8387410056898286e-07
773 1.5607039683268913e-07
774 1.9419508264819787e-07
775 2.0498598435493193e-07
776 2.085352231024112e-07
777 2.0336142553076675e-07
778 1.3438945697278053e-07
779 1.645092802469383e-07
780 1.811871882875488e-07
781 1.9057442322717222e-07
782 1.5332875144042204e-07
783 1.7621169224702272e-07
784 2.1077420049147603e-07
785 1.716425966959891e-07
786 2.0920268378676855e-07
787 2.48829044467516e-07
788 1.1012955106652081e-07
789 2.0281727314960724e-07
790 1.921535739703551e-07
791 1.9277464449757993e-07
792 1.9983330116224026e-07
793 2.0551962382155238e-07
794 1.6179263160788374e-07
795 2.0016127948857267e-07
796 1.7429602728119353e-07
797 1.9688623745453839e-07
798 1.855472104402017e-07
799 1.9445830409897484e-07
800 1.8237211930416394e-07
801 1.6401134156371807e-07
802 2.0682780471711525e-07
803 1.851288809681177e-07
804 1.609518081575709e-07
805 1.6158273256246996e-07
806 2.0213588032814244e-07
807 1.8059633847112914e-07
808 2.1883379010332176e-07
809 1.9527585841503013e-07
810 1.9485880465526907e-07
811 1.3053197737228643e-07
812 1.7379283055039356e-07
813 2.0495936452611315e-07
814 1.8929421168106536e-07
815 2.406230074953045e-07
816 2.0977698760387228e-07
817 1.8119419050608543e-07
818 1.864678533179935e-07
819 1.861594181009824e-07
820 2.1815261570989907e-07
821 1.5749401199135834e-07
822 1.9143835663219055e-07
823 1.8602676068282283e-07
824 1.6663718308621569e-07
825 1.75759971808084e-07
826 1.7680096623812085e-07
827 1.8975274428964375e-07
828 1.7586070002832037e-07
829 1.597351793354035e-07
830 2.2945404746763302e-07
831 2.1467798825402653e-07
832 1.8629829084224325e-07
833 2.0310554993042323e-07
834 1.6976841918902157e-07
835 1.7458171235893112e-07
836 1.8799987868080958e-07
837 2.149542813692674e-07
838 2.004221187940934e-07
839 2.1073113648962673e-07
840 1.9369562536344075e-07
841 1.802065713173124e-07
842 1.9039285326325487e-07
843 2.4842828587103244e-07
844 2.2447346484118354e-07
845 1.6381601242947647e-07
846 2.086927356653447e-07
847 2.0176442657065262e-07
848 1.6694686424977819e-07
849 1.9882728300651197e-07
850 1.867984416310258e-07
851 1.9015176541696943e-07
852 1.7055112139517387e-07
853 2.1871073685422661e-07
854 1.7464955021885545e-07
855 1.6863486502506356e-07
856 1.9943349698844802e-07
857 2.0852048858159473e-07
858 1.8836246887487966e-07
859 2.1478046508574084e-07
860 2.5691231959213684e-07
861 1.9325697224853813e-07
862 1.7838253997642926e-07
863 1.8412092619823515e-07
864 2.0512382659802904e-07
865 2.15525422745272e-07
866 2.0268798871738908e-07
867 2.0127498124004844e-07
868 2.1293247785801145e-07
869 2.1237952284961678e-07
870 2.147164783789209e-07
871 2.4729391257497813e-07
872 1.7272874255379144e-07
873 1.6284478063404976e-07
874 2.321575801919418e-07
875 1.676451845866992e-07
876 2.140485591723079e-07
877 1.7977600322527537e-07
878 1.8342667157731777e-07
879 2.1831875673314357e-07
880 1.5616885481517252e-07
881 1.2420010906243664e-07
882 1.9251978800228241e-07
883 1.8464558228938292e-07
884 1.9023272630590337e-07
885 1.785662193319545e-07
886 2.2352134052287915e-07
887 1.9273931492570795e-07
888 1.7571273814925153e-07
889 1.302787383656929e-07
890 1.4473814908306473e-07
891 2.1446820857170253e-07
892 1.805606851691484e-07
893 1.7630668035231927e-07
894 1.776144766519518e-07
895 2.3460501334470196e-07
896 2.1020742259009227e-07
897 2.149213862518019e-07
898 1.6612867245341117e-07
899 1.4717272862406432e-07
900 1.6335003537186725e-07
901 2.228675162858294e-07
902 2.007197911128885e-07
903 1.645903264618486e-07
904 1.937122883222537e-07
905 1.808541108121764e-07
906 2.02500976733645e-07
907 1.8525184846276753e-07
908 1.5268215825015525e-07
909 1.8311791550118015e-07
910 2.488282780392898e-07
911 2.3247512812385838e-07
912 1.8225351664144527e-07
913 1.90147953618491e-07
914 1.2751814677878376e-07
915 2.01778413233993e-07
916 2.1261432354237842e-07
917 1.838514178992988e-07
918 1.9591258060008113e-07
919 1.789768017142901e-07
920 1.8769459196112449e-07
921 1.6650996628034788e-07
922 1.9346286451163932e-07
923 2.3304432039834364e-07
924 1.6943877571294212e-07
925 2.425036374680128e-07
926 2.1210394738731087e-07
927 2.1163779424124713e-07
928 2.1639181398268242e-07
929 1.9379699254155104e-07
930 1.3813246519593283e-07
931 1.9529120028044378e-07
932 2.1721299038694095e-07
933 1.8107836681134685e-07
934 1.8212029057768898e-07
935 2.1357289123261174e-07
936 1.5544007942318054e-07
937 2.0777077684822152e-07
938 2.1651149245175294e-07
939 1.899690951135541e-07
940 1.326482389127398e-07
941 1.9871979869114943e-07
942 2.386204038993203e-07
943 1.96251422730472e-07
944 1.8474393470583113e-07
945 2.1321246888789103e-07
946 1.596615600486299e-07
947 2.226076367676197e-07
948 1.6437351554035408e-07
949 2.068303733111165e-07
950 1.8952400237617906e-07
951 2.0849257211100409e-07
952 1.979752570907208e-07
953 1.7655268052218873e-07
954 2.425927999390901e-07
955 1.9619540033166535e-07
956 1.4220931828431276e-07
957 2.510157106265665e-07
958 1.7060530658954868e-07
959 2.0133527561394535e-07
960 1.8194548522455594e-07
961 2.2237340896257147e-07
962 2.0494117901189332e-07
963 2.0100196974067296e-07
964 2.1801193273984167e-07
965 2.1688796851400733e-07
966 2.05156746698754e-07
967 1.8284727024097404e-07
968 1.5176953766535884e-07
969 1.739182822441446e-07
970 2.068464196775244e-07
971 1.7476457501461691e-07
972 1.5864278407299008e-07
973 1.7879975676357712e-07
974 1.8819244783132954e-07
975 1.8120653952374232e-07
976 1.893272838758171e-07
977 1.192320586671812e-07
978 2.226202005379483e-07
979 2.0039306990079114e-07
980 1.669863931802308e-07
981 1.71236913809988e-07
982 1.7129785531539955e-07
983 1.7714792008960753e-07
984 1.7590777805087519e-07
985 1.6582157993749797e-07
986 1.7046583726014145e-07
987 1.7436096291645376e-07
988 2.2303949638313636e-07
989 1.9072026126314216e-07
990 1.561638301099917e-07
991 2.0205065443270403e-07
992 1.424143364558736e-07
993 1.5275623466064011e-07
994 2.468525552791223e-07
995 2.0491328410185706e-07
996 1.74705163964855e-07
997 1.7943717269833902e-07
998 1.8755587745700423e-07
999 1.979120744151774e-07
