0 4.403894126375641e-07
1 4.338539134052956e-07
2 4.2354324406110216e-07
3 4.423828180974412e-07
4 4.436267328829204e-07
5 4.354572115765968e-07
6 4.3880335237033685e-07
7 4.5227720791561467e-07
8 4.371360358026182e-07
9 4.2727758636451425e-07
10 4.5016690885119396e-07
11 4.320810453763077e-07
12 4.2543784542885966e-07
13 4.4099478823706407e-07
14 4.168100305190997e-07
15 4.230630838048422e-07
16 4.278591614468826e-07
17 4.303444699700101e-07
18 4.3830071461699664e-07
19 4.1167121236776766e-07
20 4.194858229969034e-07
21 4.498568691658213e-07
22 4.281084876877793e-07
23 4.6333456574157284e-07
24 4.5926051463793647e-07
25 4.425450566783512e-07
26 4.3860958599564097e-07
27 4.364377460021887e-07
28 4.3090895091125587e-07
29 4.4060897946399075e-07
30 4.311593486189375e-07
31 4.395070767326375e-07
32 4.350373015714974e-07
33 4.3147772999228297e-07
34 4.176236995299644e-07
35 4.463748482799339e-07
36 4.57310717822438e-07
37 4.2325518901299254e-07
38 4.053431352779295e-07
39 4.2173005639830686e-07
40 4.3312595069651296e-07
41 4.3187786390895154e-07
42 4.412856316034131e-07
43 4.3635396459178067e-07
44 4.4953085339393094e-07
45 4.1800127642560386e-07
46 4.387777438935241e-07
47 4.382096407940188e-07
48 4.232412904334657e-07
49 4.2936658765014103e-07
50 4.2384557017090965e-07
51 4.349584268801145e-07
52 4.3683133283698427e-07
53 4.437564873821156e-07
54 4.401092499090025e-07
55 4.1454088598829696e-07
56 4.290160628885939e-07
57 4.4205426716563574e-07
58 4.377009193803303e-07
59 4.303541929166537e-07
60 4.373082980894331e-07
61 4.4639547117743965e-07
62 4.4307778566084074e-07
63 4.344553319870176e-07
64 4.324518170743719e-07
65 4.390901967634883e-07
66 4.340213251374438e-07
67 4.417067666648297e-07
68 4.3594964491243e-07
69 4.304371032501924e-07
70 4.512687612865909e-07
71 4.407539837800911e-07
72 4.356310076756229e-07
73 4.49861052215288e-07
74 4.3870364380901796e-07
75 4.2027625485561945e-07
76 4.275557986818319e-07
77 4.430641080242018e-07
78 4.329166093087013e-07
79 4.500614734588439e-07
80 4.0491582658861146e-07
81 4.621110710964392e-07
82 4.3706579169104777e-07
83 4.119217408456942e-07
84 4.276505838596983e-07
85 4.249280615958381e-07
86 4.17456580592043e-07
87 4.389746332171636e-07
88 4.1807142879711113e-07
89 4.4238790695383084e-07
90 4.3969261764845344e-07
91 4.34020717854766e-07
92 4.3483122630712137e-07
93 4.255073728229352e-07
94 4.293078753129817e-07
95 4.5716261042135754e-07
96 4.436357262945467e-07
97 4.3069521332182817e-07
98 4.37435136839057e-07
99 4.112227723302408e-07
100 4.4492814085380765e-07
101 4.295895935507834e-07
102 4.435637196955679e-07
103 4.3658622352402035e-07
104 4.4434376772070876e-07
105 4.365195442888957e-07
106 4.2908206366662916e-07
107 4.0713822980348345e-07
108 4.1485227012804233e-07
109 4.34937402610646e-07
110 4.081602974848135e-07
111 4.3267626697711295e-07
112 4.322435991309379e-07
113 4.2576786202915006e-07
114 4.080390762794349e-07
115 4.288536743679289e-07
116 4.6199186114184117e-07
117 4.3262794973939454e-07
118 4.308710657299584e-07
119 4.171768112777155e-07
120 4.23169844827346e-07
121 4.378894119157677e-07
122 4.315783608819659e-07
123 4.12511142446323e-07
124 4.390406492714738e-07
125 4.3425503200542504e-07
126 4.428793855008872e-07
127 4.4412698752730964e-07
128 4.399524971026113e-07
129 4.228270545796735e-07
130 4.534516384225064e-07
131 4.460358759788949e-07
132 4.1126028953528145e-07
133 4.286470736437012e-07
134 4.1623768140641856e-07
135 4.4337185388767526e-07
136 4.577425788391089e-07
137 4.116324458546255e-07
138 4.525614655829468e-07
139 4.157010992247391e-07
140 4.3932394850309625e-07
141 4.4689785827217474e-07
142 4.4395166008732427e-07
143 4.2449774804924e-07
144 4.4892205136783364e-07
145 4.45893069287795e-07
146 4.3876054896752875e-07
147 4.4056657896225426e-07
148 4.509970752317291e-07
149 4.3191465748803864e-07
150 4.41214450300206e-07
151 4.593265036978801e-07
152 4.436595767059828e-07
153 4.3123103741528245e-07
154 4.282237418736392e-07
155 4.271795199929489e-07
156 4.324231256265079e-07
157 4.527103751629001e-07
158 4.2855223306433566e-07
159 4.254755783000105e-07
160 4.623473234785351e-07
161 4.434213871422567e-07
162 4.212513830194692e-07
163 4.377497998761995e-07
164 4.3948572320137136e-07
165 4.3504767875109663e-07
166 4.278579775065033e-07
167 4.264724188815784e-07
168 4.2502234176653385e-07
169 4.487623785373065e-07
170 4.4426834019636554e-07
171 4.249608224644891e-07
172 4.45765099789851e-07
173 4.4530231603146297e-07
174 4.1943070755566157e-07
175 4.386744557841137e-07
176 4.360765728350297e-07
177 4.4819902179343037e-07
178 4.2825389618339093e-07
179 4.2121189349776567e-07
180 4.4468927943494673e-07
181 4.3613630158433866e-07
182 4.6303851723598996e-07
183 4.3269203712050285e-07
184 4.368976083062715e-07
185 4.3366982245084777e-07
186 4.389723149925351e-07
187 4.2998393803493776e-07
188 4.143082431265887e-07
189 4.2613410573081625e-07
190 4.2305364992410164e-07
191 4.276621817979944e-07
192 4.2421876468303264e-07
193 4.280479110445071e-07
194 4.387116335291007e-07
195 4.496510130417268e-07
196 4.4298633057387636e-07
197 4.402486245018844e-07
198 4.4767962745667026e-07
199 4.2194527987554446e-07
200 4.3348675273067404e-07
201 4.3192156348779084e-07
202 4.247571262132398e-07
203 4.371153811787533e-07
204 4.373487955419103e-07
205 4.039282100965191e-07
206 4.516487241612381e-07
207 4.3294156061948803e-07
208 4.240496339957531e-07
209 4.460981139883142e-07
210 4.157341855716264e-07
211 4.415742762991132e-07
212 4.655887551356353e-07
213 4.4529226909112646e-07
214 4.3348971925336083e-07
215 4.4594981487768835e-07
216 4.555040395277702e-07
217 4.37775971828377e-07
218 4.399536501942398e-07
219 4.3018966266975335e-07
220 4.354375562900775e-07
221 4.219230919156562e-07
222 4.468603872259179e-07
223 4.210085868606095e-07
224 4.315474711917448e-07
225 4.3341510409552647e-07
226 4.2193882406403034e-07
227 4.4283597413134227e-07
228 4.390013652618963e-07
229 4.3742057604180725e-07
230 4.5015163545171594e-07
231 4.317568612316166e-07
232 4.3596481972176064e-07
233 4.4477127105664023e-07
234 4.208869279229695e-07
235 4.371579625951678e-07
236 4.323650409045052e-07
237 4.1170681844375767e-07
238 4.1739379898392096e-07
239 4.400910889760525e-07
240 4.374857463893894e-07
241 4.399123860760338e-07
242 4.221680666458627e-07
243 4.286914260851105e-07
244 4.2777081849970235e-07
245 4.316388717573107e-07
246 4.3666433342803983e-07
247 4.21594313240579e-07
248 4.4402288943194644e-07
249 4.2512571035525033e-07
250 4.312821645098328e-07
251 4.2531764123573956e-07
252 4.2956694448193044e-07
253 4.4700422945893575e-07
254 4.2815825058650456e-07
255 4.464089302919668e-07
256 4.2111561610329035e-07
257 4.30218388913211e-07
258 4.2401583530533964e-07
259 4.596380503637677e-07
260 4.3621804519925315e-07
261 4.2768487689999133e-07
262 4.306390449034375e-07
263 4.2955654927794366e-07
264 4.2708271484775275e-07
265 4.3732411524921806e-07
266 4.1119414959179644e-07
267 4.0317218458605867e-07
268 4.423879407115287e-07
269 4.4365919517575e-07
270 4.53942671896686e-07
271 4.2132323683672504e-07
272 4.3971853026014254e-07
273 4.431099797894809e-07
274 4.269178106311095e-07
275 4.381576598666719e-07
276 4.417717105647242e-07
277 4.2869347129576337e-07
278 4.375844251326455e-07
279 4.299381423029377e-07
280 4.2875514231895813e-07
281 4.343604480400024e-07
282 4.2126007638806683e-07
283 4.287128046330154e-07
284 4.3913179578602036e-07
285 4.6566549076110835e-07
286 4.325099484888991e-07
287 4.318971730044674e-07
288 4.4635214267000863e-07
289 4.4013063700591985e-07
290 4.180595967042236e-07
291 4.2832984860969564e-07
292 4.292118134397377e-07
293 4.338092526642094e-07
294 4.3246718242700885e-07
295 4.263215887125603e-07
296 4.2452100607753373e-07
297 4.337537928832679e-07
298 4.3611500570234585e-07
299 4.435771132617334e-07
300 4.393693494832007e-07
301 4.3488421956322486e-07
302 4.289041976687647e-07
303 4.3605690513933766e-07
304 4.465916016119528e-07
305 4.313343162639062e-07
306 4.298604272700352e-07
307 4.309759088480073e-07
308 4.358580346543872e-07
309 4.306536084187815e-07
310 4.23227960371441e-07
311 4.3951198070203957e-07
312 4.528055686093704e-07
313 4.5529119271784574e-07
314 4.0609625637728953e-07
315 4.312380735744011e-07
316 4.5326687187577067e-07
317 4.469033882142822e-07
318 4.2370518433379083e-07
319 4.4919998414178005e-07
320 4.4139080508443634e-07
321 4.331741921833367e-07
322 4.4161772336383205e-07
323 4.429313264921391e-07
324 4.319529291550175e-07
325 4.218194721424986e-07
326 4.282600673335719e-07
327 4.3185277008767043e-07
328 4.3780879184280957e-07
329 4.554329392034992e-07
330 4.4304627963802443e-07
331 4.158603535204687e-07
332 4.2697514250403456e-07
333 4.476876342734018e-07
334 4.486023517554996e-07
335 4.2480210729357194e-07
336 4.2917933274866896e-07
337 4.3396697437910494e-07
338 4.386830971606738e-07
339 4.2742281076347704e-07
340 4.284032768961938e-07
341 4.279977922675255e-07
342 4.383608139649776e-07
343 4.405781498599175e-07
344 4.396797049292393e-07
345 4.3499606639396e-07
346 4.2327059731009204e-07
347 4.3116169398992974e-07
348 4.246733847821466e-07
349 4.409250683730284e-07
350 4.3220570271974375e-07
351 4.3653060376714156e-07
352 4.434465582288542e-07
353 4.6156475629693413e-07
354 4.400667450044621e-07
355 4.286568520986299e-07
356 4.3616554189628483e-07
357 4.1664520512631266e-07
358 4.221402922164126e-07
359 4.4675364373451196e-07
360 4.3063961881217965e-07
361 4.4567430560189954e-07
362 4.337772750561806e-07
363 4.208021974626945e-07
364 4.490192975951512e-07
365 4.278833676877757e-07
366 4.1351195729553907e-07
367 4.489603428261263e-07
368 4.2844002902132214e-07
369 4.1572523972047486e-07
370 4.364379251805059e-07
371 4.2157339326615724e-07
372 4.2906165264160323e-07
373 4.453943835136978e-07
374 4.378636228567546e-07
375 4.3754286288927876e-07
376 4.4641531505520314e-07
377 4.268160517160308e-07
378 4.5155579547872533e-07
379 4.2073956599324577e-07
380 4.4933327586323725e-07
381 4.248564747879558e-07
382 4.488709125177418e-07
383 4.4675597962899405e-07
384 4.2997508597571906e-07
385 4.4352316211290867e-07
386 4.38448188176258e-07
387 4.4848172402678425e-07
388 4.3406834949914716e-07
389 4.320773922007801e-07
390 4.390317568995784e-07
391 4.2903200652925297e-07
392 4.3745449771904923e-07
393 4.3826591459489254e-07
394 4.33220593919427e-07
395 4.330912006086812e-07
396 4.4302048426622e-07
397 4.3975184599864097e-07
398 4.171158583810478e-07
399 4.2543897724156996e-07
400 4.3062447997328604e-07
401 4.3399359342256414e-07
402 4.275666790428719e-07
403 4.504958503000323e-07
404 4.1889914659401023e-07
405 4.2017317535918343e-07
406 4.42680164453913e-07
407 4.1526752111718764e-07
408 4.464406420017101e-07
409 4.2010448797977723e-07
410 4.428160229126143e-07
411 4.14438099060964e-07
412 4.268916684302858e-07
413 4.368749656464987e-07
414 4.2468702751682413e-07
415 4.2807171030901827e-07
416 4.3628386003247986e-07
417 4.2664097964991866e-07
418 4.388363722860322e-07
419 4.423028334527092e-07
420 4.384311844096083e-07
421 4.4436260029907526e-07
422 4.4163073763290703e-07
423 4.109282312313437e-07
424 4.043081266270562e-07
425 4.364602279682678e-07
426 4.3630363193013095e-07
427 4.259715980007744e-07
428 4.169320630387155e-07
429 4.5344014175377986e-07
430 4.3248619744294037e-07
431 4.360249861836199e-07
432 4.3013495273521366e-07
433 4.494734066152674e-07
434 4.114647022441554e-07
435 4.348072221721564e-07
436 4.313075894653732e-07
437 4.1488857564761804e-07
438 4.513984158570357e-07
439 4.3275794409744365e-07
440 4.312867535677538e-07
441 4.49903887008524e-07
442 4.4888005834793496e-07
443 4.435520636067927e-07
444 4.401922764280563e-07
445 4.257591014242513e-07
446 4.217433520400126e-07
447 4.19526446160426e-07
448 4.4360357039948325e-07
449 4.5536126688297653e-07
450 4.457950474687739e-07
451 4.392073923020503e-07
452 4.349829413678098e-07
453 4.4511444833586385e-07
454 4.459848441243335e-07
455 4.521837025003686e-07
456 4.121323377600892e-07
457 4.471333110375074e-07
458 4.503557105911277e-07
459 4.3210642164468436e-07
460 4.318659742550623e-07
461 4.5736984659856573e-07
462 4.2368251751267825e-07
463 4.168582477429361e-07
464 4.499715772860501e-07
465 4.2934040621052395e-07
466 4.297239514379318e-07
467 4.428912018711375e-07
468 4.593918049945469e-07
469 4.1140960139209953e-07
470 4.2685075804440383e-07
471 4.388550126964712e-07
472 4.330422729643412e-07
473 4.231248552560338e-07
474 4.310713792345506e-07
475 4.3679226112252737e-07
476 4.399387025473915e-07
477 4.3601726166278806e-07
478 4.29679930698998e-07
479 4.3342815364360735e-07
480 4.2992019776941503e-07
481 4.3670922345619176e-07
482 4.385495032281428e-07
483 4.4046003987765086e-07
484 4.2240900341838056e-07
485 4.287163763062353e-07
486 4.4207688128085353e-07
487 4.427957491710879e-07
488 4.2469379802116146e-07
489 4.511919592351364e-07
490 4.2217439976619964e-07
491 4.2387082724560825e-07
492 4.402831704748117e-07
493 4.60216048244497e-07
494 4.4437849836433245e-07
495 4.282939444877185e-07
496 4.3525214474294676e-07
497 4.3007019978787116e-07
498 4.3765977671140365e-07
499 4.4251565385171315e-07
500 4.3388833795340274e-07
501 4.3494472080155847e-07
502 4.4865350649698784e-07
503 4.453030227388968e-07
504 4.490525218848909e-07
505 4.443104732435043e-07
506 4.252813812935679e-07
507 4.2078317175362115e-07
508 4.4664874351012235e-07
509 4.205104042413738e-07
510 4.2854499493203393e-07
511 4.4975701871613127e-07
512 4.2268308145409593e-07
513 4.303785820383163e-07
514 4.2942723365128953e-07
515 4.296223329421656e-07
516 4.302754126313225e-07
517 4.4981811274990635e-07
518 4.315184464010307e-07
519 4.3955632239334034e-07
520 4.2688331782972725e-07
521 4.3719478738236784e-07
522 4.2562632566307655e-07
523 4.378400797939223e-07
524 4.1727186564924066e-07
525 4.2594735408009497e-07
526 4.417356851484844e-07
527 4.465206756706609e-07
528 4.4387079983882187e-07
529 4.4630441657997283e-07
530 4.1424238895378775e-07
531 4.4247994453541237e-07
532 4.424499629764115e-07
533 4.168937977373651e-07
534 4.255479977061524e-07
535 4.277252717979627e-07
536 4.3637076541760975e-07
537 4.3079204285355955e-07
538 4.2536559850348186e-07
539 4.252999422827458e-07
540 4.413895209974944e-07
541 4.0828735111228775e-07
542 4.742820989240794e-07
543 4.4450800752736475e-07
544 4.3978379786976026e-07
545 4.5686504823423756e-07
546 4.2953528297217815e-07
547 4.2501186931026697e-07
548 4.2738832067520745e-07
549 4.225468642416081e-07
550 4.470518599745778e-07
551 4.2887802284840677e-07
552 4.1573823471946734e-07
553 4.2901689085274757e-07
554 4.4217868362015003e-07
555 4.2905442702070637e-07
556 4.4131584578646194e-07
557 4.3513805352883443e-07
558 4.320426784989939e-07
559 4.307585652359442e-07
560 4.2974807361929225e-07
561 4.302230764402121e-07
562 4.365912473581046e-07
563 4.4428818111421496e-07
564 4.2193404750801503e-07
565 4.359573049560068e-07
566 4.312119950981319e-07
567 4.598252742244352e-07
568 4.51857566760239e-07
569 4.4177551331759474e-07
570 4.3236519667331855e-07
571 4.3768038436070215e-07
572 4.351185626584781e-07
573 4.4634558817942223e-07
574 4.3892746540796753e-07
575 4.4326327590716994e-07
576 4.2899878063619047e-07
577 4.384250843629323e-07
578 4.179120615777924e-07
579 4.3630761659898576e-07
580 4.37865558675552e-07
581 4.407219046110946e-07
582 4.465927253947717e-07
583 4.28425733740526e-07
584 4.232715095045659e-07
585 4.235140610235724e-07
586 4.3640281566139896e-07
587 4.476109072067524e-07
588 4.467619489943642e-07
589 4.334925791210366e-07
590 4.3632420452471244e-07
591 4.2393137389131563e-07
592 4.3865655199987413e-07
593 4.244182468105638e-07
594 4.3765726860416796e-07
595 4.32641054052966e-07
596 4.1263127635590226e-07
597 4.408604738930316e-07
598 4.349359825302045e-07
599 4.3846540517636453e-07
600 4.4200904029771904e-07
601 4.2985923171606363e-07
602 4.35236348608303e-07
603 4.3592913181810157e-07
604 4.369219799311251e-07
605 4.4815247926243235e-07
606 4.211481165905021e-07
607 4.2945346127143545e-07
608 4.334507518832305e-07
609 4.1886067194686047e-07
610 4.303791298421074e-07
611 4.553926067627008e-07
612 4.437530576607887e-07
613 4.398893418502693e-07
614 4.4452260563119353e-07
615 4.3857837575001955e-07
616 4.2416650195048916e-07
617 4.4905700005858445e-07
618 4.4713162110320124e-07
619 4.347180736380555e-07
620 4.4341804342990705e-07
621 4.1980612354240847e-07
622 4.2605128428766354e-07
623 4.26854220498542e-07
624 4.500829384612109e-07
625 4.417577756065551e-07
626 4.4517204127638203e-07
627 4.1665156731851603e-07
628 4.3233512646997165e-07
629 4.277855307741632e-07
630 4.395793211651344e-07
631 4.1856973843239706e-07
632 4.200057214757559e-07
633 4.336538829547596e-07
634 4.205218069113057e-07
635 4.15814285491719e-07
636 4.159146316904333e-07
637 4.432470022532917e-07
638 4.651118303562849e-07
639 4.5383146747943193e-07
640 4.2408762146550515e-07
641 4.423500416183502e-07
642 4.568090151827888e-07
643 4.405194061332031e-07
644 4.397829216790853e-07
645 4.198260878731903e-07
646 4.320136973691877e-07
647 4.4069120634808003e-07
648 4.303336574591174e-07
649 4.4675496455580836e-07
650 4.3260205748444974e-07
651 4.332409306790158e-07
652 4.566610501252949e-07
653 4.2553123721421147e-07
654 4.415122220645401e-07
655 4.3133812128560967e-07
656 4.326034796811653e-07
657 4.451686368336613e-07
658 4.2263556427487027e-07
659 4.3252291647111586e-07
660 4.381706327322285e-07
661 4.547181537729678e-07
662 4.2729970563661663e-07
663 4.378041274025708e-07
664 4.301313074504649e-07
665 4.4259955237635487e-07
666 4.3599730098990855e-07
667 4.336708137192751e-07
668 4.2318416887196895e-07
669 4.3238499925704405e-07
670 4.0473062329974954e-07
671 4.3745316696805716e-07
672 4.413728911810484e-07
673 4.4063440593103054e-07
674 4.375316183438445e-07
675 4.349896472427181e-07
676 4.5359953335546366e-07
677 4.254466968539778e-07
678 4.187636463329041e-07
679 4.577346597770479e-07
680 4.1675865831697877e-07
681 4.3803297887999546e-07
682 4.346090496468186e-07
683 4.244207879124357e-07
684 4.4811214471613147e-07
685 4.3938918907347184e-07
686 4.259006808256385e-07
687 4.4601331601140754e-07
688 4.4006917251086114e-07
689 4.506957716058182e-07
690 4.4312455122363613e-07
691 4.2856050691254745e-07
692 4.5857587393721123e-07
693 4.451461551836276e-07
694 4.2405278755633774e-07
695 4.313686337489979e-07
696 4.490066955431195e-07
697 4.162582793458998e-07
698 4.251925003510204e-07
699 4.398373439825564e-07
700 4.2437702689185963e-07
701 4.2362877314346545e-07
702 4.298387340658631e-07
703 4.2770898888733397e-07
704 4.2024004931983586e-07
705 4.386157388862186e-07
706 4.3835433967751965e-07
707 4.473664708650559e-07
708 4.3871677161795796e-07
709 4.307677059852403e-07
710 4.3408821221192554e-07
711 4.343752017022532e-07
712 4.403018258858386e-07
713 4.2909626961424433e-07
714 4.340600871453984e-07
715 4.408577824841333e-07
716 4.3282613957609613e-07
717 4.0844566247111795e-07
718 4.2303819629552464e-07
719 4.5110937511769187e-07
720 4.34701935962657e-07
721 4.3523897700364364e-07
722 4.450368906328444e-07
723 4.481767667809092e-07
724 4.4439221030692974e-07
725 4.4187838775341723e-07
726 4.3757827925700794e-07
727 4.3771477144821205e-07
728 4.392204357179666e-07
729 4.221155789096349e-07
730 4.650669341506959e-07
731 4.2240786709989713e-07
732 4.232660611079765e-07
733 4.4233946381290296e-07
734 4.3754326728791294e-07
735 4.484888600353733e-07
736 4.3510363461880354e-07
737 4.3211935512499763e-07
738 4.387557862817228e-07
739 4.426232323650399e-07
740 4.3834653558488057e-07
741 4.4143036642364666e-07
742 4.098674032875901e-07
743 4.384084563509045e-07
744 4.4335168513096917e-07
745 4.336865797976563e-07
746 4.4823900438803753e-07
747 4.442589454222319e-07
748 4.421637172633904e-07
749 4.289942538322506e-07
750 4.296651205668218e-07
751 4.2923835733042434e-07
752 4.360053191551636e-07
753 4.2002217137888717e-07
754 4.4317268549582425e-07
755 4.414609099612394e-07
756 4.335500846632785e-07
757 4.3738484906781116e-07
758 4.3775650052175793e-07
759 4.2943435441847363e-07
760 4.2281894846238334e-07
761 4.2508343430397827e-07
762 4.2583404740328897e-07
763 4.352915897437006e-07
764 4.378658607942615e-07
765 4.5887675201864353e-07
766 4.327754833111776e-07
767 4.4189951949821695e-07
768 4.364440402515526e-07
769 4.1486134879493477e-07
770 4.3457494807285247e-07
771 4.2880409881597025e-07
772 4.441162976383994e-07
773 4.2968763173660157e-07
774 4.4611550159456717e-07
775 4.3571581685653714e-07
776 4.3784776043888286e-07
777 4.4016128419414603e-07
778 4.0801565816903177e-07
779 4.129390078843288e-07
780 4.308816713095322e-07
781 4.2337073440342636e-07
782 4.3334267807663283e-07
783 4.3176150510676575e-07
784 4.3875029830542145e-07
785 4.247252565089893e-07
786 4.3997133118689374e-07
787 4.508824719508824e-07
788 4.045312370648345e-07
789 4.4707667441655546e-07
790 4.3139959905938605e-07
791 4.53202978465091e-07
792 4.362880159693461e-07
793 4.450057449135738e-07
794 4.328947503294735e-07
795 4.4825332212971085e-07
796 4.3338194399009373e-07
797 4.47854122479768e-07
798 4.308865753887747e-07
799 4.272927893912185e-07
800 4.4021347145567534e-07
801 4.414626964479204e-07
802 4.3757309073893657e-07
803 4.2043425573492553e-07
804 4.282276280408903e-07
805 4.345749110114555e-07
806 4.4938133509158654e-07
807 4.3221175307626196e-07
808 4.4879074088074165e-07
809 4.4881505508602056e-07
810 4.286219256837191e-07
811 4.1054341097536554e-07
812 4.367274749392211e-07
813 4.318148549739046e-07
814 4.4570678933573663e-07
815 4.411663006985117e-07
816 4.429978413514301e-07
817 4.367633111289397e-07
818 4.3693744861342343e-07
819 4.341400400532973e-07
820 4.3272863357438993e-07
821 4.371677600898865e-07
822 4.440874295460298e-07
823 4.183732864645753e-07
824 4.2435388590929693e-07
825 4.3657888132644965e-07
826 4.231673943662285e-07
827 4.33449998933836e-07
828 4.368678943625425e-07
829 4.1658973263078086e-07
830 4.443067517980408e-07
831 4.4525005508293795e-07
832 4.265381113241631e-07
833 4.3927142470268696e-07
834 4.17141828473801e-07
835 4.3443294710127534e-07
836 4.431457108437486e-07
837 4.339589479628201e-07
838 4.4097291993247434e-07
839 4.453276375581704e-07
840 4.16457146969588e-07
841 4.39698585295104e-07
842 4.63580578335144e-07
843 4.5448764945659336e-07
844 4.431244979003687e-07
845 4.3146877034303693e-07
846 4.465502176229676e-07
847 4.329788037077583e-07
848 4.1783308379274813e-07
849 4.6301029720036335e-07
850 4.413445974388917e-07
851 4.351877762640735e-07
852 4.215816949031948e-07
853 4.4364602635691027e-07
854 4.4142695451626686e-07
855 4.206216035248514e-07
856 4.4639088291179294e-07
857 4.531243837043303e-07
858 4.314675423189429e-07
859 4.419897341745397e-07
860 4.446403247853561e-07
861 4.3492403768697984e-07
862 4.269062397453091e-07
863 4.426844619978193e-07
864 4.2183166301767716e-07
865 4.3731605406896244e-07
866 4.427241664639374e-07
867 4.3871171119195397e-07
868 4.3645146286966496e-07
869 4.4897222190990597e-07
870 4.4415857594232505e-07
871 4.417126871520339e-07
872 4.426912838985057e-07
873 4.053149297110039e-07
874 4.4847393741671007e-07
875 4.308259767381343e-07
876 4.4931602493280894e-07
877 4.4639569079847097e-07
878 4.387334157521776e-07
879 4.3395044544559133e-07
880 4.394584507029061e-07
881 4.2068221907571774e-07
882 4.2172923879528796e-07
883 4.365501972459649e-07
884 4.131465257840635e-07
885 4.3730325223596927e-07
886 4.3588142286033696e-07
887 4.385373023948901e-07
888 4.320327292540101e-07
889 4.3828084471084976e-07
890 3.967015865134576e-07
891 4.3819326608964385e-07
892 4.2376949634962403e-07
893 4.303981675402102e-07
894 4.3787072218140027e-07
895 4.3801562009669e-07
896 4.322177108884583e-07
897 4.338783924883712e-07
898 4.2717760010821716e-07
899 4.088177426878083e-07
900 4.199525121575878e-07
901 4.468716023859154e-07
902 4.1794130629592734e-07
903 4.1856980010895854e-07
904 4.4333268260936326e-07
905 4.1626838696407334e-07
906 4.4155812530179897e-07
907 4.2769011945056874e-07
908 4.2676277926313466e-07
909 4.137147473236907e-07
910 4.501561733828733e-07
911 4.3744055788332824e-07
912 4.236390969599173e-07
913 4.2711943622503034e-07
914 4.1976042176446623e-07
915 4.446683373530802e-07
916 4.5292071886645294e-07
917 4.345992882144129e-07
918 4.5628383720236914e-07
919 4.396641193852934e-07
920 4.431510607640821e-07
921 4.325366683814032e-07
922 4.386460765280829e-07
923 4.3020203592126273e-07
924 4.277890026270874e-07
925 4.414910364590763e-07
926 4.287911085509855e-07
927 4.25465412195313e-07
928 4.398316374114243e-07
929 4.36821856729008e-07
930 4.300522567751966e-07
931 4.3496181254744034e-07
932 4.3881317466424204e-07
933 4.2136481060074937e-07
934 4.2534779349839924e-07
935 4.2297547662312783e-07
936 4.2580317670113866e-07
937 4.305422896926385e-07
938 4.42981062493763e-07
939 4.320465370840531e-07
940 4.3092640695832905e-07
941 4.346436039118826e-07
942 4.549421359188933e-07
943 4.301606523601026e-07
944 4.4552904644125845e-07
945 4.397279739957272e-07
946 4.4632501907598096e-07
947 4.355192181235196e-07
948 4.1880440293739754e-07
949 4.241662124587046e-07
950 4.506765979064997e-07
951 4.3167845399780424e-07
952 4.2892596827364914e-07
953 4.31182992507603e-07
954 4.4495971390659286e-07
955 4.4266054630833327e-07
956 4.3117319642703305e-07
957 4.3716612327709927e-07
958 4.3384439223279453e-07
959 4.3447226699375114e-07
960 4.3015724347403414e-07
961 4.4109326076761456e-07
962 4.5272639467161025e-07
963 4.282915166277108e-07
964 4.4817673064004025e-07
965 4.417224684828634e-07
966 4.361814709047688e-07
967 4.349890640860287e-07
968 4.2303196588105104e-07
969 4.4519301993522096e-07
970 4.4822996974899527e-07
971 4.292162645125246e-07
972 4.3362798060506023e-07
973 4.260157238074563e-07
974 4.321965958912383e-07
975 4.455278709213212e-07
976 4.1721773706738546e-07
977 4.3047452455262734e-07
978 4.457394172065747e-07
979 4.381925535233269e-07
980 4.2331047853003043e-07
981 4.380923401985596e-07
982 4.27655273117998e-07
983 4.355057604623665e-07
984 4.4192491373642237e-07
985 4.404807952728058e-07
986 4.1382208030072424e-07
987 4.3541874134700907e-07
988 4.4215497840782204e-07
989 4.380523701311455e-07
990 4.1964190520326667e-07
991 4.442428148266101e-07
992 4.24151998158804e-07
993 4.343615437110985e-07
994 4.560532098297812e-07
995 4.590319651110376e-07
996 4.18979019275762e-07
997 4.293720100991576e-07
998 4.435797203354112e-07
999 4.2858532991094677e-07
