0 5.417366346056827e-07
1 5.088263838712159e-07
2 5.461401954184078e-07
3 5.283045195630181e-07
4 4.816218624980695e-07
5 5.358300686748063e-07
6 5.244590402164078e-07
7 5.547927186307414e-07
8 5.794204723719331e-07
9 6.396189943387302e-07
10 4.923576075700306e-07
11 5.877454897066787e-07
12 5.549074817042147e-07
13 5.495018361083565e-07
14 5.714339201883224e-07
15 6.031649526726023e-07
16 5.65015647465115e-07
17 5.337733784273517e-07
18 5.484143358212224e-07
19 6.692990650152936e-07
20 5.514157179294883e-07
21 5.17930172461867e-07
22 5.031206678117177e-07
23 4.2829430124007515e-07
24 4.4992305782526835e-07
25 4.55673141420172e-07
26 5.818656813885468e-07
27 5.263706802201422e-07
28 5.544786709098092e-07
29 5.639708632443066e-07
30 5.419541101070959e-07
31 5.604080992159161e-07
32 5.685920993574513e-07
33 5.290755211584611e-07
34 5.587519536652974e-07
35 5.282640060505668e-07
36 4.970224005025348e-07
37 5.719376093642703e-07
38 6.328449262948297e-07
39 5.729929215430466e-07
40 5.515763880660162e-07
41 5.433707158222072e-07
42 4.7606014135117814e-07
43 5.591655518016061e-07
44 4.894135895935281e-07
45 5.780113199948976e-07
46 5.307977668950048e-07
47 5.256893207756618e-07
48 5.65477174592243e-07
49 5.623189043502014e-07
50 5.026695830076396e-07
51 5.362310645038522e-07
52 5.51796425106821e-07
53 5.289987412792722e-07
54 5.398450075719172e-07
55 5.675580983725266e-07
56 5.169320458606637e-07
57 4.7009612265387415e-07
58 5.490529177081348e-07
59 5.701596776858978e-07
60 5.509321395765586e-07
61 5.529483413299044e-07
62 5.586115427769906e-07
63 4.406999159256154e-07
64 5.922814229924221e-07
65 5.371783409889001e-07
66 5.32460747535461e-07
67 5.578155043300974e-07
68 4.861142623583069e-07
69 5.345738806974374e-07
70 4.976069232577153e-07
71 4.681688145986913e-07
72 5.949338377540646e-07
73 5.392394072781832e-07
74 5.760186445864779e-07
75 5.900390235633959e-07
76 6.062342487009589e-07
77 4.947367575301397e-07
78 6.507339710487625e-07
79 4.994617796151442e-07
80 6.123916181931404e-07
81 4.772936420805468e-07
82 6.06568051711726e-07
83 5.091209916247355e-07
84 5.418008688460933e-07
85 5.63327019612519e-07
86 6.29992219507106e-07
87 5.494797935434448e-07
88 6.227508335030364e-07
89 5.876322614736274e-07
90 5.318637356031543e-07
91 5.385582822985204e-07
92 5.988750236233022e-07
93 6.06129504745451e-07
94 6.201627480737551e-07
95 4.736884787028686e-07
96 5.314161346237795e-07
97 5.634809706946213e-07
98 5.623055519775146e-07
99 6.925104068720907e-07
100 5.234494848055837e-07
101 5.90314731058483e-07
102 5.849993542583024e-07
103 5.092718670739223e-07
104 5.087811788814928e-07
105 5.494620557162829e-07
106 5.993178674969384e-07
107 6.276256961297977e-07
108 6.111232195177083e-07
109 5.813420321949762e-07
110 6.354942426694633e-07
111 6.053577891455525e-07
112 6.21013872516427e-07
113 5.441032131109011e-07
114 5.987704336644827e-07
115 5.853809849210284e-07
116 4.978565509403755e-07
117 5.401427975969652e-07
118 5.187117677406286e-07
119 5.834033608317981e-07
120 6.270857682137683e-07
121 5.503940463758741e-07
122 5.327874887551475e-07
123 6.309640976095938e-07
124 5.245382111441942e-07
125 6.200548431519939e-07
126 4.901323347706236e-07
127 5.364274764787954e-07
128 4.4025647124623275e-07
129 5.928795893015309e-07
130 4.327480642888973e-07
131 5.562383722615652e-07
132 6.19957477888444e-07
133 5.574546469379193e-07
134 6.230786363710805e-07
135 5.67634812545205e-07
136 4.865101052594151e-07
137 6.239965705031734e-07
138 5.855882536190714e-07
139 5.682561829796571e-07
140 5.788026486390578e-07
141 4.6196554745799066e-07
142 5.126153393086127e-07
143 5.54389133664229e-07
144 5.533742296734309e-07
145 5.712168288534142e-07
146 5.913692001273962e-07
147 5.822232625717861e-07
148 6.055724548689367e-07
149 5.290669239427652e-07
150 5.826786882398033e-07
151 4.942254988863277e-07
152 5.17581837132732e-07
153 5.933680031478176e-07
154 5.737589358453643e-07
155 6.602360046690288e-07
156 5.65468505169332e-07
157 4.814289259895272e-07
158 5.374249822425111e-07
159 6.287866885816732e-07
160 4.91084678002486e-07
161 5.189749201912328e-07
162 5.708849798781176e-07
163 5.540416989205374e-07
164 5.496274333093363e-07
165 5.387503409634324e-07
166 5.745563671238382e-07
167 5.614476757680386e-07
168 5.745182668333724e-07
169 5.443049469945972e-07
170 5.65796485637868e-07
171 5.854557280842127e-07
172 5.301774227058449e-07
173 5.110227642738108e-07
174 6.260135692248116e-07
175 5.47087018511736e-07
176 5.64459453818158e-07
177 5.662354338313728e-07
178 5.743545257511002e-07
179 5.790209264515605e-07
180 4.995654755289494e-07
181 5.159594786953655e-07
182 4.96909301631674e-07
183 4.938791077949474e-07
184 5.695748491874113e-07
185 4.6780763007147903e-07
186 4.782329034439015e-07
187 5.606706979768509e-07
188 6.421558508007851e-07
189 5.319584521200846e-07
190 6.448173393663034e-07
191 5.228031317000505e-07
192 5.995081948409542e-07
193 6.036840799099477e-07
194 5.463123848637969e-07
195 4.5886608831018434e-07
196 6.087494165211513e-07
197 4.842569356661628e-07
198 5.856814189000953e-07
199 5.741710467333132e-07
200 5.596671712702101e-07
201 5.650332443305886e-07
202 5.817095077054871e-07
203 6.368796914706304e-07
204 5.480625756398044e-07
205 6.177916400810614e-07
206 4.376172431549023e-07
207 6.017520139428841e-07
208 5.710987885144737e-07
209 5.115695646016322e-07
210 5.878271364000568e-07
211 5.971924140623883e-07
212 5.078124374655789e-07
213 5.028587439485903e-07
214 6.047274224673775e-07
215 5.170556259006072e-07
216 5.282895213799714e-07
217 5.243316613504367e-07
218 4.799162314828794e-07
219 5.570888989844799e-07
220 5.334607769395875e-07
221 5.236924110444322e-07
222 4.4142397444230346e-07
223 5.700313855588502e-07
224 5.51327492872469e-07
225 5.411141224833302e-07
226 5.818361133866343e-07
227 6.026753258784136e-07
228 5.604103896682515e-07
229 4.921365651114408e-07
230 4.45403451712732e-07
231 5.575254139686103e-07
232 6.044541849279572e-07
233 5.583194787464663e-07
234 5.758394611819246e-07
235 6.600246991473634e-07
236 5.404208613811646e-07
237 6.956739821594143e-07
238 5.746775613864361e-07
239 4.924399060591557e-07
240 5.675902568817825e-07
241 5.209444260336942e-07
242 6.157871797814469e-07
243 5.610031085281896e-07
244 5.792328638111873e-07
245 5.276456440579125e-07
246 5.702709974365859e-07
247 5.849594868550451e-07
248 6.127702578873027e-07
249 5.887618830247574e-07
250 5.766444077434036e-07
251 5.843783931188101e-07
252 5.953022804591179e-07
253 5.526816067033937e-07
254 6.429634716436547e-07
255 5.620339831682196e-07
256 5.905392633476954e-07
257 5.878726698155977e-07
258 6.034005590199209e-07
259 4.7915438044076e-07
260 6.054580115319429e-07
261 5.489260761277384e-07
262 5.468904124738906e-07
263 5.502809546513414e-07
264 5.182449576376649e-07
265 5.24202237564339e-07
266 6.338993302059356e-07
267 6.663648399133129e-07
268 5.186961202329478e-07
269 5.272656937700977e-07
270 5.011648616899393e-07
271 6.203630554650479e-07
272 5.836723444745309e-07
273 5.71534542938081e-07
274 5.573114266055607e-07
275 5.956017150751094e-07
276 5.806488729967633e-07
277 5.384696588743842e-07
278 5.484586645329484e-07
279 5.531452429355722e-07
280 5.44296947900654e-07
281 5.704737567970573e-07
282 5.589752292061884e-07
283 5.940639408181726e-07
284 5.311614789214539e-07
285 4.4144729709904014e-07
286 5.327305150312159e-07
287 4.967736287732359e-07
288 4.961324322319216e-07
289 5.70746784597853e-07
290 6.193893834691114e-07
291 5.696850462977995e-07
292 5.787380133921066e-07
293 4.852580533684978e-07
294 6.054188940766653e-07
295 5.587536768904999e-07
296 6.145389628117535e-07
297 5.518671582396726e-07
298 5.089668409764622e-07
299 5.364849187646764e-07
300 4.916797972251454e-07
301 5.687889726374289e-07
302 6.091324839694094e-07
303 5.140981264411613e-07
304 5.460819128999744e-07
305 5.386373551021088e-07
306 5.878559360157101e-07
307 5.240852200714996e-07
308 5.142759258401006e-07
309 5.044111357227631e-07
310 6.112265520657769e-07
311 4.898534309514628e-07
312 5.265413579307745e-07
313 4.563260100069452e-07
314 5.929636964408937e-07
315 5.577041313379844e-07
316 4.927151982727901e-07
317 5.228496110148649e-07
318 6.33559990195456e-07
319 4.805196556434428e-07
320 5.225475813711086e-07
321 5.997501787136808e-07
322 4.771653743437049e-07
323 5.417105696130155e-07
324 5.306360522035248e-07
325 5.816795067553339e-07
326 5.784118774440362e-07
327 5.38497944778248e-07
328 4.801454546288165e-07
329 4.7636324401580646e-07
330 5.486188308200028e-07
331 6.474260706276456e-07
332 5.546665694876495e-07
333 4.539562617977226e-07
334 5.228907578797631e-07
335 5.931736563796263e-07
336 5.501275661545752e-07
337 5.342302803107229e-07
338 4.808399720992144e-07
339 5.604159621635298e-07
340 6.28845506101498e-07
341 5.841420293976604e-07
342 5.599044927484582e-07
343 5.666735567304085e-07
344 5.113516601406645e-07
345 5.633642581719008e-07
346 5.023167432317583e-07
347 6.065236295446582e-07
348 6.241967241208247e-07
349 5.345366298843072e-07
350 5.700858069955934e-07
351 5.288220505075099e-07
352 4.5420152050162793e-07
353 5.010421637710747e-07
354 5.573590271118414e-07
355 5.900652850202357e-07
356 5.189471910785981e-07
357 5.809823517332427e-07
358 5.826292174907165e-07
359 5.121132243175486e-07
360 5.265166497903132e-07
361 4.98688788962207e-07
362 5.949846097215633e-07
363 5.591180806140334e-07
364 4.925625022971245e-07
365 5.174837319881115e-07
366 6.155383753362712e-07
367 5.348201981784888e-07
368 5.181496918648559e-07
369 6.469633997411696e-07
370 5.69686627623866e-07
371 5.710851565205785e-07
372 5.748795486963255e-07
373 5.07563982600012e-07
374 5.448031710718843e-07
375 5.789562475146504e-07
376 4.6575798456970235e-07
377 5.74593139782483e-07
378 5.581332931364806e-07
379 6.194570532071112e-07
380 5.402124949374493e-07
381 5.828716436457766e-07
382 5.65895879485288e-07
383 5.438847222072421e-07
384 5.792636415582483e-07
385 5.154359522921989e-07
386 5.588934132818055e-07
387 5.821369487722616e-07
388 5.757168801056706e-07
389 5.572236657136017e-07
390 5.95706388055116e-07
391 5.435474259466049e-07
392 5.423023701533728e-07
393 5.221123704315605e-07
394 5.707370118404249e-07
395 6.235859703392996e-07
396 5.208434796511183e-07
397 5.061792134158253e-07
398 5.595165029576006e-07
399 5.663974313741895e-07
400 5.967604215115749e-07
401 5.067853041159224e-07
402 5.795538941785519e-07
403 4.5244078932841135e-07
404 5.722518868414305e-07
405 5.48590745034916e-07
406 5.359465794952872e-07
407 6.624517868132765e-07
408 4.93482857361556e-07
409 5.64085447319781e-07
410 4.875345704767524e-07
411 6.263908482248338e-07
412 5.486012146908628e-07
413 5.134447335073187e-07
414 5.398381905550174e-07
415 6.269855458905711e-07
416 4.967674770265075e-07
417 6.24560785460564e-07
418 5.605820450958735e-07
419 5.677662762199004e-07
420 5.287094888079121e-07
421 5.634726577432771e-07
422 5.205475428173232e-07
423 6.071734912091403e-07
424 6.013925677836769e-07
425 5.470964983901943e-07
426 6.429729604206515e-07
427 6.033692327915952e-07
428 6.38977892894031e-07
429 5.105568427290097e-07
430 6.1165558135033e-07
431 5.919587004211419e-07
432 5.280508041394364e-07
433 5.32270909720042e-07
434 6.532669065015324e-07
435 5.218596983277027e-07
436 5.680302493991524e-07
437 5.961499902999954e-07
438 5.462405535398669e-07
439 5.91333719169906e-07
440 5.995194450269863e-07
441 5.210497237089154e-07
442 5.13007919010509e-07
443 5.56546215531599e-07
444 5.177762096380796e-07
445 5.741040659171219e-07
446 6.107277351070227e-07
447 5.659569064585612e-07
448 5.137464076927796e-07
449 4.81647112666034e-07
450 4.77869999236993e-07
451 6.109771871980694e-07
452 4.942829737648381e-07
453 4.984703425466944e-07
454 5.24203971980557e-07
455 5.198796904365404e-07
456 5.703392258564809e-07
457 4.7372954191718874e-07
458 5.292814672991337e-07
459 5.637205499771135e-07
460 4.938851058473415e-07
461 5.00903406853381e-07
462 6.069158134212952e-07
463 6.07100856771891e-07
464 5.260340744513193e-07
465 5.689659733947191e-07
466 5.782297126722084e-07
467 5.590472718127129e-07
468 4.784872328101629e-07
469 5.394063689753308e-07
470 5.467696613923372e-07
471 5.934990244747737e-07
472 4.6961148544545756e-07
473 6.842481575653995e-07
474 5.464587981429359e-07
475 5.361270421535557e-07
476 5.351526099293254e-07
477 5.370607516412644e-07
478 5.365257298131947e-07
479 5.327348469298992e-07
480 5.777229295891989e-07
481 5.969592941877562e-07
482 4.13737565546693e-07
483 5.751282149561555e-07
484 5.255456549299704e-07
485 6.076696093409264e-07
486 4.883489298852413e-07
487 5.659431508479311e-07
488 5.587686955932154e-07
489 4.833223745247964e-07
490 5.437328104027071e-07
491 5.80033553977419e-07
492 4.310116122138794e-07
493 3.7494852671213724e-07
494 5.403313859811035e-07
495 5.396122282115092e-07
496 5.978356509105891e-07
497 5.591086711626945e-07
498 5.149554069613156e-07
499 4.935158270406912e-07
500 5.567070405179762e-07
501 5.34160611334706e-07
502 5.165924302234395e-07
503 5.120554229312584e-07
504 4.842641747293635e-07
505 5.32525893671755e-07
506 5.594901845457889e-07
507 5.596504292950932e-07
508 5.476294257756456e-07
509 5.993186095258733e-07
510 5.638369790127112e-07
511 5.200940635869807e-07
512 6.012881204466492e-07
513 5.241020221721425e-07
514 5.117637567516283e-07
515 5.653055542709448e-07
516 5.847892820269447e-07
517 4.480480088413609e-07
518 5.72896527168336e-07
519 5.196844388059593e-07
520 4.664426604269374e-07
521 6.128729977330695e-07
522 5.200373324667841e-07
523 5.345916060382292e-07
524 6.43750976739661e-07
525 5.586225324128477e-07
526 5.025774950994094e-07
527 4.812807595508088e-07
528 5.224806627809928e-07
529 4.972212785095521e-07
530 5.747490098413933e-07
531 5.412813488888235e-07
532 5.60997349571426e-07
533 6.12811085329169e-07
534 5.964856273410051e-07
535 4.908110321993837e-07
536 5.272716233024648e-07
537 5.828514524967563e-07
538 5.409329763004141e-07
539 5.27552393752281e-07
540 4.864609228161066e-07
541 6.932272373555514e-07
542 4.328676048938658e-07
543 4.923346913286469e-07
544 5.095405203725445e-07
545 4.557362923357269e-07
546 5.641565621736975e-07
547 6.508562180896096e-07
548 6.039093645087847e-07
549 5.281431749985346e-07
550 4.53418628815199e-07
551 5.189725749231074e-07
552 6.06418094094945e-07
553 6.313648196835989e-07
554 5.429156304611232e-07
555 6.234696279448373e-07
556 4.639640479748873e-07
557 5.260971162200258e-07
558 5.558069062730454e-07
559 5.930787745722122e-07
560 5.448900158853093e-07
561 4.944709777177241e-07
562 5.965857818702227e-07
563 4.6399516010671164e-07
564 5.887801991229514e-07
565 5.248713988641263e-07
566 6.402230975752071e-07
567 4.85772104829138e-07
568 4.836781886842318e-07
569 4.96459735913231e-07
570 4.924600976690597e-07
571 5.470875928512216e-07
572 5.708976694457771e-07
573 4.90623760195529e-07
574 5.310290497056094e-07
575 4.699600532629256e-07
576 5.30454967780312e-07
577 4.950147886136546e-07
578 6.042624983814484e-07
579 4.994548461723644e-07
580 5.27116792168755e-07
581 4.98145792093116e-07
582 5.289044706518607e-07
583 5.954842649196053e-07
584 6.400428361011997e-07
585 5.341328871952629e-07
586 5.511534814753361e-07
587 4.672132910952882e-07
588 5.410958119052508e-07
589 5.267586367382701e-07
590 6.081525636605583e-07
591 5.409480086342674e-07
592 5.224825535657279e-07
593 6.584564897664199e-07
594 5.535127633232444e-07
595 5.367910234494861e-07
596 6.374151705162178e-07
597 5.93053970076039e-07
598 4.896071572261944e-07
599 5.887927174853737e-07
600 4.6242699218648287e-07
601 5.638821785098134e-07
602 5.795591742675022e-07
603 5.856823041613811e-07
604 5.666580199046839e-07
605 4.72868217955082e-07
606 6.111080958056415e-07
607 5.44109460566378e-07
608 5.880226094630776e-07
609 6.324233957964055e-07
610 6.736017084189121e-07
611 5.327470545011837e-07
612 5.523391145266123e-07
613 5.235933004581155e-07
614 4.55057531861784e-07
615 5.476334001003762e-07
616 5.319131533486059e-07
617 4.2800691632820305e-07
618 5.11184104902761e-07
619 5.028574416890705e-07
620 4.811979038846017e-07
621 5.434531912916579e-07
622 5.768958971260108e-07
623 5.5652407199022e-07
624 4.972868004491094e-07
625 5.859870166364499e-07
626 5.333763732370452e-07
627 5.04449288213266e-07
628 4.956134192212758e-07
629 5.823070225125876e-07
630 5.818916551441966e-07
631 6.254264569805804e-07
632 5.76785234240866e-07
633 5.677994590994832e-07
634 6.172978655028649e-07
635 6.189605030033743e-07
636 5.791560654888073e-07
637 5.595109171448642e-07
638 4.151805662248625e-07
639 4.541937891945992e-07
640 5.534987362643199e-07
641 5.679807351411116e-07
642 4.551641306039474e-07
643 5.870441719860523e-07
644 5.58959044156901e-07
645 6.040371139936343e-07
646 5.048138185883094e-07
647 5.736628155470985e-07
648 5.751788999749182e-07
649 4.4836947041830523e-07
650 5.377863535892572e-07
651 5.86443639113522e-07
652 5.338328537164176e-07
653 6.100009186947583e-07
654 5.483047609831367e-07
655 5.630548406336156e-07
656 5.901204247955678e-07
657 5.490330295006813e-07
658 5.798356310957054e-07
659 5.475517852783512e-07
660 4.844472596163103e-07
661 5.367086106888872e-07
662 6.265976107517303e-07
663 6.000959321075998e-07
664 5.485198116754824e-07
665 5.197125585965654e-07
666 5.773633637725666e-07
667 4.667899300569428e-07
668 5.936524122070942e-07
669 6.08953593259616e-07
670 6.238972026380462e-07
671 5.062464744027077e-07
672 5.34055881861837e-07
673 5.116774095153881e-07
674 5.274188567961487e-07
675 5.811057821137669e-07
676 4.817649784775138e-07
677 5.934092366444166e-07
678 6.774321928082171e-07
679 4.540992337520825e-07
680 5.961925695046939e-07
681 5.51011866699163e-07
682 5.081170063629993e-07
683 5.948177360726718e-07
684 5.019835686946117e-07
685 4.801973471054167e-07
686 5.166577936689306e-07
687 5.441442389303167e-07
688 4.93928517281447e-07
689 5.151699762219912e-07
690 5.50357980122706e-07
691 5.73535573888463e-07
692 4.563199170092761e-07
693 5.793680325956359e-07
694 4.921666943181029e-07
695 5.862607955196255e-07
696 4.763224146939761e-07
697 5.489910470685983e-07
698 5.91903945402017e-07
699 4.777056819790374e-07
700 6.655083729600695e-07
701 5.751096446346266e-07
702 5.900706914864518e-07
703 5.699582246370015e-07
704 5.520576578011598e-07
705 5.35849320161195e-07
706 5.227918891786044e-07
707 4.523233815558829e-07
708 5.500015862201748e-07
709 4.815326282106357e-07
710 5.287314026327079e-07
711 5.525079865178822e-07
712 5.882428709138074e-07
713 5.569354153037684e-07
714 5.175378647968668e-07
715 5.122143101768808e-07
716 5.562675508328606e-07
717 6.582844792890897e-07
718 5.348881678587569e-07
719 4.723479279401725e-07
720 5.889428995749332e-07
721 4.595933456155039e-07
722 5.519383551422189e-07
723 4.5876369832785774e-07
724 5.032851923179699e-07
725 5.810954109758778e-07
726 6.014480174217668e-07
727 6.043017196973267e-07
728 5.82910088430225e-07
729 6.372180503813345e-07
730 4.2428529874474317e-07
731 6.21463651735655e-07
732 5.327206405626551e-07
733 4.873109026598083e-07
734 5.930987905442665e-07
735 4.976812380713062e-07
736 5.607781865102087e-07
737 5.637952175884426e-07
738 5.441086600575176e-07
739 4.934153709288087e-07
740 5.627618507421053e-07
741 4.946516617254296e-07
742 6.257825741027678e-07
743 6.547833302670141e-07
744 5.654713123356156e-07
745 5.688660153255715e-07
746 5.254224105961239e-07
747 4.977541851569199e-07
748 5.623687327525942e-07
749 5.334893481606707e-07
750 4.799346813946363e-07
751 5.391429447650409e-07
752 5.545910934426618e-07
753 6.061592853812806e-07
754 5.040221740719768e-07
755 5.662032014120038e-07
756 5.689431208523565e-07
757 4.5007559965036724e-07
758 4.7162679952400293e-07
759 5.910119868700934e-07
760 6.016052367714114e-07
761 5.902103155062688e-07
762 5.926991998256646e-07
763 5.718362462236413e-07
764 6.120161086395918e-07
765 4.386572655276766e-07
766 5.43315810803496e-07
767 5.978692569619788e-07
768 5.527799340102149e-07
769 6.490506286068753e-07
770 5.222167400356915e-07
771 6.413383731571249e-07
772 5.859204554842219e-07
773 5.37337714587128e-07
774 5.139664947119787e-07
775 4.4091513725457665e-07
776 6.139363793804496e-07
777 5.837047190628639e-07
778 6.145013857960205e-07
779 5.856406996326434e-07
780 5.969871815350852e-07
781 6.099885329490476e-07
782 6.140271866141216e-07
783 5.552499492394416e-07
784 5.047170698691392e-07
785 5.738972416062646e-07
786 5.430132786238163e-07
787 4.89837511633969e-07
788 7.103205367203165e-07
789 4.926035453942269e-07
790 5.39728052023564e-07
791 5.607865901700923e-07
792 5.77594141377067e-07
793 5.322940838584368e-07
794 4.826424699310019e-07
795 3.8933854732225256e-07
796 5.12437396204088e-07
797 5.156053403607195e-07
798 5.730396139100012e-07
799 5.413565905472524e-07
800 4.99266076207133e-07
801 5.216521789228588e-07
802 5.559901345500608e-07
803 5.956663459619125e-07
804 5.89968113777815e-07
805 5.566183999366006e-07
806 5.365112561465187e-07
807 6.738038555864402e-07
808 5.345578071112472e-07
809 5.718275643748448e-07
810 4.894903789180519e-07
811 5.496731109635802e-07
812 6.094328857071986e-07
813 5.570471148258629e-07
814 5.516811529411927e-07
815 5.656124092261014e-07
816 5.551640284066053e-07
817 5.493702682992971e-07
818 5.357007479673048e-07
819 5.478700137074537e-07
820 5.712469128239416e-07
821 5.653322705730876e-07
822 4.691237582997583e-07
823 5.750307306548348e-07
824 5.923390099419062e-07
825 5.301786492881298e-07
826 5.92955264012047e-07
827 4.522915880199762e-07
828 5.204527622663115e-07
829 5.744692566606359e-07
830 4.6616601214262985e-07
831 5.378111856638032e-07
832 6.192978146695133e-07
833 5.478648505322494e-07
834 6.054034065834614e-07
835 6.003419269499679e-07
836 6.018591219773195e-07
837 5.815358976181851e-07
838 5.455239560633628e-07
839 5.082732974944263e-07
840 6.246137228037094e-07
841 5.118592141615675e-07
842 4.884786960064979e-07
843 4.5087567889260747e-07
844 5.539718930538109e-07
845 5.513968446890828e-07
846 4.932753834953129e-07
847 5.797648749733446e-07
848 5.859307026229057e-07
849 4.6918833989694234e-07
850 5.436869880022312e-07
851 5.728927280898304e-07
852 6.285497823653718e-07
853 4.276145748042748e-07
854 4.889148393641415e-07
855 6.417067230075529e-07
856 5.993243081248579e-07
857 5.236286850150422e-07
858 6.040181627038983e-07
859 5.647973914973422e-07
860 5.575677047542542e-07
861 5.18968329445015e-07
862 5.524679366721359e-07
863 4.7295276697205415e-07
864 5.626401722549046e-07
865 6.135800082744545e-07
866 5.392873888725381e-07
867 5.242747012689748e-07
868 5.87915351771865e-07
869 5.221902836115777e-07
870 5.564401229507226e-07
871 5.775399601779626e-07
872 4.954151280550762e-07
873 6.23176787080331e-07
874 4.7310115913097876e-07
875 6.880722087207854e-07
876 4.3846914204633947e-07
877 4.7178580785967746e-07
878 5.57599190374622e-07
879 5.340707513741772e-07
880 5.103341491367977e-07
881 5.411581243972907e-07
882 6.491811356239807e-07
883 5.607769068437424e-07
884 6.570520394004733e-07
885 5.397408549032078e-07
886 5.541096981385204e-07
887 5.488990543490405e-07
888 6.279934202864179e-07
889 5.959625316397051e-07
890 6.757302043357705e-07
891 4.786619028000148e-07
892 5.394802565270758e-07
893 5.544903283348873e-07
894 6.344245200978982e-07
895 4.952108273439163e-07
896 5.853619751718463e-07
897 5.179461114558346e-07
898 6.234015381469566e-07
899 5.985305722965848e-07
900 5.441011017587451e-07
901 4.94331770150615e-07
902 6.137803314440088e-07
903 5.845476553237036e-07
904 5.207424214010168e-07
905 5.749970458972512e-07
906 5.467474925037627e-07
907 5.84769478348902e-07
908 5.975822115274754e-07
909 5.972027839687302e-07
910 4.726566059788767e-07
911 5.620688361871797e-07
912 5.598591086678783e-07
913 6.43779569175772e-07
914 6.131671215958262e-07
915 5.824239141780996e-07
916 4.984750606291744e-07
917 5.518004816697413e-07
918 5.934712706481283e-07
919 5.542548338959952e-07
920 5.610078438528514e-07
921 5.342691542817605e-07
922 5.598994655860694e-07
923 5.658373254300415e-07
924 6.040976303877873e-07
925 5.09539539452143e-07
926 6.281863200139715e-07
927 6.288932690684108e-07
928 5.05562105259362e-07
929 5.635367533121168e-07
930 5.520696791551582e-07
931 4.3900279618014716e-07
932 5.573966109433993e-07
933 5.518383743875709e-07
934 6.040609549751379e-07
935 6.160920649826806e-07
936 5.565904390964194e-07
937 5.870571331857214e-07
938 4.967924300119831e-07
939 5.371781530174843e-07
940 5.581602318597523e-07
941 5.575976095274669e-07
942 5.306384561139627e-07
943 5.83056548989317e-07
944 5.809559175902378e-07
945 4.927647708280927e-07
946 5.38454696335366e-07
947 5.026727684634104e-07
948 5.431733006674019e-07
949 5.765588584971636e-07
950 5.527814708857335e-07
951 5.647487728988599e-07
952 5.476954435488308e-07
953 5.831301369351077e-07
954 4.58330488302741e-07
955 5.540939267231299e-07
956 5.546639165229165e-07
957 4.937345430712974e-07
958 6.129727500849939e-07
959 5.2918530788801e-07
960 5.245854497263032e-07
961 5.512123579960371e-07
962 5.130473592898725e-07
963 5.620246831782929e-07
964 4.817377037195394e-07
965 5.673654820957355e-07
966 5.728682693411346e-07
967 5.374027501681094e-07
968 6.001615133498308e-07
969 5.7094537066636e-07
970 5.701282326307084e-07
971 5.660760289793856e-07
972 5.594614017802584e-07
973 5.904699158321267e-07
974 6.382609443174963e-07
975 5.524428183564784e-07
976 6.080444037040314e-07
977 5.611245171290765e-07
978 4.563532657707992e-07
979 5.574573779665953e-07
980 5.797483418115477e-07
981 5.757235697062988e-07
982 5.44406531715376e-07
983 4.94294330996801e-07
984 5.322130386011968e-07
985 5.197218659787286e-07
986 6.958323705312549e-07
987 5.442404653330807e-07
988 4.5698755148514085e-07
989 5.167293793429505e-07
990 6.485627863064561e-07
991 5.351192054593143e-07
992 5.989056423038296e-07
993 5.955667733573202e-07
994 5.716539020272932e-07
995 4.953186947900369e-07
996 6.299537711021252e-07
997 5.435449875591647e-07
998 5.106614488181798e-07
999 6.088536338104956e-07
