0 5.944502750851178e-07
1 5.805234725418998e-07
2 6.030075612554217e-07
3 6.186838305061798e-07
4 5.288424354646777e-07
5 6.30014399916854e-07
6 5.967803594003801e-07
7 6.528392038758414e-07
8 7.021951765817233e-07
9 7.75298275997477e-07
10 5.336421584989254e-07
11 6.806636517575137e-07
12 6.059125360968098e-07
13 5.689385548534442e-07
14 6.209135970888059e-07
15 6.860002612317449e-07
16 6.223737807493089e-07
17 5.82321158851928e-07
18 6.275179768950739e-07
19 8.308889802635358e-07
20 5.93731123252095e-07
21 5.633944794546878e-07
22 5.145891104473458e-07
23 4.4182591472658066e-07
24 5.067726100983426e-07
25 4.6284618791344094e-07
26 6.765076690849504e-07
27 5.712016093367945e-07
28 6.156372308636035e-07
29 6.551554075615442e-07
30 6.062914185920455e-07
31 6.097615363031209e-07
32 6.555722486470721e-07
33 5.967688540304715e-07
34 6.03018434309031e-07
35 5.825524618582391e-07
36 5.922336786101364e-07
37 6.269334114579152e-07
38 7.113486298345395e-07
39 6.159102725755747e-07
40 6.323083496676589e-07
41 6.241763049398305e-07
42 4.990172316517437e-07
43 6.208206679881363e-07
44 5.461995819447808e-07
45 6.567316730986023e-07
46 5.687993743621349e-07
47 5.901153468880696e-07
48 6.550433066402949e-07
49 6.180368079881519e-07
50 5.243080437716419e-07
51 6.09466033610006e-07
52 5.858817073711444e-07
53 6.125107791707481e-07
54 5.495251657017577e-07
55 6.353462430967583e-07
56 5.681153506974623e-07
57 4.866485375226966e-07
58 5.989786491883675e-07
59 6.669743402699789e-07
60 6.312635393116679e-07
61 6.235754697628663e-07
62 6.333056850948258e-07
63 4.421540429432417e-07
64 6.924867823176925e-07
65 5.697152827125532e-07
66 5.674852586535103e-07
67 6.448746112669006e-07
68 5.252597176892454e-07
69 5.803886007622237e-07
70 5.64417293961729e-07
71 4.6476778628453395e-07
72 6.67986670565764e-07
73 6.175335605034239e-07
74 6.817319119814902e-07
75 6.36760660436651e-07
76 7.170053618680085e-07
77 5.233669630402826e-07
78 7.830123774753738e-07
79 5.530962802229382e-07
80 6.74600212802958e-07
81 5.256538616698341e-07
82 7.224269759225256e-07
83 5.216166498590957e-07
84 6.245662708784534e-07
85 6.268584359525255e-07
86 7.225206354623477e-07
87 6.370420884248237e-07
88 7.360737162465149e-07
89 6.970519144825554e-07
90 5.809873254310788e-07
91 6.149853287038468e-07
92 7.317563309274784e-07
93 7.291750134134144e-07
94 7.140532001112726e-07
95 5.397958091988755e-07
96 6.042206834971132e-07
97 6.119587838270014e-07
98 6.688702885467171e-07
99 7.917372594432102e-07
100 5.68216662985786e-07
101 7.048584686219947e-07
102 6.700074391931827e-07
103 5.412985137278476e-07
104 5.816776373102366e-07
105 6.229609828436448e-07
106 6.925442926635982e-07
107 7.222288657506668e-07
108 7.06586989322811e-07
109 6.760977748856582e-07
110 7.173090785764494e-07
111 7.173312507564324e-07
112 7.517678615072218e-07
113 6.302873804956641e-07
114 6.806546989186863e-07
115 6.563039345412888e-07
116 5.194446093963554e-07
117 5.828541335672067e-07
118 5.500209553800388e-07
119 6.73867359016782e-07
120 7.200217057478615e-07
121 6.147864944210034e-07
122 6.069399939996866e-07
123 7.270875899915118e-07
124 5.644738145818965e-07
125 7.406207143344636e-07
126 5.061074281520041e-07
127 6.027428761590272e-07
128 4.320711292478313e-07
129 6.721913142659843e-07
130 4.5068181581232967e-07
131 6.374074517051319e-07
132 6.784359107228063e-07
133 5.99891932707489e-07
134 7.176913118185618e-07
135 6.47642040782684e-07
136 4.853520005678686e-07
137 7.170324129399817e-07
138 6.54194066570979e-07
139 6.990755247895757e-07
140 6.581651198597582e-07
141 4.988319205159034e-07
142 6.080705345327594e-07
143 5.967636922163068e-07
144 6.357962099120615e-07
145 6.713828090107484e-07
146 6.831592450263215e-07
147 6.837320971504623e-07
148 7.177306261667084e-07
149 6.189142201364083e-07
150 6.951093625301705e-07
151 5.466540230078238e-07
152 5.951419232328109e-07
153 7.026576475740906e-07
154 6.600855123898904e-07
155 7.851534571684799e-07
156 6.31611491002193e-07
157 5.432377684527871e-07
158 5.796710566820095e-07
159 7.387379776586338e-07
160 5.70314112406989e-07
161 5.489392940872434e-07
162 6.021886333937519e-07
163 6.261857822162326e-07
164 6.241199422466224e-07
165 6.043915430017496e-07
166 6.598147460040794e-07
167 6.37919844697512e-07
168 6.593835534405835e-07
169 6.112226405226899e-07
170 6.288202966066049e-07
171 6.647911156384038e-07
172 5.409093563109965e-07
173 5.882757528790248e-07
174 6.774999598827716e-07
175 6.283764438261279e-07
176 6.168229480489742e-07
177 6.410627180481452e-07
178 6.310625856476285e-07
179 6.35854726052367e-07
180 5.715111713618421e-07
181 5.290327101769522e-07
182 5.474529899633962e-07
183 5.216120231483137e-07
184 6.441444996929467e-07
185 4.6592143308123373e-07
186 4.931636016297454e-07
187 6.372967970154728e-07
188 7.202268264882311e-07
189 5.531152859280746e-07
190 7.481659357533659e-07
191 5.942901150979301e-07
192 7.024417917532673e-07
193 6.878770161826697e-07
194 5.989963789061041e-07
195 4.6026210406044054e-07
196 7.116365361344689e-07
197 5.011261610265999e-07
198 6.930381150105645e-07
199 6.652235257276522e-07
200 6.255579179307586e-07
201 6.305882095357474e-07
202 6.643775295378587e-07
203 7.800769923076752e-07
204 6.319208507558119e-07
205 6.636747540314018e-07
206 4.4428527512311606e-07
207 7.040172018556758e-07
208 6.320401362648994e-07
209 5.698949013073874e-07
210 6.521566347444828e-07
211 7.151538999416263e-07
212 5.867620543181204e-07
213 5.809225752278094e-07
214 7.086315234822406e-07
215 5.602138336752798e-07
216 5.994059250127741e-07
217 5.948588155897389e-07
218 4.825194781483475e-07
219 6.274705888712341e-07
220 6.062883814873197e-07
221 5.775129554030261e-07
222 4.788377820362033e-07
223 6.276262927203312e-07
224 6.068167165153278e-07
225 5.725992804528961e-07
226 6.452960521658862e-07
227 6.910777171202085e-07
228 6.122835329447148e-07
229 5.357314856439952e-07
230 5.040543661430347e-07
231 6.125041852307743e-07
232 7.14976285612345e-07
233 6.129015108546081e-07
234 6.432107291668962e-07
235 7.762278321100146e-07
236 5.589020492487863e-07
237 8.35276336901732e-07
238 6.247557574216736e-07
239 5.745826250020765e-07
240 6.352725953508957e-07
241 6.025964154604744e-07
242 7.128123116974927e-07
243 6.467920484989739e-07
244 6.536665289583994e-07
245 5.585917537029755e-07
246 6.575353030732796e-07
247 6.864462690986514e-07
248 7.215477679295291e-07
249 6.654582747941378e-07
250 6.825269153485449e-07
251 6.425615077270926e-07
252 6.723738378608151e-07
253 6.380665014660822e-07
254 7.635171439113717e-07
255 6.509344061177508e-07
256 6.787554399752422e-07
257 6.4062547540227e-07
258 6.888789856785871e-07
259 5.056047261290971e-07
260 7.278795540059469e-07
261 6.234829118631162e-07
262 5.985350645575659e-07
263 6.182257587127055e-07
264 5.593508423386935e-07
265 5.632464273588797e-07
266 7.335550727489737e-07
267 7.305525429744242e-07
268 5.748173044975879e-07
269 5.689897639797206e-07
270 5.50593413251726e-07
271 6.981595552481894e-07
272 6.852728560708982e-07
273 6.675708355706803e-07
274 6.572762210577976e-07
275 7.010858452464907e-07
276 6.902459986377167e-07
277 5.996827811719198e-07
278 5.454652482668346e-07
279 5.770821971011456e-07
280 5.891112406033283e-07
281 6.619182199070666e-07
282 6.45718703604978e-07
283 6.614454881285185e-07
284 5.925837036418968e-07
285 4.632517367710337e-07
286 5.612128954412537e-07
287 5.465098102359971e-07
288 5.291690809881421e-07
289 6.415814448916353e-07
290 7.238763007057155e-07
291 6.173501120852083e-07
292 6.922915172402309e-07
293 5.217891257650354e-07
294 6.842369367856169e-07
295 6.423463302450823e-07
296 7.226680501577827e-07
297 5.648721469769712e-07
298 5.374942203039091e-07
299 6.251991140342739e-07
300 4.907256887097756e-07
301 6.68685383981203e-07
302 6.897396898184666e-07
303 5.626343714066592e-07
304 6.221065449441838e-07
305 6.061786573907377e-07
306 6.80682155888943e-07
307 6.058095392684701e-07
308 5.538372183525575e-07
309 5.595426875577452e-07
310 6.787688514448263e-07
311 4.953648288474452e-07
312 6.06546555668749e-07
313 4.5603751313654704e-07
314 6.82590120020519e-07
315 6.236767268037188e-07
316 5.538042377255164e-07
317 6.279157478336124e-07
318 7.430591683927426e-07
319 5.198981568944649e-07
320 5.834511579540945e-07
321 6.590307943411085e-07
322 5.297840031165082e-07
323 6.049666374866223e-07
324 5.899180596947211e-07
325 6.601097123750452e-07
326 6.276946986636468e-07
327 6.06668448284895e-07
328 5.287374308920016e-07
329 5.112511915691385e-07
330 6.19612893984923e-07
331 7.484571755375925e-07
332 6.136171419587029e-07
333 4.704163525561671e-07
334 6.110644429437605e-07
335 6.560685440933932e-07
336 5.68957614086595e-07
337 5.755915031121036e-07
338 5.251748397961723e-07
339 6.452973849417043e-07
340 7.342673681108554e-07
341 6.739581156137198e-07
342 6.300156491241971e-07
343 6.215703760812157e-07
344 5.60839830813965e-07
345 6.523635680965717e-07
346 5.500218582886682e-07
347 6.845536360000511e-07
348 7.246095038643968e-07
349 6.111975178964194e-07
350 6.577674898351563e-07
351 5.585655122399282e-07
352 4.6372789099940015e-07
353 5.515824317154519e-07
354 6.239346883843396e-07
355 6.60495005609692e-07
356 5.69148781268587e-07
357 6.470727720658154e-07
358 6.414529482657858e-07
359 5.733578353568003e-07
360 5.575910730744614e-07
361 5.397340877001631e-07
362 6.9123136234972e-07
363 6.379162510256855e-07
364 5.349133823326535e-07
365 5.514958715391914e-07
366 6.900452677957464e-07
367 6.156472210896925e-07
368 5.714241347379542e-07
369 7.703594485302321e-07
370 6.574988976170376e-07
371 6.428685614463224e-07
372 6.42505115863446e-07
373 5.948855159542476e-07
374 5.968273520417837e-07
375 6.799942850816871e-07
376 4.744925893463433e-07
377 6.266502274050458e-07
378 6.577610029790675e-07
379 7.294888188344229e-07
380 5.894067074394164e-07
381 6.811761869792205e-07
382 6.713162521665369e-07
383 6.017114651367324e-07
384 6.53372677499934e-07
385 5.730742219133374e-07
386 6.637325347493061e-07
387 6.681860116207613e-07
388 6.742668705577725e-07
389 6.222540180669558e-07
390 6.923482022403875e-07
391 6.125195275475877e-07
392 6.023497048628016e-07
393 5.715005819322357e-07
394 6.312509332366019e-07
395 7.322586484524155e-07
396 5.603823400019529e-07
397 5.832112546208588e-07
398 6.03557558022727e-07
399 6.510858056770579e-07
400 6.838057124135658e-07
401 5.466372811822596e-07
402 6.39569960805305e-07
403 4.723585896407992e-07
404 6.22058266670283e-07
405 6.025641847703452e-07
406 5.602159963363419e-07
407 7.502909237635552e-07
408 5.45890144097755e-07
409 6.081384629479485e-07
410 5.614174830507735e-07
411 7.175321653871764e-07
412 6.107275856762251e-07
413 5.945677925431672e-07
414 5.519415343611038e-07
415 7.150838891658495e-07
416 5.700057583462914e-07
417 7.299597681109717e-07
418 6.580807254633848e-07
419 6.350070586449158e-07
420 5.805802580953769e-07
421 6.394212434456085e-07
422 5.946977754780023e-07
423 6.995898667284484e-07
424 6.851580473551116e-07
425 5.971581943254544e-07
426 7.547909859974575e-07
427 6.960909299433069e-07
428 7.262175735815969e-07
429 5.83510322940421e-07
430 6.910813268521749e-07
431 7.063371095455053e-07
432 5.624168609380813e-07
433 5.882280341506973e-07
434 7.703722627260188e-07
435 5.911083343266232e-07
436 6.397110105217919e-07
437 6.944148503111114e-07
438 6.330600782517187e-07
439 6.724125528325881e-07
440 6.658950487760628e-07
441 5.696353591908328e-07
442 5.520428361942024e-07
443 6.238503176127681e-07
444 5.870021150293374e-07
445 6.37227098989879e-07
446 6.83606340937527e-07
447 6.327483509493719e-07
448 5.827010059791724e-07
449 5.19565491874293e-07
450 4.994844390393225e-07
451 7.033717443676875e-07
452 4.982667181261857e-07
453 5.254602433234562e-07
454 5.935259277337197e-07
455 5.928998758469759e-07
456 6.313603588385834e-07
457 4.99507378379143e-07
458 5.721796170709844e-07
459 6.290751936655998e-07
460 5.245741208112695e-07
461 5.517518595449792e-07
462 6.756775536406223e-07
463 6.914821471029457e-07
464 6.145087210902896e-07
465 6.588172499676255e-07
466 6.446877222008118e-07
467 6.290510657929015e-07
468 5.24646894079742e-07
469 5.421128556189038e-07
470 6.051339123262871e-07
471 6.935320524934376e-07
472 4.662786855667071e-07
473 8.29545690881854e-07
474 6.090093463440261e-07
475 5.912651057383625e-07
476 6.04524414979621e-07
477 5.726319264226396e-07
478 5.868521384612466e-07
479 5.739518367228512e-07
480 6.600428870251214e-07
481 6.985055735714178e-07
482 3.8971343596282995e-07
483 6.375360435451987e-07
484 5.810589796540769e-07
485 6.798053801152855e-07
486 5.010919435842424e-07
487 6.764967195486867e-07
488 6.133837692796079e-07
489 5.512689824658383e-07
490 5.840082696523338e-07
491 6.763285113852631e-07
492 4.0848902520794493e-07
493 3.5792869016608833e-07
494 5.787300224272135e-07
495 5.672862201237637e-07
496 7.215550331039237e-07
497 6.5737081440361e-07
498 5.630633144047668e-07
499 5.130291916679948e-07
500 6.630004028494486e-07
501 6.004824685852533e-07
502 5.245165140012936e-07
503 5.742866121538743e-07
504 5.282957224251358e-07
505 5.815153169741075e-07
506 6.229403021927447e-07
507 6.062405085012117e-07
508 6.033567166934198e-07
509 7.200295092208661e-07
510 5.763190385191164e-07
511 6.040283685917487e-07
512 6.84359854904016e-07
513 5.823091155021053e-07
514 5.406274414093737e-07
515 6.369017260028237e-07
516 6.930909643763854e-07
517 4.946544490082119e-07
518 6.561629330583882e-07
519 5.635430097897519e-07
520 4.4094447306874943e-07
521 7.270729007697945e-07
522 5.707462303717448e-07
523 5.835792600821774e-07
524 7.559003164830371e-07
525 6.243801358256308e-07
526 5.231697669314248e-07
527 5.095310054621059e-07
528 6.015699637286871e-07
529 5.484941778786799e-07
530 6.25157115998389e-07
531 6.01947134246367e-07
532 6.833339804463107e-07
533 6.841214802862864e-07
534 6.370646753299591e-07
535 4.832129569902138e-07
536 5.630823446581632e-07
537 6.624526553666666e-07
538 6.210630650244776e-07
539 5.598813971268116e-07
540 5.217404363940225e-07
541 8.152160360149893e-07
542 4.7340316858337054e-07
543 5.300813885698829e-07
544 5.215940956400614e-07
545 4.825054937197574e-07
546 6.610086111281012e-07
547 7.739611677222648e-07
548 6.883990839584555e-07
549 5.809426492546235e-07
550 4.6925837669018187e-07
551 5.657736670156486e-07
552 7.053752568550745e-07
553 7.093856811826302e-07
554 6.22331248276267e-07
555 7.086434357962441e-07
556 4.48138222848082e-07
557 5.881508070572338e-07
558 5.972514693725486e-07
559 6.751235884735503e-07
560 5.975761824526352e-07
561 5.077837338875546e-07
562 6.934331764832042e-07
563 4.77008466006017e-07
564 6.60269071303657e-07
565 5.566433921700894e-07
566 7.72657572905218e-07
567 5.423463328640514e-07
568 5.117546154351527e-07
569 5.01265696498676e-07
570 5.328522945381081e-07
571 6.398187798814973e-07
572 6.620860344485158e-07
573 5.554411794882509e-07
574 5.794153952157102e-07
575 5.058239382805785e-07
576 5.993955653060569e-07
577 5.116483655017527e-07
578 6.534239375225328e-07
579 5.201930778691547e-07
580 5.801756678755206e-07
581 5.225574118128054e-07
582 5.487813210024723e-07
583 6.502518325645108e-07
584 7.704143109642262e-07
585 5.805064620735959e-07
586 6.296243693055474e-07
587 4.880490712564135e-07
588 5.663791282575146e-07
589 6.084408925706887e-07
590 7.223941730781149e-07
591 5.747589951911097e-07
592 5.632158383685953e-07
593 8.099846032601923e-07
594 6.098680547719255e-07
595 5.865500701509273e-07
596 7.3573097843836e-07
597 6.301245334928659e-07
598 5.193458376354363e-07
599 6.914238532573633e-07
600 4.613393907126343e-07
601 6.33158816805476e-07
602 6.904016959634236e-07
603 6.959068770089051e-07
604 6.677208217234167e-07
605 4.992811840964856e-07
606 7.042583145169691e-07
607 5.895436093509543e-07
608 6.83299992206904e-07
609 7.069270235385167e-07
610 8.06665246916937e-07
611 5.89843093935914e-07
612 6.228924896631413e-07
613 5.425154775236015e-07
614 4.7276088600097323e-07
615 6.4113782335303e-07
616 5.59281218917129e-07
617 4.478503455255608e-07
618 5.424118644289024e-07
619 5.521847684228343e-07
620 5.229629228314367e-07
621 5.950107987384125e-07
622 6.777335750437714e-07
623 6.065528595077331e-07
624 5.336229083250394e-07
625 7.008729166235406e-07
626 6.064379322904613e-07
627 5.26239440992771e-07
628 5.037141869600921e-07
629 6.697543175378034e-07
630 6.943991730306793e-07
631 7.438088868590229e-07
632 6.326226857071424e-07
633 6.568971603680011e-07
634 7.420092387910392e-07
635 6.968975240454515e-07
636 6.929057701521069e-07
637 6.264256626593693e-07
638 4.1731667065488053e-07
639 5.050515947522431e-07
640 5.655779976336605e-07
641 6.338521225809567e-07
642 4.921225128077238e-07
643 6.75368146970282e-07
644 6.158142346100031e-07
645 6.99707549463024e-07
646 5.795181242653764e-07
647 6.308797552387283e-07
648 6.454738254867417e-07
649 4.5616544456669583e-07
650 5.791989087016684e-07
651 6.653835815220973e-07
652 6.032041798670097e-07
653 7.147856154339026e-07
654 6.397967077088173e-07
655 6.302120234137034e-07
656 6.818524544989933e-07
657 5.787974750684884e-07
658 6.416047189227586e-07
659 6.124767508630092e-07
660 5.376486994517199e-07
661 6.414630478119088e-07
662 7.137157933942328e-07
663 7.043344604835992e-07
664 6.291099970485036e-07
665 5.486512511445676e-07
666 6.455686938585468e-07
667 4.840910666571901e-07
668 6.607952306417275e-07
669 6.997183467309161e-07
670 6.843619289993418e-07
671 5.706236663381697e-07
672 6.538315602383226e-07
673 5.640600514404506e-07
674 5.81983521934087e-07
675 6.880858437311355e-07
676 5.27304447930244e-07
677 6.656468687286556e-07
678 7.837648046321621e-07
679 5.091980089651914e-07
680 6.782434343181129e-07
681 5.970966264282847e-07
682 5.304098467677396e-07
683 7.060324933872497e-07
684 5.744649250882888e-07
685 5.338526949663005e-07
686 5.603406846172449e-07
687 6.348884639828799e-07
688 5.284001257927952e-07
689 5.926428956384378e-07
690 6.41303331545783e-07
691 6.767285486549702e-07
692 4.6887330411597613e-07
693 6.838650595714532e-07
694 5.301421867846342e-07
695 6.694259287048128e-07
696 5.380985445974164e-07
697 5.973731325872807e-07
698 7.07738399202604e-07
699 4.91089952472447e-07
700 7.832248747339828e-07
701 6.334893859340827e-07
702 6.831032166021281e-07
703 6.422940250251054e-07
704 6.156013933319183e-07
705 5.707183894617432e-07
706 5.881021352653462e-07
707 4.922986687349184e-07
708 6.011686583732802e-07
709 5.11355067683478e-07
710 5.846332896854292e-07
711 6.177607645027893e-07
712 7.010712859094459e-07
713 6.196948514575241e-07
714 5.557062451126829e-07
715 5.398695257923274e-07
716 5.931417735191757e-07
717 8.017906368523205e-07
718 5.67183311541163e-07
719 5.057843082090394e-07
720 6.781599757443064e-07
721 4.5831827261347666e-07
722 6.460041609718042e-07
723 4.4893620306497546e-07
724 5.651843433750815e-07
725 6.74729825005573e-07
726 6.883042247496257e-07
727 7.211982529731939e-07
728 6.694433783657341e-07
729 7.481909890048407e-07
730 4.1256070559693567e-07
731 7.175583332365243e-07
732 5.758335360121961e-07
733 5.548752710528393e-07
734 6.881914138299913e-07
735 5.426313371779078e-07
736 6.522015917095805e-07
737 6.402610805150875e-07
738 6.10498085654653e-07
739 5.203551303152019e-07
740 6.470669760144782e-07
741 5.565763965567591e-07
742 6.96809942533185e-07
743 8.301537427710982e-07
744 6.497736430674268e-07
745 6.582383594226797e-07
746 5.778605025870974e-07
747 5.216898016303478e-07
748 6.576409663997786e-07
749 5.524191912370027e-07
750 5.110969108055307e-07
751 5.82715945873651e-07
752 6.185940861448102e-07
753 6.653882795724058e-07
754 5.396960716013885e-07
755 6.41455110801075e-07
756 6.572704714287525e-07
757 4.5301854730418545e-07
758 5.193901500557878e-07
759 7.06323465028268e-07
760 6.942604896817014e-07
761 6.379768626461698e-07
762 6.829347614247729e-07
763 6.663665666336349e-07
764 7.114740892174676e-07
765 4.427708867193115e-07
766 6.314510592648529e-07
767 7.077852149526991e-07
768 6.30076442863543e-07
769 7.497762111854434e-07
770 5.709259304546864e-07
771 7.409074332062855e-07
772 6.710925036328326e-07
773 5.659160932312458e-07
774 5.696758627283034e-07
775 4.4408104580923227e-07
776 7.386169389927327e-07
777 6.8479926943574e-07
778 6.657967185124028e-07
779 6.45375376106019e-07
780 6.88054109645754e-07
781 7.062211649037105e-07
782 6.878546765544789e-07
783 6.155470200462038e-07
784 5.571941382596738e-07
785 6.391958449237378e-07
786 6.230048783026902e-07
787 5.747422254360793e-07
788 8.008508921065777e-07
789 5.353629084043118e-07
790 6.011482369770148e-07
791 6.402057902694708e-07
792 6.678707732189858e-07
793 6.077361227501414e-07
794 4.840605363379244e-07
795 3.608865849761174e-07
796 5.319531298127882e-07
797 5.70154538844475e-07
798 6.473401204193843e-07
799 6.031492421142958e-07
800 5.223730690209565e-07
801 5.478695732226695e-07
802 6.371269252738004e-07
803 6.83892608495701e-07
804 6.551105332115882e-07
805 5.985839549803517e-07
806 6.038618528794968e-07
807 8.093976591279288e-07
808 6.090420054475805e-07
809 6.560084739000402e-07
810 5.203961724378206e-07
811 5.599069130714615e-07
812 6.945992081819386e-07
813 6.35719582631395e-07
814 6.187638304894615e-07
815 6.921264285333429e-07
816 6.439057839876607e-07
817 6.072682025545398e-07
818 5.936725732132549e-07
819 6.094970139022771e-07
820 6.737460669434711e-07
821 6.130924080644071e-07
822 4.784918005795256e-07
823 6.476907150125222e-07
824 6.66043479006955e-07
825 5.74209433905382e-07
826 6.724737875508422e-07
827 4.5621585977725713e-07
828 5.526793533697897e-07
829 6.213610737832133e-07
830 5.147322137960028e-07
831 6.203232185277433e-07
832 7.176159544964407e-07
833 6.222631843565024e-07
834 6.886567432317665e-07
835 6.897646227195649e-07
836 6.947418580758981e-07
837 6.876214896350974e-07
838 6.210613243946468e-07
839 5.597864337005803e-07
840 7.430973508921096e-07
841 5.431899009894248e-07
842 5.239915715466887e-07
843 5.110964769102595e-07
844 6.570169028738597e-07
845 5.920787379322163e-07
846 5.43218720080859e-07
847 6.73806734241829e-07
848 6.475957710830076e-07
849 4.975404458370134e-07
850 6.095541757395975e-07
851 6.517220344189822e-07
852 7.299228959325934e-07
853 4.3888361899424115e-07
854 4.988027347258719e-07
855 7.383058841319417e-07
856 7.117967879074475e-07
857 5.925101240832472e-07
858 6.996354674245372e-07
859 6.638293433152445e-07
860 6.886159270272732e-07
861 5.773094428377406e-07
862 6.103470354885722e-07
863 4.834673280529948e-07
864 6.484998223383841e-07
865 7.416072736882322e-07
866 6.135571785669724e-07
867 5.824597967623738e-07
868 6.958775785304495e-07
869 5.948928424165561e-07
870 6.4363007105277e-07
871 7.147918530287035e-07
872 5.14105181085456e-07
873 7.11158497340081e-07
874 5.33448348426822e-07
875 8.286845570708899e-07
876 4.5235732855782467e-07
877 4.840761867782723e-07
878 6.229446877116124e-07
879 6.184436339876433e-07
880 5.168598765730612e-07
881 5.390659854480916e-07
882 7.74240195844985e-07
883 6.334849946322933e-07
884 7.85458849963769e-07
885 5.877935288267863e-07
886 6.60342352437669e-07
887 6.175724969293122e-07
888 7.276980658784999e-07
889 6.329976656317842e-07
890 7.833686513220921e-07
891 5.188815603700312e-07
892 5.901313559377816e-07
893 6.090267675455174e-07
894 7.460843489033996e-07
895 5.6512776099779e-07
896 6.903684721429871e-07
897 5.914782865749573e-07
898 7.139310144407862e-07
899 6.50817707751699e-07
900 5.8149520293665e-07
901 5.579628757863508e-07
902 7.263352622064304e-07
903 6.433592425695087e-07
904 5.647320814027833e-07
905 6.457259689953948e-07
906 6.238560864481296e-07
907 6.607092775069867e-07
908 6.599320996061397e-07
909 6.801015273758368e-07
910 5.397501868343376e-07
911 6.696172906314341e-07
912 6.23937285840715e-07
913 7.664341628151744e-07
914 6.636001860248653e-07
915 6.810634101484655e-07
916 5.534314229260564e-07
917 6.069717529154724e-07
918 6.965178647349345e-07
919 6.097392411397173e-07
920 6.365387496721432e-07
921 5.654276877101815e-07
922 6.373251180879328e-07
923 6.773667685198592e-07
924 6.860764052390525e-07
925 5.959655986945614e-07
926 7.595355247443903e-07
927 7.703998202056155e-07
928 5.721246597396457e-07
929 6.435864706173226e-07
930 5.725304358660922e-07
931 4.3772542751491246e-07
932 6.549151064428606e-07
933 6.0871046756931e-07
934 6.978386799286099e-07
935 7.413458957901126e-07
936 5.938490489397947e-07
937 6.913312796012977e-07
938 5.544759825031e-07
939 5.94921046054419e-07
940 5.759235144691035e-07
941 6.347642920566698e-07
942 6.33224736414666e-07
943 6.747432901052086e-07
944 6.589856371980833e-07
945 5.35737578602542e-07
946 5.669244459029351e-07
947 5.716938307451645e-07
948 5.730498420364364e-07
949 6.725418633924376e-07
950 6.222574476444649e-07
951 6.606936451743797e-07
952 6.191448715800122e-07
953 6.574092407309541e-07
954 5.164819989661991e-07
955 6.305191644534896e-07
956 5.714132529154634e-07
957 5.70892491628982e-07
958 7.032797824645867e-07
959 5.912178540093997e-07
960 5.626515225980153e-07
961 6.53130082844686e-07
962 5.664063400572976e-07
963 6.443661391647983e-07
964 5.257164324846233e-07
965 6.699262233046546e-07
966 6.657151138436303e-07
967 5.907315366091462e-07
968 6.672757197694503e-07
969 6.329819680984505e-07
970 6.687741449686335e-07
971 6.302335462113062e-07
972 5.988187461582971e-07
973 6.783127045751782e-07
974 7.587080056688096e-07
975 6.126845843363235e-07
976 7.071868390867693e-07
977 5.665973911667225e-07
978 4.919005682083242e-07
979 6.397130732650282e-07
980 6.416790687244825e-07
981 6.355270022494375e-07
982 5.871283846535093e-07
983 5.16605842055703e-07
984 5.670321799485139e-07
985 5.515710029445483e-07
986 8.293410060013397e-07
987 5.868832541503852e-07
988 4.927886158899599e-07
989 5.623929668812708e-07
990 7.430718363903449e-07
991 6.09771107357213e-07
992 6.511366133398563e-07
993 6.571648919570841e-07
994 7.070959247622517e-07
995 5.446928542585345e-07
996 7.306881720186351e-07
997 5.986003251798013e-07
998 5.492527263755343e-07
999 7.125542867026207e-07
