0 1.4406188447087292e-08
1 1.63544777735273e-08
2 1.599660298461324e-08
3 1.504898596183532e-08
4 1.537619911614402e-08
5 1.5503031097464015e-08
6 1.7517717323751108e-08
7 1.5765583874923803e-08
8 1.5295357311771077e-08
9 1.2505650305238714e-08
10 1.5133914613402716e-08
11 1.820414963098269e-08
12 1.3654620206879607e-08
13 1.6554160567359435e-08
14 1.6976910175210084e-08
15 1.4982511444071573e-08
16 1.5447192980691548e-08
17 1.5109666959629537e-08
18 1.5135899725348182e-08
19 1.3863710961202777e-08
20 1.4422673356054001e-08
21 1.7630325390866263e-08
22 1.4955221542154633e-08
23 1.4844398118541846e-08
24 1.4203260369569076e-08
25 1.3690673471270072e-08
26 1.5665699718031172e-08
27 1.692292556939766e-08
28 1.5101779597278835e-08
29 1.5157552848850738e-08
30 1.4879135435311527e-08
31 1.5283929417464096e-08
32 1.5339769182551577e-08
33 1.6028954533919558e-08
34 1.5064068387129398e-08
35 1.4819604266158042e-08
36 1.5777358539449537e-08
37 1.4326677216520289e-08
38 1.4021737355687346e-08
39 1.5961183297655972e-08
40 1.4886023804870186e-08
41 1.6437506683711905e-08
42 1.5095730666891405e-08
43 1.4237171468512947e-08
44 1.791820998487274e-08
45 1.5682339979365503e-08
46 1.513028495658057e-08
47 1.6093175397386235e-08
48 1.5141629138385975e-08
49 1.5780514993060102e-08
50 1.6649686462160518e-08
51 1.5082816540553905e-08
52 1.389799515955679e-08
53 1.5069549343913946e-08
54 1.610421806018327e-08
55 1.57767070483464e-08
56 1.6651969651025655e-08
57 1.4880665389817857e-08
58 1.5045719674457556e-08
59 1.587894888970892e-08
60 1.6016909966429022e-08
61 1.4603695369003403e-08
62 1.5340749542291233e-08
63 1.534698838907146e-08
64 1.5261785822034e-08
65 1.634833498354819e-08
66 1.434193844774798e-08
67 1.8085136918245098e-08
68 1.3374189771495027e-08
69 1.739094539726672e-08
70 1.5821424959799105e-08
71 1.4967991063596818e-08
72 1.506418720059108e-08
73 1.5694751247571623e-08
74 1.552293559912717e-08
75 1.4660396126898205e-08
76 1.707857943475206e-08
77 1.5971400293122752e-08
78 1.6308015970115445e-08
79 1.4985057446408154e-08
80 1.4731796888372132e-08
81 1.4321104389003648e-08
82 1.4741891538361673e-08
83 1.479978830475322e-08
84 1.4677621959389408e-08
85 1.516778422851166e-08
86 1.563193396081131e-08
87 1.5770921316619057e-08
88 1.4147578557373861e-08
89 1.5178486235402425e-08
90 1.512728446864938e-08
91 1.6169846347233698e-08
92 1.5651949789341646e-08
93 1.4320302555381377e-08
94 1.5994808360336157e-08
95 1.7056072696784017e-08
96 1.56919208307192e-08
97 1.5916695271173146e-08
98 1.5960679949056554e-08
99 1.6882472571479008e-08
100 1.5953184753138514e-08
101 1.650671941557094e-08
102 1.6270923433528177e-08
103 1.6933419018971806e-08
104 1.541900932319894e-08
105 1.6186749025037835e-08
106 1.6220369291260965e-08
107 1.5089739278636925e-08
108 1.4567320984261647e-08
109 1.6182569144494624e-08
110 1.4561367346912879e-08
111 1.4970444108364485e-08
112 1.567210542056219e-08
113 1.696398513911328e-08
114 1.6209264035446034e-08
115 1.5754589881508312e-08
116 1.5621730072563863e-08
117 1.5271711897000122e-08
118 1.543745915340892e-08
119 1.523746967452137e-08
120 1.5611556485668838e-08
121 1.508168070027544e-08
122 1.4901002298257138e-08
123 1.5551101836548467e-08
124 1.5684253001760572e-08
125 1.5514323867436687e-08
126 1.5506861560037204e-08
127 1.666412272363629e-08
128 1.5189605948945297e-08
129 1.4892107740855957e-08
130 1.5735447646747926e-08
131 1.5149664474509838e-08
132 1.4774078798922269e-08
133 1.596729242502854e-08
134 1.512397519659604e-08
135 1.5516561533586835e-08
136 1.565889923704938e-08
137 1.4853565922799405e-08
138 1.6604205736966733e-08
139 1.533705922657568e-08
140 1.526450442500384e-08
141 1.501429221734394e-08
142 1.4294621772315192e-08
143 1.675028069120422e-08
144 1.5115695526146344e-08
145 1.4119380981727924e-08
146 1.5995435581984716e-08
147 1.6528031839842075e-08
148 1.5464151263583184e-08
149 1.6958916177817252e-08
150 1.504375405034213e-08
151 1.7491728208647096e-08
152 1.4886898224345979e-08
153 1.5645323257030728e-08
154 1.6494674594734706e-08
155 1.5634066571060124e-08
156 1.4777716872512498e-08
157 1.440949231810608e-08
158 1.5300617148656886e-08
159 1.5296111226244703e-08
160 1.4860337431445614e-08
161 1.4605955683615909e-08
162 1.6449224297922672e-08
163 1.699319460004447e-08
164 1.6192975754553976e-08
165 1.5178034337227903e-08
166 1.5764460927322098e-08
167 1.6162552662636422e-08
168 1.529630751181415e-08
169 1.4388468156710852e-08
170 1.6010319878221883e-08
171 1.4156740217911187e-08
172 1.4814621982706773e-08
173 1.5880387371206837e-08
174 1.5838059615888858e-08
175 1.6085792957871125e-08
176 1.474197416521066e-08
177 1.5884614923873552e-08
178 1.6597002762236932e-08
179 1.6203627693972573e-08
180 1.530756199820399e-08
181 1.591153050036631e-08
182 1.5459011538023655e-08
183 1.4469192337739257e-08
184 1.6603906676501555e-08
185 1.4894623623178785e-08
186 1.4374905395404872e-08
187 1.474678170610194e-08
188 1.3944047477520774e-08
189 1.5244191320072987e-08
190 1.6455019836767017e-08
191 1.4698668583567435e-08
192 1.6368973184605756e-08
193 1.649056086636537e-08
194 1.4268125062500344e-08
195 1.540647959020367e-08
196 1.5966370351569946e-08
197 1.3783565404910887e-08
198 1.667516503447996e-08
199 1.6154211072263595e-08
200 1.4649194555764209e-08
201 1.4299419059996665e-08
202 1.6350810002622716e-08
203 1.4443590782249277e-08
204 1.709674257380309e-08
205 1.49849185368564e-08
206 1.565189914520227e-08
207 1.5353304764495658e-08
208 1.567768806887551e-08
209 1.5647712435593386e-08
210 1.6130673350786316e-08
211 1.4569915968062635e-08
212 1.5177316582528022e-08
213 1.5379883649372408e-08
214 1.53364539837737e-08
215 1.64543745429242e-08
216 1.556221574339139e-08
217 1.3786041126253399e-08
218 1.61013439034419e-08
219 1.497130530676107e-08
220 1.487229099454936e-08
221 1.5269046253908043e-08
222 1.4825042828932307e-08
223 1.591341392977212e-08
224 1.6361530810816833e-08
225 1.6050524016674426e-08
226 1.6133317555257984e-08
227 1.5921352907510326e-08
228 1.600174123313105e-08
229 1.5247350851277085e-08
230 1.3584901756172281e-08
231 1.458629206516523e-08
232 1.4171771958016866e-08
233 1.5602730577772066e-08
234 1.6419344955879424e-08
235 1.5969950979806302e-08
236 1.4310736741690543e-08
237 1.5073272824900144e-08
238 1.5990953104765183e-08
239 1.6102543808765698e-08
240 1.6843837300937677e-08
241 1.4476463496178676e-08
242 1.6185392151829718e-08
243 1.5756992744543338e-08
244 1.4884582575060488e-08
245 1.5722703020813164e-08
246 1.7475557992021752e-08
247 1.7880006358473605e-08
248 1.5000556571532792e-08
249 1.522987823378161e-08
250 1.639814799597739e-08
251 1.5541461572042514e-08
252 1.7997230217357495e-08
253 1.4639143897552117e-08
254 1.5658517019103782e-08
255 1.4232099013494391e-08
256 1.719830523052119e-08
257 1.6987883034856106e-08
258 1.6209297139079003e-08
259 1.5563919012080824e-08
260 1.5108246182477424e-08
261 1.4393950350194867e-08
262 1.4119629308267842e-08
263 1.608590938404546e-08
264 1.4600594191273274e-08
265 1.4513035697783231e-08
266 1.553843397071897e-08
267 1.582370667104676e-08
268 1.455664544043432e-08
269 1.5837356623144007e-08
270 1.4507382410658723e-08
271 1.474189861594448e-08
272 1.4510037524206234e-08
273 1.6163474032093237e-08
274 1.5736490751728006e-08
275 1.5596704618194687e-08
276 1.6468677917563842e-08
277 1.5509828081998327e-08
278 1.500477532992253e-08
279 1.5236390899394704e-08
280 1.5818721142183316e-08
281 1.530985383834332e-08
282 1.5539850167476007e-08
283 1.4235159129641116e-08
284 1.5065168566823616e-08
285 1.566488565335775e-08
286 1.6388080959478705e-08
287 1.4922971288868078e-08
288 1.62121164835074e-08
289 1.5618390638547374e-08
290 1.6244016174004428e-08
291 1.5973745501368237e-08
292 1.545972004288226e-08
293 1.590077667842487e-08
294 1.4408606321702177e-08
295 1.5793513742604736e-08
296 1.591055491179667e-08
297 1.3870878226634145e-08
298 1.4990098908288837e-08
299 1.4212926961039442e-08
300 1.5947079202858534e-08
301 1.4392651085949285e-08
302 1.487520050995482e-08
303 1.5034352327152093e-08
304 1.5452671371519653e-08
305 1.4541941433460407e-08
306 1.4799982005328318e-08
307 1.3860488145718328e-08
308 1.50056679527988e-08
309 1.4778033395118492e-08
310 1.5845628585557753e-08
311 1.5022973876907097e-08
312 1.5498679872148552e-08
313 1.4662788222770524e-08
314 1.6767546791557546e-08
315 1.6406666337988346e-08
316 1.3692845447717346e-08
317 1.5984020908358883e-08
318 1.5227092954961562e-08
319 1.5165190818734296e-08
320 1.5514279958658114e-08
321 1.4277821959548157e-08
322 1.6568243117433182e-08
323 1.6000074506581297e-08
324 1.5988716409865053e-08
325 1.7209766629310425e-08
326 1.6657599166700654e-08
327 1.456771028822885e-08
328 1.7679477161756994e-08
329 1.4509574863711481e-08
330 1.5417738610558695e-08
331 1.5090251758428062e-08
332 1.5466889013404405e-08
333 1.6199995826155932e-08
334 1.575587262515546e-08
335 1.4144081195296569e-08
336 1.4761368846607552e-08
337 1.5126517946481314e-08
338 1.4808721730094418e-08
339 1.518651560092981e-08
340 1.4698425672815707e-08
341 1.633016597575208e-08
342 1.536119504209097e-08
343 1.503103975096461e-08
344 1.4724769149998509e-08
345 1.5546832743698292e-08
346 1.578511955365475e-08
347 1.515919549336917e-08
348 1.439787577182256e-08
349 1.5939795185554472e-08
350 1.6972413566098755e-08
351 1.4575568847091307e-08
352 1.564481311433103e-08
353 1.6489264955684283e-08
354 1.4378468753672023e-08
355 1.4492818957229306e-08
356 1.5434673282745872e-08
357 1.5206665721980574e-08
358 1.5121661851249592e-08
359 1.710122505490131e-08
360 1.53907549181177e-08
361 1.4994458089725024e-08
362 1.3716721267568219e-08
363 1.518875762093537e-08
364 1.716795077332246e-08
365 1.4721753460407662e-08
366 1.59123069820262e-08
367 1.582997463150987e-08
368 1.6417900977140715e-08
369 1.5951590864743894e-08
370 1.5328773334828397e-08
371 1.4680277257521727e-08
372 1.6913085401675863e-08
373 1.6705749593771433e-08
374 1.4404089935802015e-08
375 1.5281602411529127e-08
376 1.5842039057424694e-08
377 1.6672297041283404e-08
378 1.4428459963056122e-08
379 1.4874667828360765e-08
380 1.6028416933750284e-08
381 1.5981182381838884e-08
382 1.6233783779634968e-08
383 1.5426050348470587e-08
384 1.4667763346623023e-08
385 1.6837246852526154e-08
386 1.5164669636706253e-08
387 1.4511036686956401e-08
388 1.5458632852502403e-08
389 1.7117192332043184e-08
390 1.7149750634906424e-08
391 1.3374782336332622e-08
392 1.513883710452333e-08
393 1.6055696123317383e-08
394 1.495466090836347e-08
395 1.5284048430267675e-08
396 1.4444037546992652e-08
397 1.469021131613416e-08
398 1.6233689544573796e-08
399 1.598128544266738e-08
400 1.658194437620106e-08
401 1.5588138539772237e-08
402 1.595723755299351e-08
403 1.4184152145995683e-08
404 1.5524362505273335e-08
405 1.4579881319761825e-08
406 1.589876420532837e-08
407 1.543173709446558e-08
408 1.5233570684470134e-08
409 1.6576566252152372e-08
410 1.4469577947418576e-08
411 1.6004526634665096e-08
412 1.62679422953778e-08
413 1.3379498727665413e-08
414 1.5677116473803353e-08
415 1.54300167717245e-08
416 1.653202937772872e-08
417 1.5827070965146142e-08
418 1.5004178964389154e-08
419 1.6553367395420663e-08
420 1.535379032729306e-08
421 1.6216689642546994e-08
422 1.660752142018607e-08
423 1.5300018103362038e-08
424 1.6505483188632672e-08
425 1.6862978831799903e-08
426 1.548912792731099e-08
427 1.545285566274809e-08
428 1.5175695330914777e-08
429 1.5640007914108175e-08
430 1.539448902891976e-08
431 1.609411511981946e-08
432 1.6645687201431004e-08
433 1.6772781339216847e-08
434 1.557332110917533e-08
435 1.4754857063861466e-08
436 1.5387137602489153e-08
437 1.4890438473232527e-08
438 1.5390047586294725e-08
439 1.456823024034871e-08
440 1.5049973857438698e-08
441 1.5853218825750384e-08
442 1.5265228383101453e-08
443 1.601629879517317e-08
444 1.4880173197745434e-08
445 1.5371601688659414e-08
446 1.5785391862431336e-08
447 1.4869934559061524e-08
448 1.4693488229069504e-08
449 1.5439390540249263e-08
450 1.5971178421006598e-08
451 1.572575980406172e-08
452 1.594767663187455e-08
453 1.6894498004269363e-08
454 1.4941234819179976e-08
455 1.446486763898433e-08
456 1.6189385395784976e-08
457 1.4581514057886285e-08
458 1.4152827883780261e-08
459 1.3677698449432201e-08
460 1.3892386769205519e-08
461 1.6014078490806143e-08
462 1.589867199427049e-08
463 1.6194633270314838e-08
464 1.6056640949590238e-08
465 1.514059679107086e-08
466 1.6119339691058844e-08
467 1.506279103859043e-08
468 1.5734173333825263e-08
469 1.50411089053827e-08
470 1.571032665684344e-08
471 1.650992401380132e-08
472 1.4762109344051745e-08
473 1.623694073318635e-08
474 1.5823821369543077e-08
475 1.6464376817470047e-08
476 1.3656851252897067e-08
477 1.518172974798223e-08
478 1.609085106398701e-08
479 1.5963667251026164e-08
480 1.4925629427124085e-08
481 1.6147513076671467e-08
482 1.6138123987112098e-08
483 1.609437780205476e-08
484 1.5928077953604208e-08
485 1.536757016777484e-08
486 1.562021573765786e-08
487 1.546488354079946e-08
488 1.535288785949487e-08
489 1.3721063394016964e-08
490 1.3153775228757117e-08
491 1.4932149752527756e-08
492 1.6488690488010227e-08
493 1.6244729450190187e-08
494 1.77163184128878e-08
495 1.6774923981171935e-08
496 1.2568057157392599e-08
497 1.5322144518607422e-08
498 1.4522913189057396e-08
499 1.4658031864076117e-08
500 1.645523588027039e-08
501 1.4793389291210728e-08
502 1.6957217079524026e-08
503 1.651345476541231e-08
504 1.5233040326685938e-08
505 1.6225192351432772e-08
506 1.5748036275410792e-08
507 1.6438080405109826e-08
508 1.6037979419682393e-08
509 1.592228109908798e-08
510 1.4531963423767826e-08
511 1.5635031387717815e-08
512 1.5852173102784594e-08
513 1.7029909284347738e-08
514 1.5661917012711445e-08
515 1.6049900603146717e-08
516 1.5632343871410348e-08
517 1.6915356130111934e-08
518 1.4946410643774394e-08
519 1.524077452544548e-08
520 1.4237876754238784e-08
521 1.4324217112788203e-08
522 1.4868625929018072e-08
523 1.400236606648743e-08
524 1.550834037676109e-08
525 1.4542480349198161e-08
526 1.4708757020879681e-08
527 1.6018596995504902e-08
528 1.4995023543053952e-08
529 1.5649386137864685e-08
530 1.4648632758962438e-08
531 1.521435738616574e-08
532 1.483233152218405e-08
533 1.6366742350338654e-08
534 1.5604058814088994e-08
535 1.4908388362446736e-08
536 1.237005387726627e-08
537 1.3891701154582883e-08
538 1.4397256414162588e-08
539 1.682529638458187e-08
540 1.464719120860205e-08
541 1.5273891340663645e-08
542 1.620212825576429e-08
543 1.747131092368645e-08
544 1.6431502127757537e-08
545 1.6200021486733156e-08
546 1.618728998396062e-08
547 1.6063610532707546e-08
548 1.5559866000410747e-08
549 1.4433301205777391e-08
550 1.5015787343748647e-08
551 1.583808840439739e-08
552 1.5263437885062026e-08
553 1.6621474740184862e-08
554 1.4724270634892168e-08
555 1.6824468392644316e-08
556 1.6343360221199635e-08
557 1.6923212837778404e-08
558 1.5143451924527184e-08
559 1.5559177319252542e-08
560 1.4056577737712234e-08
561 1.5549060710705636e-08
562 1.514019172211557e-08
563 1.6487613303421327e-08
564 1.617267526705357e-08
565 1.4211836149962161e-08
566 1.5935163348558054e-08
567 1.646168890217526e-08
568 1.3814925708018882e-08
569 1.5085988107770324e-08
570 1.6262331021716743e-08
571 1.488867287811355e-08
572 1.4497471907229892e-08
573 1.566100261588396e-08
574 1.5889930141250476e-08
575 1.4780771909575572e-08
576 1.531913739647939e-08
577 1.605660995230911e-08
578 1.4228506957864342e-08
579 1.53132345924257e-08
580 1.3899227477912583e-08
581 1.463870361171885e-08
582 1.4017064605098685e-08
583 1.626070952427639e-08
584 1.447617930994656e-08
585 1.4918183158266383e-08
586 1.6020090932133695e-08
587 1.6592643210199925e-08
588 1.5283501529424186e-08
589 1.528686000962371e-08
590 1.581138946857772e-08
591 1.608055794971967e-08
592 1.6730190532679412e-08
593 1.5324982368802126e-08
594 1.5744061800218076e-08
595 1.5748119613400245e-08
596 1.449398081923112e-08
597 1.4410898817225757e-08
598 1.6018099587232094e-08
599 1.5570932193999515e-08
600 1.6681004534861926e-08
601 1.5930067885631176e-08
602 1.4775249551363171e-08
603 1.6452807362427352e-08
604 1.5364842586463416e-08
605 1.4839470727847061e-08
606 1.3948269179716757e-08
607 1.5370712410051197e-08
608 1.6340496127897613e-08
609 1.5246672399703372e-08
610 1.4962611500239432e-08
611 1.6676490942355035e-08
612 1.4990275347246307e-08
613 1.698236893280476e-08
614 1.437883129520125e-08
615 1.5359561331037025e-08
616 1.3911806054738628e-08
617 1.6229005946721116e-08
618 1.5739953492595027e-08
619 1.6332165595626997e-08
620 1.63424249855607e-08
621 1.4811747073708356e-08
622 1.8407891849497333e-08
623 1.530346527669412e-08
624 1.5897554240177057e-08
625 1.6556263941723767e-08
626 1.5141847617459995e-08
627 1.4542061093484808e-08
628 1.5868487963435954e-08
629 1.5304380604301046e-08
630 1.5090841123968475e-08
631 1.6831892101947188e-08
632 1.5291084494159205e-08
633 1.520231068381184e-08
634 1.5508201044179703e-08
635 1.4914121955356036e-08
636 1.4967251458160444e-08
637 1.6895773907432423e-08
638 1.384149301038747e-08
639 1.4498536842159143e-08
640 1.5184944190992356e-08
641 1.5286375803737516e-08
642 1.622490647976552e-08
643 1.6581704174673233e-08
644 1.5741609944065433e-08
645 1.5884394400913553e-08
646 1.6877507184985536e-08
647 1.5421149250529728e-08
648 1.5651403501953487e-08
649 1.4846896476628075e-08
650 1.4409555930623955e-08
651 1.5982818085063217e-08
652 1.4890559527774177e-08
653 1.4919964141263598e-08
654 1.4683465033024689e-08
655 1.5074382543829185e-08
656 1.4787507431424049e-08
657 1.3981280038845501e-08
658 1.601179502060766e-08
659 1.5558629702500666e-08
660 1.574579712017838e-08
661 1.467428099752644e-08
662 1.6923354254071714e-08
663 1.578478448293162e-08
664 1.3664354417128912e-08
665 1.522902296985801e-08
666 1.5226083879508353e-08
667 1.4407859165664822e-08
668 1.4370047921471641e-08
669 1.4060472985733328e-08
670 1.4840068486861691e-08
671 1.487365738255412e-08
672 1.5057163077931097e-08
673 1.6047281650316042e-08
674 1.5747039912692147e-08
675 1.4930290804051344e-08
676 1.311157544948203e-08
677 1.4995481374531997e-08
678 1.548152246881825e-08
679 1.5997265475568507e-08
680 1.5198519196591495e-08
681 1.4440936879119973e-08
682 1.652443740443984e-08
683 1.55831433417866e-08
684 1.6343741291585968e-08
685 1.5339355475898033e-08
686 1.4619018953961233e-08
687 1.5039754886353158e-08
688 1.607724153054692e-08
689 1.6380436392019317e-08
690 1.512934750924085e-08
691 1.6009799273300138e-08
692 1.5012344313772912e-08
693 1.727165341175783e-08
694 1.575412791108776e-08
695 1.4746197470697013e-08
696 1.6090860345841203e-08
697 1.4401714315908464e-08
698 1.5655691456701724e-08
699 1.6138371317135833e-08
700 1.521219090885977e-08
701 1.4626864098129032e-08
702 1.5520039027810906e-08
703 1.3693220817416245e-08
704 1.4637481594310372e-08
705 1.5759807328750452e-08
706 1.3699955486896438e-08
707 1.5725262574043206e-08
708 1.4312640257982764e-08
709 1.515552955535404e-08
710 1.6145458636793507e-08
711 1.5942839297802058e-08
712 1.5323018053619952e-08
713 1.5035359594033703e-08
714 1.705722070964732e-08
715 1.7009632014934147e-08
716 1.6227038675573768e-08
717 1.574192046499496e-08
718 1.5394240322990037e-08
719 1.6515502377278286e-08
720 1.6156980745055548e-08
721 1.582272435999485e-08
722 1.4506113214339077e-08
723 1.4377731284910914e-08
724 1.6672624386938387e-08
725 1.5541494981945373e-08
726 1.6062642037542374e-08
727 1.6426147984079803e-08
728 1.5250281876968618e-08
729 1.5601047864060523e-08
730 1.4213191019643305e-08
731 1.619058133105732e-08
732 1.4899950421253238e-08
733 1.6925993314153115e-08
734 1.6685042148007146e-08
735 1.665101286192882e-08
736 1.627519562164522e-08
737 1.505607514398165e-08
738 1.555963366472282e-08
739 1.438370686512725e-08
740 1.5800279980744912e-08
741 1.4393887604161192e-08
742 1.5579795390051832e-08
743 1.543692991252595e-08
744 1.6334640949176298e-08
745 1.5046592224130647e-08
746 1.6366624356659964e-08
747 1.5889492456508105e-08
748 1.4756518372827803e-08
749 1.5393283733927085e-08
750 1.5770632404454647e-08
751 1.5509195068672643e-08
752 1.7949769062086348e-08
753 1.581660199037013e-08
754 1.5770158824125384e-08
755 1.512794387025078e-08
756 1.587050233012098e-08
757 1.5008766920110255e-08
758 1.6666141241485004e-08
759 1.5831896833221475e-08
760 1.6937505524613347e-08
761 1.5833864629355235e-08
762 1.5666271548257543e-08
763 1.4840182053081367e-08
764 1.6196088664742576e-08
765 1.584031084906669e-08
766 1.6698348274433384e-08
767 1.6241916273098137e-08
768 1.564018502854604e-08
769 1.5056379783726318e-08
770 1.690432002749174e-08
771 1.764226421429002e-08
772 1.725671557744848e-08
773 1.5314491141150578e-08
774 1.4130588228057906e-08
775 1.6113009053664603e-08
776 1.3772536972227045e-08
777 1.578736914720172e-08
778 1.4750875609608293e-08
779 1.4668169775557955e-08
780 1.6976429470482515e-08
781 1.5626511687485283e-08
782 1.6589766536587246e-08
783 1.5064615023854968e-08
784 1.455161687492503e-08
785 1.5758006423360623e-08
786 1.4578277975333404e-08
787 1.497619117222434e-08
788 1.5469527768928165e-08
789 1.4848607796005656e-08
790 1.5014577130953593e-08
791 1.4853914525293316e-08
792 1.6286030953890555e-08
793 1.5821365233221152e-08
794 1.466438319391734e-08
795 1.4929192436438053e-08
796 1.4184775391157264e-08
797 1.560112265227276e-08
798 1.4929515160239916e-08
799 1.784615320578479e-08
800 1.626588740283174e-08
801 1.5961836172592067e-08
802 1.489276890753898e-08
803 1.49835850104357e-08
804 1.6688840709353496e-08
805 1.5152651236976996e-08
806 1.510592330538425e-08
807 1.5260414655137695e-08
808 1.4049140756819148e-08
809 1.3329288969029856e-08
810 1.634887470539299e-08
811 1.5383671441115206e-08
812 1.6510871737172585e-08
813 1.711864725212295e-08
814 1.4495515238688146e-08
815 1.4362879972927878e-08
816 1.5021064923488785e-08
817 1.5599904325297686e-08
818 1.5531804095239286e-08
819 1.6359885568280567e-08
820 1.6003976935735407e-08
821 1.3717702529786184e-08
822 1.586092866924923e-08
823 1.5214673225037112e-08
824 1.4921587591464916e-08
825 1.511865108355132e-08
826 1.5606520428300395e-08
827 1.5163124921450712e-08
828 1.4330428858085917e-08
829 1.5211930424922864e-08
830 1.5087412798792793e-08
831 1.4066833443599993e-08
832 1.64066241863705e-08
833 1.5936981783486262e-08
834 1.5859241215564363e-08
835 1.526147310704524e-08
836 1.562479999614161e-08
837 1.5755704804805417e-08
838 1.5677447507593175e-08
839 1.578116337464987e-08
840 1.5864425603744487e-08
841 1.638871264028082e-08
842 1.4829226380453566e-08
843 1.4498364454559259e-08
844 1.5021694373038725e-08
845 1.593406699135222e-08
846 1.5418897104571952e-08
847 1.5161876278961825e-08
848 1.6037850437928884e-08
849 1.580725123836106e-08
850 1.551634021960181e-08
851 1.6775762021457718e-08
852 1.4492236847575054e-08
853 1.4392470964832117e-08
854 1.6028737290463165e-08
855 1.548383276114396e-08
856 1.485999107841204e-08
857 1.4554842239750649e-08
858 1.3631742550922393e-08
859 1.442172875739805e-08
860 1.509968849715952e-08
861 1.4740802986468802e-08
862 1.341918650959889e-08
863 1.5374490651416422e-08
864 1.50424621827325e-08
865 1.496096987880842e-08
866 1.5912529536809348e-08
867 1.699900731416777e-08
868 1.6080262644453924e-08
869 1.554250786723504e-08
870 1.789457605804558e-08
871 1.5596521875908264e-08
872 1.5485088351275602e-08
873 1.4468079024517729e-08
874 1.4690766560285053e-08
875 1.6018279647011256e-08
876 1.3388053554823112e-08
877 1.52205150959878e-08
878 1.6309635918707546e-08
879 1.5741727540095182e-08
880 1.6379933547011e-08
881 1.8113411410646258e-08
882 1.520223718564272e-08
883 1.578848468020634e-08
884 1.6049628039087648e-08
885 1.664052638748595e-08
886 1.4726378793270572e-08
887 1.3701640461664485e-08
888 1.4671891749089565e-08
889 1.6039245238339743e-08
890 1.527682777119399e-08
891 1.4694372931830624e-08
892 1.5004400640799663e-08
893 1.4808432609418186e-08
894 1.312542309405277e-08
895 1.552185054198932e-08
896 1.5578737306158106e-08
897 1.6122052016674188e-08
898 1.510689058461122e-08
899 1.502547859641082e-08
900 1.5592141479873662e-08
901 1.600460056102443e-08
902 1.5322829004395578e-08
903 1.4486620316392858e-08
904 1.5649333365131816e-08
905 1.4673126776738653e-08
906 1.5397109411007786e-08
907 1.657221981789423e-08
908 1.460909658837682e-08
909 1.4898820193260781e-08
910 1.3483545643849148e-08
911 1.6025953582802223e-08
912 1.51990068858072e-08
913 1.4527677084833651e-08
914 1.4274709671889416e-08
915 1.6430347306643768e-08
916 1.4763009840969072e-08
917 1.4675480272011861e-08
918 1.5716458635187817e-08
919 1.453137473880835e-08
920 1.4646531616215632e-08
921 1.586781020837669e-08
922 1.5180141150561082e-08
923 1.5673258863437312e-08
924 1.5797915713526995e-08
925 1.4870466110032394e-08
926 1.5056808618235404e-08
927 1.621387229295225e-08
928 1.6076097070944177e-08
929 1.4273221897634981e-08
930 1.4764366050406451e-08
931 1.6076135896107986e-08
932 1.6708379495742872e-08
933 1.4013824692308646e-08
934 1.5805609000767654e-08
935 1.562167237618866e-08
936 1.576316468361294e-08
937 1.6090669274678304e-08
938 1.494097832188695e-08
939 1.46538044124189e-08
940 1.5612059019679775e-08
941 1.7349091189132602e-08
942 1.5874278366278976e-08
943 1.6990153854058782e-08
944 1.588321902004177e-08
945 1.5837704371996463e-08
946 1.4957974178875394e-08
947 1.506200945928355e-08
948 1.6065349364691816e-08
949 1.381213353998573e-08
950 1.5473507874633925e-08
951 1.561687842145933e-08
952 1.6023418605010532e-08
953 1.6228765340321642e-08
954 1.506065099374435e-08
955 1.6644814095819803e-08
956 1.6360025084597568e-08
957 1.5468396432545567e-08
958 1.5708503412071542e-08
959 1.526547875183846e-08
960 1.6974607930913014e-08
961 1.4900913331707849e-08
962 1.4824245058040406e-08
963 1.5084465181497585e-08
964 1.394830412241194e-08
965 1.575849270587034e-08
966 1.4744180869479065e-08
967 1.4628307681835439e-08
968 1.5318814100535687e-08
969 1.7089184099249994e-08
970 1.3563468423711059e-08
971 1.560924488749317e-08
972 1.6624960769733044e-08
973 1.599332055570347e-08
974 1.4411102251582555e-08
975 1.656014721214126e-08
976 1.5208562209893828e-08
977 1.582874254962581e-08
978 1.59863818194961e-08
979 1.376052567607263e-08
980 1.4062943119948633e-08
981 1.4514694394996977e-08
982 1.4100605216175828e-08
983 1.6621517320073915e-08
984 1.5537023519853425e-08
985 1.6563678342052906e-08
986 1.4502833866647303e-08
987 1.6218336880050333e-08
988 1.4379176823138412e-08
989 1.6745676183481014e-08
990 1.5014770601272183e-08
991 1.6427985990731685e-08
992 1.507968024565325e-08
993 1.5687279724437034e-08
994 1.5587120093858286e-08
995 1.582668241079381e-08
996 1.5345659923449137e-08
997 1.601911596059522e-08
998 1.6507793754725806e-08
999 1.6064291413091216e-08
