0 -1.929218358295636e-09
1 -7.30956157780829e-08
2 2.537208825407805e-08
3 7.507436858094383e-10
4 3.3398418432806e-08
5 -4.507828247157261e-09
6 3.269207196062312e-08
7 3.5816511129638666e-08
8 1.813662261387503e-08
9 3.843187487252153e-09
10 4.2210178806358626e-08
11 -1.493014265584786e-08
12 6.813512176863674e-08
13 6.446979929765712e-08
14 5.2262323893321904e-08
15 -4.946792694422545e-09
16 3.7046151385677465e-08
17 1.136320973557428e-08
18 2.714981426547336e-08
19 1.4071899697856985e-08
20 9.575844207852578e-08
21 -2.8113434398529496e-08
22 -9.03801966875046e-09
23 2.554681636144972e-08
24 -8.556445618626664e-09
25 1.1289411965310753e-08
26 1.2557568291830647e-08
27 2.9164785118902572e-08
28 -1.477515190957489e-08
29 -7.045912951796945e-09
30 -1.387330011172363e-08
31 8.517713403544108e-08
32 1.327674553922503e-08
33 8.092160991188156e-08
34 3.155861595777701e-08
35 1.8187148545051957e-08
36 8.901854705868068e-08
37 -6.713922923186967e-08
38 7.592111474080807e-09
39 1.0689517756133139e-07
40 7.323756508521393e-08
41 -1.617587608782227e-08
42 3.4409977230530055e-09
43 4.4051060940138525e-08
44 1.663355670491733e-08
45 -1.2461796094139811e-08
46 4.781682888595737e-08
47 3.013230800985767e-08
48 1.5723854093093506e-08
49 7.258140328653621e-08
50 8.393157537200842e-09
51 -5.2356762914006546e-08
52 -1.6656847383860832e-08
53 -8.221000096053897e-09
54 1.4603290522504938e-08
55 -2.1529109435254202e-08
56 1.0928496917603118e-07
57 3.6733337470434e-08
58 1.607421421245332e-08
59 4.512334196238376e-08
60 8.076820950003322e-09
61 -1.2952003842467188e-08
62 2.5340231356882994e-08
63 -1.2400262133639165e-08
64 -2.0724875220175463e-08
65 2.1590759717282714e-08
66 1.2871179144747272e-08
67 2.509396375782279e-08
68 1.5060836059210643e-08
69 -1.2519309084966234e-08
70 4.083896840713214e-08
71 -3.164882446530678e-08
72 2.3753021943008984e-08
73 -6.396926800053011e-09
74 4.4087222985559324e-08
75 6.4126248849847e-08
76 7.526050299033886e-08
77 5.979105766004091e-08
78 6.238371321201685e-08
79 3.038262780509868e-08
80 6.233771021235249e-09
81 2.5843113362376267e-08
82 1.907247123402248e-08
83 6.506400162086968e-08
84 -8.34996677037056e-08
85 -1.2564136234847302e-08
86 1.2003333198850112e-08
87 7.001765268456228e-08
88 -1.8126656872839983e-08
89 -1.5657161090254766e-08
90 5.197163232138471e-08
91 9.844938517703346e-10
92 -3.078169298767488e-08
93 -1.8315907391337507e-08
94 2.7496951148798396e-08
95 1.0077395493398364e-08
96 6.673914843830104e-09
97 -1.076456501042391e-08
98 -2.7371188606701623e-08
99 6.984589367215406e-08
100 -8.869669479221084e-09
101 3.31758693061238e-08
102 3.255851729074582e-08
103 1.1997230019624599e-08
104 1.7539991982412933e-08
105 -5.677781299779119e-08
106 1.9272383507288302e-08
107 3.101675019195897e-08
108 -2.2208389164341472e-08
109 5.1996222599690693e-08
110 1.7828033219517025e-08
111 6.815950868578007e-08
112 2.0805331073852706e-08
113 7.506668816095819e-09
114 1.1197775137889342e-07
115 4.044602808546517e-08
116 1.2027326756113192e-08
117 8.933172684662935e-09
118 4.208745010370827e-08
119 -1.8481743493608725e-08
120 3.6332932150175815e-08
121 1.8498274323604225e-09
122 -3.7462842219036604e-08
123 2.0370907955727555e-08
124 1.2819540105691584e-08
125 2.13655734434352e-08
126 -4.2990370080509484e-09
127 -2.511620512913968e-09
128 6.849872755509092e-08
129 -1.3897306168574525e-08
130 8.696471013506397e-09
131 7.242007840915944e-08
132 5.644816338852601e-08
133 3.884967545273537e-08
134 -1.212591452464057e-11
135 3.5518744799918036e-08
136 -1.1057124099506612e-08
137 1.9775008672011594e-08
138 7.300797373429716e-08
139 9.243909353386218e-09
140 -4.615277619328975e-08
141 2.9591024262262223e-08
142 6.715773574771082e-08
143 2.5665951522570714e-08
144 1.6370209292197304e-08
145 -2.9517137215797558e-08
146 1.0184517093210002e-09
147 -4.557427721228769e-08
148 6.29951277519789e-08
149 5.952351570538563e-09
150 -4.9465912907883886e-08
151 -1.4237158673494757e-08
152 1.7760547885242048e-08
153 -1.772982054892772e-08
154 4.658192261655152e-08
155 1.9396374863553505e-08
156 4.969832957331229e-08
157 7.038248658236526e-08
158 3.304902558541857e-08
159 6.9012668047256e-08
160 -3.823218637805535e-09
161 3.8622821664837094e-08
162 5.01479458582605e-08
163 3.235851568190296e-08
164 -7.423837875807751e-08
165 -2.352240111207462e-09
166 1.6345592385108104e-08
167 3.9229048846263526e-08
168 -1.4986980137003957e-08
169 -3.1177573805601337e-09
170 4.5941280774596394e-08
171 -2.6648252425593517e-08
172 1.113185252362022e-09
173 -2.2717647397461514e-08
174 -3.9878824133102346e-08
175 -2.895966511343379e-10
176 -2.3500645402348474e-08
177 6.2146509721234345e-09
178 4.06481392953439e-08
179 2.4817467341186724e-08
180 9.664961973217644e-09
181 6.943278964965433e-09
182 9.087399317828755e-09
183 -1.4698659519734412e-08
184 -1.73709693328774e-08
185 5.353043692869253e-09
186 1.2510534585977824e-07
187 2.30187004631597e-08
188 5.3623883217865606e-08
189 -6.0328717728307174e-09
190 -2.2834514602953997e-09
191 1.741358047258397e-09
192 -6.451189253308455e-08
193 4.646127706228196e-08
194 3.820869301033876e-08
195 5.2228395895980916e-08
196 -2.0246147992817385e-08
197 2.984566212842307e-08
198 -4.104471858910436e-08
199 2.188139920809818e-08
200 4.525602454154342e-08
201 4.968218539450819e-08
202 -1.4097399539050224e-08
203 9.323505408493897e-09
204 3.344669367802889e-08
205 9.433361556335485e-09
206 3.916895985341772e-08
207 7.401571827271342e-08
208 -1.652301143600961e-08
209 6.3947260377145645e-09
210 4.9303129010083695e-08
211 3.699401931310528e-08
212 -1.8586971371831122e-08
213 5.5945558938140627e-08
214 2.9697903709040488e-08
215 -1.9644013787760653e-08
216 7.864981086863168e-08
217 3.710543761653212e-08
218 3.2654460742346984e-08
219 -9.210247221503437e-09
220 7.948650842197177e-08
221 4.0590281373177784e-08
222 3.6565546239814707e-08
223 1.8969236404843215e-09
224 4.3563958246202096e-08
225 6.023472284121431e-08
226 6.039807077463418e-09
227 2.8934405825064072e-08
228 -2.0225121136130844e-08
229 -2.751464299528868e-09
230 -1.0453339212656224e-08
231 4.555161763805728e-08
232 7.322944868012285e-08
233 -3.826658816395857e-08
234 3.263954792593692e-08
235 2.8724653171210018e-08
236 4.092850883422184e-09
237 2.962489430385796e-08
238 6.178701753238216e-08
239 5.176423325184999e-08
240 -5.113420273804777e-08
241 4.107250453142374e-08
242 5.9565935150391e-08
243 -5.914415564228459e-08
244 3.982909503995504e-09
245 1.5506479452423995e-08
246 5.434805683631645e-08
247 1.9923361481877856e-08
248 -1.632397256430459e-09
249 -1.5533919607157233e-08
250 3.8564717569881604e-08
251 5.67113151658587e-08
252 2.9693826953404796e-08
253 6.521972862642019e-08
254 2.5041638813869877e-08
255 5.8607261588269005e-08
256 -3.5727186249523677e-09
257 4.432361303018915e-08
258 -2.660739902285853e-08
259 4.4185430817205774e-08
260 1.4232892035152884e-08
261 6.660312319960803e-08
262 1.913069576484928e-09
263 3.02269607830064e-08
264 2.6605897858611765e-09
265 4.7703793488669095e-08
266 1.8003718846715583e-09
267 5.2812007601391244e-08
268 1.712095452066549e-08
269 2.308148915391819e-08
270 -1.0135282196858591e-08
271 1.7874860313631429e-09
272 1.9054848785775484e-08
273 4.8700771485453717e-08
274 3.5108343278399527e-09
275 3.832740732390032e-08
276 1.3891976203336276e-08
277 2.3384568909979342e-08
278 -3.8425814221603813e-08
279 3.207940936788963e-08
280 -9.876435650415393e-09
281 3.7667887621022095e-08
282 1.5421441468912907e-09
283 1.336005185913427e-08
284 2.8921879014934204e-08
285 3.440744540139657e-08
286 -3.617443845740514e-08
287 6.1568848896452926e-09
288 -1.146280931127105e-08
289 6.109722372514612e-08
290 -3.721281518707959e-08
291 8.581090526438331e-08
292 -3.299815285315944e-08
293 -2.3900133650492645e-08
294 -2.4367912228766243e-08
295 1.914203129498237e-08
296 -3.694616437947158e-08
297 2.4959173078404603e-08
298 -3.560450365723523e-08
299 2.1032855082729047e-08
300 -2.16336377208586e-08
301 -1.3318901402469801e-08
302 4.6288849330050934e-08
303 2.1572190895059938e-08
304 2.2848845970305694e-08
305 7.472477119196769e-08
306 4.6370984730876214e-10
307 1.3558211917337665e-08
308 6.276575029259676e-09
309 1.951617365174885e-09
310 4.823126587952712e-08
311 7.887117846223791e-08
312 5.2545377713477414e-08
313 -1.638714909588892e-08
314 -4.249143718122851e-08
315 2.5671169058770808e-08
316 2.6843658412339095e-08
317 1.8027542857342216e-08
318 -2.047388942688642e-08
319 6.57789748199156e-08
320 1.6322956336437287e-08
321 -2.525443664158136e-09
322 -3.813819235264706e-08
323 4.2684678172511215e-08
324 3.644721339626311e-08
325 2.1108669173715593e-08
326 5.902946624864008e-08
327 3.4544224585983666e-08
328 1.9926986089361026e-08
329 4.611484584483661e-09
330 1.8240611871109216e-08
331 4.474091664385833e-08
332 1.614197618169486e-09
333 -3.193285373591282e-08
334 3.884990339811181e-08
335 5.598172326678339e-08
336 -1.7337329664688648e-08
337 4.942482391226165e-08
338 1.355092924471396e-08
339 6.904431455016628e-08
340 3.456679781325979e-08
341 3.540161371634685e-08
342 4.258021300116008e-08
343 -5.330330128039643e-09
344 4.3907517976383455e-08
345 -1.181062474317963e-08
346 9.454360911949982e-08
347 -2.6503820407367836e-08
348 1.0147322153228042e-07
349 8.361761010944573e-09
350 -6.116613371260821e-08
351 -2.0575044881609065e-09
352 -4.0349794869644586e-08
353 4.5138454036371114e-08
354 6.587886957433793e-08
355 4.129825788365321e-08
356 3.5089197683152448e-09
357 -4.016105007615681e-09
358 -1.2822150226104072e-08
359 8.484570762370775e-08
360 1.9340976034840596e-08
361 4.0423995970624134e-08
362 -7.450729292730489e-08
363 -3.057496683186214e-08
364 -3.273678110765637e-08
365 -6.458925726259385e-09
366 7.17225785766455e-08
367 1.4197457036628416e-08
368 3.4851806911987686e-08
369 2.699541567680241e-08
370 -7.833295313646713e-09
371 7.419352303925761e-08
372 -1.3498664371313239e-08
373 3.116156793813206e-08
374 2.3573949874263846e-08
375 2.9809891253194316e-08
376 8.092627797614379e-08
377 -3.6703980534306595e-09
378 2.603710366914626e-08
379 1.8874133614957186e-09
380 2.3536757233734046e-08
381 -4.978077998425263e-08
382 -1.0065358629791614e-08
383 -1.3997003766965719e-08
384 2.9680377338034074e-08
385 6.802606031538136e-08
386 -2.2785329144884457e-08
387 6.582735481671107e-08
388 -1.3303012869651105e-08
389 -3.974889949696637e-08
390 -4.243323143144902e-08
391 2.435721864232601e-08
392 -2.867986783536708e-08
393 3.772500570346767e-08
394 2.7067805860190567e-08
395 6.191249358448807e-09
396 -1.4787995930847425e-08
397 -7.201708150717178e-08
398 3.344777851539324e-08
399 4.253361907674057e-08
400 2.7176800943715053e-08
401 -3.231832494873055e-08
402 5.383488886479027e-09
403 3.097072452427509e-08
404 2.379519095500897e-08
405 2.7629947775111588e-08
406 2.0212562417173242e-08
407 -4.899168942142105e-10
408 3.447428041311252e-09
409 -5.658152570236479e-09
410 1.3444169414440953e-08
411 1.497672199925578e-08
412 -1.1264967229248226e-08
413 1.8406799797114287e-08
414 3.89843426979019e-08
415 2.9217457615696715e-08
416 3.964891774250467e-08
417 -1.4466228564334934e-08
418 3.062704556248422e-08
419 6.290261380074432e-08
420 6.344495444985021e-08
421 9.339106343011416e-09
422 2.8501010179669897e-08
423 5.8860295127906214e-08
424 5.3313641633790376e-08
425 5.200032149909752e-08
426 4.243741805536955e-08
427 -1.0755526859466125e-08
428 4.764610158161202e-09
429 -1.1386817550677542e-08
430 2.2133457454408477e-08
431 4.8112180200889795e-09
432 1.3146746695876464e-08
433 -1.74930791767635e-08
434 5.5248889081201955e-09
435 2.194733553519849e-08
436 1.0412829845459761e-08
437 4.016567861255117e-08
438 4.85380182543078e-09
439 9.77513502313513e-09
440 -3.3986847562445136e-08
441 -9.146049543300295e-09
442 2.1172818656498278e-08
443 -9.97323352462488e-09
444 6.030123209498004e-09
445 6.123685877414457e-09
446 3.3297051905222106e-09
447 -1.066811396703177e-09
448 -5.111027004315291e-09
449 5.204578672729517e-08
450 3.346791400738144e-08
451 8.962143531450435e-09
452 -1.8156713313906297e-08
453 -2.08571938705915e-08
454 4.6017379057794745e-08
455 6.719554124327337e-08
456 6.245766185374638e-08
457 6.375316051130261e-08
458 7.331535152307375e-09
459 1.9154826658748233e-08
460 2.4029069929061046e-08
461 4.5610326345925246e-08
462 -8.790269758896106e-09
463 5.359000558939887e-09
464 -2.5561418883056654e-09
465 1.8738861504737717e-08
466 2.6461993051939538e-08
467 3.256870662674936e-10
468 5.4493041145318184e-08
469 1.71022167898096e-08
470 4.759284097341645e-08
471 -4.254061390766451e-09
472 -3.9776504331754496e-08
473 3.0617650765512456e-08
474 1.1824619048523278e-08
475 3.7943395353648254e-08
476 5.448911002428103e-08
477 5.562293116312726e-08
478 3.663556188013572e-08
479 -4.630394962631277e-08
480 3.3780370197439086e-08
481 9.220853295156886e-09
482 -6.421122258588937e-08
483 4.821112112165334e-09
484 7.93655696206166e-08
485 -1.5082122349240004e-08
486 3.7277846593211546e-08
487 2.2384774259773746e-09
488 3.221426728459556e-08
489 4.33504172830236e-09
490 -2.5737331716907686e-08
491 -4.724389586810623e-08
492 6.491604143013876e-08
493 5.6872943860604474e-08
494 3.036382427133371e-08
495 1.5829845381876768e-08
496 6.843274969520419e-09
497 5.960474631240219e-08
498 3.1956514901657775e-08
499 8.221502243479998e-08
500 2.7352501965641555e-08
501 1.4218770910698557e-08
502 7.606581023603886e-08
503 2.605325204907661e-08
504 -5.525359210474226e-09
505 -1.3728516170621846e-08
506 2.123596100130328e-08
507 5.953884469361773e-09
508 7.781310176326128e-08
509 1.0248174302423447e-08
510 1.1463198221614694e-08
511 2.7013071639255076e-10
512 5.5046102479787e-09
513 -2.9277032065854173e-08
514 8.575361332688833e-09
515 1.6287093641616802e-08
516 3.998239076329549e-08
517 -1.1140928366212993e-08
518 3.848547750364224e-08
519 1.11202443078296e-08
520 4.382684569813052e-08
521 2.4261615078825272e-08
522 2.803794750357736e-08
523 2.440791565950868e-08
524 -3.363318053031711e-08
525 2.7473031429016487e-08
526 3.7392875451139885e-08
527 -1.1793799594398837e-09
528 1.6197811624586574e-08
529 -9.533760156487415e-09
530 -5.308839846064736e-08
531 2.8074301278686023e-08
532 -6.333209788259774e-08
533 3.951148652155595e-08
534 3.020174186483907e-08
535 1.2499539125518593e-08
536 6.692715655350452e-08
537 -8.444513983146917e-09
538 -1.080850226070062e-09
539 5.5389813660501964e-08
540 7.892404777010537e-09
541 -5.118317673766628e-09
542 2.8257816244754086e-08
543 2.9225227658649013e-08
544 8.414292218519938e-08
545 -2.23443492643312e-09
546 6.18361745681457e-08
547 -2.6253967646230933e-08
548 -2.352273228982308e-08
549 7.299251740596303e-08
550 -2.350989253295494e-08
551 -3.309928745229892e-08
552 3.0393182951227984e-08
553 -2.8650729689662404e-08
554 3.713685831982812e-08
555 4.37961159999027e-08
556 2.5493478881576836e-08
557 9.912472318029448e-09
558 6.085092207166383e-08
559 1.9869125414981476e-08
560 -1.4109520340440306e-08
561 -1.2634754876974014e-09
562 1.4780380457655039e-08
563 -4.523550051789204e-08
564 -1.4502289065139622e-08
565 -6.383593904739844e-09
566 -1.9604826091840633e-08
567 3.984765228484214e-08
568 -4.135720703613616e-08
569 -7.502256715716911e-08
570 3.586102646980361e-08
571 -1.655815990909084e-08
572 5.5136450720169854e-08
573 2.6284180804665706e-08
574 9.156218757059142e-10
575 -2.8078993299384166e-08
576 -9.609504419367791e-09
577 1.9445728885688146e-08
578 2.0363559934084824e-08
579 -1.4536423702380296e-08
580 8.03708337885252e-08
581 4.408123899937622e-08
582 2.015292218139971e-08
583 2.493464502894318e-08
584 4.8238734567862456e-08
585 7.689839337585782e-08
586 1.2827068333109689e-08
587 3.743688266184941e-08
588 -2.8174500341113603e-08
589 -6.402873165640491e-09
590 -4.76308470234145e-08
591 -1.300821631656212e-08
592 2.762802825254944e-09
593 6.100591002400672e-09
594 2.9188981274502535e-08
595 3.374413931250779e-08
596 -5.575843087194806e-08
597 -1.4310989385354914e-08
598 -2.152685496085443e-08
599 1.1336708614129877e-08
600 1.5825059854531518e-08
601 6.404203464297481e-08
602 5.1432202663552144e-09
603 3.617846539442865e-08
604 -1.2951587416319815e-09
605 6.021017605818597e-08
606 1.260683898810012e-08
607 5.325708321314111e-08
608 1.3600570832786542e-08
609 -3.974087963605796e-08
610 1.1870519668288584e-08
611 7.452363132495426e-08
612 5.184035770987942e-08
613 3.047741868246956e-08
614 1.736285105189088e-08
615 4.620451766092109e-09
616 4.871275533947035e-10
617 1.0140322586666049e-08
618 4.40154883365993e-08
619 1.5611540274026795e-08
620 1.0436670262004145e-07
621 2.284666520232016e-08
622 -3.345176973127804e-08
623 6.199363660147069e-08
624 -2.5722077237620593e-08
625 4.527971032898693e-08
626 3.7888685435671805e-08
627 9.691708102585843e-08
628 -3.143851226886216e-08
629 4.9103897542330544e-08
630 2.756275718062732e-08
631 2.0301898368771503e-08
632 -7.629675936752381e-09
633 6.296331379907518e-08
634 -2.9493997206718796e-08
635 7.348206701431922e-08
636 3.950585648060775e-08
637 5.0886846141514445e-08
638 1.3468527447340056e-08
639 -5.0607462342953244e-08
640 -1.3350022167375304e-08
641 7.751923469992542e-09
642 2.8567236911729773e-08
643 2.226317505066834e-08
644 2.7552528301893657e-08
645 5.064912435577979e-09
646 4.266401678355014e-08
647 3.6437684259659304e-08
648 3.060204590883145e-09
649 5.1933154466306357e-08
650 4.295128460765239e-09
651 1.7965747715749983e-08
652 9.200247261357801e-08
653 9.940720769623541e-08
654 3.227318520124002e-08
655 -2.565775712351275e-08
656 2.2571565775952714e-08
657 -2.997793576770023e-08
658 8.600251033779399e-08
659 3.044974919336356e-08
660 1.0519203111713359e-07
661 3.561640456085027e-08
662 3.492261088821944e-09
663 -5.07345503396162e-08
664 4.959449394323868e-08
665 2.328881098852402e-08
666 -1.0680856095502611e-08
667 -7.80242281462107e-09
668 -2.287542611772161e-08
669 5.3720318446744734e-08
670 9.518526099595299e-08
671 3.7691864770665046e-08
672 -5.0982746207269563e-08
673 7.250656925472978e-08
674 8.24394561843896e-08
675 9.778791629155206e-09
676 4.031657907974203e-08
677 1.902105675005235e-09
678 2.0748408714689432e-08
679 -2.046425024280047e-08
680 5.8414743487148254e-08
681 6.933796617142307e-08
682 6.679559539722319e-09
683 3.502470617014151e-08
684 3.9289086508762074e-09
685 -4.193495920768279e-08
686 5.901220911841624e-08
687 3.3240812544650105e-08
688 4.1724758458343617e-08
689 2.4056614813451116e-09
690 9.187191862054417e-08
691 3.930554859660866e-08
692 6.215125857567666e-08
693 3.99993115990755e-08
694 5.055195284082384e-09
695 1.7417372524965777e-09
696 -9.873075544171128e-09
697 -1.4180872045423351e-08
698 2.7191753138374555e-08
699 2.0554642236481924e-09
700 -4.583722694450146e-08
701 -2.591906599948813e-09
702 4.637676096994371e-09
703 9.26507354237611e-09
704 1.2958740976052597e-08
705 8.280852403040081e-08
706 1.262887270751747e-08
707 3.3832799831079804e-08
708 -6.488862677195013e-09
709 1.7945017788228809e-09
710 1.1965539090414968e-08
711 5.245088271225398e-08
712 2.3352875127148232e-08
713 5.533649902270707e-08
714 3.499864074018524e-08
715 -4.150087558496486e-08
716 -9.124043492027842e-09
717 -6.348284852342581e-08
718 3.6119592842705606e-08
719 -2.524131302649071e-08
720 -1.919492703836569e-08
721 -3.44656226360485e-08
722 1.1892610329854431e-08
723 -9.513607313450148e-10
724 -2.0813215009201689e-10
725 1.2619324146825198e-08
726 7.234461081886332e-09
727 1.0533073828495372e-08
728 6.153139222372126e-08
729 4.5804815435126333e-08
730 -2.839470855367752e-08
731 -4.068645855923713e-08
732 8.800256821351501e-08
733 2.769191138100339e-08
734 1.5389079784068682e-08
735 -4.15137759810016e-09
736 6.866699125431408e-08
737 -2.825269684898072e-08
738 6.517774176839829e-08
739 -2.122284909057842e-08
740 3.5895739682721584e-08
741 -1.051934757274908e-08
742 2.205018021795796e-08
743 1.640856839715531e-08
744 -9.440175092325468e-09
745 1.5826237310269576e-08
746 7.769898709305647e-08
747 3.716760119241997e-08
748 2.914936311810425e-09
749 5.246039268412285e-08
750 5.32702197104224e-10
751 3.6918263162968036e-09
752 2.5214724168004058e-08
753 2.1005815416127786e-08
754 1.2212667353565733e-09
755 7.84529085495123e-08
756 -4.572856953731557e-08
757 2.2508161405678923e-08
758 2.9780972533883965e-08
759 1.9073037136717024e-08
760 6.556754257611323e-08
761 1.2140393170309964e-08
762 -4.215455019360974e-09
763 2.1749501255877096e-09
764 3.9184580924117844e-08
765 3.915323349238029e-08
766 -3.3868672972281855e-09
767 2.3014661183196186e-08
768 1.1437618838913968e-08
769 -2.786840332534227e-08
770 2.6027073549291012e-08
771 2.5632173731660386e-08
772 4.6118219720320044e-08
773 1.5125777002364675e-08
774 -6.943073986418481e-08
775 2.9196646481410815e-08
776 -2.0776913062907602e-08
777 -2.298304074876533e-08
778 -3.4658269330488335e-08
779 3.3538275318542176e-08
780 8.241346224122498e-08
781 4.3463373922125124e-08
782 2.5405837309532733e-08
783 8.887535540174358e-09
784 1.5526991158410035e-08
785 7.81672212047237e-08
786 -1.9179276038879068e-08
787 5.17436915660759e-08
788 2.1562968546742396e-08
789 5.747878112435466e-08
790 5.08186781563663e-09
791 -1.3575449675838155e-08
792 3.40021393628068e-08
793 -2.7520811976988565e-08
794 -2.079585903096426e-08
795 3.701411634313017e-08
796 -3.355661945446306e-08
797 -3.062574651689647e-08
798 -1.68674216013249e-08
799 -1.7644042123511276e-08
800 -9.279492231486875e-09
801 -1.1697900226912466e-08
802 4.2003845604614166e-08
803 4.5767713359702257e-08
804 -3.302655958979431e-09
805 -4.7228098557608244e-08
806 2.1502299207024992e-08
807 1.3066287012073105e-08
808 -2.4184574973478616e-08
809 8.796675114274772e-08
810 -2.85931753280571e-08
811 5.580063399973276e-08
812 2.403018020867967e-08
813 -1.5069377875700273e-08
814 -1.2453815963934663e-09
815 -1.2911321768730158e-09
816 3.2339932564060946e-09
817 3.195467960709728e-08
818 4.048444876071464e-08
819 -3.425371545519472e-08
820 3.08509536055894e-09
821 -1.2035779399316767e-08
822 2.5812915547632165e-08
823 1.2941207983803895e-08
824 6.500704026884527e-08
825 -6.44308819624496e-10
826 1.1116118711815525e-07
827 1.4989733639907913e-08
828 5.3929040323660334e-08
829 -3.198904540381473e-08
830 5.436480836534535e-09
831 1.8173634290027542e-08
832 5.518286911848162e-08
833 7.250339213875876e-08
834 6.2418076385270666e-09
835 1.00280267492517e-08
836 3.1143952147166875e-08
837 3.599051373386749e-08
838 3.781870230113339e-08
839 1.0992203730385238e-07
840 1.8732658159480816e-08
841 8.432858826210859e-08
842 7.094732033458666e-08
843 4.9898878948904657e-08
844 3.083950094817488e-08
845 4.8898728310180904e-08
846 -2.8727961082973754e-08
847 2.0037908080256326e-09
848 -4.242208713374138e-09
849 1.0796905488934794e-08
850 -2.4739869476237733e-08
851 2.5172668555538096e-08
852 1.6756021807061504e-10
853 -4.223196878575238e-08
854 -3.0336301758713323e-09
855 -1.9855247528635397e-08
856 1.9204489282910167e-08
857 -5.308805969557344e-09
858 2.915107543002675e-08
859 -7.041420540660035e-08
860 -3.5215787472868277e-08
861 8.786837098739993e-09
862 2.2866602330264966e-08
863 2.1969246576229283e-08
864 -3.7164617591391425e-08
865 -4.5342285641330643e-08
866 3.4788205482367644e-08
867 6.146580978139913e-08
868 2.903986471469669e-08
869 4.4818352770487286e-08
870 -1.9142838069499986e-08
871 7.784617843768801e-08
872 7.286527446753078e-08
873 7.145023046034009e-08
874 -7.446281431521949e-09
875 3.250833312631333e-08
876 -1.3305477886878483e-08
877 4.858407287183191e-08
878 6.292140929436956e-08
879 1.1981188759108064e-07
880 4.848769523517657e-08
881 6.812720643983172e-08
882 4.994397885392291e-08
883 -2.985007913836196e-08
884 -7.808682794838119e-08
885 3.580852072081715e-08
886 -2.0439324597096056e-09
887 6.88936133724106e-08
888 -3.711270750992767e-08
889 3.700737416028077e-08
890 -1.230718269304119e-08
891 2.1328294985528626e-08
892 3.900703379631986e-09
893 -6.232697236343349e-09
894 8.268639544964026e-09
895 -4.118169518755483e-08
896 9.940891524542597e-09
897 1.5253790912241897e-09
898 -3.2627711376771726e-08
899 4.792197571416924e-08
900 -2.999108882638517e-08
901 -1.5426005259140125e-08
902 4.7169510292395423e-08
903 1.2494018600647747e-08
904 -3.517362048140815e-08
905 4.516157543053357e-08
906 5.3073944935838765e-08
907 3.0187998551944434e-08
908 -7.147225146986866e-09
909 5.484004672052787e-08
910 2.8605519201249927e-08
911 -1.2547074403706615e-08
912 -1.910342996855207e-08
913 7.367866247954414e-08
914 3.4473277324374145e-08
915 5.425474268835887e-08
916 8.331950589321343e-08
917 2.859280611902735e-09
918 -1.540775606744765e-08
919 -2.706920065923536e-09
920 3.3658457834231506e-08
921 1.998328475533369e-08
922 -4.8613614470141446e-08
923 7.34962045996117e-08
924 4.1263820580603135e-08
925 3.221604393874663e-08
926 3.4383188584791075e-08
927 2.2139223174717773e-08
928 2.3962673918269374e-08
929 4.563233141674404e-08
930 -5.692825802399647e-09
931 3.6709864209467844e-09
932 3.4105322755841853e-08
933 3.449487047788089e-08
934 3.218019405666613e-08
935 1.0655781589385293e-07
936 8.151974877502983e-09
937 3.219083448879594e-08
938 4.05526748294548e-08
939 2.7394264372045215e-08
940 2.4568812846666757e-08
941 7.176136148950134e-08
942 -1.790994085291212e-08
943 5.070861740236022e-08
944 4.660732171500423e-08
945 2.1180911230723037e-08
946 -8.914710881706234e-09
947 -1.825749419208358e-08
948 3.5675880567253166e-09
949 1.1191482515234079e-08
950 -2.6058533393598097e-08
951 -4.741799698749128e-09
952 -7.72412828419368e-09
953 6.562397421753662e-08
954 9.795868861317148e-08
955 6.101548105546644e-08
956 1.8037992014146423e-08
957 -1.9752697753671508e-08
958 4.7537623710509045e-08
959 3.5950606020254625e-08
960 2.9594302061527633e-08
961 -7.716089453990358e-09
962 -1.4005037462069324e-08
963 9.547302949212623e-09
964 2.5694751313955723e-08
965 2.1990825065181963e-08
966 5.929587850692703e-10
967 5.812943916636657e-08
968 4.391914680915927e-08
969 9.5453567210928e-08
970 -6.488323080728597e-08
971 3.0635476180643966e-08
972 3.341438201663033e-08
973 9.024410242144229e-09
974 -2.391416944820235e-09
975 -5.149795186194119e-08
976 -1.490107431450117e-08
977 3.746549540497561e-08
978 3.162714740841198e-09
979 1.545519023187374e-08
980 2.409508904922493e-08
981 6.676957185301918e-08
982 9.581882287871927e-08
983 4.0775200377786565e-08
984 3.832492906389221e-08
985 3.00623716755137e-08
986 2.4089801437390657e-08
987 9.801661574166023e-09
988 -1.4118026171375682e-08
989 4.9096843692002074e-08
990 -4.4469089175142595e-08
991 3.743802712830359e-08
992 8.079722600508678e-09
993 2.9041117429405354e-09
994 1.3382806206548452e-08
995 -3.475114103556477e-08
996 6.838704746540624e-08
997 3.653723502933074e-08
998 -2.98213450555403e-08
999 3.5962976123746784e-08
