0 2.6565618053190845e-07
1 3.619063504744175e-07
2 2.0826451027644288e-07
3 2.8999198457710966e-07
4 3.470365445253066e-07
5 2.0832976713776736e-07
6 2.439832669143794e-07
7 1.8810246580818827e-07
8 2.387096241848218e-07
9 2.3334144138260254e-07
10 2.4490246014435226e-07
11 3.2472161633135786e-07
12 1.8985789709420777e-07
13 1.5427199732679488e-07
14 2.3570228504542326e-07
15 2.6816575725195123e-07
16 1.588823584115726e-07
17 2.2729877953987127e-07
18 2.0711936080774044e-07
19 1.9982877245494884e-07
20 1.790777994456626e-07
21 2.715723297179866e-07
22 2.4958159297753287e-07
23 2.586690844246076e-07
24 2.4051439946804854e-07
25 2.633881217258986e-07
26 2.5631280460715253e-07
27 2.4177501399127096e-07
28 2.792138943083502e-07
29 2.7110358363936727e-07
30 2.7809701120613817e-07
31 1.7603478277257823e-07
32 2.405480866140482e-07
33 1.646546887966944e-07
34 2.2789852646384688e-07
35 3.32423803460098e-07
36 1.969509314240611e-07
37 3.198557144186906e-07
38 2.700208740462453e-07
39 1.7224621798429462e-07
40 1.9612934491300834e-07
41 2.82929677808897e-07
42 2.3106467612177512e-07
43 2.1965098735535257e-07
44 2.4216224077892013e-07
45 2.794392593214088e-07
46 1.4274659162247575e-07
47 2.6339647693837065e-07
48 2.6620866125045495e-07
49 2.6697191621660875e-07
50 2.6406380169988556e-07
51 2.8581719362279313e-07
52 2.4998290511855404e-07
53 2.6709230383289124e-07
54 2.785238921509351e-07
55 2.7373555772854415e-07
56 2.0305826168749827e-07
57 2.1707693450473524e-07
58 2.83107267861584e-07
59 2.3243356534943533e-07
60 2.705050779903597e-07
61 2.385669072766809e-07
62 2.2358145222023383e-07
63 2.981510239322052e-07
64 2.8930624745930195e-07
65 2.061556330200895e-07
66 1.9726309577534184e-07
67 2.5208837741957906e-07
68 2.2350692825445364e-07
69 2.405327392514223e-07
70 1.8942802693169626e-07
71 2.482522001951918e-07
72 2.1958252654593787e-07
73 2.7453403030113415e-07
74 2.3560235567491938e-07
75 2.1089574538324158e-07
76 1.8491865803189383e-07
77 1.4475369920065082e-07
78 2.2129175247327447e-07
79 2.5562952660127e-07
80 2.726020089183839e-07
81 2.2401950254133932e-07
82 2.1251506463966974e-07
83 2.864411000706498e-07
84 3.6368601452143437e-07
85 3.138084646594519e-07
86 2.5477978683376944e-07
87 1.556660930034359e-07
88 2.937499153135048e-07
89 3.1584922459967466e-07
90 1.9323213473604964e-07
91 2.736420595018678e-07
92 3.0504010896502406e-07
93 2.6081103459187397e-07
94 2.669636962479326e-07
95 2.2835844569355398e-07
96 2.962482933784429e-07
97 2.2598962601548545e-07
98 3.340757765648064e-07
99 2.0948355753752277e-07
100 2.9101756088408885e-07
101 2.6723746010267035e-07
102 2.611919783937195e-07
103 2.7306579171789386e-07
104 2.7039308162106423e-07
105 2.3718525210355354e-07
106 2.8908055403569417e-07
107 2.2757258354106558e-07
108 2.829365812334205e-07
109 1.779329129389491e-07
110 2.3447430372466228e-07
111 2.0078712166352694e-07
112 2.0131743966307267e-07
113 2.8734613191316736e-07
114 1.0485440524484036e-07
115 2.422413117491824e-07
116 2.2842725150942213e-07
117 2.0307145106136735e-07
118 2.118278096178016e-07
119 3.135264801671749e-07
120 1.7658847483733536e-07
121 2.3164644658754913e-07
122 2.7892268713908945e-07
123 2.476532328691272e-07
124 2.3178660117908354e-07
125 2.689005063884064e-07
126 2.967414683493761e-07
127 2.4563785506826e-07
128 2.484044021315936e-07
129 2.797076570865216e-07
130 2.0540325009935295e-07
131 2.002361563221974e-07
132 2.1153378954373186e-07
133 2.1100149540305707e-07
134 2.512893669684851e-07
135 2.194228197099328e-07
136 2.2941621680323966e-07
137 2.207572501893997e-07
138 1.766694906214222e-07
139 2.9571165923373914e-07
140 2.7885351493923484e-07
141 2.9961331535861705e-07
142 1.818454509344959e-07
143 1.7929980870567203e-07
144 2.2346079550865616e-07
145 2.516275762885436e-07
146 2.1396703017444241e-07
147 3.3943078540901993e-07
148 2.215491303724739e-07
149 2.7882095610685356e-07
150 3.0784471989179504e-07
151 2.533747566203333e-07
152 2.4097957022655676e-07
153 3.1192896127069606e-07
154 2.5163373178224733e-07
155 2.934349087175165e-07
156 2.447657144588583e-07
157 2.2140720737572254e-07
158 2.480163584553713e-07
159 2.2355389703810895e-07
160 2.795233316638143e-07
161 2.8371954526917626e-07
162 2.1581141766228959e-07
163 2.7666843120870916e-07
164 3.247853779262263e-07
165 2.7765655364948274e-07
166 1.8797473977414883e-07
167 2.2912259664079596e-07
168 2.465404289353583e-07
169 2.3437111416926028e-07
170 2.433597976315859e-07
171 2.6856855711183745e-07
172 2.631364071634849e-07
173 2.800068511760509e-07
174 2.0984943971065637e-07
175 3.244643071656644e-07
176 2.739147210638806e-07
177 2.5501939439745453e-07
178 2.2005772876620604e-07
179 2.267995908910867e-07
180 1.9448317386676072e-07
181 3.17071115399097e-07
182 2.6908011071289623e-07
183 2.5026793043741405e-07
184 2.1338461735735917e-07
185 3.016725058071742e-07
186 1.387222419480318e-07
187 3.055095908324035e-07
188 1.7208131032441722e-07
189 3.029677037362358e-07
190 2.513898579264001e-07
191 3.0151877704497006e-07
192 3.565859985662258e-07
193 2.2324381521890058e-07
194 2.0213383949939718e-07
195 2.0392449123824035e-07
196 2.889489486510261e-07
197 2.6256963750289146e-07
198 2.2913115952126798e-07
199 1.981884073009487e-07
200 2.6156984948039014e-07
201 1.9432729016506466e-07
202 2.0538680469665227e-07
203 2.9527457884785653e-07
204 2.980562944011263e-07
205 2.4335039719228503e-07
206 2.388492757836917e-07
207 1.860671569134319e-07
208 2.5097440826302864e-07
209 2.317631579565676e-07
210 2.1189089764293167e-07
211 2.413286324233513e-07
212 2.59436486096016e-07
213 2.2666264140236955e-07
214 2.550951806874555e-07
215 3.272819395939843e-07
216 2.049690859928309e-07
217 1.8324924981276353e-07
218 2.532553260652525e-07
219 2.3889174573162483e-07
220 1.645992885007162e-07
221 2.975583183688855e-07
222 2.060037164347681e-07
223 2.3071797135582185e-07
224 2.099648385157832e-07
225 1.9522231403416616e-07
226 2.500157609352855e-07
227 2.5125663473762684e-07
228 2.7181350414816375e-07
229 3.20023396313795e-07
230 3.1970112536079637e-07
231 2.1482812530270197e-07
232 2.478931512853126e-07
233 2.7227635214198205e-07
234 2.4241579865884433e-07
235 1.8807642835886387e-07
236 2.9954089568208346e-07
237 2.0685448009955282e-07
238 2.158377501271447e-07
239 2.1542687483891653e-07
240 2.751682640773091e-07
241 1.8620252959413273e-07
242 2.137389091715219e-07
243 2.973200212808781e-07
244 2.8737453340324787e-07
245 2.392745620228133e-07
246 2.0926225706830912e-07
247 2.2276166087577855e-07
248 2.399289089260729e-07
249 2.909383722126576e-07
250 2.27043825184078e-07
251 2.0201609848716437e-07
252 2.2439401091999007e-07
253 2.024434664653875e-07
254 2.320909878721363e-07
255 2.127369953414235e-07
256 3.326601271957197e-07
257 1.5886122030163909e-07
258 2.1186971027431928e-07
259 2.0330685234940673e-07
260 2.419746133715691e-07
261 3.011115972608785e-07
262 2.3896563480303035e-07
263 2.648396797622066e-07
264 2.7979721503868755e-07
265 2.1698195386169442e-07
266 2.347618573592607e-07
267 1.7538856961175632e-07
268 2.1226498416257609e-07
269 2.0987093110709874e-07
270 2.3434828497364097e-07
271 2.8354653141371004e-07
272 2.2767237804688017e-07
273 2.7299027438262363e-07
274 2.883832305041678e-07
275 2.2024044008928143e-07
276 1.8025916091089709e-07
277 2.3915321690575164e-07
278 3.206999408811222e-07
279 1.6927622199273735e-07
280 2.9257240240633553e-07
281 2.4836456283293505e-07
282 2.9030030770877494e-07
283 2.2026803394881913e-07
284 2.4583223644838143e-07
285 2.602252526620033e-07
286 2.6541008919945196e-07
287 2.418495890035335e-07
288 2.688849358121702e-07
289 2.177823373913152e-07
290 3.2663251154738584e-07
291 2.2605329531995172e-07
292 2.4626064766916386e-07
293 2.543200036454453e-07
294 3.064509785100442e-07
295 2.4362792432478637e-07
296 2.7141099665699764e-07
297 1.9808406484180454e-07
298 2.6132434174922736e-07
299 2.651642415197454e-07
300 2.6187893013783105e-07
301 2.5547435321379584e-07
302 2.1411956569946485e-07
303 1.9360649361833202e-07
304 2.501360686012842e-07
305 1.0873110286639233e-07
306 3.182763004121771e-07
307 2.815190976571979e-07
308 3.000459963920659e-07
309 2.6289491557586274e-07
310 1.9964186354409023e-07
311 1.8600050263158696e-07
312 2.2406206557481653e-07
313 3.74638604027394e-07
314 3.051485299152745e-07
315 2.2307896830789002e-07
316 2.0505667044769614e-07
317 2.41764122440477e-07
318 2.3738972004688581e-07
319 1.763602166164058e-07
320 2.0184085702767346e-07
321 2.0181425546817193e-07
322 2.8622404610652465e-07
323 1.8305919159302344e-07
324 2.308568690284306e-07
325 2.558645412717564e-07
326 2.451805017535797e-07
327 2.0547701176839268e-07
328 1.9890645599393462e-07
329 2.606302672343011e-07
330 2.2577303393178651e-07
331 2.0378348418370017e-07
332 2.7060588761783845e-07
333 2.7083468333617244e-07
334 2.202266166094081e-07
335 1.9514670680531807e-07
336 2.551479089922281e-07
337 2.2577261303563205e-07
338 2.803984173383867e-07
339 1.6632920072387247e-07
340 2.423190242516588e-07
341 2.0684936105834634e-07
342 2.196128166959941e-07
343 2.8094774272267236e-07
344 2.4829857910709927e-07
345 2.8835376708585967e-07
346 1.9361583794726105e-07
347 3.327014896933742e-07
348 2.716773682688616e-07
349 2.856584454734747e-07
350 2.8344014303112215e-07
351 2.2269504818419453e-07
352 2.415332621408807e-07
353 2.616577642733015e-07
354 2.159861881791349e-07
355 2.6693819554388605e-07
356 2.3942498091207515e-07
357 2.2767202527220125e-07
358 3.1785828486594003e-07
359 1.8268244569294248e-07
360 2.963358494759231e-07
361 2.525633710137279e-07
362 3.123613702090207e-07
363 3.275061416304626e-07
364 2.834744747460106e-07
365 2.820415142866786e-07
366 2.3681257149747473e-07
367 2.629147818427952e-07
368 2.318225125184073e-07
369 2.2046744567873916e-07
370 2.721332385186225e-07
371 2.117720125604956e-07
372 2.372535097634457e-07
373 2.607799663335265e-07
374 2.7665442128265773e-07
375 2.685615762437819e-07
376 2.2163839590111872e-07
377 2.6564405859230583e-07
378 2.242382000215779e-07
379 2.0363301001892242e-07
380 2.169429649973558e-07
381 2.8564225426403555e-07
382 2.641029076438433e-07
383 2.6375387781049565e-07
384 2.526145214666994e-07
385 2.346644103365968e-07
386 2.847055716355766e-07
387 1.651771772787409e-07
388 2.2978542735083004e-07
389 3.076448005026668e-07
390 3.0080707482898424e-07
391 2.2986474684933466e-07
392 3.291151441676778e-07
393 2.781577190164273e-07
394 2.6528652918165053e-07
395 2.0846289916575443e-07
396 2.3009258229527175e-07
397 2.7924441215956065e-07
398 2.1375686008226405e-07
399 2.5218879003895323e-07
400 2.5328252968564545e-07
401 3.1558069012855973e-07
402 2.3486242562332576e-07
403 2.748884848319925e-07
404 2.3383026346768093e-07
405 2.4841179998347063e-07
406 2.637511493085122e-07
407 2.3811218438451316e-07
408 2.604530667739236e-07
409 2.970969513448978e-07
410 2.224068422300564e-07
411 2.6066920654692144e-07
412 3.2642300086726704e-07
413 2.3694813408477296e-07
414 2.1140183749526895e-07
415 2.1261829870201853e-07
416 2.7375875471629623e-07
417 2.8754704774290336e-07
418 2.1291607854291238e-07
419 1.7664967828386314e-07
420 2.3676575453432524e-07
421 2.8709182150942764e-07
422 2.6261953219959977e-07
423 1.6320622595353155e-07
424 2.0413636258020353e-07
425 1.8921241932820255e-07
426 2.0349581791166086e-07
427 3.286826098849798e-07
428 2.939224596649623e-07
429 2.3362736184835754e-07
430 3.1322577446820284e-07
431 2.7273192972811883e-07
432 2.367487883452064e-07
433 2.9329269368659657e-07
434 2.7300398053834276e-07
435 2.849537152839941e-07
436 2.3728107079475493e-07
437 2.5854470229455385e-07
438 2.3242552521294786e-07
439 2.874413904613283e-07
440 2.9009148902915114e-07
441 3.3332211042655563e-07
442 2.39194477524619e-07
443 2.9809092103470797e-07
444 2.4810480950949977e-07
445 2.8174855564881436e-07
446 1.9875711275142389e-07
447 2.46540723013655e-07
448 2.2639640991342263e-07
449 2.034429387916632e-07
450 1.7892814418713517e-07
451 1.8775749179889695e-07
452 2.330996168293756e-07
453 2.7432822134913777e-07
454 1.9164272961641172e-07
455 1.6614513290334892e-07
456 1.9136690901190675e-07
457 2.5553392405036046e-07
458 2.617621196453945e-07
459 2.0788065276036995e-07
460 2.390659249853855e-07
461 2.121272191001518e-07
462 2.827072922653557e-07
463 2.5139999425812034e-07
464 2.439401745008388e-07
465 2.934820446264221e-07
466 2.299636049042995e-07
467 2.407029948423245e-07
468 2.074816174463792e-07
469 2.48730616655519e-07
470 2.3278494301606184e-07
471 2.31478700220369e-07
472 2.75289493963467e-07
473 2.5148300885720743e-07
474 2.210305930015107e-07
475 2.0678859938269741e-07
476 1.9796677349852213e-07
477 2.1439004625230757e-07
478 2.1196530409632972e-07
479 2.93619325926821e-07
480 1.8956687613104586e-07
481 2.1121082052035384e-07
482 2.8198630085449284e-07
483 2.933961072541613e-07
484 1.6905541030377765e-07
485 2.3617269227162028e-07
486 1.9190003437710135e-07
487 2.269620317232882e-07
488 2.6308744585877595e-07
489 2.416698026150068e-07
490 3.1948504683529957e-07
491 3.019047380616318e-07
492 2.1297014677499288e-07
493 2.148743729351014e-07
494 2.6787182641905296e-07
495 2.643228911438794e-07
496 1.9190377786090484e-07
497 2.175482055121425e-07
498 2.4533195907741235e-07
499 1.8679449191543542e-07
500 2.0340951451893273e-07
501 2.436285984719094e-07
502 2.6690898739097117e-07
503 3.0888364373836696e-07
504 2.74857263350468e-07
505 2.864623137824431e-07
506 2.2725848007101556e-07
507 3.1159797012110957e-07
508 1.6384362780185583e-07
509 2.203445468149269e-07
510 2.535031198550294e-07
511 2.3077388379566556e-07
512 2.3488213167121132e-07
513 2.7634112081694987e-07
514 2.695406869791117e-07
515 2.107939326238443e-07
516 2.7979150633863986e-07
517 2.4398061590425606e-07
518 1.914144950410533e-07
519 2.6007956999672904e-07
520 2.1819663585067477e-07
521 2.783368529494684e-07
522 2.748480641423213e-07
523 2.943190510227073e-07
524 2.758911506812296e-07
525 1.9006965794999447e-07
526 1.8502429795852008e-07
527 2.5320433050672094e-07
528 2.6953536202240384e-07
529 2.707386046047913e-07
530 3.035627410655597e-07
531 3.039136545991365e-07
532 2.562315273551077e-07
533 2.4246620957488654e-07
534 2.3259761315894e-07
535 2.1759111777549612e-07
536 2.0048618809871863e-07
537 2.4231428407813845e-07
538 2.702479554720433e-07
539 2.3702300572803727e-07
540 2.5709213564050445e-07
541 2.951460305568926e-07
542 1.7092192378859764e-07
543 2.3582919107193305e-07
544 1.8989426482511843e-07
545 2.504049537882804e-07
546 1.8385032847500477e-07
547 3.1958607677082536e-07
548 2.78711305587793e-07
549 1.2439910034546262e-07
550 3.186525589569073e-07
551 3.050741471179403e-07
552 2.521687056494062e-07
553 2.8933763080255244e-07
554 2.036230199512276e-07
555 3.009198464763739e-07
556 1.8136680656711992e-07
557 2.702142853706708e-07
558 1.8461445325408862e-07
559 2.4437242493747475e-07
560 2.879001075402886e-07
561 2.9446937010284156e-07
562 2.3731882378452353e-07
563 2.596667459869148e-07
564 2.3375844722963564e-07
565 2.8664786583204277e-07
566 2.9005509519276976e-07
567 2.0514945912691418e-07
568 3.693310416684729e-07
569 3.540073314601519e-07
570 2.3665222236393904e-07
571 3.0451542978187485e-07
572 1.5920591708088531e-07
573 2.7058596495105215e-07
574 2.3878988377797206e-07
575 3.323804557086517e-07
576 2.3518849620841722e-07
577 2.5848130898265865e-07
578 2.629751424728144e-07
579 3.1639428028224636e-07
580 1.412612432074192e-07
581 1.9693896456125278e-07
582 2.392919181869252e-07
583 2.4106577567377283e-07
584 2.0533737452023444e-07
585 2.5690406686968103e-07
586 2.1619655172930484e-07
587 1.722858953572411e-07
588 2.6720222607102444e-07
589 2.58919501373019e-07
590 2.95758236104653e-07
591 3.03750555043879e-07
592 2.6968871499763066e-07
593 2.790308623892755e-07
594 2.3755251825160686e-07
595 2.4117632682415237e-07
596 3.113001289695408e-07
597 2.5227420810445704e-07
598 2.20897174887712e-07
599 2.523696774009939e-07
600 2.169773112465303e-07
601 2.567145661210073e-07
602 2.9662203813732183e-07
603 2.3860863743471014e-07
604 2.9444782452427415e-07
605 2.5841990994204526e-07
606 2.8255547693138786e-07
607 2.1626631203481182e-07
608 2.4487092941076485e-07
609 3.1527477056370194e-07
610 2.681145069151323e-07
611 2.232809208052434e-07
612 1.7071242770358266e-07
613 2.916485027807908e-07
614 2.45695731782079e-07
615 2.0956668925918202e-07
616 3.0879033171256343e-07
617 2.9984377614569417e-07
618 1.7460943173139866e-07
619 2.0305787338370254e-07
620 1.2353730289689197e-07
621 2.431464662253276e-07
622 2.796610469694872e-07
623 2.121756646040177e-07
624 3.063116855422784e-07
625 1.8486989191636002e-07
626 2.1310870428731137e-07
627 1.9867475216030164e-07
628 3.1971442557609485e-07
629 1.9021766885750365e-07
630 2.300862279001182e-07
631 2.0951777288801635e-07
632 3.3414347386144955e-07
633 2.4680799882485854e-07
634 2.992203713715623e-07
635 2.0314786408786333e-07
636 2.922569180694098e-07
637 1.7654935184422173e-07
638 2.487794611274849e-07
639 2.512750550608707e-07
640 2.1899940945763077e-07
641 1.338954519075331e-07
642 1.9980518630201716e-07
643 2.0381391306483058e-07
644 2.5124060692760806e-07
645 3.026879161950268e-07
646 1.9231795215234173e-07
647 2.6921250739109867e-07
648 2.343404456507849e-07
649 2.315018535755466e-07
650 2.3556486250938124e-07
651 2.2356597080007794e-07
652 1.966566862919966e-07
653 1.9001990684205198e-07
654 2.7794657057958687e-07
655 2.5785013910407e-07
656 2.544734703497835e-07
657 2.788516266835264e-07
658 1.782335769695714e-07
659 2.2918194520406266e-07
660 2.1058604541463375e-07
661 1.781431797512312e-07
662 2.474462557051713e-07
663 2.6177614295451517e-07
664 2.0570768245249714e-07
665 2.868144070539532e-07
666 2.630483147435781e-07
667 2.6418674067421903e-07
668 2.6668375742682104e-07
669 2.3719067366410798e-07
670 1.2585650588749234e-07
671 2.7333733831033383e-07
672 2.6886964997306266e-07
673 1.6243671867082696e-07
674 1.585199505043288e-07
675 2.0462489757577458e-07
676 1.8158733871935203e-07
677 2.1705070217874656e-07
678 2.6759903435330663e-07
679 3.305609887949762e-07
680 1.6003183751116755e-07
681 1.765359114325284e-07
682 2.745658343096554e-07
683 2.0720862896376284e-07
684 2.5017624570840914e-07
685 2.565822999568495e-07
686 2.0204832639987438e-07
687 2.2452867200188778e-07
688 2.1076871969971003e-07
689 2.702217664294092e-07
690 1.578407271448132e-07
691 3.0931059175145135e-07
692 1.648628151295301e-07
693 3.061481720911834e-07
694 2.499092650664373e-07
695 2.7046229474765805e-07
696 2.9119732505155704e-07
697 2.24374744163829e-07
698 3.154377762333926e-07
699 2.8297164735613716e-07
700 2.682704492631833e-07
701 2.895178562339624e-07
702 2.586717943796666e-07
703 2.2542947379741883e-07
704 2.732313487076786e-07
705 1.917202660892707e-07
706 2.884632780341355e-07
707 1.9825784482650022e-07
708 2.5282942958158067e-07
709 2.0236676835455453e-07
710 2.2623545406234906e-07
711 2.437159934710839e-07
712 2.440265591465602e-07
713 2.1031918437542247e-07
714 2.7988944966493125e-07
715 2.3467648024140198e-07
716 2.3259220729459624e-07
717 3.469500316484059e-07
718 1.9217820100291253e-07
719 3.152012685233066e-07
720 2.8945264113731694e-07
721 3.799976861390903e-07
722 2.1444986284003033e-07
723 2.799592172995771e-07
724 2.582907043697679e-07
725 2.1254933599535864e-07
726 3.0503291618733824e-07
727 2.576098131712671e-07
728 1.9475086352867408e-07
729 2.3102811378519293e-07
730 3.029595130245354e-07
731 2.462360276080472e-07
732 1.7354362044455712e-07
733 1.8959495752248587e-07
734 2.572497021475795e-07
735 2.743857888523644e-07
736 1.5642987863999894e-07
737 3.0274838719279873e-07
738 1.5818183248661625e-07
739 3.491882557694905e-07
740 2.341004526430297e-07
741 2.7547376354290255e-07
742 2.3389831359815044e-07
743 2.1486852718399384e-07
744 2.54446228200122e-07
745 2.399967454134153e-07
746 2.219858762833319e-07
747 2.2942247927525208e-07
748 2.5229572905919995e-07
749 1.8624777475650902e-07
750 2.0857221253832665e-07
751 2.407039039257392e-07
752 2.343590307046739e-07
753 1.867832445416324e-07
754 2.951476983714933e-07
755 2.5639208462423715e-07
756 3.6824666284879567e-07
757 2.674975991271178e-07
758 2.5536312254621806e-07
759 2.2203687511693845e-07
760 2.251612459814145e-07
761 2.483183943752948e-07
762 2.557375872374276e-07
763 2.8343693967942605e-07
764 2.3695482943340506e-07
765 2.2071976868328193e-07
766 3.830040669028087e-07
767 2.9287775974881125e-07
768 2.903358369519287e-07
769 2.977414493332908e-07
770 2.4592674662879494e-07
771 2.2937952187691345e-07
772 2.39175412965118e-07
773 2.446933472877633e-07
774 3.040232419282129e-07
775 2.5637362155878554e-07
776 3.0674730725021395e-07
777 3.3870231241771637e-07
778 2.643202657381309e-07
779 2.684764807348099e-07
780 1.5606862380021283e-07
781 2.0341454591873271e-07
782 2.6562699385537847e-07
783 2.7247223521205143e-07
784 2.2460929319485596e-07
785 2.5791872402184906e-07
786 2.69843885819526e-07
787 2.4388366110461416e-07
788 1.857333196936209e-07
789 1.9267260260907297e-07
790 2.766963748900885e-07
791 2.5483525682157857e-07
792 2.1098497251569712e-07
793 2.9419190839069855e-07
794 2.8451438972842915e-07
795 1.9530702764133476e-07
796 2.665899397015211e-07
797 2.692093155739782e-07
798 2.675624032669254e-07
799 3.215959945036595e-07
800 2.8730655651823217e-07
801 3.0608432026123835e-07
802 1.6819933663865483e-07
803 1.5211127427694144e-07
804 1.7317993183019505e-07
805 3.517110282226685e-07
806 2.6045282078261344e-07
807 2.922242287705393e-07
808 2.8689491170280894e-07
809 2.1806298582990066e-07
810 2.5710520366025326e-07
811 2.2540377774252172e-07
812 2.4040434835029413e-07
813 2.7134606865448916e-07
814 2.75667400602394e-07
815 2.722521959532964e-07
816 2.724704227330718e-07
817 2.3189321708374429e-07
818 2.2714076826199096e-07
819 3.105631106243059e-07
820 2.434083799845163e-07
821 2.6143449672358545e-07
822 2.713706935229155e-07
823 2.506976726173048e-07
824 1.7308481782670904e-07
825 2.3386118578759115e-07
826 1.2374361290032987e-07
827 3.0115425285054563e-07
828 2.5157034055468385e-07
829 3.037683275295337e-07
830 2.7624434748283174e-07
831 2.9389305315221384e-07
832 1.765589488597014e-07
833 1.9357884395987357e-07
834 2.914339438092489e-07
835 2.8857448334719823e-07
836 2.2093032791032733e-07
837 1.8776837036965768e-07
838 2.2703604213523115e-07
839 1.964971846379233e-07
840 2.186079003038585e-07
841 2.1707072155359235e-07
842 1.8082253233716406e-07
843 1.6217488311052505e-07
844 2.477347463771398e-07
845 2.5529395538706786e-07
846 2.3513991919359967e-07
847 2.9805953313993875e-07
848 2.764683796505566e-07
849 2.7551728864302483e-07
850 3.156416133411284e-07
851 2.9001345515477873e-07
852 2.5205957195162873e-07
853 2.8970512460701024e-07
854 2.703086131565193e-07
855 3.087109799000288e-07
856 2.425820650319692e-07
857 2.932809306661638e-07
858 2.450450771867779e-07
859 3.43948678764257e-07
860 2.471809639087068e-07
861 2.147156224567785e-07
862 2.3502118627607986e-07
863 2.624295386400013e-07
864 2.607329220094284e-07
865 3.432624744781655e-07
866 2.569599102347994e-07
867 2.414006410365998e-07
868 2.5488554862840503e-07
869 2.3805738380266032e-07
870 3.151517528467347e-07
871 2.030388726244876e-07
872 2.5069835321759953e-07
873 2.3385802135855047e-07
874 2.0783678498062817e-07
875 2.107868491586055e-07
876 2.382768815876563e-07
877 2.8974687103555134e-07
878 2.3434766240944852e-07
879 1.2123914484716668e-07
880 2.1710907311550453e-07
881 1.7683322500818345e-07
882 1.535311860010588e-07
883 3.169795754090235e-07
884 3.421567029236116e-07
885 2.4976494853327684e-07
886 2.1172539928297406e-07
887 1.7927010000305563e-07
888 2.600805731865751e-07
889 1.957414612010971e-07
890 3.072054489118219e-07
891 2.1100191846710004e-07
892 2.2667579745802334e-07
893 2.6331182087621903e-07
894 2.0531783273382732e-07
895 3.226644726476542e-07
896 2.1222744134598588e-07
897 2.650947890090542e-07
898 2.6565747881429313e-07
899 2.3411042121219683e-07
900 2.8565791176809554e-07
901 2.7177085316572425e-07
902 2.2951190599573704e-07
903 2.9292589194961747e-07
904 2.443611065099364e-07
905 2.513162795748206e-07
906 2.094378003298252e-07
907 2.131209855887987e-07
908 2.6057179409991575e-07
909 2.450225530822383e-07
910 2.4216650207635665e-07
911 2.9021149191595476e-07
912 2.9196220110323804e-07
913 1.966570120941724e-07
914 2.9462231187980745e-07
915 1.6310381679269086e-07
916 1.4405919499473672e-07
917 2.8120252798707297e-07
918 2.859416404839825e-07
919 3.1873032293866333e-07
920 2.481218709692508e-07
921 2.3285369730853094e-07
922 2.791519696764037e-07
923 1.969831671507028e-07
924 2.2302051100425597e-07
925 2.4399398582514864e-07
926 2.2464022588703826e-07
927 1.9271359230626251e-07
928 2.244576072234e-07
929 2.604159965394559e-07
930 2.5880453764983034e-07
931 2.2534762250280076e-07
932 2.6996932136437563e-07
933 3.193189567480813e-07
934 2.9679818409148653e-07
935 1.8623894124801376e-07
936 2.0796973465840315e-07
937 2.3133597951841932e-07
938 2.0518203431885069e-07
939 2.5051429097382863e-07
940 2.677247699721914e-07
941 1.4270907231322776e-07
942 2.4874182276046754e-07
943 2.0490806797864424e-07
944 1.8782331124015779e-07
945 1.9974460338978533e-07
946 3.021575598703267e-07
947 2.8582713143088654e-07
948 2.3477930796312174e-07
949 2.7818997567452515e-07
950 2.958327595572069e-07
951 2.4991597713099367e-07
952 2.4352606389300674e-07
953 2.487558124033358e-07
954 1.7017097048688687e-07
955 2.0978968209587692e-07
956 2.1314457355788007e-07
957 2.862160340413291e-07
958 2.3020152212832554e-07
959 2.0783082098087489e-07
960 2.8496490184667605e-07
961 3.063770682857546e-07
962 2.2576633374520582e-07
963 2.7197087706909446e-07
964 2.5675599445467146e-07
965 2.2847923160370776e-07
966 2.2705783887029752e-07
967 2.1214650712569766e-07
968 3.1478672346998555e-07
969 1.9728027936287964e-07
970 2.7115848466369966e-07
971 3.040165795164293e-07
972 1.8667454492638017e-07
973 2.799035080192492e-07
974 2.604625564223933e-07
975 3.196020938616082e-07
976 2.8851466580056606e-07
977 2.2945603116929464e-07
978 2.2150109370335354e-07
979 2.1489059588596849e-07
980 2.646072608863584e-07
981 1.6031164861451675e-07
982 1.6111575000262595e-07
983 2.2348776734946925e-07
984 2.796724373899396e-07
985 2.144005921391632e-07
986 2.637371984268112e-07
987 2.3206112919116016e-07
988 2.8487295613650504e-07
989 2.518880701603302e-07
990 3.221671575633636e-07
991 2.7827856331028183e-07
992 2.0391343627022215e-07
993 3.0349006198550535e-07
994 2.3654590969788222e-07
995 2.432384679602412e-07
996 2.5722007204208443e-07
997 1.9695797247879605e-07
998 2.4503169868069144e-07
999 2.32243841488882e-07
