0 2.276549801192542e-07
1 2.2998257400739734e-07
2 2.3461573609434905e-07
3 2.2798474979956033e-07
4 2.1182500417921962e-07
5 2.3671482011064434e-07
6 2.274756314763324e-07
7 2.3152298966355318e-07
8 2.2452161832053508e-07
9 2.3381879234203354e-07
10 2.2102264306586966e-07
11 2.2480207716411906e-07
12 2.305051691116129e-07
13 2.3593795824675646e-07
14 2.3012824058730422e-07
15 2.3645107912974128e-07
16 2.386098549328292e-07
17 2.371937203310517e-07
18 2.3948507885011363e-07
19 2.414064033765314e-07
20 2.2547449935348872e-07
21 2.3727698438463227e-07
22 2.2439613227243507e-07
23 2.350870870732822e-07
24 2.338566936423112e-07
25 2.248380467744185e-07
26 2.3423604120089054e-07
27 2.3082775114640068e-07
28 2.3674619458687176e-07
29 2.409430614354759e-07
30 2.262787242920508e-07
31 2.2836050726617568e-07
32 2.3226185748377676e-07
33 2.237113699211478e-07
34 2.3820018984573722e-07
35 2.13726852822485e-07
36 2.132731472314356e-07
37 2.408541070560367e-07
38 2.3079182553706002e-07
39 2.180248226035997e-07
40 2.213121161229859e-07
41 2.3603424538537934e-07
42 2.2861056303235304e-07
43 2.2445169572486545e-07
44 2.271338975169117e-07
45 2.3689171611953883e-07
46 2.3604018386305967e-07
47 2.3148334236197472e-07
48 2.2767830356297695e-07
49 2.275015764176672e-07
50 2.294653816165514e-07
51 2.4087088743495994e-07
52 2.348642108573188e-07
53 2.3678706940145166e-07
54 2.2884167782337706e-07
55 2.328239169584084e-07
56 2.1510874372793884e-07
57 2.318083313072283e-07
58 2.2876321600694322e-07
59 2.2738527182849915e-07
60 2.271774462098065e-07
61 2.2815349762480104e-07
62 2.3107380957329788e-07
63 2.285527654024242e-07
64 2.3362590680274433e-07
65 2.306162055958349e-07
66 2.3084156448370362e-07
67 2.3469728536399695e-07
68 2.40020248493616e-07
69 2.3194850142435175e-07
70 2.3268135056040466e-07
71 2.3594705009111712e-07
72 2.363728244303438e-07
73 2.3561933796927533e-07
74 2.268742858004833e-07
75 2.237444210740289e-07
76 2.2487376816208247e-07
77 2.415267492270542e-07
78 2.2916602452657768e-07
79 2.246107587665474e-07
80 2.2403187108397414e-07
81 2.3163263934575298e-07
82 2.3327293651479712e-07
83 2.2310675733034608e-07
84 2.3333274588246623e-07
85 2.28145298700636e-07
86 2.3890304857726115e-07
87 2.2810359634235185e-07
88 2.3374573251882143e-07
89 2.204206747091871e-07
90 2.2539011021109338e-07
91 2.2796799474135688e-07
92 2.286555822620931e-07
93 2.3410145129168517e-07
94 2.475200655232642e-07
95 2.3235569941826875e-07
96 2.1951621122335064e-07
97 2.36474180819547e-07
98 2.238400802949105e-07
99 2.299719208982291e-07
100 2.3112957062271547e-07
101 2.2478310284877427e-07
102 2.2312120245167502e-07
103 2.2254687286441967e-07
104 2.3374709923144693e-07
105 2.47329872034251e-07
106 2.2147502607119048e-07
107 2.2988352474562861e-07
108 2.280092191377726e-07
109 2.2779766004839546e-07
110 2.3026062485408268e-07
111 2.285452041888474e-07
112 2.2831348056078426e-07
113 2.2511062591336672e-07
114 2.2777789116286616e-07
115 2.2253189170337023e-07
116 2.2872581040095205e-07
117 2.355957375510901e-07
118 2.25833208895526e-07
119 2.2993328164990783e-07
120 2.3068323409178934e-07
121 2.3373261672547197e-07
122 2.3447857374969547e-07
123 2.242518430731323e-07
124 2.3738432634854992e-07
125 2.285922697988477e-07
126 2.3077036044242887e-07
127 2.3776741437275806e-07
128 2.182389360350723e-07
129 2.3272120351922117e-07
130 2.3269874530731426e-07
131 2.2884079200844692e-07
132 2.2663816704541763e-07
133 2.2814971543254546e-07
134 2.4010996676424896e-07
135 2.2516713815636775e-07
136 2.397121478886771e-07
137 2.3786021037914005e-07
138 2.2755164875496633e-07
139 2.2449761082836682e-07
140 2.3332776946464463e-07
141 2.2768424640726385e-07
142 2.2332772903544282e-07
143 2.328336157711259e-07
144 2.2671083230271883e-07
145 2.3778510764691186e-07
146 2.3753060375734613e-07
147 2.344864114864039e-07
148 2.2083909173768687e-07
149 2.2973463060644686e-07
150 2.2880753558061446e-07
151 2.3188560246832896e-07
152 2.2595549801178805e-07
153 2.2802416228327215e-07
154 2.3028621915333374e-07
155 2.3244770687156173e-07
156 2.1857737703995574e-07
157 2.2863279947609106e-07
158 2.2988221792946464e-07
159 2.2807443141234756e-07
160 2.2390188379060416e-07
161 2.2027375687362623e-07
162 2.297663990969441e-07
163 2.2187307856899362e-07
164 2.3480882683376518e-07
165 2.2805199443697851e-07
166 2.377511753880265e-07
167 2.3319639169287097e-07
168 2.3823194307167637e-07
169 2.319569706086129e-07
170 2.163467691074356e-07
171 2.436845562076099e-07
172 2.26865948988257e-07
173 2.3605262178334484e-07
174 2.441533334835326e-07
175 2.2547771082962836e-07
176 2.3183059972648436e-07
177 2.2651011157104686e-07
178 2.309850812101755e-07
179 2.3157892211922192e-07
180 2.3011882110563757e-07
181 2.2535321114690467e-07
182 2.2170785172862982e-07
183 2.2409718921137971e-07
184 2.2990638047675215e-07
185 2.3223379944384947e-07
186 2.283955417143328e-07
187 2.2898308692963854e-07
188 2.3413432651103445e-07
189 2.3339207937431664e-07
190 2.3257470261772457e-07
191 2.217606998255988e-07
192 2.3833234829155616e-07
193 2.2926188396685394e-07
194 2.2993848357122595e-07
195 2.2831997803967113e-07
196 2.2419103619076955e-07
197 2.242278272221097e-07
198 2.3910046750206593e-07
199 2.3541306632631766e-07
200 2.2845542264129038e-07
201 2.288541770801364e-07
202 2.44605623582205e-07
203 2.3409283596981923e-07
204 2.152223601066513e-07
205 2.3540239821517492e-07
206 2.2443907189776435e-07
207 2.1979411226808598e-07
208 2.3680260363436364e-07
209 2.2935888534567241e-07
210 2.2629958355288536e-07
211 2.2981567765837244e-07
212 2.3428783608087757e-07
213 2.2528158300070467e-07
214 2.279561476400071e-07
215 2.2942935777534594e-07
216 2.3174112907813e-07
217 2.322568401351433e-07
218 2.2362833672463012e-07
219 2.3874032670231255e-07
220 2.3478455785372424e-07
221 2.2961563424281873e-07
222 2.3434735457648738e-07
223 2.380298537959068e-07
224 2.2577695585102368e-07
225 2.2905581168731667e-07
226 2.3104158937468987e-07
227 2.327000613777777e-07
228 2.3148662537188995e-07
229 2.2610924521046428e-07
230 2.2422178106639686e-07
231 2.1994087947097666e-07
232 2.1996097587596662e-07
233 2.463052589703931e-07
234 2.2926432794518737e-07
235 2.336235773465597e-07
236 2.2699488645986455e-07
237 2.2952999397918646e-07
238 2.253507909371137e-07
239 2.2275462926641893e-07
240 2.3077395430320136e-07
241 2.3297060776879543e-07
242 2.2711804070622195e-07
243 2.3658734994643176e-07
244 2.306081229181195e-07
245 2.3131639464044998e-07
246 2.2209548785430165e-07
247 2.308036037665116e-07
248 2.3431116159902275e-07
249 2.295404913904462e-07
250 2.2717085750648637e-07
251 2.3130178355355506e-07
252 2.3180112059308298e-07
253 2.2827497884483045e-07
254 2.3866167957206953e-07
255 2.2465940698365596e-07
256 2.3245931581907986e-07
257 2.3192824452317138e-07
258 2.3251161760247203e-07
259 2.363117443533823e-07
260 2.28098086850302e-07
261 2.2047480757687436e-07
262 2.3823640134293594e-07
263 2.3138795553381165e-07
264 2.255934424095114e-07
265 2.3258740811461172e-07
266 2.333641358593146e-07
267 2.2098319204037168e-07
268 2.36009259872992e-07
269 2.233771451651346e-07
270 2.322616114992779e-07
271 2.2793315041860707e-07
272 2.1701379320933724e-07
273 2.1252233687119965e-07
274 2.2307572125921413e-07
275 2.360864352468101e-07
276 2.3570474140428358e-07
277 2.315278333793713e-07
278 2.309834968963218e-07
279 2.3029703144707153e-07
280 2.3439371717865e-07
281 2.17960155727664e-07
282 2.2882343114412846e-07
283 2.3142696178212793e-07
284 2.2337995814043498e-07
285 2.2598654928955014e-07
286 2.4313650111677403e-07
287 2.4012595483216043e-07
288 2.2335994465281665e-07
289 2.3008781440673977e-07
290 2.2631770020730409e-07
291 2.298539416507155e-07
292 2.3587546240062164e-07
293 2.40976830581272e-07
294 2.138441115554501e-07
295 2.2404964863900549e-07
296 2.4272215090276285e-07
297 2.228083645743042e-07
298 2.38627605407678e-07
299 2.3041786749390154e-07
300 2.3647144307351287e-07
301 2.284629673729298e-07
302 2.304405210218442e-07
303 2.3032514136877038e-07
304 2.2796903608796188e-07
305 2.2860349822826887e-07
306 2.2978448610393076e-07
307 2.3472007126033885e-07
308 2.2842978604905669e-07
309 2.3136811426927585e-07
310 2.2675062716675928e-07
311 2.2438359997688967e-07
312 2.331924377449402e-07
313 2.205580570605255e-07
314 2.2942756386416822e-07
315 2.2948399325823342e-07
316 2.2704666164533058e-07
317 2.385845280452265e-07
318 2.399226575792059e-07
319 2.2259478057123522e-07
320 2.3292793063707224e-07
321 2.425996337713579e-07
322 2.3046729267057478e-07
323 2.2394597902528887e-07
324 2.2283528544584352e-07
325 2.3074541230893643e-07
326 2.2723301687040866e-07
327 2.392372670159824e-07
328 2.3394681720537653e-07
329 2.257680477236241e-07
330 2.357210602393472e-07
331 2.3695795282399816e-07
332 2.3097544014573236e-07
333 2.3504060737319e-07
334 2.3083939899465772e-07
335 2.353561165006416e-07
336 2.2613159770385288e-07
337 2.2331992197124627e-07
338 2.2223480335187425e-07
339 2.2722451587204095e-07
340 2.258498852145441e-07
341 2.3067312608308228e-07
342 2.3226942469574868e-07
343 2.2442526717694398e-07
344 2.2642088866512614e-07
345 2.3101352643358516e-07
346 2.1997344139820524e-07
347 2.3672332009399635e-07
348 2.1763025938458277e-07
349 2.326497673036032e-07
350 2.396652368486334e-07
351 2.3655668580478613e-07
352 2.4890773602277763e-07
353 2.1961039589591024e-07
354 2.310447939691343e-07
355 2.2969210322058587e-07
356 2.325730665506857e-07
357 2.35992827143708e-07
358 2.2609788897169794e-07
359 2.2233306924665975e-07
360 2.266879671059583e-07
361 2.2418768347948628e-07
362 2.37616254662504e-07
363 2.376360808769852e-07
364 2.3652895258269366e-07
365 2.2613168686392459e-07
366 2.188677424106589e-07
367 2.2617858487020399e-07
368 2.300322361104316e-07
369 2.3489549619723367e-07
370 2.344429331044829e-07
371 2.242898211764743e-07
372 2.3256762573730556e-07
373 2.217140223544071e-07
374 2.2805684337591328e-07
375 2.3043243983118294e-07
376 2.2690160972375782e-07
377 2.290629458751332e-07
378 2.3183103644068298e-07
379 2.3914297956175777e-07
380 2.3026352671351615e-07
381 2.308887559578219e-07
382 2.2487574746531465e-07
383 2.3529532499630403e-07
384 2.215342401770321e-07
385 2.1602199112971052e-07
386 2.294333431718382e-07
387 2.2060995226412486e-07
388 2.3438585035745942e-07
389 2.3419902149268435e-07
390 2.3103000930772752e-07
391 2.2898290098494335e-07
392 2.3476514639287574e-07
393 2.2763476591825778e-07
394 2.2445545603469044e-07
395 2.2386931586671234e-07
396 2.3853029419873586e-07
397 2.4897216965229284e-07
398 2.2508690217344791e-07
399 2.2065962870771238e-07
400 2.2856733569462232e-07
401 2.307289923272799e-07
402 2.3576259705069144e-07
403 2.1938409234098253e-07
404 2.2546025057770306e-07
405 2.3115605212800726e-07
406 2.2895993663805813e-07
407 2.3786031869636233e-07
408 2.360818170187199e-07
409 2.2488521366668928e-07
410 2.3402547257835044e-07
411 2.294787156808125e-07
412 2.224084811519843e-07
413 2.30042759713681e-07
414 2.2619598718253227e-07
415 2.340167149021695e-07
416 2.2314010170901258e-07
417 2.3944957647571894e-07
418 2.3075413903844506e-07
419 2.2581713185535331e-07
420 2.2312726904180598e-07
421 2.1964927093608704e-07
422 2.3493284471388087e-07
423 2.263988827911919e-07
424 2.3429866490708366e-07
425 2.3194363981651103e-07
426 2.2413432625643576e-07
427 2.3095980335167423e-07
428 2.248622616147939e-07
429 2.365166523749617e-07
430 2.2170980006792805e-07
431 2.2578618299065925e-07
432 2.3187692095869556e-07
433 2.2494023421682307e-07
434 2.2686119926497323e-07
435 2.2443775515790902e-07
436 2.3997928109578343e-07
437 2.2423067272070266e-07
438 2.369691286890106e-07
439 2.2756695180849207e-07
440 2.32104832841371e-07
441 2.343844635724254e-07
442 2.3008805701973643e-07
443 2.2311500259981402e-07
444 2.3506029723757777e-07
445 2.329701578595105e-07
446 2.2751302499742538e-07
447 2.3730248216891056e-07
448 2.407655587378853e-07
449 2.249879790081554e-07
450 2.3430624187491212e-07
451 2.3695569111071958e-07
452 2.2385147718711275e-07
453 2.31630039832903e-07
454 2.3656877977026548e-07
455 2.238755751587203e-07
456 2.2502191094755414e-07
457 2.200673198938122e-07
458 2.3723641098480574e-07
459 2.3575112972385058e-07
460 2.2873573859614123e-07
461 2.2837255935152134e-07
462 2.250977574230731e-07
463 2.19334892287001e-07
464 2.367799216585865e-07
465 2.2222621492962888e-07
466 2.3163584323120136e-07
467 2.327981827749718e-07
468 2.237146869831331e-07
469 2.2400789109032395e-07
470 2.2139000839922063e-07
471 2.3405512326473034e-07
472 2.332533562974493e-07
473 2.275122083977683e-07
474 2.2759520140003683e-07
475 2.3372373952806685e-07
476 2.3148782594273633e-07
477 2.1761955813800324e-07
478 2.285791289798169e-07
479 2.305068935503638e-07
480 2.3155648832555842e-07
481 2.381239710404041e-07
482 2.4306186266578546e-07
483 2.2842485206071657e-07
484 2.2530269810142812e-07
485 2.3458540860932308e-07
486 2.289363989972734e-07
487 2.2672564770596607e-07
488 2.1888066882022462e-07
489 2.2756571298975543e-07
490 2.3181624669060344e-07
491 2.323330315605208e-07
492 2.273313758166019e-07
493 2.2525684941344332e-07
494 2.1704029767055766e-07
495 2.3722621241119247e-07
496 2.2992979554162e-07
497 2.2945067890791596e-07
498 2.2106426802676946e-07
499 2.1896119927171618e-07
500 2.2966479122755248e-07
501 2.2986612243130263e-07
502 2.1760408904502089e-07
503 2.1963300428372619e-07
504 2.374781961010374e-07
505 2.3743627293385932e-07
506 2.310204065519392e-07
507 2.1542078851373197e-07
508 2.41692990392825e-07
509 2.395527145761367e-07
510 2.2685027088228704e-07
511 2.298019665483966e-07
512 2.303685381364671e-07
513 2.380266383078015e-07
514 2.2388062689449542e-07
515 2.3150006589091013e-07
516 2.2620431028304952e-07
517 2.332960315773038e-07
518 2.3577244326272968e-07
519 2.2568310606879203e-07
520 2.2765563874719388e-07
521 2.246939226397879e-07
522 2.309849049526477e-07
523 2.2107521618088378e-07
524 2.2690901762736093e-07
525 2.335491307050036e-07
526 2.2519707480712703e-07
527 2.3315881006524695e-07
528 2.2791161461553568e-07
529 2.3482124227940463e-07
530 2.440326464266285e-07
531 2.222338101624033e-07
532 2.405826350427168e-07
533 2.2345446525450603e-07
534 2.3361871032563483e-07
535 2.328761246296447e-07
536 2.2309632100852586e-07
537 2.306064283608353e-07
538 2.237823075873072e-07
539 2.1566052003484584e-07
540 2.26214378559899e-07
541 2.2917306379425358e-07
542 2.341049901562862e-07
543 2.300886280439128e-07
544 2.255048063140274e-07
545 2.3583898503238085e-07
546 2.26388813443986e-07
547 2.331833331122369e-07
548 2.369484120641056e-07
549 2.3667442265604628e-07
550 2.2777587064461576e-07
551 2.3303996722954303e-07
552 2.2805788401674898e-07
553 2.381712774337013e-07
554 2.3992538870894244e-07
555 2.1640255530420848e-07
556 2.314949614551805e-07
557 2.307550011509506e-07
558 2.2374393559549711e-07
559 2.2724780931108732e-07
560 2.2243999257058333e-07
561 2.3320908753287216e-07
562 2.349139078308734e-07
563 2.423661193622513e-07
564 2.3385089055754688e-07
565 2.272250255293693e-07
566 2.250539456373616e-07
567 2.394532890420159e-07
568 2.256470933462993e-07
569 2.355057575809039e-07
570 2.248867450835333e-07
571 2.3113994812082664e-07
572 2.465952188092944e-07
573 2.1951992744023304e-07
574 2.2500095016389642e-07
575 2.196934046833678e-07
576 2.3504763535191064e-07
577 2.2775200135795744e-07
578 2.2965278640873839e-07
579 2.2564842947657338e-07
580 2.2448247831564053e-07
581 2.2066439547460725e-07
582 2.2376888853352055e-07
583 2.336611573736415e-07
584 2.334106430316355e-07
585 2.210259814115608e-07
586 2.3324521177054317e-07
587 2.402536805272069e-07
588 2.263419884665385e-07
589 2.2823208838853645e-07
590 2.3738781279433086e-07
591 2.3438061577584326e-07
592 2.2910576022911001e-07
593 2.343758249150376e-07
594 2.276097434378621e-07
595 2.300464120312155e-07
596 2.2897609187651958e-07
597 2.2642688580370893e-07
598 2.3302799565948272e-07
599 2.2400547256161984e-07
600 2.3053232034027686e-07
601 2.2085134271057543e-07
602 2.3191969070908422e-07
603 2.2481071722159162e-07
604 2.2796455863489794e-07
605 2.2399891436912378e-07
606 2.321127783408381e-07
607 2.229742612336171e-07
608 2.2451989628816632e-07
609 2.4143723286956735e-07
610 2.3167328154990075e-07
611 2.3083306778667927e-07
612 2.2726783450204572e-07
613 2.2684482963764347e-07
614 2.2945330686614525e-07
615 2.393461028977759e-07
616 2.2985510300961885e-07
617 2.243983895612978e-07
618 2.3266681245045962e-07
619 2.4112945867639147e-07
620 2.180460841724851e-07
621 2.3053925662783996e-07
622 2.3732765750651047e-07
623 2.1951648691970012e-07
624 2.2541267915220354e-07
625 2.3313632841684898e-07
626 2.2438984466549515e-07
627 2.1810537379348832e-07
628 2.3568902671031574e-07
629 2.388967357955954e-07
630 2.261898756829804e-07
631 2.388797474077817e-07
632 2.275427690897687e-07
633 2.2381708904283454e-07
634 2.4331679724584015e-07
635 2.392949703642037e-07
636 2.0965707899110454e-07
637 2.2391928480519077e-07
638 2.2810136750302748e-07
639 2.4543265423526545e-07
640 2.3281452848064712e-07
641 2.423036402124461e-07
642 2.2942838313865156e-07
643 2.358183537730986e-07
644 2.2750873480527644e-07
645 2.193338602645782e-07
646 2.3709027256159578e-07
647 2.185214202374712e-07
648 2.27297458666286e-07
649 2.2668886334400208e-07
650 2.3349219142296385e-07
651 2.2773169924192035e-07
652 2.159514386015046e-07
653 2.225425867966645e-07
654 2.2079894579933375e-07
655 2.4578023028390385e-07
656 2.3561843602744575e-07
657 2.3060250844256387e-07
658 2.2785457580474064e-07
659 2.2804224887043758e-07
660 2.1331317882252268e-07
661 2.407598945078113e-07
662 2.3871631505651984e-07
663 2.368812535859005e-07
664 2.311680509162991e-07
665 2.2937450465025759e-07
666 2.3234289963547954e-07
667 2.2377217264511984e-07
668 2.3829461392271844e-07
669 2.360899486530982e-07
670 2.2787165456630863e-07
671 2.2733499615337088e-07
672 2.4493991322665016e-07
673 2.368706454774884e-07
674 2.2346678058420937e-07
675 2.3526797148101118e-07
676 2.3235951785576611e-07
677 2.3120443707920156e-07
678 2.2722019585543897e-07
679 2.2366718761749337e-07
680 2.2965771310402933e-07
681 2.274985465789128e-07
682 2.3537704612662072e-07
683 2.18920497049236e-07
684 2.3193186647176824e-07
685 2.4521712551493576e-07
686 2.2290365170349742e-07
687 2.2250760155210495e-07
688 2.3458533594531935e-07
689 2.3322320583693634e-07
690 2.2752132530494372e-07
691 2.2127850039594681e-07
692 2.2340017864951321e-07
693 2.1839904648941834e-07
694 2.268051256866032e-07
695 2.288510607478118e-07
696 2.3110729757416777e-07
697 2.3622870615240847e-07
698 2.1912007191175731e-07
699 2.2425236346930682e-07
700 2.376075075349096e-07
701 2.254740635508736e-07
702 2.3302755154791036e-07
703 2.3833718009030826e-07
704 2.286573164772656e-07
705 2.1826894048864145e-07
706 2.2970644845457343e-07
707 2.3163325219592453e-07
708 2.4750088510540144e-07
709 2.345903747236046e-07
710 2.268889895522762e-07
711 2.1583934058888202e-07
712 2.2427850466359835e-07
713 2.2279847434558897e-07
714 2.2978392499188713e-07
715 2.2531359073866474e-07
716 2.399687904381594e-07
717 2.403916924846873e-07
718 2.400742322163452e-07
719 2.407071637349973e-07
720 2.2155448834177483e-07
721 2.2039130182222376e-07
722 2.2524073010385942e-07
723 2.396428518567922e-07
724 2.2550457242068946e-07
725 2.3187925676215777e-07
726 2.323267478022685e-07
727 2.2278359881371251e-07
728 2.2533796912033723e-07
729 2.395528521767046e-07
730 2.2944231350408865e-07
731 2.453078011655944e-07
732 2.1476564942803249e-07
733 2.3517861525555084e-07
734 2.2797592715469988e-07
735 2.2437368216940636e-07
736 2.2636363822943088e-07
737 2.2610466132037204e-07
738 2.274557045023519e-07
739 2.18715768416225e-07
740 2.223894329129764e-07
741 2.3812456065087085e-07
742 2.3590104482873846e-07
743 2.2476731792390034e-07
744 2.376617043067319e-07
745 2.316978391877484e-07
746 2.2548412496516197e-07
747 2.2400619154322235e-07
748 2.373618392772847e-07
749 2.3704305894399044e-07
750 2.3303942023922322e-07
751 2.3567724079469724e-07
752 2.3804255579040563e-07
753 2.3628489707403033e-07
754 2.2498573563536348e-07
755 2.2446816533283968e-07
756 2.290726133433509e-07
757 2.1490399473417585e-07
758 2.2205871115190546e-07
759 2.2221296885271505e-07
760 2.211187856839275e-07
761 2.3377241516762362e-07
762 2.3137945545667808e-07
763 2.294554603002445e-07
764 2.219184354095432e-07
765 2.2059906550323824e-07
766 2.2381819928492193e-07
767 2.2592009198426072e-07
768 2.2893681162373215e-07
769 2.2800988509114606e-07
770 2.2925732764702607e-07
771 2.3294075087724072e-07
772 2.3601911330713706e-07
773 2.2571416428267672e-07
774 2.3445144949848267e-07
775 2.2299419200216086e-07
776 2.3266524584167127e-07
777 2.255993233997776e-07
778 2.336372125801033e-07
779 2.2836371940493263e-07
780 2.2592078604130802e-07
781 2.2336400697204827e-07
782 2.2494590504794525e-07
783 2.2799708263541466e-07
784 2.328138429549659e-07
785 2.167517286428765e-07
786 2.2597400165787483e-07
787 2.225422095898198e-07
788 2.3812005683717026e-07
789 2.2857157214179363e-07
790 2.2343128026983867e-07
791 2.3525278998224635e-07
792 2.3170930905914154e-07
793 2.336297139637417e-07
794 2.3396348777486993e-07
795 2.298051226022755e-07
796 2.3785009470928593e-07
797 2.3578857623744135e-07
798 2.3177819445563656e-07
799 2.233240480743644e-07
800 2.312351888010241e-07
801 2.2493134990561138e-07
802 2.403973169988865e-07
803 2.3590561596129137e-07
804 2.372925095159785e-07
805 2.3147836643561947e-07
806 2.302038770303439e-07
807 2.2768829716324523e-07
808 2.446441814462761e-07
809 2.232714040752025e-07
810 2.4189667683505053e-07
811 2.257031415583914e-07
812 2.3241041320986077e-07
813 2.3364910732136702e-07
814 2.330465724988591e-07
815 2.320800948699835e-07
816 2.397403356096122e-07
817 2.2736700113228352e-07
818 2.2246612207499865e-07
819 2.3329914977049914e-07
820 2.3074334472163998e-07
821 2.3794737648606765e-07
822 2.3105531688667947e-07
823 2.3208797872218223e-07
824 2.3209458721179516e-07
825 2.3413557544696938e-07
826 2.2315334687980182e-07
827 2.2638202783266072e-07
828 2.1525995868131893e-07
829 2.3159400519619863e-07
830 2.2520864129709684e-07
831 2.2784311801062345e-07
832 2.2505268202966848e-07
833 2.2574665677427429e-07
834 2.422698320508357e-07
835 2.283382366969368e-07
836 2.3008966286733782e-07
837 2.394387240115921e-07
838 2.2688130105521163e-07
839 2.147371632715804e-07
840 2.3639749498751756e-07
841 2.2549773289468777e-07
842 2.2878316072157293e-07
843 2.336583857087954e-07
844 2.2402129045088163e-07
845 2.1764464369717346e-07
846 2.3825865644148843e-07
847 2.2684124502026055e-07
848 2.3237455088849865e-07
849 2.286772623139534e-07
850 2.2232606633314542e-07
851 2.286449038400937e-07
852 2.356496251183741e-07
853 2.3896489388342654e-07
854 2.224737483377691e-07
855 2.304267714487958e-07
856 2.355850940266285e-07
857 2.2480370086276563e-07
858 2.3087256825422087e-07
859 2.372759665737433e-07
860 2.299672693900445e-07
861 2.2593274289252715e-07
862 2.3175852602815083e-07
863 2.27069532873443e-07
864 2.432305488564141e-07
865 2.2969923533906412e-07
866 2.2788786655353029e-07
867 2.2481288503661022e-07
868 2.23192256899648e-07
869 2.341849375574023e-07
870 2.2643374058246854e-07
871 2.2375805677851886e-07
872 2.227417141437428e-07
873 2.282272316100829e-07
874 2.3841967681423004e-07
875 2.33455802731368e-07
876 2.408217222791078e-07
877 2.236870001041823e-07
878 2.2397724277866693e-07
879 2.336082273880595e-07
880 2.2666622934136948e-07
881 2.2869754316182624e-07
882 2.2258401786859082e-07
883 2.2425031421226446e-07
884 2.408530035690505e-07
885 2.247120811468391e-07
886 2.4036590256722513e-07
887 2.2628816634415424e-07
888 2.4590801998309177e-07
889 2.2784199742023028e-07
890 2.3046419967532836e-07
891 2.3737325592154145e-07
892 2.3262019087376613e-07
893 2.3186806136229654e-07
894 2.3454275800216113e-07
895 2.349454678900169e-07
896 2.3434445046927953e-07
897 2.363135128547074e-07
898 2.3222759836742386e-07
899 2.2244463662714066e-07
900 2.2785342552979836e-07
901 2.3459137299647662e-07
902 2.2936286732242508e-07
903 2.2747230425565416e-07
904 2.3546717352256162e-07
905 2.1366992827434988e-07
906 2.2435962589307866e-07
907 2.318832209091821e-07
908 2.266762101303412e-07
909 2.2263428659972861e-07
910 2.2826065252176318e-07
911 2.2685362090297661e-07
912 2.31777927972266e-07
913 2.3248853086403915e-07
914 2.3046633313776542e-07
915 2.3070387293831796e-07
916 2.2462379231630344e-07
917 2.3010520944789702e-07
918 2.3184667122914062e-07
919 2.2240620815002113e-07
920 2.2525210406924237e-07
921 2.2445853458128545e-07
922 2.3818658647989347e-07
923 2.2358726717976013e-07
924 2.3578258485140574e-07
925 2.3228972219190346e-07
926 2.3370783397938115e-07
927 2.3703167351643332e-07
928 2.2765722328221333e-07
929 2.2342689561837362e-07
930 2.349193149628861e-07
931 2.324425429895979e-07
932 2.2328542857936878e-07
933 2.2707789419591147e-07
934 2.235853498569778e-07
935 2.269028164508584e-07
936 2.4182085682748196e-07
937 2.3828604254741605e-07
938 2.2991580430847398e-07
939 2.3709219547898425e-07
940 2.2971793513227822e-07
941 2.3014585690513166e-07
942 2.4081764947090305e-07
943 2.2205654918565297e-07
944 2.2601475816410247e-07
945 2.2265230013339435e-07
946 2.2087676958687925e-07
947 2.237992254056113e-07
948 2.3124606731306897e-07
949 2.345192080109971e-07
950 2.34460605924493e-07
951 2.3311145428092952e-07
952 2.398665125890584e-07
953 2.2089438920437238e-07
954 2.2246504990494072e-07
955 2.206110727199362e-07
956 2.251220652634057e-07
957 2.3669233334351747e-07
958 2.251211924934719e-07
959 2.3395806354240676e-07
960 2.2942600243062802e-07
961 2.2614162229826025e-07
962 2.4556778611015924e-07
963 2.2865839667914762e-07
964 2.2192863967020308e-07
965 2.2868402124688195e-07
966 2.3959011359842367e-07
967 2.280839649808712e-07
968 2.182153755106123e-07
969 2.2332113677583756e-07
970 2.393773123834855e-07
971 2.3075198999836268e-07
972 2.3719291812390945e-07
973 2.314843597562143e-07
974 2.3248010164478967e-07
975 2.3373406047383322e-07
976 2.3427908033227432e-07
977 2.3276171002616634e-07
978 2.3080504526362676e-07
979 2.2421449090508115e-07
980 2.279090856053857e-07
981 2.2973818019431161e-07
982 2.2275769529332795e-07
983 2.3151205742292274e-07
984 2.229470227527814e-07
985 2.333299896800394e-07
986 2.3189715344119355e-07
987 2.353715601593569e-07
988 2.3830421581450212e-07
989 2.277492766441195e-07
990 2.315516007325276e-07
991 2.202240938132429e-07
992 2.3766473439809163e-07
993 2.1996788088698436e-07
994 2.3945442895835596e-07
995 2.3343150678886823e-07
996 2.141793599896206e-07
997 2.2834116971745774e-07
998 2.3425363179911284e-07
999 2.2213463656302558e-07
