0 1.960289136872785e-07
1 2.526025969346828e-07
2 1.6029066936740685e-07
3 2.2437066162159376e-07
4 3.0260306760944876e-07
5 1.3194433747679565e-07
6 2.0759840847205477e-07
7 1.4207196664405472e-07
8 1.7282830049354335e-07
9 1.7962948649707159e-07
10 2.061812889753335e-07
11 2.52059768919387e-07
12 1.6396118800002791e-07
13 1.237821037950896e-07
14 2.006213767081033e-07
15 2.0568864206149627e-07
16 1.1726285900697914e-07
17 1.6483168289052932e-07
18 1.6539910542906758e-07
19 1.4334263925047882e-07
20 1.739051118938103e-07
21 1.8949471436683203e-07
22 1.6727314822341148e-07
23 2.1659731913271647e-07
24 1.5855318806348067e-07
25 2.0201134523277403e-07
26 2.1003280048185979e-07
27 2.0357291454463647e-07
28 2.0861440318940633e-07
29 2.0879384494821773e-07
30 2.0622324739715554e-07
31 1.7556912531910024e-07
32 1.8691957908911032e-07
33 1.5256795095861019e-07
34 1.8113908532472526e-07
35 2.8200994043753266e-07
36 1.8657000358975034e-07
37 2.0656861887621426e-07
38 2.1607605234245342e-07
39 1.706588613821531e-07
40 1.7591046411242404e-07
41 2.059478465946114e-07
42 1.7851892694740318e-07
43 1.7846251945425025e-07
44 1.974217420574939e-07
45 2.1551271030659264e-07
46 1.1048694472038601e-07
47 2.2717714037598834e-07
48 2.2178368908250742e-07
49 2.604215755521217e-07
50 1.941962790564171e-07
51 1.8766060871284721e-07
52 1.8323132103449892e-07
53 1.8996904960557159e-07
54 2.262952494974129e-07
55 2.0318159739224758e-07
56 2.1685173200639488e-07
57 1.708948782181248e-07
58 2.299272307742015e-07
59 1.9418351990754e-07
60 2.1290377132161876e-07
61 1.5197514995088985e-07
62 1.6904575817796812e-07
63 2.260554673795861e-07
64 2.115567131839139e-07
65 1.396648977886514e-07
66 1.3787984042004524e-07
67 2.0073916469347717e-07
68 1.5784110989618673e-07
69 1.5853380177635985e-07
70 1.5616413768272728e-07
71 1.5337636078359809e-07
72 1.7590347924277688e-07
73 2.030860118862645e-07
74 1.8950134780528022e-07
75 1.950434223079983e-07
76 1.6392617153569298e-07
77 1.276709021808621e-07
78 2.0111738269186778e-07
79 2.143353099425707e-07
80 2.1298702881203052e-07
81 1.7962272231218732e-07
82 1.563534720876016e-07
83 2.65061616021572e-07
84 2.476848816647748e-07
85 2.4640208944078535e-07
86 2.0014512509001726e-07
87 1.3559035502489785e-07
88 2.0767287542044567e-07
89 2.408807376965669e-07
90 1.7740423716121904e-07
91 1.936947726471665e-07
92 2.2094539382652776e-07
93 1.7928782972363756e-07
94 2.3251036483564486e-07
95 1.678132600216754e-07
96 2.3614870674412755e-07
97 1.581624896607181e-07
98 2.5355679261058805e-07
99 1.9535589048253354e-07
100 2.107706240211953e-07
101 2.1871248199783113e-07
102 2.2354211286548642e-07
103 2.09182230774206e-07
104 2.16108485964624e-07
105 1.3195700912968133e-07
106 2.381176901514195e-07
107 1.8095582643519727e-07
108 1.9749011148553316e-07
109 1.4414979415182914e-07
110 1.8042922466149753e-07
111 1.792131770339859e-07
112 1.4780003295001664e-07
113 2.2738394145806374e-07
114 1.10826847610166e-07
115 1.9470382736419e-07
116 1.7111696513321927e-07
117 1.4890828604913408e-07
118 1.713802131690663e-07
119 2.3640090949702677e-07
120 1.3710623788494696e-07
121 1.5944901684550317e-07
122 1.8020148737975344e-07
123 1.9220667405435866e-07
124 1.5867687885211336e-07
125 2.1562329714067268e-07
126 2.2961165537557163e-07
127 1.9161864556647435e-07
128 2.3278785828100789e-07
129 1.966576772132786e-07
130 1.3557742555521943e-07
131 1.9031357732997322e-07
132 1.869034544744225e-07
133 1.632670989581978e-07
134 1.8038253889853157e-07
135 1.7718460900050607e-07
136 1.6781000577117094e-07
137 1.7184431781804901e-07
138 1.7057223092518178e-07
139 2.2825246406295095e-07
140 1.7981670344912663e-07
141 2.7520396239259517e-07
142 1.6176820465820902e-07
143 1.2867176362790816e-07
144 1.6365503203279468e-07
145 1.5041088695312628e-07
146 1.5082929137122146e-07
147 2.4490669465425657e-07
148 2.0877176089633658e-07
149 2.1845847475824916e-07
150 2.1885358634778857e-07
151 1.8291158818299798e-07
152 1.9416657503866858e-07
153 2.405126814029509e-07
154 2.1341327404597514e-07
155 2.430487628029853e-07
156 2.156224813919027e-07
157 2.0420353586876834e-07
158 1.967122481085217e-07
159 2.1975201564979875e-07
160 2.0476495359308883e-07
161 2.554105615182594e-07
162 1.8121339080141375e-07
163 2.4201006988450004e-07
164 2.1102036665343546e-07
165 2.1469150757578458e-07
166 1.3045669170705496e-07
167 1.9180881188129548e-07
168 1.6349382422698526e-07
169 1.657039102648187e-07
170 2.0917069673558215e-07
171 1.9178148378360235e-07
172 2.0141956485849978e-07
173 1.920688140520749e-07
174 1.0996772382603052e-07
175 2.5868201512664285e-07
176 1.9199869959447273e-07
177 2.0454544101781413e-07
178 1.8552543565405026e-07
179 1.710115403188082e-07
180 1.2667309045742476e-07
181 2.6833124566837277e-07
182 2.0498653332433845e-07
183 1.6768624986178565e-07
184 1.318819260103876e-07
185 2.3366254909174264e-07
186 1.6573033176332822e-07
187 2.6302144127473743e-07
188 1.4631077788083878e-07
189 2.2834207950102683e-07
190 1.9373772299688687e-07
191 2.2349823616778552e-07
192 2.607293144803214e-07
193 1.9106828164709605e-07
194 1.4993524202545514e-07
195 1.6364779644382834e-07
196 2.0891479652602863e-07
197 2.0708779869013072e-07
198 1.3445417614335177e-07
199 1.4802145469996987e-07
200 2.2281655757539254e-07
201 1.7005455066505682e-07
202 1.435479588976976e-07
203 2.4761847933168733e-07
204 2.615895320835701e-07
205 1.8594445046431165e-07
206 1.9784708989975963e-07
207 1.6124435677267145e-07
208 1.770141286812626e-07
209 1.792044358587634e-07
210 1.8706291806957397e-07
211 2.0079601047736072e-07
212 1.919953361588995e-07
213 1.8955640019177176e-07
214 2.0381093035153194e-07
215 2.36362750498747e-07
216 1.948325318562831e-07
217 1.3571272444979824e-07
218 2.0529358515121895e-07
219 1.7758864876082287e-07
220 1.5197968924322133e-07
221 2.708215341082738e-07
222 1.7199624954682512e-07
223 1.708985065552156e-07
224 1.7414050275679264e-07
225 1.5900686481910476e-07
226 2.012228919132016e-07
227 1.9645450684194265e-07
228 1.9723978962749242e-07
229 2.6062574193748027e-07
230 2.4985637782188907e-07
231 1.799516116555858e-07
232 2.3242499354380457e-07
233 1.7727745890908772e-07
234 2.0790187714735343e-07
235 1.427683184793239e-07
236 2.3712969603076785e-07
237 1.586826198424598e-07
238 1.9108794666691585e-07
239 1.867512536685364e-07
240 1.679120685538087e-07
241 1.4221412419816784e-07
242 2.051637915418368e-07
243 1.9480027723999717e-07
244 2.3453871602635062e-07
245 1.9331844242895146e-07
246 1.7709632797357512e-07
247 1.685639422128952e-07
248 1.750248733428109e-07
249 2.115464527758919e-07
250 1.7950722475996202e-07
251 1.7213906847120073e-07
252 1.7938216474033014e-07
253 1.851528031872146e-07
254 1.9131283613110162e-07
255 1.8019769087937613e-07
256 2.651222671305838e-07
257 1.2562137400560444e-07
258 1.339704041171226e-07
259 1.652367225634623e-07
260 1.829334214377702e-07
261 2.850550879673279e-07
262 1.7431956532155914e-07
263 2.2816462911932683e-07
264 2.2581270029789946e-07
265 1.9376087883654696e-07
266 1.6457019765469352e-07
267 1.3173364453881038e-07
268 1.6466817663568508e-07
269 1.6318203596994628e-07
270 1.7066804755029082e-07
271 2.2497940403925863e-07
272 1.727348680636478e-07
273 2.4958845937390133e-07
274 2.20595832377072e-07
275 1.8115238835315875e-07
276 1.219152814051808e-07
277 1.9745856944515294e-07
278 2.2970582245668943e-07
279 1.0936081888169396e-07
280 2.196285233495299e-07
281 1.9612933520542123e-07
282 2.2638968797568413e-07
283 1.6357700836273375e-07
284 2.10139819435522e-07
285 2.2318217681569807e-07
286 1.883338460497214e-07
287 1.7709165084740067e-07
288 1.9250457209970591e-07
289 2.0120764003610457e-07
290 2.407275576984757e-07
291 2.266599763596827e-07
292 1.5449108874298875e-07
293 1.6898144980005577e-07
294 2.1238105553945126e-07
295 1.801673765944241e-07
296 1.793445680050963e-07
297 1.562727265658354e-07
298 1.716275168847999e-07
299 2.1438081525222022e-07
300 1.765814492801048e-07
301 1.715764663670858e-07
302 1.8144167873319539e-07
303 1.497971252080228e-07
304 1.9420748858166638e-07
305 7.855883152358119e-08
306 2.569557910702818e-07
307 2.4018628514864524e-07
308 2.3371612971715963e-07
309 2.0909409560901548e-07
310 1.5454216159689801e-07
311 1.7818662571900135e-07
312 2.0411526735446136e-07
313 3.0951876829817414e-07
314 2.2048182594522561e-07
315 1.7738760194397458e-07
316 1.4971090712044797e-07
317 1.925349408109199e-07
318 1.6170003244295647e-07
319 1.3893221297887216e-07
320 1.4153852455915223e-07
321 1.329402393232426e-07
322 1.9835017589533773e-07
323 1.4824431934583265e-07
324 1.7753734148693757e-07
325 2.0800982174944862e-07
326 2.2097192205361235e-07
327 1.659368120552867e-07
328 1.3591820546853092e-07
329 2.0989880586048595e-07
330 1.6256434689884154e-07
331 1.682269650915809e-07
332 2.1367549131216589e-07
333 1.8439872281378146e-07
334 1.7581578660928203e-07
335 1.6607638185564538e-07
336 1.7187496341115638e-07
337 1.9081662782876518e-07
338 2.0982528196588385e-07
339 1.4338242822287205e-07
340 1.9788048094634162e-07
341 1.7358178569807348e-07
342 1.7436237982379683e-07
343 2.026684068506677e-07
344 2.1435464888421008e-07
345 2.2052032703790019e-07
346 1.9923393784101113e-07
347 2.4939007201767973e-07
348 2.6876103004815013e-07
349 2.386588100081404e-07
350 1.816476195942654e-07
351 1.5144277295245174e-07
352 1.495955300303593e-07
353 2.2047575423929986e-07
354 2.0276657639443516e-07
355 2.3435979090652597e-07
356 1.7521412877434295e-07
357 1.655649426624725e-07
358 2.482815434550154e-07
359 1.8012646044490803e-07
360 2.356523047763741e-07
361 2.0386743138358476e-07
362 1.9691495001257703e-07
363 2.4666189760285284e-07
364 1.940656470060992e-07
365 2.1807820810712536e-07
366 2.0932453675085578e-07
367 2.0391366478930062e-07
368 1.9052084385300763e-07
369 1.7570085602532716e-07
370 2.0519990994507614e-07
371 1.9457525491490723e-07
372 1.664364123213947e-07
373 2.110045121360651e-07
374 2.1723849174620602e-07
375 2.2981715821613948e-07
376 2.119276078179714e-07
377 1.9983302249780668e-07
378 1.7357468314854462e-07
379 1.218374035754641e-07
380 1.6578153874934465e-07
381 1.7894485126781274e-07
382 1.8769041429952229e-07
383 1.785451343410516e-07
384 2.0668667695929437e-07
385 2.1163742055186128e-07
386 1.8520717083954606e-07
387 1.3004808403684865e-07
388 1.4998869946870462e-07
389 2.1452502294843306e-07
390 2.1075380090313085e-07
391 1.7739452157147065e-07
392 2.5288277339992727e-07
393 2.505619211358275e-07
394 2.187530917703374e-07
395 1.2642604636565081e-07
396 1.5419928406061134e-07
397 1.4214777140471629e-07
398 1.6789642414888003e-07
399 2.010679837658685e-07
400 2.0115792887017014e-07
401 2.2806256018049916e-07
402 1.6896198934400895e-07
403 2.3566622258996242e-07
404 1.8702115690214906e-07
405 2.048020167435814e-07
406 2.0173865043555176e-07
407 1.7001574695057114e-07
408 2.001288326301717e-07
409 2.3767593484944632e-07
410 1.7032804961122e-07
411 2.0856185292521896e-07
412 2.521402680358071e-07
413 1.777483882801138e-07
414 1.588579005635554e-07
415 1.6689128588268275e-07
416 2.337183787742012e-07
417 2.2144923914147256e-07
418 1.595718218889218e-07
419 1.5756503433431076e-07
420 2.18519894574184e-07
421 2.2649875895220894e-07
422 2.2287745516544925e-07
423 1.336374561713453e-07
424 1.9260193603310543e-07
425 1.5619814271655898e-07
426 1.7020253865753209e-07
427 2.5637247320925354e-07
428 2.2176937440570325e-07
429 1.661318003321891e-07
430 2.6862292880382634e-07
431 1.9916165812011589e-07
432 1.7556177447792804e-07
433 2.194888317402105e-07
434 2.0954792047277884e-07
435 2.300637963426424e-07
436 1.7649181616912936e-07
437 2.1411107131359753e-07
438 1.679945028264279e-07
439 2.3949284957849184e-07
440 1.988540363180737e-07
441 2.692164508525487e-07
442 1.9017833771601662e-07
443 2.2581669575103648e-07
444 1.8611835338509218e-07
445 2.2894538713221792e-07
446 1.2814698232306845e-07
447 1.8169436968273775e-07
448 1.627203085700798e-07
449 1.5110251277054868e-07
450 1.5365310641604071e-07
451 1.2218343794815722e-07
452 1.5120413817553946e-07
453 1.915664346048817e-07
454 1.6148601941813457e-07
455 1.4005073070189162e-07
456 1.6902801536849927e-07
457 2.3730336793783853e-07
458 1.9454270618034675e-07
459 1.6085771783341028e-07
460 1.871930176782447e-07
461 1.7788908740725512e-07
462 2.1145532608109022e-07
463 1.8701810973254645e-07
464 1.819533472032161e-07
465 2.472453745638495e-07
466 1.8821443898920118e-07
467 1.7633289975981785e-07
468 1.7553962871061585e-07
469 1.832699729182179e-07
470 2.0113308191465956e-07
471 1.5548672590742796e-07
472 1.8555502942572675e-07
473 2.093635082351982e-07
474 1.611799047763937e-07
475 1.8169908528884423e-07
476 1.558885018585996e-07
477 1.945096642128137e-07
478 1.6816040486788608e-07
479 1.9755304301681002e-07
480 1.4789347471826595e-07
481 1.5320316566679827e-07
482 1.7564834648229119e-07
483 2.2788977232838631e-07
484 1.4632179404971075e-07
485 1.5453582964998967e-07
486 1.5490578088498404e-07
487 1.6334417988391043e-07
488 2.2139160842751286e-07
489 1.7873458772661446e-07
490 2.2394374597558048e-07
491 2.0435521805236607e-07
492 1.9110121988163865e-07
493 1.8537358383947212e-07
494 2.1677626966787325e-07
495 2.0924045040486415e-07
496 1.265503780332254e-07
497 1.9478568509834204e-07
498 1.969967376024745e-07
499 1.6436292692140543e-07
500 1.5058825421819782e-07
501 1.869467308467538e-07
502 2.6078319730347956e-07
503 2.525841267153605e-07
504 2.0250593349878882e-07
505 2.2674491422899148e-07
506 1.8210853109082853e-07
507 2.5009898012091745e-07
508 1.5463004989078325e-07
509 1.565142599207514e-07
510 1.908890221588122e-07
511 1.6738266061451094e-07
512 1.58919737707594e-07
513 1.8031935710642862e-07
514 2.0472620515253007e-07
515 1.5613492581492509e-07
516 2.4676924464118027e-07
517 1.7292532297280625e-07
518 1.5385475123015857e-07
519 2.0229119922192954e-07
520 1.8186375933068944e-07
521 2.305323052034706e-07
522 2.2006790804687374e-07
523 2.341945403203274e-07
524 1.8002768683912013e-07
525 1.5105758045522244e-07
526 1.3658020299961925e-07
527 1.7914160928224725e-07
528 2.0665577999899517e-07
529 2.091843557983849e-07
530 2.0405832627818513e-07
531 2.7104540452378526e-07
532 1.4965886520451819e-07
533 1.9196924375465656e-07
534 1.920352956510063e-07
535 1.4661258813091644e-07
536 1.8023840922693509e-07
537 1.544138058592529e-07
538 1.9415478031240407e-07
539 2.0644406888353753e-07
540 1.9837068985986315e-07
541 2.285068434014484e-07
542 1.3718907959080516e-07
543 1.833619915431198e-07
544 1.8623104080344917e-07
545 1.8168063134937066e-07
546 1.4597464604198032e-07
547 2.58166425630094e-07
548 2.0637386930969337e-07
549 1.0461196152826737e-07
550 2.3309040618672055e-07
551 2.2869669641931996e-07
552 2.0763122758126206e-07
553 2.18690264070035e-07
554 1.659161227685706e-07
555 2.591382047443457e-07
556 1.3327276913882713e-07
557 2.1013600906708366e-07
558 1.4883211385392272e-07
559 1.914518287716471e-07
560 2.1510573958013909e-07
561 2.2403227609171575e-07
562 1.849582915484997e-07
563 1.5641260640014338e-07
564 1.6637888590722686e-07
565 2.2848727449378306e-07
566 2.18798465026254e-07
567 1.76787557458579e-07
568 2.730854639201232e-07
569 2.2755592987472175e-07
570 1.88798218752057e-07
571 2.365160449463267e-07
572 1.479210710040588e-07
573 2.3168730515527397e-07
574 1.6590958407412508e-07
575 2.459588510061284e-07
576 1.433608026339732e-07
577 2.126175820712193e-07
578 2.0689725589913307e-07
579 2.3576559188470891e-07
580 1.3127694914815445e-07
581 1.687291164432711e-07
582 1.807717866401646e-07
583 1.8721617292388357e-07
584 1.76420653557346e-07
585 2.403822643104426e-07
586 1.5395722180195085e-07
587 1.2873869827899702e-07
588 1.8471492005647968e-07
589 1.899716511791801e-07
590 1.9059860951528533e-07
591 2.2787480018428582e-07
592 2.0671175292958915e-07
593 2.133998183524078e-07
594 1.749352143134084e-07
595 1.9377308165590605e-07
596 2.0457036063583962e-07
597 1.7904828855184892e-07
598 1.363518304458611e-07
599 1.874564482015265e-07
600 1.6228274207179037e-07
601 2.3717699011723563e-07
602 2.354354322915112e-07
603 2.044465447850087e-07
604 2.3582867855824247e-07
605 2.3658382902399148e-07
606 2.2462609097095405e-07
607 1.6684740121676633e-07
608 1.834225555822525e-07
609 2.345213774222826e-07
610 2.174374858737602e-07
611 2.0822662938848367e-07
612 1.356145586797882e-07
613 2.4248664569259105e-07
614 2.005570351383749e-07
615 1.5285820281091459e-07
616 2.427867953439252e-07
617 2.470480322676287e-07
618 1.4118198541485807e-07
619 1.5630660208514426e-07
620 1.2534881022061568e-07
621 1.970785627093702e-07
622 1.8350152758752887e-07
623 1.8866443415031917e-07
624 2.241282421048217e-07
625 1.4350318852808002e-07
626 1.6202323373194734e-07
627 1.9182225492377422e-07
628 2.4252603700709344e-07
629 1.4905633017471364e-07
630 1.7805766659837152e-07
631 1.5676639159604266e-07
632 2.679612145946455e-07
633 2.223943466946538e-07
634 2.145611762500338e-07
635 1.9815760858123345e-07
636 2.466310660146502e-07
637 1.4655463323949247e-07
638 2.0549919918973672e-07
639 1.5488626174447673e-07
640 1.348094656769648e-07
641 8.36718862593511e-08
642 1.6098696186066105e-07
643 1.464068970501055e-07
644 2.0833595288520243e-07
645 2.4468591878736786e-07
646 1.6186988635723042e-07
647 2.3027045027504113e-07
648 1.6610762764147808e-07
649 2.0153001173394343e-07
650 1.7530122784241987e-07
651 1.6868689986898964e-07
652 1.945866843130062e-07
653 1.946794817410353e-07
654 2.3376354628200373e-07
655 1.762441185905722e-07
656 2.1448928698720492e-07
657 1.858476767581896e-07
658 1.736108270533356e-07
659 1.8851652825432395e-07
660 2.2428258321370373e-07
661 1.3950159867433193e-07
662 1.9694368011541938e-07
663 1.6164227122500715e-07
664 1.8339258603830504e-07
665 2.4933409304843323e-07
666 1.9015007469554843e-07
667 1.818023087460429e-07
668 1.908727340786509e-07
669 2.2686262377729772e-07
670 1.330235733802049e-07
671 2.313499450529256e-07
672 1.6177238172707154e-07
673 1.5497901215385352e-07
674 1.4848264468143374e-07
675 1.4446019445461357e-07
676 1.4327688723904237e-07
677 1.5323134458528114e-07
678 2.2350090598530645e-07
679 2.627894270047409e-07
680 1.3558784074451447e-07
681 1.5895866460678043e-07
682 2.218242818695054e-07
683 1.4749296071465914e-07
684 1.8533600350278668e-07
685 1.714667463112125e-07
686 1.7265400633414778e-07
687 1.807816846703211e-07
688 1.7462428380404368e-07
689 1.9394387200338098e-07
690 1.5337872991657227e-07
691 2.7325382656182965e-07
692 1.386819286602008e-07
693 2.736124504783693e-07
694 1.9037824645524212e-07
695 2.080813902202839e-07
696 2.2623976435469985e-07
697 1.5112515167352877e-07
698 2.7323581932060933e-07
699 2.263763444689455e-07
700 1.6324030235050838e-07
701 2.1717327365860178e-07
702 1.9235466900209108e-07
703 1.5743165302359322e-07
704 2.2326355494702935e-07
705 1.7592388969069076e-07
706 2.3074222076029473e-07
707 1.4825016004197643e-07
708 1.823693080768684e-07
709 1.2892722993348395e-07
710 1.6805176182471864e-07
711 1.961516945789287e-07
712 2.0906395590235618e-07
713 1.8696821108134723e-07
714 2.449567791691467e-07
715 1.2909205179346108e-07
716 1.6137898807183246e-07
717 2.5299447825707157e-07
718 1.4862228568189302e-07
719 2.3532989467584332e-07
720 2.089940334946041e-07
721 2.797919994818262e-07
722 1.5444481200591558e-07
723 2.1965596919881214e-07
724 1.8859389031851803e-07
725 1.5928648921758759e-07
726 2.5365484439028467e-07
727 2.0198151175664271e-07
728 1.7280111768080576e-07
729 2.121067924204975e-07
730 2.1435570136893978e-07
731 1.434640056045309e-07
732 1.6341952332103497e-07
733 1.433305747394218e-07
734 2.078807799974364e-07
735 2.0915619628279812e-07
736 1.2741329852707035e-07
737 2.0968764919909455e-07
738 1.3308578389741527e-07
739 2.620602174733053e-07
740 1.6823452715926327e-07
741 2.0283099158571944e-07
742 1.9030514034826296e-07
743 1.5244550728163747e-07
744 1.7642350635547297e-07
745 1.9804930796255676e-07
746 2.0365710096271263e-07
747 1.8262571511491845e-07
748 1.9884513588285404e-07
749 1.6266312809220644e-07
750 1.435642771332727e-07
751 1.7856789349897242e-07
752 1.9286184770969026e-07
753 1.3808947403288302e-07
754 2.3794184837781487e-07
755 2.434811206874642e-07
756 2.6910369260141197e-07
757 2.134369797207545e-07
758 2.011839470853918e-07
759 1.7153179255921006e-07
760 2.091495726932721e-07
761 1.9495324013481287e-07
762 1.7895594297602114e-07
763 2.2259883894218782e-07
764 1.8289322299201146e-07
765 1.8361916093714094e-07
766 3.2669901363346704e-07
767 2.525445815895566e-07
768 2.4261507225571697e-07
769 2.193500925729541e-07
770 1.9020005963638628e-07
771 1.8092340134004747e-07
772 2.0242703134635492e-07
773 1.8596690543984347e-07
774 2.0069659731658675e-07
775 2.1410049645189824e-07
776 2.3563365869180175e-07
777 2.4882433348172656e-07
778 1.6307229358581934e-07
779 2.2852097111121343e-07
780 1.481027167111998e-07
781 1.7021362599767374e-07
782 2.1220700756023158e-07
783 1.9149100898236452e-07
784 1.6510464958709483e-07
785 2.3512521205017205e-07
786 1.8037544320427543e-07
787 2.1114960355591235e-07
788 1.265147595302667e-07
789 1.5180370227039177e-07
790 2.102459055654164e-07
791 1.7206373090499014e-07
792 1.516700056745053e-07
793 2.1372315439628544e-07
794 1.9066697586408553e-07
795 1.5682045415472177e-07
796 1.7978671497549673e-07
797 1.9489340083356715e-07
798 1.7891305288834085e-07
799 2.422643325546782e-07
800 2.1842029660162925e-07
801 2.3600057910302425e-07
802 1.356568548457985e-07
803 1.1489062366244258e-07
804 9.409656582846983e-08
805 2.6052645084560385e-07
806 2.208090292025446e-07
807 2.4740341699442744e-07
808 2.1225710881871744e-07
809 2.110150701352216e-07
810 1.7042429104000842e-07
811 1.9838578816780147e-07
812 1.9640723511291738e-07
813 1.895394942583604e-07
814 2.0991380174734532e-07
815 2.105734977191032e-07
816 2.0829888954467482e-07
817 1.821253806451553e-07
818 1.8771143267760286e-07
819 2.2144362394191066e-07
820 1.7261813833290374e-07
821 1.8583369926391687e-07
822 2.2546976822782523e-07
823 1.9316200794181137e-07
824 1.5730156026108044e-07
825 1.6148035884342844e-07
826 1.3448298510537434e-07
827 2.51463472735831e-07
828 2.067408332306057e-07
829 2.122476104906115e-07
830 2.2367183727290886e-07
831 2.3674921021957867e-07
832 1.5275518189168835e-07
833 1.7587397889694537e-07
834 2.413678307778315e-07
835 2.3413226172990625e-07
836 1.683317763298558e-07
837 1.5115547560249955e-07
838 1.860558469651169e-07
839 2.0994522432159317e-07
840 1.7533161946488796e-07
841 2.0501357130643062e-07
842 1.620601168711347e-07
843 1.1483914124094907e-07
844 2.0547098679260425e-07
845 2.177966043716372e-07
846 1.5769923603484913e-07
847 2.3532035190094458e-07
848 2.1862711313585183e-07
849 2.3223874997263116e-07
850 2.357154343275758e-07
851 2.429249679952873e-07
852 1.845632735454573e-07
853 2.026296350787597e-07
854 2.0507869766772191e-07
855 2.299012162402879e-07
856 1.9362232620713693e-07
857 2.427624507078035e-07
858 2.0098383343146654e-07
859 2.2719030596373464e-07
860 1.5073938541569757e-07
861 1.6136622209923883e-07
862 1.9761996833980549e-07
863 2.1406229589150992e-07
864 1.7722298766472613e-07
865 2.6875898970447266e-07
866 2.0418221206769175e-07
867 2.132720352630828e-07
868 2.178812807350564e-07
869 2.0122817858985547e-07
870 2.3679577531312648e-07
871 1.78072011316363e-07
872 2.2695474674505837e-07
873 2.2835331818980785e-07
874 1.3141471785112168e-07
875 1.7117542926697403e-07
876 1.5014309022660628e-07
877 2.5997911151734203e-07
878 2.0609400680765967e-07
879 1.4984240162330674e-07
880 1.8744992975449032e-07
881 1.5654193222003263e-07
882 1.1243394984962779e-07
883 2.412043062470838e-07
884 2.4095391765604885e-07
885 2.077078325433185e-07
886 1.4961419973642425e-07
887 1.747915002815941e-07
888 1.7146563705766e-07
889 1.5391611580884895e-07
890 2.4040232138462735e-07
891 1.5857181001867797e-07
892 1.5308868031365186e-07
893 1.9612904590878448e-07
894 1.569589255229433e-07
895 2.2731128477961232e-07
896 1.4851937632716782e-07
897 2.1128905910367475e-07
898 1.6569317366761003e-07
899 2.026226141224502e-07
900 2.142658664662041e-07
901 1.9654600435293256e-07
902 1.9765195095247876e-07
903 2.30811392974132e-07
904 1.4510741124633308e-07
905 2.115037715250504e-07
906 1.7313238342765254e-07
907 1.6490387667018806e-07
908 1.8720266377879082e-07
909 2.115738411354658e-07
910 1.915873296381571e-07
911 2.0887346783202632e-07
912 2.1217220804519666e-07
913 1.8076668266581973e-07
914 2.647360789427624e-07
915 1.310717641833541e-07
916 1.3399687582750368e-07
917 2.1503383005685395e-07
918 2.146295572007547e-07
919 2.4876718776604393e-07
920 2.1931887525377774e-07
921 1.692458601388071e-07
922 1.8371137788211069e-07
923 1.8320962715311236e-07
924 1.9517517355461914e-07
925 2.0330368407744176e-07
926 1.674675805697442e-07
927 1.461666408564028e-07
928 1.6613420369110368e-07
929 2.3480670020538068e-07
930 1.8099759292035608e-07
931 1.6761360253016223e-07
932 2.221190519409327e-07
933 2.833017551336206e-07
934 2.6148617611590295e-07
935 1.8539049540165632e-07
936 1.445745550544241e-07
937 1.9925811321291198e-07
938 1.692488542353285e-07
939 2.0128314976841942e-07
940 2.2957080777950023e-07
941 1.1514800955876634e-07
942 1.6655515309673786e-07
943 1.8279047330818643e-07
944 1.560117171519741e-07
945 1.4825869077305478e-07
946 2.2740493230159697e-07
947 2.1288202886445825e-07
948 1.6823352351521236e-07
949 2.268015164974586e-07
950 2.2549437580783788e-07
951 1.7934671971603833e-07
952 1.8489077558686605e-07
953 2.2109547182637895e-07
954 1.75223553164794e-07
955 1.86855709082605e-07
956 1.5316583578448033e-07
957 2.1052382766261568e-07
958 1.9744370437461474e-07
959 1.6165443495501087e-07
960 2.414776065199208e-07
961 2.3402234543796657e-07
962 1.5715127856231516e-07
963 2.2113781600718898e-07
964 2.1140305295327987e-07
965 1.7707328344422945e-07
966 1.5429167675207137e-07
967 1.9484831540974142e-07
968 2.8633268361228755e-07
969 1.9829015235665398e-07
970 1.7067070124411355e-07
971 2.593917875191941e-07
972 1.4836722584962928e-07
973 2.2749249038585124e-07
974 1.979989787700983e-07
975 2.2413535050045498e-07
976 2.15676836682131e-07
977 1.9355322595185117e-07
978 1.4574573069155202e-07
979 1.5795911018951308e-07
980 2.170337813922089e-07
981 1.4571322734334044e-07
982 1.462628570209761e-07
983 1.7761351572181237e-07
984 2.3562113022805098e-07
985 1.62984163827274e-07
986 2.169473297677754e-07
987 1.8405383181584806e-07
988 2.1225693290037634e-07
989 2.3141516788533716e-07
990 2.243425848914701e-07
991 2.3934575601695246e-07
992 1.3929310502942213e-07
993 2.4073611957314736e-07
994 1.8286146330914005e-07
995 1.4584269898418098e-07
996 2.3390348956358129e-07
997 1.4854918811458954e-07
998 1.6566606560337973e-07
999 1.828229622317177e-07
