0 9.218477474505282e-08
1 7.969709645374576e-08
2 9.142952289903915e-08
3 1.1040819643293109e-07
4 1.7550114226831443e-07
5 5.288172295465219e-08
6 1.2471296916067355e-07
7 8.653180374958735e-08
8 8.942165419934814e-08
9 9.035970328574436e-08
10 1.2739235986078097e-07
11 1.166872945260796e-07
12 1.2028845642098057e-07
13 9.41183708537245e-08
14 1.3080688581634724e-07
15 9.897727808516116e-08
16 7.436746065111056e-08
17 8.358116945752648e-08
18 9.759030338035972e-08
19 7.41561208780464e-08
20 1.4383302956759425e-07
21 7.323488749393787e-08
22 6.868730998912312e-08
23 1.2536634823186532e-07
24 6.476064636558825e-08
25 1.0393056931855344e-07
26 1.1413101401695687e-07
27 1.2063274101009235e-07
28 9.36268080694802e-08
29 1.0013859370163856e-07
30 9.136040870955344e-08
31 1.4165889459065616e-07
32 9.89680356299911e-08
33 1.22612204667894e-07
34 1.066532697723438e-07
35 1.5511754869282705e-07
36 1.4611266821372504e-07
37 5.5753468541047834e-08
38 1.1287755312480735e-07
39 1.482368946525198e-07
40 1.2975786664378737e-07
41 8.952653664573446e-08
42 8.97517187692551e-08
43 1.1148535511438715e-07
44 1.0852090779078424e-07
45 1.0047596230892615e-07
46 7.86300475879781e-08
47 1.349200522267959e-07
48 1.2244526861355973e-07
49 1.8237046050088741e-07
50 9.570125913135311e-08
51 5.6341336506085215e-08
52 7.933593191037197e-08
53 8.41330968245255e-08
54 1.2218662234775264e-07
55 8.692838181237621e-08
56 1.7963328129038044e-07
57 1.0327256075719603e-07
58 1.2504550527649895e-07
59 1.2235706956372721e-07
60 1.101084790386036e-07
61 5.716284000571252e-08
62 9.413011819651916e-08
63 1.0357281930831536e-07
64 9.052052632575333e-08
65 7.214006545907719e-08
66 6.951650474601295e-08
67 1.1318836602573758e-07
68 8.067950659624317e-08
69 6.266466707494959e-08
70 1.0029825683820854e-07
71 4.7229073738506486e-08
72 1.0114967233980238e-07
73 9.432454601281832e-08
74 1.1672506891823843e-07
75 1.377525466701384e-07
76 1.2420223860761033e-07
77 9.888975628447617e-08
78 1.3969347039890282e-07
79 1.2572521208839614e-07
80 1.0798188009048109e-07
81 1.0362142341776667e-07
82 8.392157131798719e-08
83 1.767398385695471e-07
84 6.996795867791859e-08
85 1.1629547006422877e-07
86 1.0608032218184266e-07
87 1.0597700316009236e-07
88 8.629482492330377e-08
89 1.0909480677034155e-07
90 1.2241560963521363e-07
91 8.915818040636314e-08
92 8.880312520416911e-08
93 7.157888266159364e-08
94 1.3856679168774756e-07
95 8.454175853521859e-08
96 1.2153454966288792e-07
97 6.774456973213387e-08
98 1.0965196952385384e-07
99 1.421786172313711e-07
100 9.405217861701844e-08
101 1.2750002240331754e-07
102 1.3327808859773555e-07
103 1.0742010444017122e-07
104 1.1775291847226024e-07
105 2.0834219764926507e-08
106 1.307071843620674e-07
107 1.0614827236062814e-07
108 7.840868093636549e-08
109 9.832770695859246e-08
110 9.738085654762158e-08
111 1.3009677089061704e-07
112 8.05303862105908e-08
113 1.1647613910965354e-07
114 1.1918729449200809e-07
115 1.1736627581753347e-07
116 8.832013729854032e-08
117 7.548878298698214e-08
118 1.0687077676292922e-07
119 1.0541835498009291e-07
120 8.557808477820079e-08
121 7.274956497626767e-08
122 5.8689028514804814e-08
123 1.0444258628707999e-07
124 7.773457723628274e-08
125 1.1887797396547216e-07
126 1.1096221742368324e-07
127 9.488327870187854e-08
128 1.614305844483512e-07
129 8.319959114983976e-08
130 6.312866676033747e-08
131 1.4115555356473062e-07
132 1.2717638932660247e-07
133 9.850180858728182e-08
134 8.457701418080171e-08
135 1.0697573098278614e-07
136 7.490270717578333e-08
137 9.476600880244243e-08
138 1.315283958409873e-07
139 1.1605483527586205e-07
140 5.373527086923644e-08
141 1.653330758877637e-07
142 1.1903636474618555e-07
143 7.270489118040952e-08
144 8.500348957730299e-08
145 4.5046382223933615e-08
146 7.02060628377121e-08
147 9.291500665986485e-08
148 1.459010427971595e-07
149 1.1138438837475073e-07
150 7.759748595103463e-08
151 7.937056180327057e-08
152 1.0700184865356322e-07
153 1.0984488615103614e-07
154 1.3463392868745032e-07
155 1.3534789206505637e-07
156 1.384122130415322e-07
157 1.4634955627991404e-07
158 1.1483096223316674e-07
159 1.5846411988978401e-07
160 9.434640591532534e-08
161 1.5632735471787605e-07
162 1.1883709015501468e-07
163 1.4403857266209116e-07
164 5.443245080712038e-08
165 1.0486812492142472e-07
166 6.736117615146108e-08
167 1.1861473514356507e-07
168 6.464087884444532e-08
169 7.534606528876948e-08
170 1.3177179598081047e-07
171 7.747169957027797e-08
172 9.878326233535064e-08
173 7.545665062356235e-08
174 1.794771444167399e-08
175 1.2960721475060514e-07
176 7.640593666235582e-08
177 1.0630127150097211e-07
178 1.1648753369780525e-07
179 9.514240606059624e-08
180 5.934302277726165e-08
181 1.4315552942554684e-07
182 1.0393198702817818e-07
183 6.60186829674035e-08
184 4.5163996339713163e-08
185 1.1804847918279186e-07
186 1.6290411948552214e-07
187 1.500042631323732e-07
188 1.0346524861581822e-07
189 1.0762918765321849e-07
190 9.416521600256153e-08
191 1.0652965389769622e-07
192 9.252313355284483e-08
193 1.2316421856333403e-07
194 9.038785386064686e-08
195 1.0823491490370322e-07
196 8.763970888944994e-08
197 1.1704927256400673e-07
198 3.181964338186356e-08
199 8.180582480717288e-08
200 1.390378605951227e-07
201 1.1491851213861156e-07
202 6.024585417056231e-08
203 1.336253211313027e-07
204 1.552434157608383e-07
205 9.59151042054856e-08
206 1.2041395911740694e-07
207 1.205310309896388e-07
208 7.40112232203763e-08
209 9.188169538038323e-08
210 1.2416817136920304e-07
211 1.2126997700567962e-07
212 8.291811959290972e-08
213 1.2482465877879874e-07
214 1.1727655647660317e-07
215 1.0085758529973539e-07
216 1.470735486080065e-07
217 8.30123420605269e-08
218 1.1950297979167737e-07
219 8.166058785021345e-08
220 1.2218606940203648e-07
221 1.6742576402840702e-07
222 1.0734420851870553e-07
223 8.32166789931898e-08
224 1.105970135679144e-07
225 1.0988415624359237e-07
226 1.0551763137693173e-07
227 1.1148934485313289e-07
228 8.246705231465872e-08
229 1.311505798102203e-07
230 1.1821105342090464e-07
231 1.1493731820952052e-07
232 1.63988347685604e-07
233 5.81339475380242e-08
234 1.2546404819877384e-07
235 8.42413866576224e-08
236 1.206206727546361e-07
237 9.195158425796529e-08
238 1.32277733554099e-07
239 1.2342260059957639e-07
240 4.213482151089829e-08
241 8.974958493256989e-08
242 1.4432613211342853e-07
243 5.5479372577397296e-08
244 1.2214946127152948e-07
245 1.055532753735109e-07
246 1.1855485283866124e-07
247 9.175084347619233e-08
248 8.178543114059228e-08
249 9.165167828201953e-08
250 1.0775086642815258e-07
251 1.1800428913081923e-07
252 1.049686856947108e-07
253 1.3285382079209618e-07
254 1.1122507854379638e-07
255 1.2224281472967288e-07
256 1.3151884307739498e-07
257 8.483691340940141e-08
258 4.309803145726433e-08
259 1.0603750311213652e-07
260 9.528804834562072e-08
261 1.9031542258509583e-07
262 8.371612316398072e-08
263 1.3535777738244895e-07
264 1.154714995569409e-07
265 1.2846828233430763e-07
266 7.60638865084604e-08
267 8.869136125836343e-08
268 9.063170154878755e-08
269 9.09645452191229e-08
270 7.573668033895383e-08
271 1.1372708502897652e-07
272 9.22877636397018e-08
273 1.5876173042540104e-07
274 1.0947663447904392e-07
275 1.1189707155870993e-07
276 6.144847655509948e-08
277 1.1309814318960205e-07
278 8.847260114317867e-08
279 6.147368651238217e-08
280 1.0162295744856452e-07
281 1.1526932024257612e-07
282 1.1288763150240905e-07
283 8.505474855702929e-08
284 1.2457365559850197e-07
285 1.3390487443553457e-07
286 7.060220564589591e-08
287 8.715419949995058e-08
288 8.313759478851652e-08
289 1.4035575999463303e-07
290 9.652232451380794e-08
291 1.7144258835216128e-07
292 4.774546810194091e-08
293 6.285058219593907e-08
294 8.283316024951573e-08
295 9.439274540429775e-08
296 6.038834331464563e-08
297 9.01119018316252e-08
298 5.7334940178321165e-08
299 1.1885745305054029e-07
300 6.770888636233679e-08
301 6.882233258429556e-08
302 1.1786953272495068e-07
303 8.413039789925527e-08
304 1.0654694163828174e-07
305 7.270197293329197e-08
306 1.302538789125257e-07
307 1.3354257017412781e-07
308 1.1817376645578965e-07
309 1.0611856885673279e-07
310 9.921218599128967e-08
311 1.3782999954342133e-07
312 1.3696993885867e-07
313 1.5091139765379435e-07
314 8.287803720701197e-08
315 1.0171312110755972e-07
316 8.371067683346197e-08
317 1.0641609397440282e-07
318 6.3077478277991e-08
319 1.0058996547594381e-07
320 7.276254046960248e-08
321 5.705134735835895e-08
322 7.09248708275273e-08
323 9.596047802332355e-08
324 1.0427822038140057e-07
325 1.1613683425477111e-07
326 1.4786085102049755e-07
327 1.0109136638410724e-07
328 7.069781826248062e-08
329 1.0861867357522309e-07
330 8.502076584742844e-08
331 1.0892960245746216e-07
332 1.078237092201073e-07
333 6.712580226401842e-08
334 1.0730494340740875e-07
335 1.1468012728080163e-07
336 6.691219680040641e-08
337 1.22851110905375e-07
338 1.0613370082727986e-07
339 1.0904380529678468e-07
340 1.178475982581381e-07
341 1.0767230744232671e-07
342 1.0798334195681926e-07
343 9.157156927216994e-08
344 1.3425279520440732e-07
345 1.0215674996871121e-07
346 1.6108333654921438e-07
347 1.0759074314928063e-07
348 2.0091631629330486e-07
349 1.2813093873819907e-07
350 4.727009128941099e-08
351 6.683264112673817e-08
352 4.2982107028534844e-08
353 1.3605454616276898e-07
354 1.4486030929423659e-07
355 1.4505323830997712e-07
356 8.432443471488903e-08
357 7.634921602110643e-08
358 1.1648631491662499e-07
359 1.428236182592967e-07
360 1.275284669192902e-07
361 1.2234567804888775e-07
362 4.5836625721944304e-08
363 1.0512866191728175e-07
364 7.172712178984447e-08
365 1.0383561248758127e-07
366 1.4652515583394979e-07
367 1.071275499121647e-07
368 1.1486288519600258e-07
369 1.0220348948671929e-07
370 9.596285600425198e-08
371 1.421111474651338e-07
372 7.006663981018776e-08
373 1.2164704770519367e-07
374 1.1896130137346398e-07
375 1.3544669798537322e-07
376 1.5718641470804965e-07
377 9.494641914596804e-08
378 9.846603136334762e-08
379 4.8868540831117434e-08
380 9.254381999626802e-08
381 4.9538879884065455e-08
382 8.119796937763989e-08
383 7.229124052868339e-08
384 1.1975604444682444e-07
385 1.4676713319529616e-07
386 6.711110048267514e-08
387 9.603574833574155e-08
388 5.826331728349334e-08
389 7.806686088483406e-08
390 7.574804457541035e-08
391 9.92399217395552e-08
392 1.1085131731367399e-07
393 1.5420356776012854e-07
394 1.2537889899933387e-07
395 5.25241672526605e-08
396 6.095414427638432e-08
397 1.0393088063464788e-08
398 9.993902656902958e-08
399 1.207645503743396e-07
400 1.1398967579276522e-07
401 9.0589642785879e-08
402 8.179118229483666e-08
403 1.38484755202823e-07
404 1.0560634468791074e-07
405 1.1870913137889763e-07
406 1.0858994452559135e-07
407 7.925675578544259e-08
408 9.999617744025163e-08
409 1.1714180902642527e-07
410 9.051838913518066e-08
411 1.1238699969914103e-07
412 1.1831591828630716e-07
413 9.438240698237671e-08
414 9.521986121571232e-08
415 9.767026967336727e-08
416 1.4173516503351782e-07
417 1.0230038508035364e-07
418 9.18935334771216e-08
419 1.1545560841372514e-07
420 1.5048261922924055e-07
421 1.1688288124652365e-07
422 1.3091978546528997e-07
423 9.7062110448004e-08
424 1.338181559801241e-07
425 1.056860163204351e-07
426 1.0864331084176103e-07
427 1.2208172939609946e-07
428 1.089311834765778e-07
429 7.171322470065982e-08
430 1.5178110294187438e-07
431 9.588706243900434e-08
432 9.046775721750199e-08
433 9.675136487976818e-08
434 1.0521347407168509e-07
435 1.2668370051642288e-07
436 9.051286106189701e-08
437 1.295563256903301e-07
438 8.201938024027019e-08
439 1.286982907785448e-07
440 7.256640190750165e-08
441 1.327163500614475e-07
442 1.0541800732519128e-07
443 1.0389286692226222e-07
444 9.29757622377409e-08
445 1.1993439449750294e-07
446 5.5730461976115377e-08
447 8.602274928755035e-08
448 7.418078310658226e-08
449 9.703064831689691e-08
450 9.819617468478544e-08
451 5.704027592108457e-08
452 5.5076911151917356e-08
453 7.723107438219514e-08
454 1.071618843494785e-07
455 1.0541194751535368e-07
456 1.2059944104740678e-07
457 1.6084296341313882e-07
458 9.702837678827471e-08
459 8.924879691616442e-08
460 1.0480432782745764e-07
461 1.1457699913476825e-07
462 9.709446170372281e-08
463 9.105321640468973e-08
464 8.637968522988342e-08
465 1.376989706041615e-07
466 1.0960249481153524e-07
467 8.391162062765458e-08
468 1.1814741936949497e-07
469 9.498900149254836e-08
470 1.2926911488560707e-07
471 6.641356393420942e-08
472 6.319964301001446e-08
473 1.228863159262161e-07
474 8.141013901943401e-08
475 1.1612897328516554e-07
476 1.0410168381995679e-07
477 1.324475174837238e-07
478 1.0227418827891528e-07
479 6.431560649560809e-08
480 9.017867754961491e-08
481 7.683191563332023e-08
482 4.1615905949869497e-08
483 1.1446332744916665e-07
484 1.1576981173054866e-07
485 5.9284990053918135e-08
486 9.682968532841569e-08
487 7.703555917086546e-08
488 1.300397906019686e-07
489 8.713356159678613e-08
490 8.960375567580394e-08
491 6.767863598806099e-08
492 1.343269775647835e-07
493 1.2517349997997484e-07
494 1.236970141439358e-07
495 1.130459377557e-07
496 5.7972917010983915e-08
497 1.342661482280942e-07
498 1.146785797302358e-07
499 1.2725226279189198e-07
500 8.520948926957755e-08
501 9.858041328641965e-08
502 1.829199975949236e-07
503 1.4113813593136775e-07
504 9.404385736826806e-08
505 1.0744617517605952e-07
506 1.0282229842058303e-07
507 1.277740051782628e-07
508 1.2477944433907627e-07
509 7.751439202488429e-08
510 9.767678271627916e-08
511 7.887410663274402e-08
512 7.271538350492821e-08
513 6.349454641311154e-08
514 1.030023229227116e-07
515 8.257563972025707e-08
516 1.5112232243777267e-07
517 7.48176305681343e-08
518 9.711164550218537e-08
519 1.050243906583275e-07
520 1.1527197037946167e-07
521 1.3048218941317353e-07
522 1.2504756245857842e-07
523 1.2896273030853973e-07
524 6.054334275755708e-08
525 8.964886771612864e-08
526 8.299987627926395e-08
527 8.194655915774623e-08
528 1.0866747750417763e-07
529 9.916157994668117e-08
530 6.501654600670937e-08
531 1.5934138816189643e-07
532 2.7261185511261925e-08
533 1.1494358550724514e-07
534 1.1417991273423929e-07
535 7.068332252930321e-08
536 1.297125999404446e-07
537 6.051168250088162e-08
538 8.94021750781662e-08
539 1.3535700933627292e-07
540 1.0085056389548175e-07
541 1.0982814957972243e-07
542 8.343003729065434e-08
543 1.0491548773386723e-07
544 1.4559916806497114e-07
545 8.493808253788279e-08
546 1.0278622883288483e-07
547 1.1896342359601562e-07
548 8.770540053051869e-08
549 9.072470300409238e-08
550 9.866624927542263e-08
551 9.422677208408601e-08
552 1.212113465572579e-07
553 9.319857743866767e-08
554 1.0317297842935409e-07
555 1.573485379397009e-07
556 7.593460120781443e-08
557 1.0880754755877329e-07
558 1.0429370068017957e-07
559 1.0454941428407911e-07
560 9.55317743473337e-08
561 1.0878487234745733e-07
562 9.921746569118922e-08
563 4.007072289233216e-08
564 7.049394023858453e-08
565 1.1182123256568074e-07
566 9.626663719406401e-08
567 1.1393767963426249e-07
568 1.0987665592462587e-07
569 6.005626321912109e-08
570 1.1218379153524657e-07
571 1.0928557381382709e-07
572 1.0984557286618726e-07
573 1.3374531714584475e-07
574 7.544867305994928e-08
575 1.0276799311103588e-07
576 5.2453836801889514e-08
577 1.1857623040046855e-07
578 1.1254302113457824e-07
579 1.0540729208170265e-07
580 1.1113477666638479e-07
581 1.0966142874211059e-07
582 9.680962160156662e-08
583 1.0447697993109539e-07
584 1.1669259318714235e-07
585 1.6942336893954618e-07
586 7.729783941682701e-08
587 8.092640939867377e-08
588 7.012810799251473e-08
589 8.69923813711542e-08
590 5.8762495954851555e-08
591 1.0392394210165973e-07
592 1.0246295528868252e-07
593 1.0736652817998626e-07
594 9.680692955532091e-08
595 1.1444254746335575e-07
596 6.097381812450904e-08
597 7.553618531833366e-08
598 4.513997354926367e-08
599 9.452700105410297e-08
600 8.575210144139469e-08
601 1.6073721230426725e-07
602 1.2071433113238203e-07
603 1.247908739262302e-07
604 1.181543823925509e-07
605 1.5818208649652209e-07
606 1.1919470662712076e-07
607 1.0726499242387024e-07
608 9.478252115426196e-08
609 9.398466685532865e-08
610 1.1650602347049135e-07
611 1.5129392205060764e-07
612 9.316427745678127e-08
613 1.3979237485167712e-07
614 1.1099591008740902e-07
615 7.509654652930922e-08
616 1.209256001583745e-07
617 1.31926398474678e-07
618 9.3646190975331e-08
619 8.566447661298721e-08
620 1.2180609492629413e-07
621 1.1158929338618604e-07
622 6.30935879897723e-08
623 1.3093567004304335e-07
624 9.308802185502344e-08
625 9.252380172581857e-08
626 9.680761257159247e-08
627 1.537475490350692e-07
628 1.0339798213157659e-07
629 9.80263586769872e-08
630 1.0065446948981953e-07
631 8.581251734579286e-08
632 1.3154385028762691e-07
633 1.5034033437186618e-07
634 8.653138147724843e-08
635 1.4857359347565217e-07
636 1.4660712119209926e-07
637 1.0023310855584556e-07
638 1.12742518201279e-07
639 3.9913327086834466e-08
640 4.823431326184231e-08
641 3.944251867199328e-08
642 9.532923538106506e-08
643 7.939678500309145e-08
644 1.206756020183071e-07
645 1.258721628950203e-07
646 1.0566572911593194e-07
647 1.3830165697298882e-07
648 7.810504303691128e-08
649 1.3221108576978927e-07
650 8.624568080683973e-08
651 9.039691614818704e-08
652 1.542522608892504e-07
653 1.6058008909872815e-07
654 1.363315548213919e-07
655 6.754769874574438e-08
656 1.2363961583471488e-07
657 6.68514622933952e-08
658 1.3973510056490924e-07
659 1.1157769840669187e-07
660 1.8167787445039194e-07
661 8.730753074576418e-08
662 1.0169751038977908e-07
663 4.1402557750949214e-08
664 1.234312095723347e-07
665 1.4397507559624314e-07
666 8.398922117729623e-08
667 7.710207894371868e-08
668 7.847596825291232e-08
669 1.53765376229368e-07
670 1.2416255719995404e-07
671 1.3865199497665553e-07
672 3.98550650594894e-08
673 1.2238240054438473e-07
674 1.220586969903941e-07
675 7.153080985392891e-08
676 9.162919750792568e-08
677 7.160513359371617e-08
678 1.25667070600491e-07
679 1.2164188157255988e-07
680 9.959621110944241e-08
681 1.1972445202476927e-07
682 1.1675651637375017e-07
683 8.418910979267897e-08
684 9.056250238509233e-08
685 5.586754432587968e-08
686 1.1863249966167455e-07
687 1.0732506463537533e-07
688 1.1083231853326587e-07
689 9.125503070578735e-08
690 1.3127804969562743e-07
691 1.6528833810434437e-07
692 1.0203129531915776e-07
693 1.6580741545826634e-07
694 9.536182191652839e-08
695 1.0307934411870056e-07
696 1.0716659503346497e-07
697 6.04779255894854e-08
698 1.5672022964831478e-07
699 1.1484672122731422e-07
700 4.3114577778243966e-08
701 1.0299439362361543e-07
702 9.480699346148898e-08
703 7.64991747244141e-08
704 1.202484469146068e-07
705 1.3546261741351067e-07
706 1.2223929118703606e-07
707 8.774851163592158e-08
708 8.347705837542976e-08
709 5.493238290017205e-08
710 8.54232607790793e-08
711 1.230844966994001e-07
712 1.213703738852499e-07
713 1.2743547633519138e-07
714 1.4790643259883197e-07
715 2.462783765131202e-08
716 6.964356525050252e-08
717 8.953087316981176e-08
718 9.162997597827653e-08
719 1.0187585741527903e-07
720 8.779577999481989e-08
721 1.1514738175470442e-07
722 7.794955754888426e-08
723 1.0975735059468091e-07
724 8.837619046212609e-08
725 8.289444844873763e-08
726 1.348145669252214e-07
727 1.0518221462827491e-07
728 1.2260113284685952e-07
729 1.3936754254362923e-07
730 8.497225796531817e-08
731 3.596105314413405e-08
732 1.3258006907507375e-07
733 8.3167929125938e-08
734 1.1323726179591662e-07
735 9.998248363510874e-08
736 9.797041191894379e-08
737 8.065660466383336e-08
738 1.006968540515348e-07
739 1.1504890088516487e-07
740 9.471353462755039e-08
741 9.186050239538602e-08
742 1.0865402398125926e-07
743 7.778175516043875e-08
744 7.552789741053404e-08
745 1.1029594407286152e-07
746 1.4845063988833017e-07
747 1.094669018250912e-07
748 1.0149060101942333e-07
749 1.12781639290486e-07
750 6.492373618378977e-08
751 8.761307586338292e-08
752 1.1181643406186468e-07
753 7.65666334574545e-08
754 1.2047267660708573e-07
755 1.7353683538346416e-07
756 1.0490820641247248e-07
757 1.1716966785719151e-07
758 1.1409449363967821e-07
759 9.350130827964792e-08
760 1.4658911759367887e-07
761 1.0326699774335013e-07
762 7.941485710398487e-08
763 1.1180437183330622e-07
764 1.0814844138288496e-07
765 1.1344317597503362e-07
766 1.6948532279698107e-07
767 1.446791176095102e-07
768 1.3141668230417046e-07
769 9.095786705166813e-08
770 1.061463558528584e-07
771 1.0293105052959129e-07
772 1.2832066965504215e-07
773 9.729936888290764e-08
774 5.39049010419923e-08
775 1.2473355893769435e-07
776 1.0565250629741886e-07
777 1.0632413168038233e-07
778 4.910280692849949e-08
779 1.364551386175351e-07
780 1.2230901764625395e-07
781 1.0935206977513468e-07
782 1.1889060023307887e-07
783 9.10471920225759e-08
784 8.597345644986264e-08
785 1.6473702140453565e-07
786 6.938023510565268e-08
787 1.3660314510264e-07
788 6.695175888093156e-08
789 1.037154249183529e-07
790 1.0439522569937798e-07
791 6.977473566038441e-08
792 8.73150146671332e-08
793 8.72166648036158e-08
794 7.360723282879921e-08
795 9.718938855572052e-08
796 6.371532225997576e-08
797 7.712407165715627e-08
798 7.04797814819503e-08
799 1.078442464300222e-07
800 1.0204594926265605e-07
801 1.0995304890452158e-07
802 9.049032484679339e-08
803 7.863793933767977e-08
804 3.157918304845489e-08
805 1.0197176096241354e-07
806 1.2631001476999617e-07
807 1.3557700871934614e-07
808 9.081667630333947e-08
809 1.6098626255395148e-07
810 6.093087013098008e-08
811 1.326507002064369e-07
812 1.125104402367635e-07
813 7.907568696163989e-08
814 1.018382403590201e-07
815 1.0336026562504295e-07
816 1.0373851603914844e-07
817 1.0562252670302973e-07
818 1.1592130241305144e-07
819 8.599117019754452e-08
820 8.118659745391918e-08
821 8.036777744081034e-08
822 1.2903467124921317e-07
823 1.0141006594170335e-07
824 1.1803905437776882e-07
825 7.270543501038929e-08
826 1.3350617660499594e-07
827 1.3757897976200203e-07
828 1.3112392801299304e-07
829 8.168490433814356e-08
830 1.1586180480673865e-07
831 1.2879598128004325e-07
832 1.0747775151086794e-07
833 1.3047956890908495e-07
834 1.2850312277422365e-07
835 1.241038792783611e-07
836 9.772109762288585e-08
837 9.494206608513297e-08
838 1.1357628938216708e-07
839 1.7635543881208092e-07
840 9.816899526116672e-08
841 1.5451989577106696e-07
842 1.219859076509598e-07
843 7.646490817271641e-08
844 1.2076606611468219e-07
845 1.3727745354527534e-07
846 5.568273175755689e-08
847 1.1841517450765617e-07
848 1.0703635311393013e-07
849 1.2628341860397965e-07
850 1.0079311900811989e-07
851 1.3841248758297916e-07
852 8.760691303278854e-08
853 7.26158629713012e-08
854 9.744744143242305e-08
855 1.007249242226223e-07
856 1.0761717185657082e-07
857 1.227123262155244e-07
858 1.173240763505453e-07
859 6.460110017809653e-08
860 4.3268992777698416e-08
861 8.186637791345287e-08
862 1.1452578968525076e-07
863 1.202696369634327e-07
864 6.178666835917908e-08
865 1.1196672380772846e-07
866 1.1901518905168744e-07
867 1.4395773312936198e-07
868 1.2804236028437489e-07
869 1.2708667808245239e-07
870 1.0441287747085249e-07
871 1.3228631903981406e-07
872 1.5800460314337137e-07
873 1.6351428634180797e-07
874 5.139953182914323e-08
875 1.0375336780907975e-07
876 5.629125834780952e-08
877 1.6359850663499687e-07
878 1.4070379945235244e-07
879 1.518669142524516e-07
880 1.2263728824482524e-07
881 1.1695515797529286e-07
882 7.705090061953059e-08
883 1.0268679759380133e-07
884 7.349417292366324e-08
885 1.243971602857877e-07
886 6.859116467210065e-08
887 1.323344483758113e-07
888 5.763344672190247e-08
889 9.428141418581395e-08
890 1.1332152111870641e-07
891 8.745784720703034e-08
892 6.933760518295125e-08
893 9.098480466410363e-08
894 8.141998274302613e-08
895 8.459626084749061e-08
896 7.254631325132648e-08
897 1.0787058940180709e-07
898 5.244478667291266e-08
899 1.300790294202807e-07
900 8.89554067039342e-08
901 8.520744198576912e-08
902 1.272816496621536e-07
903 1.2094347134356293e-07
904 3.9760967335745775e-08
905 1.3045783602134653e-07
906 1.1456482417592036e-07
907 9.627116803795854e-08
908 8.328988155300978e-08
909 1.3795974088280427e-07
910 1.0962311666875436e-07
911 9.125664655746741e-08
912 9.031728911680354e-08
913 1.3454664901882374e-07
914 1.6037920787171897e-07
915 9.273394928647324e-08
916 1.1404026533923684e-07
917 1.0613124933984051e-07
918 9.600256938600031e-08
919 1.216767038668135e-07
920 1.340226456657824e-07
921 8.824029767616993e-08
922 5.600201714930937e-08
923 1.3629656258963066e-07
924 1.2499294659823446e-07
925 1.2142564836872484e-07
926 9.666336996270987e-08
927 8.25146945105725e-08
928 9.08353441419196e-08
929 1.4884784505399203e-07
930 7.991622554872673e-08
931 8.246244949371789e-08
932 1.3001967455298078e-07
933 1.683965254039403e-07
934 1.5543761499653577e-07
935 1.5706101096341095e-07
936 7.018067009942902e-08
937 1.2167203530481198e-07
938 1.0643980050719475e-07
939 1.1553868016989005e-07
940 1.3311015315317027e-07
941 9.299110275941291e-08
942 6.501222594765747e-08
943 1.2288380933408546e-07
944 1.0313918045647773e-07
945 8.078984210659816e-08
946 1.0501516314313693e-07
947 9.281846032097234e-08
948 8.038998039302248e-08
949 1.2204488142193625e-07
950 9.77794363439829e-08
951 8.125875758905799e-08
952 8.738517676847874e-08
953 1.499072302209156e-07
954 1.4851238082077948e-07
955 1.2975961400812505e-07
956 7.971441253191485e-08
957 9.087190539478609e-08
958 1.2665771552673185e-07
959 9.761395180278054e-08
960 1.4085443775870718e-07
961 1.1016561898423225e-07
962 6.5628728377918e-08
963 1.1737353783971659e-07
964 1.2079134652805278e-07
965 9.820247519034126e-08
966 6.966542954752489e-08
967 1.3493753447573083e-07
968 1.7667981250418228e-07
969 1.5965573835473048e-07
970 3.9866062360337266e-08
971 1.5072037529085468e-07
972 9.186242645609936e-08
973 1.2049189969690151e-07
974 9.56630875277654e-08
975 7.779285988158814e-08
976 9.650168566217233e-08
977 1.1945066897847906e-07
978 6.42918622035787e-08
979 8.214477107391502e-08
980 1.2276623782702816e-07
981 1.1201231460044486e-07
982 1.2540641623865387e-07
983 1.08752285724782e-07
984 1.4104408918876456e-07
985 9.408080189758533e-08
986 1.2296227035042345e-07
987 9.766643124984757e-08
988 9.544134663193168e-08
989 1.5049508645932163e-07
990 8.061814548340615e-08
991 1.4379306966750183e-07
992 6.638155646877284e-08
993 1.2119969414357587e-07
994 9.743235961857142e-08
995 4.01867678748626e-08
996 1.597353650675347e-07
997 8.986708015820383e-08
998 5.961476931319257e-08
999 1.0812654295629374e-07
