0 2.1945851462973571e-07
1 2.1701884643411163e-07
2 2.3310959769566707e-07
3 2.1568087725230707e-07
4 1.8174619653309627e-07
5 2.4029408263639997e-07
6 2.187201115494943e-07
7 2.3196709189452414e-07
8 2.1623837938329568e-07
9 2.3367774090681793e-07
10 2.0979238852336737e-07
11 2.0977437423528263e-07
12 2.2257060106723853e-07
13 2.3556721484486125e-07
14 2.163268946670931e-07
15 2.2901083477080138e-07
16 2.448751289927328e-07
17 2.3305780554749354e-07
18 2.386409928749059e-07
19 2.4343878012259715e-07
20 2.1708225011673588e-07
21 2.3442778250076137e-07
22 2.2032902608126352e-07
23 2.2465335890311216e-07
24 2.2952090582737104e-07
25 2.1437980125688078e-07
26 2.27820782952998e-07
27 2.242573822451545e-07
28 2.2848848283189255e-07
29 2.3393165842154705e-07
30 2.1999333124288753e-07
31 2.2427752160995666e-07
32 2.2863893938503566e-07
33 2.207993987404054e-07
34 2.3005805281661698e-07
35 1.9015349676351965e-07
36 2.0208982054863535e-07
37 2.330569786354343e-07
38 2.2293306101985785e-07
39 2.0863743783482764e-07
40 2.1418161903732845e-07
41 2.2649924962323334e-07
42 2.2962545795672552e-07
43 2.1709713480175058e-07
44 2.2369445345781662e-07
45 2.304355225611347e-07
46 2.445169934827986e-07
47 2.2189102434319842e-07
48 2.1885201304568655e-07
49 2.0757578829392263e-07
50 2.1796549452807403e-07
51 2.3912975915884983e-07
52 2.3497983024325918e-07
53 2.293750836664876e-07
54 2.1824822986004935e-07
55 2.289056654663232e-07
56 2.0128131273331137e-07
57 2.2586094200093355e-07
58 2.1492100821520653e-07
59 2.1785338150700173e-07
60 2.1703939879426423e-07
61 2.2550405648977247e-07
62 2.2657416009978408e-07
63 2.1482623007435325e-07
64 2.2507231421984292e-07
65 2.2775743258209488e-07
66 2.3277201691083032e-07
67 2.233159565261901e-07
68 2.347146710205095e-07
69 2.2984686997434648e-07
70 2.3387685483809098e-07
71 2.353897929387396e-07
72 2.3418173826686062e-07
73 2.259179463111109e-07
74 2.1394110316856514e-07
75 2.1750212346805586e-07
76 2.1882650252918076e-07
77 2.4853743830362955e-07
78 2.197067740267301e-07
79 2.1505186453518294e-07
80 2.150445303249389e-07
81 2.278696470975743e-07
82 2.3247908002996154e-07
83 1.9960919123486837e-07
84 2.2174384158308717e-07
85 2.1572682441950596e-07
86 2.308052807150706e-07
87 2.2927098122056304e-07
88 2.235108887243363e-07
89 2.0832599815645098e-07
90 2.267837407392931e-07
91 2.1539832927236404e-07
92 2.209107664986418e-07
93 2.3061967905665802e-07
94 2.3518361797763946e-07
95 2.3053251297287083e-07
96 2.0569320340047417e-07
97 2.396531317670116e-07
98 2.08431781389197e-07
99 2.1946295449593663e-07
100 2.1920395318483564e-07
101 2.1077590329651333e-07
102 2.1202016001017058e-07
103 2.1106087773845242e-07
104 2.1916924580949675e-07
105 2.5424124509412473e-07
106 2.0675277437468746e-07
107 2.226733984607846e-07
108 2.2122137865600961e-07
109 2.2778823993781494e-07
110 2.2626815495852112e-07
111 2.1968152081531606e-07
112 2.2969673922404985e-07
113 2.1223048497047458e-07
114 2.3055803300268314e-07
115 2.0964091466721682e-07
116 2.2659430826401964e-07
117 2.40231426462158e-07
118 2.2153227028061048e-07
119 2.1576501947438272e-07
120 2.3573544959117976e-07
121 2.302851683560494e-07
122 2.2886682701288045e-07
123 2.1626341363159694e-07
124 2.2923904780898697e-07
125 2.1629002283478153e-07
126 2.1768363311067057e-07
127 2.3927867993499815e-07
128 2.0325644002764812e-07
129 2.231197723391397e-07
130 2.3363682016670757e-07
131 2.2237449829899655e-07
132 2.2077778675410037e-07
133 2.2394615381178265e-07
134 2.3240589522081158e-07
135 2.2103216018362117e-07
136 2.4360769308258115e-07
137 2.363170347742369e-07
138 2.2660726009183711e-07
139 2.0719045543243433e-07
140 2.320045947427221e-07
141 2.1160550212733392e-07
142 2.2080038155725675e-07
143 2.3749900535273892e-07
144 2.2419438007344504e-07
145 2.3429395099071266e-07
146 2.398446437433684e-07
147 2.1928614118245813e-07
148 2.1313311357039706e-07
149 2.1908523375944702e-07
150 2.2382373348068552e-07
151 2.3002079809290615e-07
152 2.2252753240294764e-07
153 2.1562648640160925e-07
154 2.1366202697636091e-07
155 2.1418198303844e-07
156 2.0777049887656416e-07
157 2.1596475797517604e-07
158 2.1725897524022772e-07
159 2.182382607626941e-07
160 2.1279195561898024e-07
161 2.0506802894334733e-07
162 2.212903099238909e-07
163 2.0839810505723208e-07
164 2.2980385745284755e-07
165 2.1823874069764946e-07
166 2.4109187144246636e-07
167 2.2507392323883445e-07
168 2.346190705223405e-07
169 2.2960148411850613e-07
170 2.06090182539007e-07
171 2.401989072006051e-07
172 2.2140327487147363e-07
173 2.2693534463435758e-07
174 2.528704930153365e-07
175 2.0648037383967894e-07
176 2.277232770780325e-07
177 2.2269487328485163e-07
178 2.2503702472926174e-07
179 2.2463696728191145e-07
180 2.3370375070380347e-07
181 2.0940011567856336e-07
182 2.1023057303848614e-07
183 2.2114432103152883e-07
184 2.3537807251030432e-07
185 2.130505798054797e-07
186 2.2227777352983078e-07
187 2.1123954355977262e-07
188 2.3545249032147909e-07
189 2.1766814201481739e-07
190 2.3082141759714754e-07
191 2.0245696009883849e-07
192 2.2548095868303745e-07
193 2.2153871837315742e-07
194 2.259020952577393e-07
195 2.211653726293618e-07
196 2.1513586909684583e-07
197 2.1013291905327513e-07
198 2.469074928422218e-07
199 2.3753136992192252e-07
200 2.115546825167561e-07
201 2.293547755135923e-07
202 2.5371173176051954e-07
203 2.2071467103754746e-07
204 1.964977673040047e-07
205 2.2985880743957114e-07
206 2.1403815664251513e-07
207 2.1346383229601457e-07
208 2.3573661194297648e-07
209 2.2965603715129113e-07
210 2.2425610037493308e-07
211 2.217549435652268e-07
212 2.3405390749762033e-07
213 2.1287331923885437e-07
214 2.1549455399379539e-07
215 2.0937916950492816e-07
216 2.2224464334517036e-07
217 2.3328968952207403e-07
218 2.1198685004048374e-07
219 2.3931719038407494e-07
220 2.3224459850622236e-07
221 2.094753465291654e-07
222 2.3278759799679883e-07
223 2.3837714563207185e-07
224 2.2321827318543893e-07
225 2.2156614882610318e-07
226 2.277652972761144e-07
227 2.1991608971716922e-07
228 2.2840530477233764e-07
229 2.111895808392027e-07
230 2.089537290140835e-07
231 2.1550229263185182e-07
232 2.0162950976427648e-07
233 2.409993682442647e-07
234 2.225067210032048e-07
235 2.3541272430780168e-07
236 2.115826323678003e-07
237 2.2787886842591378e-07
238 2.1567450105184905e-07
239 2.1706865317860588e-07
240 2.3025243201953226e-07
241 2.3243491160078697e-07
242 2.2197418740198523e-07
243 2.3483330531959995e-07
244 2.1997978281073472e-07
245 2.2898390173531911e-07
246 2.1509558086712168e-07
247 2.26354828504754e-07
248 2.3159339964806344e-07
249 2.1818116813495401e-07
250 2.185052880937921e-07
251 2.2447428991377188e-07
252 2.2506257208367464e-07
253 2.2201522238741514e-07
254 2.3292732338656e-07
255 2.1546791806921924e-07
256 2.1283421439987747e-07
257 2.3868436691115305e-07
258 2.42318768635674e-07
259 2.321564268544656e-07
260 2.231433513655807e-07
261 1.9444195962298074e-07
262 2.3408563945139448e-07
263 2.2054007951439513e-07
264 2.1736453236435706e-07
265 2.255420701485938e-07
266 2.3143700444102922e-07
267 2.1832585370578617e-07
268 2.3753540955502418e-07
269 2.2542554491693647e-07
270 2.353460870286228e-07
271 2.172360661573367e-07
272 2.160377095074353e-07
273 1.9747075994655049e-07
274 2.104000092860075e-07
275 2.2935793803519593e-07
276 2.411733019240783e-07
277 2.2663870826234603e-07
278 2.1890765707604227e-07
279 2.3331548818089018e-07
280 2.219984221499399e-07
281 2.05608142211569e-07
282 2.1569437190330494e-07
283 2.3169514626029422e-07
284 2.1580719606384878e-07
285 2.1455068012836809e-07
286 2.445743665510271e-07
287 2.3488728970204785e-07
288 2.2002347097066812e-07
289 2.2096897621581162e-07
290 2.1352806075756375e-07
291 2.1487343631235305e-07
292 2.3693213106773444e-07
293 2.383582927091726e-07
294 2.0155325039916363e-07
295 2.1539952418723732e-07
296 2.40635895637148e-07
297 2.2784126751807026e-07
298 2.376638353737852e-07
299 2.1975888790024606e-07
300 2.3080240325537608e-07
301 2.2194101788584603e-07
302 2.2478998967130575e-07
303 2.359697908173131e-07
304 2.183409364474313e-07
305 2.3621723255083685e-07
306 2.1106675876322744e-07
307 2.2222126149549263e-07
308 2.1118578790051415e-07
309 2.2650407350215078e-07
310 2.209633576537981e-07
311 2.1951102668821049e-07
312 2.2597904403332936e-07
313 1.9616461389859625e-07
314 2.2376374423759964e-07
315 2.259417590813057e-07
316 2.2582838370577836e-07
317 2.3086373376135806e-07
318 2.423110022706759e-07
319 2.164417710404423e-07
320 2.3446002796952674e-07
321 2.4665685736993015e-07
322 2.2591189810141776e-07
323 2.2649462831256457e-07
324 2.1241646888864555e-07
325 2.22146615233048e-07
326 2.1222734113632633e-07
327 2.3788658872197637e-07
328 2.3276539870881437e-07
329 2.2215886774026814e-07
330 2.2871694695542676e-07
331 2.3265606938222097e-07
332 2.2361533542354205e-07
333 2.329851798740745e-07
334 2.2512343882965342e-07
335 2.2963274229518698e-07
336 2.2287407491449827e-07
337 2.1514840278144646e-07
338 2.076369101076679e-07
339 2.2639720570143409e-07
340 2.1657306925316044e-07
341 2.2983822900939442e-07
342 2.2287641983825316e-07
343 2.1375698692506282e-07
344 2.151619291451172e-07
345 2.2208769095506799e-07
346 2.112527102290455e-07
347 2.194907991759873e-07
348 1.8680459675076053e-07
349 2.2215583042168684e-07
350 2.4057270407322547e-07
351 2.3658681757420313e-07
352 2.5204068425983293e-07
353 2.0366110242166792e-07
354 2.211459586993163e-07
355 2.149090375072636e-07
356 2.2919311240382342e-07
357 2.3921897614318646e-07
358 2.1163653741202781e-07
359 2.1843662506731355e-07
360 2.066814812969166e-07
361 2.0893315632732558e-07
362 2.3545901758226122e-07
363 2.2243871344715157e-07
364 2.300971441005538e-07
365 2.1774022592475472e-07
366 2.0018663816793336e-07
367 2.1658589891688334e-07
368 2.2092338633937338e-07
369 2.3163646045171163e-07
370 2.275255384271655e-07
371 2.130902076979941e-07
372 2.3453126109003062e-07
373 2.098463974189851e-07
374 2.1183402440295983e-07
375 2.1808207046733748e-07
376 2.1254965523792594e-07
377 2.221466823184778e-07
378 2.2757791660631803e-07
379 2.396285803578051e-07
380 2.2799129324074137e-07
381 2.2749093521669383e-07
382 2.2030027476585534e-07
383 2.286771410324179e-07
384 2.109254709306248e-07
385 2.0142164561689685e-07
386 2.1846364558685685e-07
387 2.1797221280757084e-07
388 2.3624999744661655e-07
389 2.258737590567227e-07
390 2.2507834426639488e-07
391 2.2366679994972198e-07
392 2.2042546774891232e-07
393 2.1273032912733267e-07
394 2.1230720312095495e-07
395 2.237605820090486e-07
396 2.415086655365341e-07
397 2.4600344832727693e-07
398 2.2168818829680555e-07
399 2.0384515592340757e-07
400 2.1730910467801913e-07
401 2.205710508717894e-07
402 2.3230821016212122e-07
403 2.055667698780329e-07
404 2.211847342410428e-07
405 2.2354567833274165e-07
406 2.1402996595451036e-07
407 2.348900670687666e-07
408 2.283403940077463e-07
409 2.1424295282129948e-07
410 2.334020410494354e-07
411 2.212688229196392e-07
412 2.0419324987593984e-07
413 2.2410910919040433e-07
414 2.200946120204151e-07
415 2.3202425390009554e-07
416 2.0446430706350304e-07
417 2.3215313501119236e-07
418 2.2517404591099622e-07
419 2.2545126918568674e-07
420 2.1116426798117063e-07
421 2.060642297026121e-07
422 2.2356834609009243e-07
423 2.2868678719200398e-07
424 2.3245029639057288e-07
425 2.2926773620892632e-07
426 2.2311821908547163e-07
427 2.108378729349572e-07
428 2.0875118072092563e-07
429 2.388536507856931e-07
430 2.0095390649926254e-07
431 2.1438125732767292e-07
432 2.260868852429798e-07
433 2.1761764876305768e-07
434 2.1607566601371946e-07
435 2.0795030864441026e-07
436 2.3337079968741445e-07
437 2.0851732671703137e-07
438 2.3440658359708383e-07
439 2.144220510646728e-07
440 2.2556666887590352e-07
441 2.155298800903133e-07
442 2.2479375589325602e-07
443 2.1257957130352957e-07
444 2.2892368819461024e-07
445 2.2253291535192123e-07
446 2.3321701883657154e-07
447 2.3397909496388917e-07
448 2.418386926423706e-07
449 2.1487143235867962e-07
450 2.405123297598225e-07
451 2.436160471518288e-07
452 2.2693397263443788e-07
453 2.2621763941671674e-07
454 2.3471522064638826e-07
455 2.215168860633142e-07
456 2.2089210556077488e-07
457 2.025077154767606e-07
458 2.2720773732777896e-07
459 2.368270320987641e-07
460 2.216011190051858e-07
461 2.225743711288598e-07
462 2.1722578263329222e-07
463 2.1620255157691896e-07
464 2.3396304908711496e-07
465 2.082641533514941e-07
466 2.2751437043176642e-07
467 2.3048211917204874e-07
468 2.1599173353713036e-07
469 2.1484697696739385e-07
470 2.119639392517815e-07
471 2.3299397821145159e-07
472 2.3026152159097982e-07
473 2.1788394705063143e-07
474 2.2769615150787529e-07
475 2.326945811841346e-07
476 2.24406983019992e-07
477 2.125000737136333e-07
478 2.2336458498624907e-07
479 2.2771805185241457e-07
480 2.3191654334754567e-07
481 2.4116413848202856e-07
482 2.4438901845555943e-07
483 2.127387804512128e-07
484 2.2068934889022452e-07
485 2.3392986993130646e-07
486 2.3079287616362257e-07
487 2.274870605102981e-07
488 2.073029016092472e-07
489 2.2536995214572132e-07
490 2.1393219299254296e-07
491 2.2712131911484738e-07
492 2.177894561263951e-07
493 2.1694722372207174e-07
494 2.0338265343756102e-07
495 2.2420379664954233e-07
496 2.3682272230181219e-07
497 2.2052526760796328e-07
498 2.1210563924601767e-07
499 2.0979440990801837e-07
500 2.2625811145091314e-07
501 2.233554362040565e-07
502 1.9672236776209115e-07
503 1.959323020120431e-07
504 2.2695401709378816e-07
505 2.2990891284713557e-07
506 2.2676795453267708e-07
507 1.991754803684689e-07
508 2.3934542997873235e-07
509 2.3714798775986622e-07
510 2.1760377669642348e-07
511 2.2997312915191235e-07
512 2.2569210246422258e-07
513 2.2988391979511726e-07
514 2.1365832355446893e-07
515 2.327113178498217e-07
516 2.0923440934315738e-07
517 2.327215050987554e-07
518 2.3667272154977582e-07
519 2.1711587685750802e-07
520 2.2126709116690798e-07
521 2.0997234988594386e-07
522 2.1323734912243487e-07
523 1.9995813658494606e-07
524 2.2276845786338652e-07
525 2.385371125781588e-07
526 2.2489326512729683e-07
527 2.261114789324003e-07
528 2.1582269173503688e-07
529 2.2861763689148647e-07
530 2.377825006142023e-07
531 2.0680353349519508e-07
532 2.4506636596545494e-07
533 2.1004277247161137e-07
534 2.2709679142154283e-07
535 2.3032427515443257e-07
536 2.15768225282532e-07
537 2.2486869439696085e-07
538 2.135000301972744e-07
539 2.0379180593409344e-07
540 2.2003295233366034e-07
541 2.174945392028077e-07
542 2.42599141645873e-07
543 2.212558277057942e-07
544 2.1848653710888807e-07
545 2.315613010852976e-07
546 2.207975231354885e-07
547 2.240753264243549e-07
548 2.322192528843602e-07
549 2.431706459669534e-07
550 2.1348177030408273e-07
551 2.2604018756482618e-07
552 2.1837320000141476e-07
553 2.342997083706717e-07
554 2.381551352227783e-07
555 1.913792286777074e-07
556 2.3751924722144021e-07
557 2.2000800680200787e-07
558 2.2057847576111314e-07
559 2.2098856222668986e-07
560 2.1509351658428264e-07
561 2.180797986635613e-07
562 2.309129692686532e-07
563 2.426907405748706e-07
564 2.3763332080520478e-07
565 2.1802540409075813e-07
566 2.1769908361166603e-07
567 2.38133852248694e-07
568 2.029428229469792e-07
569 2.2047166361561707e-07
570 2.1481119112844276e-07
571 2.204702231343253e-07
572 2.531520940194677e-07
573 2.0858902686953163e-07
574 2.2025823726227607e-07
575 2.0468359755991652e-07
576 2.2996997577542677e-07
577 2.1835169905286138e-07
578 2.191138247907695e-07
579 2.1022465964968936e-07
580 2.27636015941783e-07
581 2.2265580258416387e-07
582 2.1873974392263197e-07
583 2.2540906312584333e-07
584 2.3009212260712798e-07
585 2.003446631505497e-07
586 2.3150066647058563e-07
587 2.4210394998608887e-07
588 2.2537148380250992e-07
589 2.2418292115568124e-07
590 2.2826681839800092e-07
591 2.1978255633565802e-07
592 2.2068942964865605e-07
593 2.210922724132727e-07
594 2.170895395920048e-07
595 2.1943361907864958e-07
596 2.2338641999977922e-07
597 2.2552873753789362e-07
598 2.3786254960472776e-07
599 2.1509963198793423e-07
600 2.3005443518119032e-07
601 2.0256657678006945e-07
602 2.1625009575824502e-07
603 2.1845669935251288e-07
604 2.1688017168964446e-07
605 2.0618806211717857e-07
606 2.1779550137438577e-07
607 2.1041910073358063e-07
608 2.176789847962824e-07
609 2.3319189281242913e-07
610 2.226090781858583e-07
611 2.1696393951922892e-07
612 2.2934067635247657e-07
613 2.0827307208936502e-07
614 2.2454913819706794e-07
615 2.4380303330121433e-07
616 2.1255014042396038e-07
617 2.0906631751905976e-07
618 2.3497949051954087e-07
619 2.4427276659074897e-07
620 2.1957095501184483e-07
621 2.2380180021033498e-07
622 2.3243703831944766e-07
623 2.1235815805828372e-07
624 2.1601760418138778e-07
625 2.323119222664889e-07
626 2.182370274396334e-07
627 2.041015160281937e-07
628 2.250242448687188e-07
629 2.3420843704176984e-07
630 2.1989839573632718e-07
631 2.3745283517116078e-07
632 2.0807492647261798e-07
633 2.0835307478233301e-07
634 2.3336325416546743e-07
635 2.3056782649836937e-07
636 1.8803438959561934e-07
637 2.2635654661532114e-07
638 2.24427931635486e-07
639 2.48362830607415e-07
640 2.3557655686161327e-07
641 2.615178721325531e-07
642 2.3135363289647686e-07
643 2.3346409337532366e-07
644 2.1834175769090837e-07
645 2.0430056368974923e-07
646 2.3708174659822624e-07
647 2.0497467978251807e-07
648 2.2529018889887684e-07
649 2.1591138501338323e-07
650 2.312366251033461e-07
651 2.2491399134928427e-07
652 2.0628543484142496e-07
653 2.10597162718716e-07
654 2.0469008889965692e-07
655 2.432513276478249e-07
656 2.2704253649594712e-07
657 2.2341289510212047e-07
658 2.2137693368780744e-07
659 2.2138598845779384e-07
660 2.0060143545409524e-07
661 2.450428074474329e-07
662 2.3672219008045788e-07
663 2.3898355535286743e-07
664 2.292265235668478e-07
665 2.1572894675808692e-07
666 2.2811266925055893e-07
667 2.1588672694469248e-07
668 2.3579829229398574e-07
669 2.264186965791846e-07
670 2.3204771940218128e-07
671 2.1081410070792845e-07
672 2.435296253438231e-07
673 2.3770645678988155e-07
674 2.2167818544429188e-07
675 2.369777103922163e-07
676 2.323740795260714e-07
677 2.328627113165237e-07
678 2.1789023550233745e-07
679 2.108687360393892e-07
680 2.3370425327987007e-07
681 2.2604223198972359e-07
682 2.25109629654096e-07
683 2.1447492129067762e-07
684 2.256707967138939e-07
685 2.5024430498819156e-07
686 2.1661060072588282e-07
687 2.180703314461258e-07
688 2.3044862788273467e-07
689 2.2110331415661858e-07
690 2.2302054420831323e-07
691 1.9646395455922224e-07
692 2.248200205149496e-07
693 1.974089302014036e-07
694 2.2124627565969902e-07
695 2.2035948480729612e-07
696 2.212338565529537e-07
697 2.3972067856040383e-07
698 1.9847042850515933e-07
699 2.1598841742577238e-07
700 2.3606045373443833e-07
701 2.123501068257717e-07
702 2.2664766782534958e-07
703 2.3390971747904262e-07
704 2.1824047313536065e-07
705 2.1019301356405745e-07
706 2.1333264346763373e-07
707 2.2920286998162555e-07
708 2.414055990037492e-07
709 2.3788523509168588e-07
710 2.2750247067297848e-07
711 2.0066543107479127e-07
712 2.1926878780509997e-07
713 2.174135474170624e-07
714 2.1358270538445658e-07
715 2.307938970234161e-07
716 2.3888090685915244e-07
717 2.310735740200505e-07
718 2.38968818334367e-07
719 2.2584439866949273e-07
720 2.13286985544638e-07
721 1.9427159363983256e-07
722 2.2484460594901187e-07
723 2.2925213604142275e-07
724 2.192744024553662e-07
725 2.3421215441050812e-07
726 2.162068768456098e-07
727 2.163509728712187e-07
728 2.2042378002513786e-07
729 2.3250286860897055e-07
730 2.1778614505881568e-07
731 2.4635945490648023e-07
732 2.103551007330722e-07
733 2.3824338871352833e-07
734 2.2054721847945217e-07
735 2.17139694853265e-07
736 2.2644399405122958e-07
737 2.1446832061346918e-07
738 2.2851511605022554e-07
739 1.967420802340683e-07
740 2.1059620538706355e-07
741 2.2891000476032403e-07
742 2.3143848032128723e-07
743 2.2342263869460935e-07
744 2.339195280821656e-07
745 2.297135033181519e-07
746 2.106446382446895e-07
747 2.1581359334315563e-07
748 2.3196107661297123e-07
749 2.376137354249478e-07
750 2.3881988311728576e-07
751 2.3181104431227734e-07
752 2.3143638398791175e-07
753 2.396312333515551e-07
754 2.1341545956629934e-07
755 2.022364623634875e-07
756 2.0774807154521113e-07
757 2.0205024691439896e-07
758 2.0975407985191814e-07
759 2.2126129659094842e-07
760 2.1042333868414048e-07
761 2.2677324430447362e-07
762 2.2452402696416958e-07
763 2.184975127042513e-07
764 2.0896952250177005e-07
765 2.1551351771827134e-07
766 1.948938172594096e-07
767 2.0979806571295587e-07
768 2.1728103784623962e-07
769 2.2068483094921007e-07
770 2.188362280918195e-07
771 2.2806102724947186e-07
772 2.2332855841826165e-07
773 2.1933092811352338e-07
774 2.3444707395722617e-07
775 2.1075641838808015e-07
776 2.2203034378387956e-07
777 2.063239830849269e-07
778 2.3071568877627117e-07
779 2.1301603497332765e-07
780 2.2609225077171313e-07
781 2.2082296097794444e-07
782 2.1078725750457972e-07
783 2.1259141751542506e-07
784 2.2845792276242976e-07
785 1.9447857372574298e-07
786 2.1820258795392667e-07
787 2.0912634435024915e-07
788 2.406873024395413e-07
789 2.2108921741133277e-07
790 2.110324361477509e-07
791 2.3007331761970554e-07
792 2.252325833292003e-07
793 2.261584296502171e-07
794 2.2294130219634583e-07
795 2.2971899504510464e-07
796 2.3667255588231644e-07
797 2.3581305263532752e-07
798 2.2466154165735737e-07
799 2.0683255431017868e-07
800 2.2152780056341343e-07
801 2.116574186833963e-07
802 2.4532078749416275e-07
803 2.423288804528563e-07
804 2.4585620153900993e-07
805 2.1595570967078864e-07
806 2.220610404761033e-07
807 2.149985609056424e-07
808 2.357157296161488e-07
809 2.081134583370283e-07
810 2.404343643971488e-07
811 2.1839269312933374e-07
812 2.2665914362708177e-07
813 2.2711734628455542e-07
814 2.2338458918237345e-07
815 2.2310489296689204e-07
816 2.288023308489966e-07
817 2.1967473856212877e-07
818 2.1338047690914045e-07
819 2.2237693578708423e-07
820 2.2474344001681093e-07
821 2.3279655743757616e-07
822 2.1808933032233706e-07
823 2.2416066701413733e-07
824 2.3027998171342918e-07
825 2.31443509435673e-07
826 2.2235771138418227e-07
827 2.0870558713004116e-07
828 1.976438863671733e-07
829 2.2118010300232093e-07
830 2.1680666385509785e-07
831 2.0960524857461183e-07
832 2.2759385612510997e-07
833 2.198045776144528e-07
834 2.2810118184560997e-07
835 2.1603497799776626e-07
836 2.2384739832267034e-07
837 2.415643481944742e-07
838 2.194371530112837e-07
839 2.029330657818197e-07
840 2.3702801901689107e-07
841 2.0935176496084318e-07
842 2.2550704974955555e-07
843 2.3488335081564815e-07
844 2.1512655668126544e-07
845 2.0311839702791854e-07
846 2.4529023645816436e-07
847 2.129325725446097e-07
848 2.261981782973102e-07
849 2.2000460621758047e-07
850 2.0935864786779646e-07
851 2.1065119010278808e-07
852 2.2925797246124965e-07
853 2.339678873465094e-07
854 2.1516282317808502e-07
855 2.1712956264856083e-07
856 2.2918007659980404e-07
857 2.1658083129094792e-07
858 2.2143009347547777e-07
859 2.262023124149187e-07
860 2.3162865964940195e-07
861 2.2953879148911765e-07
862 2.2899145826485422e-07
863 2.170597631969176e-07
864 2.4367686736765755e-07
865 2.190632817352541e-07
866 2.131767672728576e-07
867 2.0778190198236754e-07
868 2.147789252644579e-07
869 2.231768085030339e-07
870 2.123233505962602e-07
871 2.1151488297323082e-07
872 2.027610410650631e-07
873 2.1565727343433753e-07
874 2.419749287156085e-07
875 2.305276424083222e-07
876 2.3601672349745005e-07
877 2.0277912495854006e-07
878 2.0792433022076406e-07
879 2.3431890817221782e-07
880 2.214631335507693e-07
881 2.268146604599689e-07
882 2.2749550840339981e-07
883 2.151499792320054e-07
884 2.3608001508913201e-07
885 2.1420746602651303e-07
886 2.4447543367581453e-07
887 2.261193027204977e-07
888 2.456062790008993e-07
889 2.279056937940988e-07
890 2.1962087364810106e-07
891 2.3489145188324215e-07
892 2.3076465465124203e-07
893 2.264599615847229e-07
894 2.413697980490894e-07
895 2.2344543189063077e-07
896 2.3525346731313558e-07
897 2.3043641520462e-07
898 2.2707030648335594e-07
899 2.1241839539021015e-07
900 2.250619120139975e-07
901 2.286188538934121e-07
902 2.208379732808774e-07
903 2.111103149743856e-07
904 2.361610072700106e-07
905 2.0167979449411655e-07
906 2.1804895050111824e-07
907 2.288069024959782e-07
908 2.2079004696281885e-07
909 2.082079487591144e-07
910 2.1815080653264853e-07
911 2.141837343521939e-07
912 2.229496948293897e-07
913 2.2556693601511464e-07
914 2.1224442175989215e-07
915 2.329589533553476e-07
916 2.2569891170069827e-07
917 2.2006940016415862e-07
918 2.2297174656890579e-07
919 2.0478044243748018e-07
920 2.179658333583215e-07
921 2.176260960038101e-07
922 2.3817294080353592e-07
923 2.1582481056192776e-07
924 2.3087605462085344e-07
925 2.2237919789849455e-07
926 2.237146802857764e-07
927 2.4173856245787887e-07
928 2.2201991666601593e-07
929 2.1146991116833596e-07
930 2.2810792166339652e-07
931 2.3422991958699452e-07
932 2.082719045713144e-07
933 2.0193977632642204e-07
934 2.044779189064028e-07
935 2.1366016915354444e-07
936 2.426628471496829e-07
937 2.330209996573988e-07
938 2.2839230100855612e-07
939 2.2658525678637532e-07
940 2.187813038995257e-07
941 2.314231316161383e-07
942 2.3904052827949447e-07
943 2.2102098545714421e-07
944 2.25668031211519e-07
945 2.257951362412213e-07
946 2.0884232811741109e-07
947 2.17799492802737e-07
948 2.2804442059230284e-07
949 2.21941834446441e-07
950 2.2799841519986542e-07
951 2.3004866126869999e-07
952 2.394549136052595e-07
953 2.0152348982844065e-07
954 2.1771547367507553e-07
955 2.149212424573864e-07
956 2.2513858430526868e-07
957 2.294705090201656e-07
958 2.1698240407611672e-07
959 2.2938817371724742e-07
960 2.1109425319689222e-07
961 2.1304473739028974e-07
962 2.49474830409464e-07
963 2.1917335005158348e-07
964 2.1136354294558366e-07
965 2.252111029805828e-07
966 2.3707515015928596e-07
967 2.2195256269520205e-07
968 1.9451014146806852e-07
969 2.1207754888117767e-07
970 2.445446018661129e-07
971 2.0880975049027016e-07
972 2.3801986089617225e-07
973 2.2035843139296145e-07
974 2.264983965672135e-07
975 2.2537125029404438e-07
976 2.2480913775618512e-07
977 2.2629220004600846e-07
978 2.2990059097061101e-07
979 2.2390125618245716e-07
980 2.1794579617341826e-07
981 2.3297222129670096e-07
982 2.1515811082296006e-07
983 2.2390476709819846e-07
984 2.051955398560557e-07
985 2.2811235031677155e-07
986 2.206170325671182e-07
987 2.34442164063696e-07
988 2.287137618766691e-07
989 2.1655423694250998e-07
990 2.1981337463681275e-07
991 2.0283663501623186e-07
992 2.4087624228140573e-07
993 2.0439760265996666e-07
994 2.3539967109255683e-07
995 2.3618548459419978e-07
996 1.9557869216145568e-07
997 2.2614698696318178e-07
998 2.37832478643596e-07
999 2.1335418969089822e-07
