0 2.801020271605082e-07
1 2.810163407868943e-07
2 2.8525105665876247e-07
3 2.8358451305200784e-07
4 2.8714106046492595e-07
5 2.845367028346631e-07
6 2.8731549629735544e-07
7 2.8108471157504036e-07
8 2.835760021300668e-07
9 2.8957644397816084e-07
10 2.830412278462871e-07
11 2.823793701603761e-07
12 2.8638536209142553e-07
13 2.915475440079916e-07
14 2.8322977786530076e-07
15 2.765018045358587e-07
16 2.873217794224406e-07
17 2.9494143839837e-07
18 2.900723042933174e-07
19 2.958668091154889e-07
20 2.8613924263955746e-07
21 2.8108572587834584e-07
22 2.820784267556928e-07
23 2.8595757712087266e-07
24 2.8855164464011726e-07
25 2.834150353272055e-07
26 2.800303855412365e-07
27 2.7862921752365246e-07
28 2.860465065209558e-07
29 2.9138479644246776e-07
30 2.8083262020976245e-07
31 2.8315338019805597e-07
32 2.800151302923771e-07
33 2.865803259314801e-07
34 2.8031342353776113e-07
35 2.842342202571165e-07
36 2.8376307246791775e-07
37 2.7956434851356173e-07
38 2.79777877904583e-07
39 2.827006212454029e-07
40 2.8065942722565917e-07
41 2.8734274897613024e-07
42 2.884984111084451e-07
43 2.8153727237448546e-07
44 2.825807181891982e-07
45 2.830627012385363e-07
46 2.8981327158599643e-07
47 2.8199737024785793e-07
48 2.804935049296932e-07
49 2.81745752827596e-07
50 2.812303591426925e-07
51 2.883235768144332e-07
52 2.8033237493637375e-07
53 2.8176088295113083e-07
54 2.841785092050925e-07
55 2.784917039693797e-07
56 2.8531952304870496e-07
57 2.9043763149158275e-07
58 2.8841701365084604e-07
59 2.804614021453674e-07
60 2.8281105066648864e-07
61 2.83570891721153e-07
62 2.779618496589546e-07
63 2.931371665732721e-07
64 2.811833331326455e-07
65 2.932334001525572e-07
66 2.9377233198049924e-07
67 2.83450875244869e-07
68 2.829230785369237e-07
69 2.8856192627750375e-07
70 2.917183008875118e-07
71 2.8294772867704095e-07
72 2.852796522286191e-07
73 2.8551853764678824e-07
74 2.854602958251967e-07
75 2.7717876098755667e-07
76 2.8701305658807004e-07
77 2.8387106500077314e-07
78 2.781944586978682e-07
79 2.8142864666929024e-07
80 2.854347504804884e-07
81 2.924198650742604e-07
82 2.7860379020547686e-07
83 2.7449823490760616e-07
84 2.853603595406764e-07
85 2.87684919611044e-07
86 2.812055102777482e-07
87 2.9291504290436143e-07
88 2.7431372487487294e-07
89 2.904075017330714e-07
90 2.8625053643602355e-07
91 2.874385124555743e-07
92 2.8709460446168763e-07
93 2.8595787588418066e-07
94 2.833654081394096e-07
95 2.8505497104957483e-07
96 2.874806747244554e-07
97 2.844390159537586e-07
98 2.854012257683395e-07
99 2.836449957535313e-07
100 2.791875508873019e-07
101 2.813802679691237e-07
102 2.8573285094029966e-07
103 2.7536025110278354e-07
104 2.9126271907867056e-07
105 2.832408094638332e-07
106 2.912817001108562e-07
107 2.861610155456673e-07
108 2.8540807668510054e-07
109 2.8394535040145494e-07
110 2.8288490986383106e-07
111 2.874361433152856e-07
112 2.8779995337213944e-07
113 2.8438794031399476e-07
114 2.7690734564774765e-07
115 2.8741608801544984e-07
116 2.805002284665416e-07
117 2.8199053033659603e-07
118 2.8133958832213557e-07
119 2.9400794346862625e-07
120 2.876817170952017e-07
121 2.8089522328959645e-07
122 2.860797909978183e-07
123 2.8213919755311776e-07
124 2.8635877168874734e-07
125 2.841179197181699e-07
126 2.843386132207891e-07
127 2.824212268696607e-07
128 2.8373885523927945e-07
129 2.8855148310443334e-07
130 2.870394767263233e-07
131 2.83107927658181e-07
132 2.8650167271591993e-07
133 2.9278006901267023e-07
134 2.7848997277344903e-07
135 2.8105602281161037e-07
136 2.920861232839303e-07
137 2.911103553639423e-07
138 2.8543011208502063e-07
139 2.876296434907305e-07
140 2.80226574832655e-07
141 2.7753607866830253e-07
142 2.85429092962105e-07
143 2.8837120147133725e-07
144 2.855985768215497e-07
145 2.878843005604716e-07
146 2.867463800627838e-07
147 2.797811644734133e-07
148 2.8622046707381593e-07
149 2.802441772250429e-07
150 2.8505237675288885e-07
151 2.860572226740632e-07
152 2.7735278897971487e-07
153 2.884993788873379e-07
154 2.8296395363859654e-07
155 2.868987706094887e-07
156 2.869718879803016e-07
157 2.865745657181353e-07
158 2.76415910626112e-07
159 2.8416707467192457e-07
160 2.8512242671208976e-07
161 2.8598462417518686e-07
162 2.8884061048416787e-07
163 2.922797553840093e-07
164 2.842374632288784e-07
165 2.7927347209813425e-07
166 2.8697536171215804e-07
167 2.8336821354660487e-07
168 2.83005204418048e-07
169 2.786856001466773e-07
170 2.844322960941654e-07
171 2.884559470472192e-07
172 2.899948043650528e-07
173 2.7992714142717237e-07
174 2.8268723668377897e-07
175 2.8720056540209376e-07
176 2.8270315864069443e-07
177 2.84080598820147e-07
178 2.827887268312011e-07
179 2.7841484504331013e-07
180 2.8969401127508283e-07
181 2.895214289163574e-07
182 2.8824752988644734e-07
183 2.80582800176748e-07
184 2.862297570158399e-07
185 2.7970118223190195e-07
186 2.8227165497702817e-07
187 2.7614808453071525e-07
188 2.8879889659102456e-07
189 2.869144927242988e-07
190 2.85014803764454e-07
191 2.892375156068185e-07
192 2.781137911997368e-07
193 2.832267193548441e-07
194 2.8065724765617905e-07
195 2.810908853019443e-07
196 2.8797330268949077e-07
197 2.8642922926894473e-07
198 2.7765954023777553e-07
199 2.7920016248550887e-07
200 2.8569896762003615e-07
201 2.865502944405738e-07
202 2.8505073450540105e-07
203 2.7506581633170324e-07
204 2.859289485651425e-07
205 2.8977906474752144e-07
206 2.8759703038883834e-07
207 2.8788939595635297e-07
208 2.8717754674602866e-07
209 2.871620876395148e-07
210 2.887802157364635e-07
211 2.8784047589496664e-07
212 2.844240564445645e-07
213 2.799647709851554e-07
214 2.8684956113428024e-07
215 2.83549324885469e-07
216 2.7778976598944285e-07
217 2.8405977314491007e-07
218 2.801888500471906e-07
219 2.857620275835866e-07
220 2.8572889013034577e-07
221 2.859840375382583e-07
222 2.8332424625576517e-07
223 2.90592242224504e-07
224 2.9050910511267323e-07
225 2.7714670982059175e-07
226 2.840189724785622e-07
227 2.826820600091721e-07
228 2.7908721985391717e-07
229 2.815842687515634e-07
230 2.9272631519474873e-07
231 2.8480602248701974e-07
232 2.809521343731936e-07
233 2.865787899603424e-07
234 2.828673351227144e-07
235 2.8095606580929225e-07
236 2.880370843557855e-07
237 2.8653434464272865e-07
238 2.8637881769486443e-07
239 2.7802246601893536e-07
240 2.887222451100069e-07
241 2.8906966622596487e-07
242 2.7774891578061386e-07
243 2.810141075176094e-07
244 2.83722752003995e-07
245 2.763271977346316e-07
246 2.8281024710613225e-07
247 2.8574473762152593e-07
248 2.813841854198182e-07
249 2.844686554767414e-07
250 2.8038057510481773e-07
251 2.8780073345651633e-07
252 2.8549673223111385e-07
253 2.8382066441783864e-07
254 2.834862477816207e-07
255 2.8448147925608075e-07
256 2.826960859209191e-07
257 2.801639270673675e-07
258 2.8451676907964e-07
259 2.921749932381296e-07
260 2.882397603543181e-07
261 2.917300259099031e-07
262 2.7637487937246204e-07
263 2.803638564191036e-07
264 2.87002506674542e-07
265 2.867550150536143e-07
266 2.894430332581174e-07
267 2.757062351614705e-07
268 2.8471408393244966e-07
269 2.8502902150423813e-07
270 2.859326400516805e-07
271 2.813408951254468e-07
272 2.800406525430433e-07
273 2.8619688598284773e-07
274 2.8346813117929425e-07
275 2.8905806811036427e-07
276 2.795234918522075e-07
277 2.8972353307170667e-07
278 2.8329841514925226e-07
279 2.915190759648781e-07
280 2.845731473769542e-07
281 2.834386199670759e-07
282 2.8219446706519953e-07
283 2.810144406031689e-07
284 2.7541001231065674e-07
285 2.9428898799604277e-07
286 2.819546616519755e-07
287 2.8795840202933404e-07
288 2.8722790726922624e-07
289 2.8137278844161094e-07
290 2.845616498583091e-07
291 2.918153602041607e-07
292 2.76553759453715e-07
293 2.780193425578562e-07
294 2.850639696930915e-07
295 2.7957699253500423e-07
296 2.890564739145321e-07
297 2.852347654604847e-07
298 2.8631136951300505e-07
299 2.817297020782663e-07
300 2.8575918750614115e-07
301 2.8501529566541847e-07
302 2.8137772212625454e-07
303 2.850426128286525e-07
304 2.877600624446284e-07
305 2.8616779771299727e-07
306 2.8309795711537445e-07
307 2.905279941708174e-07
308 2.843073196127426e-07
309 2.896668173031913e-07
310 2.7655210282532516e-07
311 2.888542201502538e-07
312 2.8915836699637796e-07
313 2.831555165264594e-07
314 2.8718278176728997e-07
315 2.824221926556614e-07
316 2.886137893214369e-07
317 2.8159475089972284e-07
318 2.861849474605609e-07
319 2.899409511505633e-07
320 2.8566624055977894e-07
321 2.825199505706099e-07
322 2.883237065741319e-07
323 2.8298039022063953e-07
324 2.891551672290209e-07
325 2.8552764934995234e-07
326 2.877621355862136e-07
327 2.889897145685368e-07
328 2.8068946639767157e-07
329 2.875646571252834e-07
330 2.9024012111792043e-07
331 2.830987180286435e-07
332 2.8823796063223535e-07
333 2.8578639977372344e-07
334 2.75898589760904e-07
335 2.853322064280988e-07
336 2.803175960118239e-07
337 2.8978919353878764e-07
338 2.8711321132378987e-07
339 2.8364649808771e-07
340 2.8589523737496827e-07
341 2.8437794716614273e-07
342 2.8336463164031295e-07
343 2.8391584280352745e-07
344 2.7601329593381384e-07
345 2.8964827974173135e-07
346 2.896520191778074e-07
347 2.772977144568178e-07
348 2.852267952401966e-07
349 2.855385893155046e-07
350 2.8640139027424035e-07
351 2.8496326335108087e-07
352 2.879821094909921e-07
353 2.919682420089053e-07
354 2.759196563908617e-07
355 2.836188913963764e-07
356 2.896154783933798e-07
357 2.8896592717882053e-07
358 2.8296488871424633e-07
359 2.7519126494975946e-07
360 2.8166785744948467e-07
361 2.830028758490456e-07
362 2.8282365087708297e-07
363 2.8551774750452635e-07
364 2.775080791880338e-07
365 2.8146149685951076e-07
366 2.9379597397913663e-07
367 2.8192817780106456e-07
368 2.927234698329949e-07
369 2.8069716504985663e-07
370 2.8203137832801903e-07
371 2.9043180689725483e-07
372 2.855167674732968e-07
373 2.839939076383963e-07
374 2.8604330754782493e-07
375 2.789431306047356e-07
376 2.865286833935424e-07
377 2.8634132741922266e-07
378 2.8802965785321723e-07
379 2.8954298721730463e-07
380 2.8446605505377176e-07
381 2.882299777030586e-07
382 2.834465006173026e-07
383 2.829937092409688e-07
384 2.821460116716767e-07
385 2.9165326194988923e-07
386 2.8790448133370767e-07
387 2.7443586107339295e-07
388 2.802560423716933e-07
389 2.8027618849070165e-07
390 2.899024873495207e-07
391 2.936751729566422e-07
392 2.8683630021550304e-07
393 2.8420187523153655e-07
394 2.900926270332698e-07
395 2.861150368090481e-07
396 2.8285724240309957e-07
397 2.915878126394515e-07
398 2.8476344695702285e-07
399 2.967113236287609e-07
400 2.8536922949924845e-07
401 2.8844561094463484e-07
402 2.9215504916451463e-07
403 2.8426191203699774e-07
404 2.90536242400872e-07
405 2.8547974158560925e-07
406 2.834498058274005e-07
407 2.887606364033073e-07
408 2.793570953186908e-07
409 2.8700132790252256e-07
410 2.831797226284653e-07
411 2.8907910468119324e-07
412 2.9172006920107483e-07
413 2.7358095444921345e-07
414 2.911524341149803e-07
415 2.7703854796134065e-07
416 2.7920047057300765e-07
417 2.765500971233818e-07
418 2.859945956000082e-07
419 2.8090536057747154e-07
420 2.887465105171327e-07
421 2.7929685434961284e-07
422 2.821818110023859e-07
423 2.89198698215029e-07
424 2.8610762848105466e-07
425 2.8593376949248346e-07
426 2.8674000408960783e-07
427 2.875915231244505e-07
428 2.895878480108259e-07
429 2.8946497116210546e-07
430 2.87660439627754e-07
431 2.9351948765227306e-07
432 2.812051816523206e-07
433 2.828910474217689e-07
434 2.8354178637479226e-07
435 2.7991269658414935e-07
436 2.799875169142821e-07
437 2.897138779232344e-07
438 2.766586991976954e-07
439 2.8426126267601075e-07
440 2.842500016056624e-07
441 2.8221679703735815e-07
442 2.870079746669541e-07
443 2.8716375673002525e-07
444 2.866636163003187e-07
445 2.8742895772665644e-07
446 2.839697833732715e-07
447 2.861965079056886e-07
448 2.862803694003442e-07
449 2.8340586158233027e-07
450 2.9267786888099737e-07
451 2.889981861079018e-07
452 2.806684671738079e-07
453 2.8868141542290477e-07
454 2.8045273556346206e-07
455 2.8719117022612463e-07
456 2.822495768568212e-07
457 2.8498685613560494e-07
458 2.727060662199229e-07
459 2.921895261749451e-07
460 2.722721912023684e-07
461 2.854664754217342e-07
462 2.8456514392594637e-07
463 2.83382935963406e-07
464 2.8675486668320017e-07
465 2.7929551132588633e-07
466 2.83670969768415e-07
467 2.861060152280046e-07
468 2.8593494461731487e-07
469 2.8723213422298314e-07
470 2.8105401382608825e-07
471 2.829296527974847e-07
472 2.8166368124522097e-07
473 2.802121693093346e-07
474 2.8562655169838876e-07
475 2.864226744036443e-07
476 2.8342330802791817e-07
477 2.8032803361140694e-07
478 2.8854929983710294e-07
479 2.868974372128877e-07
480 2.9000094935402407e-07
481 2.88532289949744e-07
482 2.8702853416657244e-07
483 2.803626581790136e-07
484 2.845502291237467e-07
485 2.8624001249701235e-07
486 2.851998919755621e-07
487 2.7715054378585004e-07
488 2.847225753126006e-07
489 2.949757714936095e-07
490 2.868712649777296e-07
491 2.8593906079069447e-07
492 2.7817064939870093e-07
493 2.8530171848718183e-07
494 2.904530219234018e-07
495 2.856314195963384e-07
496 2.7771503042628066e-07
497 2.8242708458083313e-07
498 2.8237523982421865e-07
499 2.915510699454534e-07
500 2.7993413807383207e-07
501 2.8947187092309504e-07
502 2.8163625607008557e-07
503 2.858326009798385e-07
504 2.8528528254132994e-07
505 2.834877572057906e-07
506 2.878891354142141e-07
507 2.848681167542656e-07
508 2.833308412945994e-07
509 2.818790580427443e-07
510 2.9008759495365685e-07
511 2.8822847223860526e-07
512 2.778971045664041e-07
513 2.7817125648998226e-07
514 2.783294344677463e-07
515 2.882474097024472e-07
516 2.8465879308726385e-07
517 2.8501746192060236e-07
518 2.8250752746213645e-07
519 2.8269125953242724e-07
520 2.864284822198674e-07
521 2.859186865341096e-07
522 2.79059718104688e-07
523 2.8334614519194036e-07
524 2.8793970181437305e-07
525 2.886660117897409e-07
526 2.7743688765921256e-07
527 2.809003762029882e-07
528 2.8997882480091187e-07
529 2.8765801292664754e-07
530 2.856504061649294e-07
531 2.839975519758942e-07
532 2.8094969861692724e-07
533 2.750560604958077e-07
534 2.860918971148541e-07
535 2.83458554491548e-07
536 2.874005472586341e-07
537 2.842842366690619e-07
538 2.81117921954614e-07
539 2.847245973890987e-07
540 2.784959398302061e-07
541 2.8003770131819013e-07
542 2.849511407827129e-07
543 2.810174759912587e-07
544 2.7940057685243215e-07
545 2.803087378370522e-07
546 2.83811695212476e-07
547 2.8568239104818616e-07
548 2.8054189037707707e-07
549 2.876427695334058e-07
550 2.958037667813056e-07
551 2.864070126154624e-07
552 2.813403147776339e-07
553 2.8278468949459737e-07
554 2.8644097105360664e-07
555 2.805691845746642e-07
556 2.9190624900529927e-07
557 2.858529677576866e-07
558 2.7891247290118776e-07
559 2.8194314946896465e-07
560 2.883864754896766e-07
561 2.9470386775438306e-07
562 2.9105439746101093e-07
563 2.889326909217807e-07
564 2.7848772605303544e-07
565 2.9003545891218154e-07
566 2.8828595741296567e-07
567 2.8086685160111563e-07
568 2.7595115469220817e-07
569 2.786566808079303e-07
570 2.844753746844118e-07
571 2.8383049802824445e-07
572 2.8326131107022713e-07
573 2.7862981824678345e-07
574 2.853935739682772e-07
575 2.80410369325684e-07
576 2.820272480104824e-07
577 2.8940319122296085e-07
578 2.8187634588687887e-07
579 2.8939995508834737e-07
580 2.8457193482541946e-07
581 2.870095583940047e-07
582 2.8660578511826587e-07
583 2.903143722679778e-07
584 2.8609116019955436e-07
585 2.865978131378701e-07
586 2.834738658345326e-07
587 2.8018528557668784e-07
588 2.843517912221606e-07
589 2.845238672765442e-07
590 2.8295809707616766e-07
591 2.8590547913919563e-07
592 2.82703924056273e-07
593 2.8372269798126733e-07
594 2.8863478811010763e-07
595 2.8297041405812146e-07
596 2.777853620812521e-07
597 2.891805666395676e-07
598 2.920514226777243e-07
599 2.781771869820414e-07
600 2.86401285660487e-07
601 2.862468613513752e-07
602 2.8378797254835206e-07
603 2.877447643764704e-07
604 2.885385562473041e-07
605 2.9059621542403253e-07
606 2.9211284347607257e-07
607 2.8406389727708504e-07
608 2.876125685712692e-07
609 2.7703641526241966e-07
610 2.8487192176222855e-07
611 2.9117616241147457e-07
612 2.8232646669636956e-07
613 2.8621712927111486e-07
614 2.781652841742079e-07
615 2.8345517671147633e-07
616 2.878260544213682e-07
617 2.902484166978905e-07
618 2.869084445767242e-07
619 2.903989686829071e-07
620 2.910959558510776e-07
621 2.8080971587625565e-07
622 2.859074660041597e-07
623 2.797423196636954e-07
624 2.8037650053378516e-07
625 2.8216178550137944e-07
626 2.7929860747691607e-07
627 2.933663477424862e-07
628 2.8489660501202483e-07
629 2.899944492195121e-07
630 2.8762828294981336e-07
631 2.862162070009303e-07
632 2.8444497740171726e-07
633 2.8576631665465247e-07
634 2.8278760935138173e-07
635 2.8645649104475274e-07
636 2.7809214564428176e-07
637 2.842409371611479e-07
638 2.747558509714213e-07
639 2.808487107243699e-07
640 2.837499499828481e-07
641 2.748003128491183e-07
642 2.927819805705633e-07
643 2.8423637608490774e-07
644 2.867141631907693e-07
645 2.8747094125782766e-07
646 2.8170784709720155e-07
647 2.823148945402358e-07
648 2.8570699053772703e-07
649 2.991342640040233e-07
650 2.861598130631854e-07
651 2.8642922468008476e-07
652 2.8003787843592476e-07
653 2.747871430156433e-07
654 2.9024139760882893e-07
655 2.867794722556195e-07
656 2.81221018110437e-07
657 2.867578436040899e-07
658 2.873679798477715e-07
659 2.864807954374865e-07
660 2.8093003165405626e-07
661 2.9173653267957687e-07
662 2.9665939785977433e-07
663 2.83302053824158e-07
664 2.94391006292729e-07
665 2.8183106697943307e-07
666 2.8689174886515033e-07
667 2.929814330500251e-07
668 2.936514953608524e-07
669 2.867981499882097e-07
670 2.783618285096658e-07
671 2.8041072781589586e-07
672 2.6985838887586154e-07
673 2.809722689814763e-07
674 2.8367761224832415e-07
675 2.8351161952782723e-07
676 2.775481016038106e-07
677 2.866655984559765e-07
678 2.855420739155076e-07
679 2.812465216573717e-07
680 2.7825616919440706e-07
681 2.8806327653973847e-07
682 2.810259170116224e-07
683 2.763993609217434e-07
684 2.852657774555141e-07
685 2.815104065857447e-07
686 2.8452404165521535e-07
687 2.809403637425709e-07
688 2.87798066999548e-07
689 2.828229359264113e-07
690 2.8053419754591386e-07
691 2.8554750959360003e-07
692 2.9251113444332985e-07
693 2.8982506532249704e-07
694 2.8628177711072143e-07
695 2.859543102755126e-07
696 2.7459098880085907e-07
697 2.9745392905367713e-07
698 2.8138920443854875e-07
699 2.9048884482432446e-07
700 2.849653598215437e-07
701 2.83482382694322e-07
702 2.777049915110148e-07
703 2.852108755004097e-07
704 2.8035063569914107e-07
705 2.8360093916261687e-07
706 2.754012284754062e-07
707 2.7756755560093995e-07
708 2.72091867710837e-07
709 2.9173533595953804e-07
710 2.864036131043244e-07
711 2.8733370272561093e-07
712 2.89379573944365e-07
713 2.858736661434249e-07
714 2.8340307562556135e-07
715 2.774181727745868e-07
716 2.8245445242904897e-07
717 2.783056399244393e-07
718 2.808217189332069e-07
719 2.854574828310353e-07
720 2.936545976953776e-07
721 2.8328998535153036e-07
722 2.8361426482180835e-07
723 2.9057841378156774e-07
724 2.8497025309458167e-07
725 2.772722428717177e-07
726 2.905635592978727e-07
727 2.845181592462072e-07
728 2.8510067989745577e-07
729 2.7658901475850894e-07
730 2.8002073010042326e-07
731 2.8048600718344337e-07
732 2.9666311400444044e-07
733 2.8207148210671764e-07
734 2.789937285589789e-07
735 2.8716429578888345e-07
736 2.8238521718831013e-07
737 2.8423642285703784e-07
738 2.824032619201985e-07
739 2.763733469990275e-07
740 2.8423112271428117e-07
741 2.868753755709686e-07
742 2.8267888064272844e-07
743 2.834699744379373e-07
744 2.8823047563336906e-07
745 2.8952028344309303e-07
746 2.855183778462263e-07
747 2.837602418256784e-07
748 2.7954759319433444e-07
749 2.8837411650667476e-07
750 2.8723248892804353e-07
751 2.8689998634685153e-07
752 2.9487690978518606e-07
753 2.8748304758211415e-07
754 2.925370013607248e-07
755 2.8986393681756437e-07
756 2.875105941111104e-07
757 2.8339187981907984e-07
758 2.829412913848033e-07
759 2.881984699383728e-07
760 2.8630780112003737e-07
761 2.899182178470588e-07
762 2.74896588333991e-07
763 2.852519701028947e-07
764 2.8722832589670976e-07
765 2.8183147213227015e-07
766 2.891645545595146e-07
767 2.8800403908336056e-07
768 2.864265000568379e-07
769 2.891496695834877e-07
770 2.8326080257980793e-07
771 2.8940039361055996e-07
772 2.920734284033294e-07
773 2.8319203074622844e-07
774 2.8460863468693014e-07
775 2.805672014715367e-07
776 2.8493791193757394e-07
777 2.857161477832312e-07
778 2.793883251827669e-07
779 2.8705846053472375e-07
780 2.823234717382944e-07
781 2.819202293688882e-07
782 2.800836976162321e-07
783 2.8507064611050684e-07
784 2.851662729111642e-07
785 2.803602677172844e-07
786 2.9353185159773294e-07
787 2.784256235571432e-07
788 2.827260003836558e-07
789 2.856221967658556e-07
790 2.7953831190590077e-07
791 2.885657171437493e-07
792 2.721845138668646e-07
793 2.8059172130363357e-07
794 2.750590187958242e-07
795 2.881992948592763e-07
796 2.855013354538349e-07
797 2.904792034618859e-07
798 2.838743398160472e-07
799 2.850408506017317e-07
800 2.855953805828789e-07
801 2.806560208148164e-07
802 2.8759730734634487e-07
803 2.8293688069980414e-07
804 2.878393391137166e-07
805 2.879499788041788e-07
806 2.832826916151047e-07
807 2.880794974920667e-07
808 2.9634947246314853e-07
809 2.805900324006563e-07
810 2.8451167215703443e-07
811 2.7460719049229467e-07
812 2.913007512861085e-07
813 2.8111703174509083e-07
814 2.844775819838484e-07
815 2.838821131020986e-07
816 2.876076005441832e-07
817 2.903369064057984e-07
818 2.7965987272754303e-07
819 2.822143051510927e-07
820 2.8311402712494196e-07
821 2.8722902124602417e-07
822 2.831002720195747e-07
823 2.924920365473879e-07
824 2.85418761549868e-07
825 2.919395651452428e-07
826 2.7560696136118184e-07
827 2.871322086861078e-07
828 2.8052853892965103e-07
829 2.8276223258979256e-07
830 2.8824891898412994e-07
831 2.8974515154176905e-07
832 2.828977971770124e-07
833 2.8054832422439784e-07
834 2.9140396963858e-07
835 2.80684110930994e-07
836 2.797519511130286e-07
837 2.8928935313482e-07
838 2.902541729191575e-07
839 2.8855975968279327e-07
840 2.911575302181488e-07
841 2.780855936695286e-07
842 2.8328909474896293e-07
843 2.8293889668113565e-07
844 2.8751385056005136e-07
845 2.815438331200905e-07
846 2.821532508527261e-07
847 2.815365352203084e-07
848 2.8279037282718583e-07
849 2.8933153391205454e-07
850 2.8065284570950387e-07
851 2.751243335162635e-07
852 2.852367794574865e-07
853 2.8774881266056124e-07
854 2.864573671894859e-07
855 2.8460024556388654e-07
856 2.8745305496806115e-07
857 2.877698318565049e-07
858 2.8234423803219265e-07
859 2.8168509622867155e-07
860 2.808989060003458e-07
861 2.8148128488723663e-07
862 2.7450241984634936e-07
863 2.9114528344325234e-07
864 2.892441918023619e-07
865 2.862474644195393e-07
866 2.8679548978177504e-07
867 2.8592094718785947e-07
868 2.8304489068364704e-07
869 2.823291233957057e-07
870 2.8111182572329875e-07
871 2.8215659706674866e-07
872 2.862476158586913e-07
873 2.871527441424432e-07
874 2.863165086039672e-07
875 2.818149361151597e-07
876 2.848595100038203e-07
877 2.8006989536846535e-07
878 2.843011973143974e-07
879 2.7706038855014933e-07
880 2.820296921139353e-07
881 2.7941364720223555e-07
882 2.783929013042358e-07
883 2.7481990964486874e-07
884 2.8305305813485295e-07
885 2.864247600717132e-07
886 2.853977213513727e-07
887 2.7675563125918804e-07
888 2.88664523112296e-07
889 2.7868469127708896e-07
890 2.774472655172092e-07
891 2.8820795967678686e-07
892 2.84819511418829e-07
893 2.8047555615172055e-07
894 2.8487256766180487e-07
895 2.841428224304487e-07
896 2.937522300094663e-07
897 2.8209206828691207e-07
898 2.8499145030222213e-07
899 2.8060862859065997e-07
900 2.9153093902188255e-07
901 2.928571708362259e-07
902 2.8405495739329173e-07
903 2.874193107724298e-07
904 2.8311202118035356e-07
905 2.847662840943405e-07
906 2.7993726703403647e-07
907 2.7872530694891823e-07
908 2.8833387164803796e-07
909 2.88295901415069e-07
910 2.8035837708686126e-07
911 2.820729397673397e-07
912 2.865924851855063e-07
913 2.850159672414876e-07
914 2.75814607894701e-07
915 2.823194175233642e-07
916 2.8658725777424717e-07
917 2.878228027494511e-07
918 2.930743276230248e-07
919 2.8113239170294583e-07
920 2.9027630313650027e-07
921 2.8453319657703253e-07
922 2.726357585272358e-07
923 2.8161968791982704e-07
924 2.7976241633464693e-07
925 2.8352133276770477e-07
926 2.819623809045539e-07
927 2.8278241713283523e-07
928 2.7887103427144256e-07
929 2.8996506984300615e-07
930 2.9460876030119413e-07
931 2.834233082199265e-07
932 2.8165624153642704e-07
933 2.898761043398387e-07
934 2.8927241165409965e-07
935 2.8838345336873067e-07
936 2.8890188703019695e-07
937 2.8484730268221666e-07
938 2.89524994237124e-07
939 2.77943051956976e-07
940 2.8580758078599914e-07
941 2.831618470681091e-07
942 2.8782585458444416e-07
943 2.8138437969392126e-07
944 2.8482490307338887e-07
945 2.8362572648983557e-07
946 2.9064064377924836e-07
947 2.833153933262079e-07
948 2.848658246822501e-07
949 2.8552030575982495e-07
950 2.8952897428830726e-07
951 2.8329065132112403e-07
952 2.806023035395375e-07
953 2.8813720452835094e-07
954 2.872493455381315e-07
955 2.867723418743652e-07
956 2.825605892223465e-07
957 2.851803250500095e-07
958 2.8527788328117975e-07
959 2.8166469816743077e-07
960 2.921707422599675e-07
961 2.8257450202416537e-07
962 2.909607044716403e-07
963 2.730126060839503e-07
964 2.8250840130442446e-07
965 2.894493099025612e-07
966 2.7791959210236954e-07
967 2.830024269095126e-07
968 2.821715154582646e-07
969 2.7962006120592575e-07
970 2.8591932961058784e-07
971 2.851047126650614e-07
972 2.8985489284453073e-07
973 2.8871702408372435e-07
974 2.8461469399239056e-07
975 2.8938242248205827e-07
976 2.813281998086781e-07
977 2.8626400259072865e-07
978 2.79314111660203e-07
979 2.8417053095107104e-07
980 2.8179390459285875e-07
981 2.84503722220112e-07
982 2.9921336475344424e-07
983 2.8773604828502756e-07
984 2.899216352770366e-07
985 2.767309148255095e-07
986 2.9112556056509446e-07
987 2.8221346211046585e-07
988 2.9000423048095316e-07
989 2.804545319228545e-07
990 2.8536386546368447e-07
991 2.8466176932356793e-07
992 2.9176766260400783e-07
993 2.8837611712798095e-07
994 2.908879535863402e-07
995 2.854095097841075e-07
996 2.7637477533951155e-07
997 2.877157910628352e-07
998 2.912387237785096e-07
999 2.8057790462208896e-07
