0 2.2300558025478597e-07
1 2.9878303358573824e-07
2 1.7933761805607282e-07
3 2.760580249234028e-07
4 2.0727216098297433e-07
5 3.306532162962167e-07
6 2.114238890936731e-07
7 2.478277772110888e-07
8 2.63525373959395e-07
9 1.898494135132935e-07
10 2.0115387647758243e-07
11 2.597272362006209e-07
12 2.5233591719428443e-07
13 2.4433550582117984e-07
14 3.038768951282637e-07
15 2.0208433571553457e-07
16 1.9422586024722354e-07
17 1.0439508669485833e-07
18 2.0863259430745347e-07
19 2.0803777980134602e-07
20 2.352382004413829e-07
21 2.578325098303181e-07
22 2.5097730852599133e-07
23 2.2545697294754972e-07
24 2.9264718418135295e-07
25 2.3840662732979966e-07
26 2.5668200487192683e-07
27 2.8849661884245773e-07
28 2.533102614642261e-07
29 7.86144570398939e-08
30 2.8786992895117014e-07
31 3.0116552338284375e-07
32 1.9404956829776857e-07
33 1.9757377484907786e-07
34 2.4056456052169294e-07
35 1.8569582433653608e-07
36 2.7661361296606814e-07
37 3.1673469775769257e-07
38 1.95451601662273e-07
39 2.244992522978847e-07
40 2.6449616312345365e-07
41 2.3206798620351323e-07
42 3.2519597903773383e-07
43 2.607700228190581e-07
44 2.2216516625902577e-07
45 2.669316509555674e-07
46 2.3077413173306453e-07
47 2.2239096316273898e-07
48 2.6940171257329046e-07
49 2.650425915698927e-07
50 2.611118712348345e-07
51 2.598132058732727e-07
52 2.995519245485626e-07
53 2.3657111098577952e-07
54 2.2486369962816068e-07
55 2.380267674157054e-07
56 1.7943081570045753e-07
57 1.7374203635758014e-07
58 2.3634027430972996e-07
59 3.2965528816592206e-07
60 2.8251071259829446e-07
61 2.073459287089494e-07
62 2.512763163199916e-07
63 2.3677483518506943e-07
64 2.822194017617259e-07
65 1.7390565227432451e-07
66 1.6829989290971166e-07
67 3.2434948444548003e-07
68 2.5056824541540596e-07
69 2.325104925754354e-07
70 2.5565496492427224e-07
71 3.24814661280217e-07
72 2.2421325463956315e-07
73 2.9049906394005924e-07
74 2.746785807916831e-07
75 3.66042854493139e-07
76 2.515384764244157e-07
77 2.7808041225561826e-07
78 2.86848988960511e-07
79 2.5361214592007366e-07
80 2.3626298905418556e-07
81 2.2201379504088934e-07
82 3.0395542590898976e-07
83 2.960518681206745e-07
84 2.697794881412693e-07
85 2.2481831044864493e-07
86 2.8223077053898183e-07
87 2.3550696263411953e-07
88 3.1103752531520963e-07
89 2.041897570733473e-07
90 2.528142642237435e-07
91 1.7404182477092168e-07
92 1.813431784023782e-07
93 2.3157567544439527e-07
94 1.8171208917479953e-07
95 2.0680185075655894e-07
96 2.680295810957275e-07
97 2.832432614027747e-07
98 2.3321871274602896e-07
99 2.791603051437751e-07
100 2.9448806695458534e-07
101 2.6304135558952783e-07
102 2.0068355016114781e-07
103 2.762407381597528e-07
104 2.0082640924904672e-07
105 2.3544395768080813e-07
106 2.166178256093222e-07
107 2.7898758197438763e-07
108 1.97603370364774e-07
109 2.5560792787116867e-07
110 2.8231874588877643e-07
111 1.8385873181040251e-07
112 1.4874498371476858e-07
113 2.0773896910384645e-07
114 2.509220512693048e-07
115 1.8567152253516503e-07
116 3.0662049475812055e-07
117 3.547225536087046e-07
118 2.9630723291301586e-07
119 2.5253058521357015e-07
120 2.3559238595555296e-07
121 2.8514801649979236e-07
122 1.388047751648429e-07
123 3.716247539427994e-07
124 2.2524420507651334e-07
125 2.371524722006976e-07
126 3.38599771742975e-07
127 2.183981226088002e-07
128 2.986742958265438e-07
129 2.486624483218162e-07
130 2.4194961749452807e-07
131 2.033150678750961e-07
132 2.2607188011587316e-07
133 2.3243260169468402e-07
134 2.981156233738136e-07
135 2.1217143621066807e-07
136 1.9724644550045316e-07
137 2.7331039311898166e-07
138 2.3343476988755557e-07
139 1.8788912243557845e-07
140 3.025312545572475e-07
141 3.1206300027360025e-07
142 2.4520268918591813e-07
143 2.1959328716456604e-07
144 1.5812921851394923e-07
145 3.1871054312905715e-07
146 2.508313845822833e-07
147 2.877899004265502e-07
148 2.725891754402577e-07
149 2.7703946595895894e-07
150 2.785604656846565e-07
151 2.3510278840732232e-07
152 2.446412903528986e-07
153 2.929685870230891e-07
154 2.5441117133212694e-07
155 2.3628408166509848e-07
156 2.4298891404623763e-07
157 2.658054731311553e-07
158 2.2702014040676251e-07
159 3.001451665141113e-07
160 2.0334565323304707e-07
161 2.6517227485283166e-07
162 2.511299637484334e-07
163 2.4068076960958123e-07
164 2.324696948223514e-07
165 2.680022129195716e-07
166 2.195163978738651e-07
167 2.8904530747670266e-07
168 3.2532432654377104e-07
169 3.0382653276079717e-07
170 2.0338606448119022e-07
171 2.718010265272494e-07
172 2.746901238801708e-07
173 2.1495852623493966e-07
174 2.1344635429798278e-07
175 2.667761853873993e-07
176 2.717043985553601e-07
177 2.600901437849045e-07
178 2.8734985735238307e-07
179 3.419791822514764e-07
180 2.4305009266397903e-07
181 2.719070090898792e-07
182 2.064141994039327e-07
183 3.6294319726376087e-07
184 2.709200650546209e-07
185 2.90343313896014e-07
186 2.4821732208872544e-07
187 2.3896160733020544e-07
188 2.4058994597424663e-07
189 2.1186090271539104e-07
190 3.011142652896043e-07
191 2.311985028753253e-07
192 2.9885433847966985e-07
193 2.5099459182173306e-07
194 2.5231509953396627e-07
195 2.980887092471293e-07
196 3.056602896482874e-07
197 3.209440920941728e-07
198 2.7088524965976056e-07
199 2.560999680437e-07
200 1.2462883210270417e-07
201 2.446076116811099e-07
202 2.2294340877087736e-07
203 2.9801051162588695e-07
204 2.6776843360493357e-07
205 2.4751574949265985e-07
206 2.708543050799428e-07
207 1.9840951091539633e-07
208 2.545213717940011e-07
209 2.22822111066176e-07
210 1.9975749036391337e-07
211 2.5346977063651087e-07
212 2.6218887386405654e-07
213 2.2300232505209982e-07
214 1.9547319311237245e-07
215 1.9619490190538216e-07
216 2.636199657595375e-07
217 2.8081817571138226e-07
218 2.615635531793291e-07
219 1.9598232112142145e-07
220 2.2427176680598016e-07
221 2.898426345508397e-07
222 2.7699905423247165e-07
223 2.0910341160665288e-07
224 2.3587195663007402e-07
225 3.027567620433048e-07
226 2.055732259552658e-07
227 1.9136552871134126e-07
228 2.7822056722251434e-07
229 2.6561964316499963e-07
230 1.9795398937600834e-07
231 2.569791388435978e-07
232 2.0089394466571195e-07
233 3.231353741677557e-07
234 2.4657756273932405e-07
235 2.324148612524178e-07
236 2.634348929699446e-07
237 2.2133187241156923e-07
238 1.9217744767392257e-07
239 2.692974933626491e-07
240 1.9637356976428715e-07
241 2.2228740440467353e-07
242 3.0469763956439307e-07
243 2.634710514986873e-07
244 1.7685924509284767e-07
245 2.6782971072746857e-07
246 3.022343800743594e-07
247 1.8106424145457618e-07
248 2.552489698484743e-07
249 3.0696365307203e-07
250 2.826815379433921e-07
251 2.658996299272531e-07
252 2.696634056500972e-07
253 2.1171801241589432e-07
254 2.171941334867188e-07
255 2.0060627467288922e-07
256 2.2477071496158297e-07
257 2.744954727309053e-07
258 2.536991232536566e-07
259 2.1958631875353272e-07
260 2.1614459001669092e-07
261 2.250887132911126e-07
262 3.231940176875023e-07
263 2.279578513555389e-07
264 2.9366417456391875e-07
265 2.3194008773517547e-07
266 2.926862714836556e-07
267 2.166516417214753e-07
268 1.8936320828483644e-07
269 2.7042190843576197e-07
270 2.712834569739585e-07
271 2.2586720310967212e-07
272 2.519254877842275e-07
273 2.5055086850286493e-07
274 2.605465527721445e-07
275 1.7287152930060596e-07
276 2.5075878470731114e-07
277 2.5773331613000307e-07
278 3.290555363422556e-07
279 2.664157970524635e-07
280 2.716550866222164e-07
281 3.553794660444553e-07
282 2.4497903732400584e-07
283 2.0471815170414414e-07
284 3.256184460528644e-07
285 2.300239295909117e-07
286 3.0645757374755903e-07
287 2.5859275874708156e-07
288 2.645454984187028e-07
289 1.963380908602291e-07
290 2.7131804029529083e-07
291 2.0746615039395947e-07
292 2.5442512413687314e-07
293 2.3977550934127424e-07
294 1.696736461265512e-07
295 2.1322345991494842e-07
296 2.686773073920748e-07
297 2.6994195926249467e-07
298 2.414036524297979e-07
299 2.8877285718859315e-07
300 2.7997268900609673e-07
301 2.6019033954658296e-07
302 3.1364493272095987e-07
303 2.351672781298433e-07
304 1.7466465057082327e-07
305 2.6445729424593756e-07
306 1.6237643330990363e-07
307 2.3214042398932642e-07
308 3.1831040266804565e-07
309 2.1744065034181718e-07
310 3.1107255642327e-07
311 2.3513726640063844e-07
312 1.9973489434843023e-07
313 2.806703054148789e-07
314 2.7057987117706714e-07
315 2.300927682164522e-07
316 2.254617723693279e-07
317 2.59244654894953e-07
318 2.854142119774473e-07
319 1.6500400572402683e-07
320 2.4300895062220765e-07
321 2.4407138137942764e-07
322 2.600591430724677e-07
323 2.687384270852657e-07
324 3.131488170570247e-07
325 3.123040337872024e-07
326 3.165600110344653e-07
327 2.2329729493250974e-07
328 2.509719499402691e-07
329 2.1726869068930747e-07
330 2.4017154261268285e-07
331 2.522942418561046e-07
332 2.743671955509807e-07
333 2.3246173605579393e-07
334 2.993764909888978e-07
335 3.139184241411131e-07
336 2.2096263159828984e-07
337 2.1711817716466345e-07
338 1.7480116952834668e-07
339 2.7118360682166794e-07
340 1.7118903776527925e-07
341 1.842854969658624e-07
342 2.117272906246713e-07
343 2.2321781711162582e-07
344 3.025913354872678e-07
345 2.493586243730837e-07
346 2.4726343822676595e-07
347 2.5012680634566015e-07
348 1.6178201790512762e-07
349 1.76907091945868e-07
350 2.3065193968970553e-07
351 2.5305654590966424e-07
352 2.765112573912992e-07
353 2.5645970097838836e-07
354 2.8663253930578685e-07
355 2.3629113083055496e-07
356 1.9825607256086617e-07
357 2.1104456904734278e-07
358 2.618060091219053e-07
359 3.336861789600928e-07
360 3.0485450320364955e-07
361 3.213798060372377e-07
362 2.411551715146443e-07
363 2.7848927541371484e-07
364 3.083165965063091e-07
365 2.7119990992168194e-07
366 1.7347951534620084e-07
367 2.752083969473763e-07
368 1.6908544871803964e-07
369 3.099118804419532e-07
370 3.3464903468904514e-07
371 2.32654541709506e-07
372 1.5845668987929996e-07
373 3.090572755326679e-07
374 2.1348833573695973e-07
375 2.2347839984525116e-07
376 1.9333976036113134e-07
377 2.8784321105510666e-07
378 2.4817951585002994e-07
379 2.502080901424213e-07
380 2.532557247142624e-07
381 2.1261420605549178e-07
382 1.824420402536209e-07
383 2.7981239788740267e-07
384 2.333733920103685e-07
385 1.5413521805947243e-07
386 2.11094561055588e-07
387 3.0933857606115235e-07
388 2.4365090570920045e-07
389 2.908001081695021e-07
390 2.6193200505994366e-07
391 1.792425748953469e-07
392 2.7108754306103895e-07
393 3.0911205993361655e-07
394 2.3744797956776637e-07
395 2.5315462807807226e-07
396 1.9354280604885137e-07
397 2.8292469800700225e-07
398 2.2156438640260043e-07
399 2.0708835169324142e-07
400 2.479215637471209e-07
401 2.1102652783859182e-07
402 2.053346446042357e-07
403 3.086093989182892e-07
404 2.4440616201030993e-07
405 2.480732612604581e-07
406 3.1339548532974e-07
407 1.9257669940875045e-07
408 2.9677813237753083e-07
409 2.6163587216428867e-07
410 2.0229457593601187e-07
411 2.2498424352243796e-07
412 1.6057566760361868e-07
413 2.910188741663525e-07
414 1.4267717494964196e-07
415 2.5678779894788605e-07
416 2.90048341827261e-07
417 2.8170801782752494e-07
418 2.3448042709415487e-07
419 2.917604816661857e-07
420 2.2217771115251562e-07
421 2.013821214293946e-07
422 2.395503782699507e-07
423 2.0992109772644494e-07
424 2.5615949575734815e-07
425 2.412587623869459e-07
426 2.2321372380926656e-07
427 2.0094214421897498e-07
428 2.1417950303168274e-07
429 2.6577787913745875e-07
430 2.2172436016155424e-07
431 2.457680883131658e-07
432 2.2103403378557208e-07
433 2.256674297163127e-07
434 2.8719364620018333e-07
435 2.5691275164157475e-07
436 2.9186507167481854e-07
437 2.2713524853623742e-07
438 3.0118905713437953e-07
439 2.783880014232184e-07
440 1.9997224422225242e-07
441 2.980750247955549e-07
442 3.223295613839626e-07
443 2.2991949936483318e-07
444 2.0119376612763941e-07
445 2.1957449134352216e-07
446 2.688747136688561e-07
447 2.5775110286713665e-07
448 2.5265143668428065e-07
449 2.255540711261998e-07
450 2.3233894006889853e-07
451 2.3204515179250685e-07
452 2.756939472953426e-07
453 2.482522676714611e-07
454 3.06050787550092e-07
455 2.3210906656798978e-07
456 1.907084792578259e-07
457 2.7709511445025743e-07
458 2.8026114442340796e-07
459 2.6595956758279774e-07
460 3.0029222404489525e-07
461 2.197843900194798e-07
462 2.6496650872391624e-07
463 2.341728454172577e-07
464 2.098376259661146e-07
465 1.9463795507323147e-07
466 2.0944240539667068e-07
467 1.6586547457500788e-07
468 2.646563876135719e-07
469 2.6071074347930064e-07
470 2.4102918106435087e-07
471 2.358675897140684e-07
472 2.677274704253268e-07
473 1.9056476923623113e-07
474 2.617310361582292e-07
475 2.0009326383625585e-07
476 1.9745311916643406e-07
477 2.067383628961967e-07
478 2.323996541949772e-07
479 2.5600996211056056e-07
480 2.685230272986623e-07
481 2.5156399356914657e-07
482 2.499688191961852e-07
483 3.077284483076659e-07
484 1.7507660708098874e-07
485 2.724328564519332e-07
486 2.388972671204536e-07
487 3.0437616101665794e-07
488 2.2643205729772114e-07
489 2.321134145562272e-07
490 2.6091404679578966e-07
491 2.623647393519428e-07
492 2.7633765228656946e-07
493 2.611946987956114e-07
494 2.5518872500047437e-07
495 2.385868017818254e-07
496 3.439522200898052e-07
497 2.170901117771284e-07
498 2.7204455592009436e-07
499 1.6074328314548825e-07
500 2.851375815480405e-07
501 1.772994270704169e-07
502 2.5433191380912545e-07
503 2.04234420305128e-07
504 2.778768404198057e-07
505 2.754178501946829e-07
506 2.2637863448636178e-07
507 2.687073766963358e-07
508 2.89738947068795e-07
509 2.865335642882424e-07
510 2.4858803090685357e-07
511 2.7027344174801303e-07
512 2.3668443037289652e-07
513 2.7013062769011416e-07
514 2.8782498640841163e-07
515 2.6150301297356646e-07
516 2.7199758704534764e-07
517 2.5820418029010015e-07
518 2.6948582914803645e-07
519 2.249255346963314e-07
520 2.982696037422062e-07
521 2.7054418701203934e-07
522 2.1154808259489982e-07
523 2.827476111533115e-07
524 2.2340444481393868e-07
525 2.0920528996301393e-07
526 2.3422574886159107e-07
527 2.856570300063187e-07
528 2.4575717438817494e-07
529 2.4713852199537924e-07
530 2.271242644030532e-07
531 1.7623040715917666e-07
532 2.412138064574798e-07
533 3.2418431681939217e-07
534 2.893264539107863e-07
535 2.2551247430283796e-07
536 2.429756424455918e-07
537 2.995824092588279e-07
538 2.1999291921888028e-07
539 3.1401931897483615e-07
540 3.0089306812806784e-07
541 2.548170112442364e-07
542 2.6550901437037476e-07
543 3.3527078519404455e-07
544 2.508415002235235e-07
545 1.6511119062526204e-07
546 2.2824195888360147e-07
547 2.094812450446563e-07
548 3.192332360267876e-07
549 2.0863863103004307e-07
550 1.9546594544515337e-07
551 2.551384339160577e-07
552 2.0461400885330272e-07
553 2.8472824402701476e-07
554 1.453746831551888e-07
555 2.618886656587737e-07
556 2.1294134409948498e-07
557 2.1697108791175128e-07
558 2.6120976542529613e-07
559 2.600791133907684e-07
560 3.0677676613911793e-07
561 2.6438010037520365e-07
562 1.8879490708542785e-07
563 3.172405971687767e-07
564 2.4259192428474235e-07
565 2.1354196353262826e-07
566 2.708949355601296e-07
567 2.0709641450930446e-07
568 3.5984470109511415e-07
569 2.6159464107987987e-07
570 2.605708978413842e-07
571 2.781841220855833e-07
572 1.8538894308176644e-07
573 2.2761161935176644e-07
574 2.4129865085534975e-07
575 1.695809299180889e-07
576 2.9596039676209785e-07
577 2.3577841229559083e-07
578 1.5307781453073507e-07
579 2.775823005169317e-07
580 3.2284799238666766e-07
581 2.5618685367697895e-07
582 2.4739457286803334e-07
583 2.2735656005879238e-07
584 2.611030495715375e-07
585 2.2544534432088244e-07
586 2.031742957320021e-07
587 2.6465092071618476e-07
588 2.473343345989439e-07
589 2.1672334051753185e-07
590 2.70869934454704e-07
591 2.4840992741249534e-07
592 3.0154504000055566e-07
593 3.3714211902785904e-07
594 1.854862954992379e-07
595 2.4527310587597576e-07
596 2.92831101227279e-07
597 1.6864158884476454e-07
598 2.8337834302265767e-07
599 2.412092458701834e-07
600 2.7950195583311363e-07
601 2.844174243147566e-07
602 2.564035641343054e-07
603 2.17715736726694e-07
604 2.1918675417177238e-07
605 2.1337786608199796e-07
606 1.760003125171245e-07
607 1.9479023772907416e-07
608 2.6193381663608743e-07
609 4.005502432314842e-07
610 2.103120483935811e-07
611 2.054495779029272e-07
612 2.7697536245755073e-07
613 2.7181590356685236e-07
614 3.0963149251848434e-07
615 2.1512081750975844e-07
616 2.2505537265998735e-07
617 2.001164202741896e-07
618 2.7435528938412975e-07
619 2.3559336782909397e-07
620 2.954610926432003e-07
621 2.8256285925280493e-07
622 2.6651879383943543e-07
623 3.172984090611956e-07
624 2.1508109005963993e-07
625 2.335867551107051e-07
626 2.808318707516863e-07
627 1.8835827313954734e-07
628 2.807145169382994e-07
629 2.387236926664765e-07
630 2.3632916092215135e-07
631 2.3200961666919598e-07
632 2.068550868852414e-07
633 2.3850368649843924e-07
634 2.76212713619466e-07
635 2.2603094042663534e-07
636 3.179372490016096e-07
637 2.6270307077630544e-07
638 2.4857178709294543e-07
639 2.9336899023019007e-07
640 2.4694995454659647e-07
641 2.599762163052134e-07
642 2.1162911800688458e-07
643 2.3766333424263356e-07
644 2.455993849487619e-07
645 2.1789362619677128e-07
646 2.8154682878021953e-07
647 2.023856167468839e-07
648 2.5639575731950443e-07
649 1.1647136912550617e-07
650 1.9700488506966413e-07
651 1.4089660575867552e-07
652 2.811357785872835e-07
653 2.3194581572038148e-07
654 2.525894471688653e-07
655 1.7719900124561216e-07
656 2.5438857329062405e-07
657 2.177521348755617e-07
658 2.08281205844226e-07
659 2.848226982503884e-07
660 3.15126972910254e-07
661 2.631317629297062e-07
662 1.5539500854086254e-07
663 2.1575173929304676e-07
664 1.5634516274986513e-07
665 3.5983571931817814e-07
666 2.485671200177338e-07
667 2.5976110338061597e-07
668 2.0651660205419635e-07
669 2.6528982473546347e-07
670 2.833626597493942e-07
671 2.3166687677986626e-07
672 2.715432464669347e-07
673 2.6704651911609854e-07
674 2.630977413101301e-07
675 2.3504815401821907e-07
676 2.3296015277826272e-07
677 2.3612793674898329e-07
678 3.641359431944322e-07
679 3.02018525604755e-07
680 2.6329399938772433e-07
681 2.764115433423623e-07
682 3.210299987953966e-07
683 2.656038480978153e-07
684 2.3434585095879072e-07
685 2.7818584193478803e-07
686 3.4159422963873803e-07
687 2.1990809513204496e-07
688 2.645229076088677e-07
689 2.2173660597704847e-07
690 2.9546071861056097e-07
691 2.730697862893619e-07
692 2.0568847805053192e-07
693 2.51846836282505e-07
694 2.0144125596931121e-07
695 2.474887313837816e-07
696 2.2308811736006515e-07
697 1.9598507119120333e-07
698 2.757372388393459e-07
699 2.3161283198601487e-07
700 2.867803704037907e-07
701 1.9962490995630618e-07
702 3.4093144075264627e-07
703 2.935781718017656e-07
704 2.0057973957995856e-07
705 2.2788674722015264e-07
706 2.8916040510784235e-07
707 2.524899976242621e-07
708 3.173848870469491e-07
709 2.0166935927917137e-07
710 1.9930164783202615e-07
711 3.136496846558053e-07
712 2.639480836931478e-07
713 1.7164887423139603e-07
714 2.45269959115928e-07
715 3.4358201472786103e-07
716 2.437101896505872e-07
717 3.0440946943716984e-07
718 2.680473701132879e-07
719 1.9089539860796484e-07
720 2.4553323958032477e-07
721 2.3150403538597619e-07
722 2.327387300750973e-07
723 2.1318279566211804e-07
724 1.9629167167448314e-07
725 3.2196336958892867e-07
726 1.632163431156975e-07
727 2.3652917269825503e-07
728 2.42442656725791e-07
729 3.11041263781515e-07
730 2.1058578758513936e-07
731 2.7844071576435183e-07
732 1.2067685982845e-07
733 1.972325433897609e-07
734 2.663813063064929e-07
735 2.0446916818738974e-07
736 3.125939847630923e-07
737 2.6113008794659707e-07
738 2.229740805184329e-07
739 2.4516933073526475e-07
740 2.180365624533999e-07
741 2.671027978313957e-07
742 2.483450978679687e-07
743 2.763373683994344e-07
744 2.6148389139093357e-07
745 2.6601601867121295e-07
746 2.6663586540872595e-07
747 2.547705970750077e-07
748 3.5862652441289205e-07
749 2.7874001884380737e-07
750 2.3062044321590097e-07
751 2.352977017289747e-07
752 2.3059334746997252e-07
753 1.846759702783552e-07
754 2.0055355860011307e-07
755 2.3876605351557804e-07
756 2.2282598844003917e-07
757 2.6440819777739413e-07
758 2.2680873915814326e-07
759 3.138164134323431e-07
760 2.3573736514851173e-07
761 2.717081194986252e-07
762 3.149139789400448e-07
763 2.4203379413484897e-07
764 2.760915052781971e-07
765 2.782396147832723e-07
766 2.33503699730519e-07
767 2.133017586579089e-07
768 2.7502747240748297e-07
769 2.6049728155288807e-07
770 2.4043411202120026e-07
771 2.436320815810331e-07
772 2.2454463508532002e-07
773 2.396586208029558e-07
774 3.049911721097663e-07
775 2.576726722233014e-07
776 2.6090190051367167e-07
777 2.372390215112185e-07
778 2.3904764230297086e-07
779 2.837630124866732e-07
780 2.0087927160171417e-07
781 1.9314362127139777e-07
782 3.0444191027744494e-07
783 2.0753438450240192e-07
784 2.565990732837352e-07
785 2.631771660461157e-07
786 2.333631188987278e-07
787 2.582224324395991e-07
788 3.040702717174213e-07
789 2.565700721465836e-07
790 2.4238793466679123e-07
791 2.1256037251483038e-07
792 2.481080275252521e-07
793 2.939073148838893e-07
794 2.6031532964278555e-07
795 2.036128850336923e-07
796 2.3387189071627937e-07
797 2.9396883911855227e-07
798 2.4908803083148435e-07
799 2.2078623100467715e-07
800 2.6897740965072273e-07
801 2.6596428726304007e-07
802 1.9167012841322178e-07
803 2.5257915007929387e-07
804 2.451771756374755e-07
805 2.3638522258899515e-07
806 2.3824773629306143e-07
807 2.1249800660202003e-07
808 2.740861445185155e-07
809 2.87528009821823e-07
810 3.170301809125363e-07
811 3.274607675966291e-07
812 2.702288436173471e-07
813 2.6499964238120276e-07
814 2.335585234589259e-07
815 3.1695614934348754e-07
816 2.572230373059623e-07
817 9.76510134858447e-08
818 2.4836160341226e-07
819 2.7534475742257905e-07
820 3.124769418287938e-07
821 2.3481507365171692e-07
822 3.0802324087896866e-07
823 2.261685769722863e-07
824 2.469629176117408e-07
825 2.2814801368996557e-07
826 3.3091713585937833e-07
827 2.0339390515480867e-07
828 2.5103906569421454e-07
829 2.4137782341773383e-07
830 3.02471279802257e-07
831 2.5821616970424703e-07
832 2.9595879551644825e-07
833 2.2488191614709005e-07
834 1.927763843579124e-07
835 2.8819808949581296e-07
836 1.757470884398695e-07
837 2.2699233947202678e-07
838 2.454464847015505e-07
839 2.556150391157825e-07
840 2.1134836747622016e-07
841 2.559150473536585e-07
842 2.1841226403021246e-07
843 1.7727912842444257e-07
844 2.1491931236989856e-07
845 3.243744308821588e-07
846 2.0238870149929826e-07
847 2.3498712164113493e-07
848 1.9975330253842937e-07
849 2.4795473926972486e-07
850 2.2867556061448621e-07
851 2.93696367878423e-07
852 1.9697429093796275e-07
853 2.2854683319629196e-07
854 2.8726953054486024e-07
855 2.86003784101344e-07
856 3.263801844899175e-07
857 2.3480649021966176e-07
858 3.270840031958881e-07
859 2.393899171191369e-07
860 1.8616414247014165e-07
861 2.154133495808579e-07
862 3.1112022851375643e-07
863 3.0508855459901104e-07
864 1.9429243964066105e-07
865 2.781415829214986e-07
866 2.593778928343736e-07
867 2.0965099396109732e-07
868 2.8586931569516307e-07
869 2.9499054574392187e-07
870 2.2290605647253053e-07
871 2.2755535179608403e-07
872 2.993758856837541e-07
873 1.8104769553608384e-07
874 2.7229471955547286e-07
875 2.7133495655720587e-07
876 2.5509387441175067e-07
877 1.6568556146629178e-07
878 2.3634818076757388e-07
879 2.581997607082735e-07
880 2.629077705609957e-07
881 2.1240392043741107e-07
882 2.49150662106829e-07
883 2.943343872015706e-07
884 2.2376383575526778e-07
885 2.595770675528818e-07
886 2.34937705409055e-07
887 2.4151214588457614e-07
888 2.049674136438315e-07
889 2.9079656722682814e-07
890 2.9874526670227007e-07
891 2.590477685297014e-07
892 2.13029208020547e-07
893 2.4728338088236746e-07
894 1.8893848081632947e-07
895 2.502099588462461e-07
896 2.1727318961753584e-07
897 2.951033882856934e-07
898 2.0240594294987013e-07
899 2.636215835874401e-07
900 1.3494373123720596e-07
901 2.1417473106410086e-07
902 2.0100268118073774e-07
903 2.581512110156494e-07
904 2.170845489338139e-07
905 3.022068007448868e-07
906 2.973397626549389e-07
907 2.5406567256582115e-07
908 2.682893847065151e-07
909 2.428143475894746e-07
910 2.5379259767419084e-07
911 2.688906597618474e-07
912 2.4633585194151604e-07
913 2.1843396649500766e-07
914 1.912923973078517e-07
915 2.0658969797346075e-07
916 2.2749510508963586e-07
917 2.49117674332171e-07
918 2.0717096124321465e-07
919 2.404705635994993e-07
920 2.053380144143038e-07
921 2.7580592769821093e-07
922 2.407326911091541e-07
923 2.7038653198226784e-07
924 2.653178253264535e-07
925 2.9376377138261275e-07
926 2.103720391908727e-07
927 1.945961783844241e-07
928 1.9655185340873537e-07
929 2.889791995801065e-07
930 2.2453602079316743e-07
931 1.8796253218061643e-07
932 2.9334277124979536e-07
933 2.3908466959837186e-07
934 1.6700239985254448e-07
935 1.8135801163747026e-07
936 2.228275086211985e-07
937 2.9711355450818204e-07
938 1.751190344095052e-07
939 3.4871542228005877e-07
940 2.92470082868609e-07
941 2.690637080531283e-07
942 1.6576280050153137e-07
943 2.2283895811501409e-07
944 1.8069954289970834e-07
945 2.8652623951953907e-07
946 1.513090357960558e-07
947 2.4681756153894835e-07
948 2.540046566057755e-07
949 2.8157793127315396e-07
950 2.5506975764654267e-07
951 2.886917435896205e-07
952 2.796611488176619e-07
953 2.319044586976248e-07
954 3.3353714383519023e-07
955 1.8056733212719795e-07
956 2.7064483801407453e-07
957 2.746562926433766e-07
958 2.2475036924282273e-07
959 3.770994627600859e-07
960 2.175865296604512e-07
961 2.898101447588515e-07
962 1.9200793121045404e-07
963 2.8068093155190685e-07
964 2.108721154180331e-07
965 2.812570925382173e-07
966 3.1608824416480085e-07
967 2.3819067782358783e-07
968 2.6816906844050494e-07
969 3.0288958132087815e-07
970 2.1976002568344403e-07
971 1.7757912491562258e-07
972 1.981682121066514e-07
973 2.4251612094240646e-07
974 2.677449367087137e-07
975 2.216028779032272e-07
976 3.0049991798622946e-07
977 2.60869616454647e-07
978 2.586651171600035e-07
979 3.333613177601054e-07
980 2.335580157203095e-07
981 2.392333373365589e-07
982 1.1826332724273002e-07
983 2.04405435823052e-07
984 2.3395746853364244e-07
985 3.333300019715188e-07
986 2.1015572670765336e-07
987 3.2230335889498854e-07
988 2.710744802495385e-07
989 3.057446035469348e-07
990 1.76042324928116e-07
991 2.144171781702683e-07
992 2.6255084442854777e-07
993 2.6220444091673e-07
994 2.0096024482113447e-07
995 2.565853795183193e-07
996 2.1570041126401907e-07
997 1.3720535554648812e-07
998 2.316875202570004e-07
999 2.839350906730495e-07
