0 2.5911682585080423e-07
1 2.59071805678689e-07
2 2.609570973894125e-07
3 2.6033598059914107e-07
4 2.6259914442395915e-07
5 2.6210611897579255e-07
6 2.6194221428311336e-07
7 2.608877254450682e-07
8 2.5785971814421254e-07
9 2.6716799841645134e-07
10 2.6065771088608287e-07
11 2.60438907368482e-07
12 2.6203027581951906e-07
13 2.684563588225515e-07
14 2.603084813733553e-07
15 2.5377618690020446e-07
16 2.653304587226289e-07
17 2.7178355793475803e-07
18 2.6538607256691276e-07
19 2.696004832815499e-07
20 2.6296066189846133e-07
21 2.583387127446769e-07
22 2.5992488758468774e-07
23 2.6134822773115124e-07
24 2.62104379519232e-07
25 2.5942363703664676e-07
26 2.5672019550925506e-07
27 2.572377535259579e-07
28 2.6475000698855326e-07
29 2.676793138228402e-07
30 2.5945323557389065e-07
31 2.5902013946961876e-07
32 2.5447136858611256e-07
33 2.6020007397732135e-07
34 2.5739104378214956e-07
35 2.615338480567529e-07
36 2.632269668864252e-07
37 2.5606597774641645e-07
38 2.585986277428194e-07
39 2.5971009039360853e-07
40 2.586610236637971e-07
41 2.607914270888532e-07
42 2.629033305348111e-07
43 2.6074105067031333e-07
44 2.594512870891024e-07
45 2.6092907098489593e-07
46 2.6513791874236167e-07
47 2.5921278919484046e-07
48 2.566366967569992e-07
49 2.5954527714048246e-07
50 2.6028746403819867e-07
51 2.642907568444176e-07
52 2.581659335819843e-07
53 2.576570331066413e-07
54 2.6368760912214814e-07
55 2.567269498087824e-07
56 2.6313642353637674e-07
57 2.6506013176053306e-07
58 2.6830681008072157e-07
59 2.5589900121591075e-07
60 2.578227699504315e-07
61 2.6313661672578253e-07
62 2.542097501363293e-07
63 2.660911327290576e-07
64 2.5940038100523303e-07
65 2.704174892390186e-07
66 2.689366259012963e-07
67 2.5972142664621884e-07
68 2.614501071532836e-07
69 2.6327299197508543e-07
70 2.7028691635914774e-07
71 2.573626450384505e-07
72 2.638672993782662e-07
73 2.613503498546984e-07
74 2.598812731801165e-07
75 2.559409180214516e-07
76 2.615218308551277e-07
77 2.6019634624050203e-07
78 2.559700341977366e-07
79 2.5864365846664864e-07
80 2.6021040142316887e-07
81 2.660517891996698e-07
82 2.549966089842424e-07
83 2.5332274865672747e-07
84 2.62043945274951e-07
85 2.657707042558256e-07
86 2.577385349973108e-07
87 2.664277400987705e-07
88 2.5074816887850437e-07
89 2.6645795084832636e-07
90 2.656040313519621e-07
91 2.626175949657342e-07
92 2.623089299481343e-07
93 2.606181882993464e-07
94 2.604641796690589e-07
95 2.629958032441681e-07
96 2.62039750820888e-07
97 2.589387340056466e-07
98 2.6367774914179504e-07
99 2.618996996501509e-07
100 2.57361803019676e-07
101 2.5928893905329066e-07
102 2.6404955382955475e-07
103 2.5600276722227473e-07
104 2.6698062650412036e-07
105 2.6139386615779375e-07
106 2.6545965018215904e-07
107 2.610729277580965e-07
108 2.630779863571143e-07
109 2.5962465392337654e-07
110 2.5784126878031717e-07
111 2.664886677197826e-07
112 2.6475010957671367e-07
113 2.6241841426762287e-07
114 2.572684890738445e-07
115 2.640366254484229e-07
116 2.562064788155422e-07
117 2.6125328382083203e-07
118 2.552296030928668e-07
119 2.6912357719718643e-07
120 2.6548563554368596e-07
121 2.58833023655354e-07
122 2.6343153983907295e-07
123 2.6194875145583794e-07
124 2.629961801964068e-07
125 2.5913575472301497e-07
126 2.5958212324538743e-07
127 2.5944445442619226e-07
128 2.605995620169623e-07
129 2.6509004145330677e-07
130 2.6157529708623005e-07
131 2.6199811190974835e-07
132 2.6291169039757424e-07
133 2.6733897608028157e-07
134 2.5710284029090364e-07
135 2.5734863645678135e-07
136 2.6892937081562973e-07
137 2.6713343335464115e-07
138 2.60154999531934e-07
139 2.6448410918114157e-07
140 2.6001329625406166e-07
141 2.547131558851399e-07
142 2.6216447847278097e-07
143 2.656781515441016e-07
144 2.633332892207065e-07
145 2.614366747928074e-07
146 2.655922172686338e-07
147 2.5981125920329935e-07
148 2.629281180584307e-07
149 2.5886948015061046e-07
150 2.6105622030459705e-07
151 2.625300989811943e-07
152 2.5765778890464433e-07
153 2.6576814680014187e-07
154 2.578042726454291e-07
155 2.6423796514262147e-07
156 2.6294248420903355e-07
157 2.615007740404083e-07
158 2.5439218287053744e-07
159 2.614176620132656e-07
160 2.6253612081726485e-07
161 2.590090620449134e-07
162 2.647215894777194e-07
163 2.6887396885487064e-07
164 2.601161458017116e-07
165 2.5833173276790725e-07
166 2.6368859890992726e-07
167 2.61358390651821e-07
168 2.5943024663963665e-07
169 2.535420032536016e-07
170 2.6173033596883957e-07
171 2.647915179265546e-07
172 2.6541694522079935e-07
173 2.539632747140069e-07
174 2.609476940187252e-07
175 2.6077166576913363e-07
176 2.606394132570716e-07
177 2.6084788174974306e-07
178 2.6091276929999356e-07
179 2.526938745163872e-07
180 2.6527260029978905e-07
181 2.6817204993917596e-07
182 2.627419278658523e-07
183 2.577354194610109e-07
184 2.612159875486345e-07
185 2.569703709329669e-07
186 2.59038376346164e-07
187 2.53018829243131e-07
188 2.6499182751142346e-07
189 2.6468394862626703e-07
190 2.6396516418349643e-07
191 2.644019824114269e-07
192 2.5281312060678686e-07
193 2.6032171495204445e-07
194 2.578446806118048e-07
195 2.57483925878609e-07
196 2.623758323035142e-07
197 2.6214058201071506e-07
198 2.552066938321993e-07
199 2.569492104675777e-07
200 2.613256318255913e-07
201 2.6076347042553554e-07
202 2.6233549488619823e-07
203 2.5717324699719467e-07
204 2.613104608938327e-07
205 2.668313493407594e-07
206 2.6449093416991937e-07
207 2.6455012102131043e-07
208 2.6375985825239786e-07
209 2.6185413813537144e-07
210 2.655233568648671e-07
211 2.6004962228617777e-07
212 2.5917787953461957e-07
213 2.590811834020993e-07
214 2.621227613982633e-07
215 2.6075559392154513e-07
216 2.5510465008406837e-07
217 2.5986554962165157e-07
218 2.589870424528758e-07
219 2.630346555633426e-07
220 2.6339093654129565e-07
221 2.643387840831892e-07
222 2.582477409899957e-07
223 2.6657917295305596e-07
224 2.657299976340594e-07
225 2.5761827966293336e-07
226 2.603149270710642e-07
227 2.580373821968124e-07
228 2.5646615463661857e-07
229 2.598400169613185e-07
230 2.6691578219291086e-07
231 2.606588020938105e-07
232 2.57329250831345e-07
233 2.615490913292886e-07
234 2.6077311528075653e-07
235 2.545938569845736e-07
236 2.6579677366680795e-07
237 2.616213454353544e-07
238 2.6236867411554397e-07
239 2.5445314411031024e-07
240 2.6414255857886274e-07
241 2.6518154314851207e-07
242 2.557023858650176e-07
243 2.5682840506335297e-07
244 2.596895541606148e-07
245 2.525330185528301e-07
246 2.594569239167746e-07
247 2.6541561884602523e-07
248 2.5989002207758743e-07
249 2.5847843021444417e-07
250 2.5662519722961717e-07
251 2.642624398483296e-07
252 2.6328673150325687e-07
253 2.576172470916358e-07
254 2.5839553284114684e-07
255 2.597023502991173e-07
256 2.611059072433056e-07
257 2.6082847737377835e-07
258 2.608644042741263e-07
259 2.6533146297502303e-07
260 2.6292684334763944e-07
261 2.6837049952952913e-07
262 2.5086577008870736e-07
263 2.562074834116864e-07
264 2.625531216506384e-07
265 2.6170889344596035e-07
266 2.6435896944578204e-07
267 2.5481729792536554e-07
268 2.6415446309704375e-07
269 2.622452034639182e-07
270 2.6139831389451393e-07
271 2.593587712414622e-07
272 2.596946121389467e-07
273 2.624341215722837e-07
274 2.570712226593482e-07
275 2.650218020721325e-07
276 2.6036644404941475e-07
277 2.661766747452191e-07
278 2.5992052384884814e-07
279 2.6563306722710556e-07
280 2.6018045680646267e-07
281 2.600047906277843e-07
282 2.5997089404030535e-07
283 2.6002757577016627e-07
284 2.532644730497342e-07
285 2.700714597586012e-07
286 2.590498982686523e-07
287 2.626792298257967e-07
288 2.639754314550111e-07
289 2.5675248233659424e-07
290 2.599118250193008e-07
291 2.699305573074279e-07
292 2.5522950063872026e-07
293 2.550794234005793e-07
294 2.6052430738808425e-07
295 2.5574126216124237e-07
296 2.6324065001446705e-07
297 2.615331880610345e-07
298 2.60265814595065e-07
299 2.545043722338145e-07
300 2.593954339796681e-07
301 2.62017868061206e-07
302 2.581905729692464e-07
303 2.5902852356901074e-07
304 2.6205581042744263e-07
305 2.5934134499174476e-07
306 2.5926733034735876e-07
307 2.648030361355341e-07
308 2.5839964185989547e-07
309 2.633662961651124e-07
310 2.540421527700503e-07
311 2.6651197401929433e-07
312 2.646202736434266e-07
313 2.617096907795239e-07
314 2.6295138163632566e-07
315 2.581630916295523e-07
316 2.639444402333916e-07
317 2.5824496410034865e-07
318 2.6102824379014376e-07
319 2.6573295109511486e-07
320 2.615110914988063e-07
321 2.600546225158899e-07
322 2.6475952335777927e-07
323 2.5854027532604244e-07
324 2.645257748542817e-07
325 2.62148366416816e-07
326 2.6180882268415926e-07
327 2.640967031639469e-07
328 2.562431184368237e-07
329 2.62161347309461e-07
330 2.6303623768558626e-07
331 2.572450944778961e-07
332 2.61045325922748e-07
333 2.611304031388278e-07
334 2.530748396665192e-07
335 2.602495938891667e-07
336 2.590511348677539e-07
337 2.6647530128431327e-07
338 2.643138378808439e-07
339 2.6260330003247936e-07
340 2.629168420921108e-07
341 2.641180088808583e-07
342 2.596137999656262e-07
343 2.625483828842015e-07
344 2.547064702464374e-07
345 2.6517159382561026e-07
346 2.6225397359221846e-07
347 2.580616365772899e-07
348 2.6328549070867135e-07
349 2.618145598855232e-07
350 2.670824896322888e-07
351 2.595013652922302e-07
352 2.599867073740883e-07
353 2.660054305310726e-07
354 2.544978852458233e-07
355 2.623974790774454e-07
356 2.6450263001684746e-07
357 2.662171062977373e-07
358 2.6171743284835113e-07
359 2.529079687409958e-07
360 2.5768605803583825e-07
361 2.581356469934893e-07
362 2.5895518578910573e-07
363 2.6058280674781117e-07
364 2.563403218749051e-07
365 2.5885418962441413e-07
366 2.706656270893279e-07
367 2.6129784884943775e-07
368 2.6771092905294484e-07
369 2.576649115595317e-07
370 2.606291054507691e-07
371 2.666983594041511e-07
372 2.615432550247999e-07
373 2.573838632355207e-07
374 2.6425540415444774e-07
375 2.5592142941370463e-07
376 2.638602908553309e-07
377 2.620025675715133e-07
378 2.6174716985638776e-07
379 2.6508145819367957e-07
380 2.5957373107214574e-07
381 2.655588157266278e-07
382 2.6144394270531157e-07
383 2.5943028368641936e-07
384 2.5831081205025745e-07
385 2.679491621711301e-07
386 2.643549092275803e-07
387 2.557533413689606e-07
388 2.5805458245660095e-07
389 2.555075195884653e-07
390 2.6494190639316196e-07
391 2.7007220576184466e-07
392 2.6561653178918603e-07
393 2.60629914283681e-07
394 2.6686943138306044e-07
395 2.620479596339924e-07
396 2.6028285466256423e-07
397 2.6515289849394006e-07
398 2.61743064211431e-07
399 2.694356212559635e-07
400 2.647603946621473e-07
401 2.651661435455289e-07
402 2.673519855739218e-07
403 2.6042407801602874e-07
404 2.639971236404878e-07
405 2.608144786004545e-07
406 2.5639571825070304e-07
407 2.684237628346967e-07
408 2.559034850608844e-07
409 2.6322066655116956e-07
410 2.597844465488632e-07
411 2.659893121520236e-07
412 2.685571150585623e-07
413 2.515857394437429e-07
414 2.704455545315219e-07
415 2.5512845629701215e-07
416 2.542380464020558e-07
417 2.543624784142957e-07
418 2.603611702379535e-07
419 2.5760147502497824e-07
420 2.6441947424458254e-07
421 2.561025108705369e-07
422 2.612108527490945e-07
423 2.646804464448178e-07
424 2.611889279246638e-07
425 2.6147101006967167e-07
426 2.6282038557271263e-07
427 2.665520993052334e-07
428 2.667171979098344e-07
429 2.6780886417206915e-07
430 2.6270002605701456e-07
431 2.687844354307397e-07
432 2.596056752324026e-07
433 2.5776236294367236e-07
434 2.608386038163644e-07
435 2.5710643051308335e-07
436 2.5616422535188164e-07
437 2.635782352002235e-07
438 2.5552576323711766e-07
439 2.586260069379406e-07
440 2.608151482567246e-07
441 2.5541516588882606e-07
442 2.6447705848337043e-07
443 2.619507899605884e-07
444 2.6277955551417086e-07
445 2.6502651724604407e-07
446 2.606124131921641e-07
447 2.6027702795459715e-07
448 2.6349360014550837e-07
449 2.611049531065805e-07
450 2.669716969929074e-07
451 2.6441516271855103e-07
452 2.56583274242007e-07
453 2.641803781646568e-07
454 2.5703837606278946e-07
455 2.644911268543889e-07
456 2.5788230427468894e-07
457 2.610509626217944e-07
458 2.5068136007491766e-07
459 2.6400822633858836e-07
460 2.512049649521479e-07
461 2.6408648442982013e-07
462 2.636226475724011e-07
463 2.6137505379784286e-07
464 2.6283693760868475e-07
465 2.560523346015254e-07
466 2.6216347059363674e-07
467 2.6426751297267377e-07
468 2.633779783417035e-07
469 2.603726330639185e-07
470 2.5840173629564444e-07
471 2.60236422360654e-07
472 2.606111851522835e-07
473 2.572161137856227e-07
474 2.623305199909559e-07
475 2.6287541813284254e-07
476 2.590585704348684e-07
477 2.576640013160501e-07
478 2.6569139139302504e-07
479 2.6243376536583305e-07
480 2.6360839509558075e-07
481 2.6349236897647684e-07
482 2.6063820328653264e-07
483 2.5834411704383827e-07
484 2.626203871664222e-07
485 2.6191562832909636e-07
486 2.618295601857094e-07
487 2.5465472188480256e-07
488 2.634817393238146e-07
489 2.685243343567874e-07
490 2.6133061525043385e-07
491 2.618600666337647e-07
492 2.5638488645553306e-07
493 2.620266517081753e-07
494 2.651505122215429e-07
495 2.620440818535324e-07
496 2.542009952625426e-07
497 2.602053165828941e-07
498 2.598370871395486e-07
499 2.685120396742526e-07
500 2.559144920013465e-07
501 2.671937214191161e-07
502 2.594419663091503e-07
503 2.613971392787137e-07
504 2.6128637907713614e-07
505 2.6310834526528893e-07
506 2.644848700386547e-07
507 2.622847867398746e-07
508 2.6056310394394853e-07
509 2.5996552050258564e-07
510 2.640710533339208e-07
511 2.6223677465060965e-07
512 2.5487883744968167e-07
513 2.5427337490516135e-07
514 2.5865318179390154e-07
515 2.6485733290834957e-07
516 2.6199561185111766e-07
517 2.6277111879823453e-07
518 2.591448762462035e-07
519 2.5874698327855745e-07
520 2.6303000856032285e-07
521 2.6319960917804197e-07
522 2.559731827766482e-07
523 2.6238451420873286e-07
524 2.6418030196373117e-07
525 2.6567627098868015e-07
526 2.5808621724627027e-07
527 2.5947887480861835e-07
528 2.651298587720066e-07
529 2.654391875251577e-07
530 2.63200718367936e-07
531 2.615953435179595e-07
532 2.591641301731588e-07
533 2.532700739704282e-07
534 2.6006728900517705e-07
535 2.605097339748353e-07
536 2.632444069697006e-07
537 2.5901475416947814e-07
538 2.566640318866423e-07
539 2.596443879521536e-07
540 2.597224953090853e-07
541 2.5764053193398177e-07
542 2.612167653218053e-07
543 2.6040646150338333e-07
544 2.5434551260884286e-07
545 2.5853777879596583e-07
546 2.628539412638934e-07
547 2.605298731771157e-07
548 2.546498847793911e-07
549 2.647020972249885e-07
550 2.6792863351572306e-07
551 2.6217419524569837e-07
552 2.599870663527558e-07
553 2.612840070040007e-07
554 2.65206422418849e-07
555 2.5875806486922673e-07
556 2.6789887341252977e-07
557 2.6088329033941967e-07
558 2.5597033634016603e-07
559 2.613448369791653e-07
560 2.631093365206844e-07
561 2.7065899626064144e-07
562 2.663965558597242e-07
563 2.638854710663459e-07
564 2.5643525507614866e-07
565 2.63846664808387e-07
566 2.6279498426607434e-07
567 2.586053658065224e-07
568 2.52393202654612e-07
569 2.5748682185497724e-07
570 2.5987134555646827e-07
571 2.6086544212104436e-07
572 2.6107797248003814e-07
573 2.5371106923481085e-07
574 2.622388758462754e-07
575 2.591809737371089e-07
576 2.5910411242665396e-07
577 2.649049946852343e-07
578 2.614704045523779e-07
579 2.646625657686148e-07
580 2.6211585563740396e-07
581 2.6525767602947857e-07
582 2.657601702357678e-07
583 2.663706460850545e-07
584 2.597521758139237e-07
585 2.6300944780115206e-07
586 2.6037261530097294e-07
587 2.582287085189339e-07
588 2.5978359189650197e-07
589 2.6421948641922674e-07
590 2.575727006570505e-07
591 2.6238127410257274e-07
592 2.610064436490154e-07
593 2.5759767109726056e-07
594 2.6479342037868953e-07
595 2.5984087319372995e-07
596 2.562336951503181e-07
597 2.64308526220878e-07
598 2.6628609754306735e-07
599 2.565878957728263e-07
600 2.6378621731843097e-07
601 2.595733068073669e-07
602 2.594156069075938e-07
603 2.659503195868276e-07
604 2.6034787490027907e-07
605 2.622802530562007e-07
606 2.6416701160887277e-07
607 2.6117571425371197e-07
608 2.644222679940706e-07
609 2.5252765688762877e-07
610 2.6150986111414567e-07
611 2.643398035150409e-07
612 2.5723449090564717e-07
613 2.633986329279707e-07
614 2.5659921494070443e-07
615 2.603841973755333e-07
616 2.6035837876968733e-07
617 2.657997852804514e-07
618 2.621434798338987e-07
619 2.6684227984154754e-07
620 2.6610640972888444e-07
621 2.5412363924559897e-07
622 2.606029104558117e-07
623 2.5962956178889446e-07
624 2.6009781979363714e-07
625 2.604018220567247e-07
626 2.551788537276231e-07
627 2.6753837311395965e-07
628 2.6227247468136586e-07
629 2.6531006883543767e-07
630 2.642096596845421e-07
631 2.6322966622232493e-07
632 2.6063538884727963e-07
633 2.616528276906589e-07
634 2.564474576080836e-07
635 2.61548722196664e-07
636 2.553675855495987e-07
637 2.615157405587557e-07
638 2.5336490207615036e-07
639 2.558909173301954e-07
640 2.5917761287304384e-07
641 2.5121512356468927e-07
642 2.643977201047907e-07
643 2.6205466538295453e-07
644 2.645574381534562e-07
645 2.653028823894942e-07
646 2.613022386380711e-07
647 2.604232568224227e-07
648 2.6088800827516345e-07
649 2.726517740414092e-07
650 2.652810563607284e-07
651 2.6213797427407694e-07
652 2.578840817594227e-07
653 2.550430965557407e-07
654 2.6591737235126963e-07
655 2.632431975716177e-07
656 2.5762029982252884e-07
657 2.6507934583369175e-07
658 2.616784773824266e-07
659 2.6601024871515e-07
660 2.580966541762169e-07
661 2.658972303498233e-07
662 2.7220906255762234e-07
663 2.591850090637772e-07
664 2.7080671881624714e-07
665 2.556149226555072e-07
666 2.601619547285772e-07
667 2.6857838853106993e-07
668 2.710466942768808e-07
669 2.619745134698316e-07
670 2.5476264685797063e-07
671 2.590301761618417e-07
672 2.493312909930047e-07
673 2.572006927535675e-07
674 2.576769802332891e-07
675 2.610241909365615e-07
676 2.544422295133231e-07
677 2.6194170468895846e-07
678 2.6355530962368125e-07
679 2.587316369444427e-07
680 2.559259427973001e-07
681 2.6361535976159657e-07
682 2.57441295123404e-07
683 2.5635749461760345e-07
684 2.6310897479456277e-07
685 2.584591709313039e-07
686 2.5864238306854043e-07
687 2.56287062074787e-07
688 2.621502710156673e-07
689 2.599219553573945e-07
690 2.5641085656451404e-07
691 2.6036339292275193e-07
692 2.6881826945022354e-07
693 2.639417322776533e-07
694 2.6411184869514864e-07
695 2.6343979201772657e-07
696 2.5328728866665307e-07
697 2.7296065909303486e-07
698 2.5789422825008486e-07
699 2.6655915991542005e-07
700 2.605857459996482e-07
701 2.6084253630110204e-07
702 2.556933196864988e-07
703 2.5910166624106033e-07
704 2.599042591542776e-07
705 2.5843687482301307e-07
706 2.558825428528248e-07
707 2.5375657016123777e-07
708 2.50073752998723e-07
709 2.6595717393358076e-07
710 2.6133672206444555e-07
711 2.6211339184039944e-07
712 2.653718092444512e-07
713 2.6021124537238087e-07
714 2.6282457747099346e-07
715 2.5455442650191893e-07
716 2.6205632004642397e-07
717 2.5735740990804584e-07
718 2.597078565155558e-07
719 2.654284124523837e-07
720 2.662025096993632e-07
721 2.61374651261839e-07
722 2.589363925601116e-07
723 2.6800539673172567e-07
724 2.62465139864103e-07
725 2.5560555778833296e-07
726 2.668814089074297e-07
727 2.580864309601979e-07
728 2.650284976193142e-07
729 2.5684620157635897e-07
730 2.5682474169268913e-07
731 2.5577239170125335e-07
732 2.7015349228184284e-07
733 2.5941865694172766e-07
734 2.544243407256501e-07
735 2.6113859958897935e-07
736 2.5752724922155796e-07
737 2.6099392441485504e-07
738 2.613526235580109e-07
739 2.54409909377338e-07
740 2.6075465115273437e-07
741 2.620604548830486e-07
742 2.6113966858334125e-07
743 2.599249249592091e-07
744 2.6202305584562574e-07
745 2.64768139206041e-07
746 2.597600614347088e-07
747 2.6046802989639204e-07
748 2.60420587414792e-07
749 2.646384353848443e-07
750 2.596630644209527e-07
751 2.6223391292814185e-07
752 2.6844434738785367e-07
753 2.659779943387496e-07
754 2.6741513869154627e-07
755 2.610747716249715e-07
756 2.657102353982879e-07
757 2.593203698819822e-07
758 2.615165300330518e-07
759 2.633586709434538e-07
760 2.601913557242904e-07
761 2.652273046250791e-07
762 2.5054831225529186e-07
763 2.6006424704120007e-07
764 2.635366476609005e-07
765 2.5875401425764075e-07
766 2.6362573353387557e-07
767 2.626681939450164e-07
768 2.627227608641235e-07
769 2.6418298872470054e-07
770 2.5885325018368185e-07
771 2.676755649092428e-07
772 2.6915205764923677e-07
773 2.619635946732346e-07
774 2.5936037425782465e-07
775 2.5551934815722754e-07
776 2.6185616940943806e-07
777 2.5903835059177546e-07
778 2.5535467485097105e-07
779 2.6211749655667523e-07
780 2.615497208690125e-07
781 2.605665692599137e-07
782 2.5588597314432356e-07
783 2.5985816678908553e-07
784 2.634688806933543e-07
785 2.598271666787212e-07
786 2.6761259460694774e-07
787 2.5577527391853474e-07
788 2.6116655005452e-07
789 2.605969642906967e-07
790 2.568143282531531e-07
791 2.6255613999116504e-07
792 2.498636351541086e-07
793 2.549614744070304e-07
794 2.552806092349701e-07
795 2.654087933754562e-07
796 2.6208787510167144e-07
797 2.6334481931348873e-07
798 2.621667590898315e-07
799 2.6173853475104473e-07
800 2.611796706772356e-07
801 2.587898911051752e-07
802 2.636407340890616e-07
803 2.627946043928549e-07
804 2.6613397152670835e-07
805 2.644646429610551e-07
806 2.576701656695266e-07
807 2.6240487989572166e-07
808 2.694345050282571e-07
809 2.5702496976110085e-07
810 2.581726383864523e-07
811 2.535344881064383e-07
812 2.662239318710507e-07
813 2.5811899698622274e-07
814 2.6019504815522424e-07
815 2.5964428747046126e-07
816 2.650102613114274e-07
817 2.6503366937276555e-07
818 2.5930906303257313e-07
819 2.605075504600517e-07
820 2.582460296402265e-07
821 2.650027905227163e-07
822 2.606646689082557e-07
823 2.668554002844713e-07
824 2.6044535312159164e-07
825 2.682413026007218e-07
826 2.544834357135438e-07
827 2.6498598559892867e-07
828 2.614507349346952e-07
829 2.596195703062684e-07
830 2.6503261274087366e-07
831 2.6294433041442123e-07
832 2.600923046647068e-07
833 2.5667367511308607e-07
834 2.6761292046164064e-07
835 2.592824240181899e-07
836 2.585662522366046e-07
837 2.6464469552770164e-07
838 2.6671856425528713e-07
839 2.643192171508154e-07
840 2.6472278417394864e-07
841 2.55114082102151e-07
842 2.6126310014049494e-07
843 2.6032115071870897e-07
844 2.6390888634547506e-07
845 2.57585486025209e-07
846 2.594414060772956e-07
847 2.6063643632099597e-07
848 2.6081448408111895e-07
849 2.648373548703646e-07
850 2.5666834234567494e-07
851 2.5580087815921595e-07
852 2.65094154848337e-07
853 2.6232813595080126e-07
854 2.649250877271745e-07
855 2.58965013501139e-07
856 2.621821205275537e-07
857 2.6285099424373337e-07
858 2.5705160517742634e-07
859 2.568932717503836e-07
860 2.6033544506030325e-07
861 2.581475838225426e-07
862 2.5585857475952653e-07
863 2.661402141354388e-07
864 2.6299951955183907e-07
865 2.635710027215978e-07
866 2.6408878115231876e-07
867 2.636906524820579e-07
868 2.5896784000463475e-07
869 2.5674220333465404e-07
870 2.5938750550355246e-07
871 2.6141639226013034e-07
872 2.5917199147486523e-07
873 2.6427759021354725e-07
874 2.635397905706271e-07
875 2.592471996776629e-07
876 2.6095517222478887e-07
877 2.5795311166947087e-07
878 2.5957327353559646e-07
879 2.5629098523049095e-07
880 2.579833011920945e-07
881 2.560405450241483e-07
882 2.5627663786378974e-07
883 2.527037216158599e-07
884 2.6277168406648476e-07
885 2.6429964326570294e-07
886 2.6172487628194847e-07
887 2.514798687923634e-07
888 2.6487193840717907e-07
889 2.5346644747837915e-07
890 2.553433809736707e-07
891 2.6549079991140207e-07
892 2.6450382342078094e-07
893 2.614103029811752e-07
894 2.6167446555778976e-07
895 2.590057492239777e-07
896 2.691120674284544e-07
897 2.581973163539452e-07
898 2.6239742294007114e-07
899 2.585829538457158e-07
900 2.639980029317553e-07
901 2.6696424448232914e-07
902 2.621518181599949e-07
903 2.604669546985195e-07
904 2.604154355898342e-07
905 2.6013481079765227e-07
906 2.576457992706226e-07
907 2.553587076978144e-07
908 2.624055570542053e-07
909 2.627389823813914e-07
910 2.562972634227932e-07
911 2.600554405574734e-07
912 2.6288703686708623e-07
913 2.6175990436071963e-07
914 2.5618679851614874e-07
915 2.625315934661614e-07
916 2.6083346887783167e-07
917 2.651307999261912e-07
918 2.6887287747879925e-07
919 2.583644123935771e-07
920 2.6572809005584154e-07
921 2.6260490158318793e-07
922 2.4938048072850463e-07
923 2.589242790391254e-07
924 2.5727683735062743e-07
925 2.622299110963964e-07
926 2.568223201948168e-07
927 2.5954182240335624e-07
928 2.559313526802866e-07
929 2.626054170409174e-07
930 2.664477263578536e-07
931 2.5981820160159244e-07
932 2.5705064468208397e-07
933 2.6348435893317917e-07
934 2.644681732585444e-07
935 2.6569179568298436e-07
936 2.6626718301405266e-07
937 2.62102167897965e-07
938 2.6580946253653463e-07
939 2.541427174915154e-07
940 2.600721153767203e-07
941 2.598262449903856e-07
942 2.6607561052396915e-07
943 2.5894234696364943e-07
944 2.6333272564032356e-07
945 2.6118880503347763e-07
946 2.6600403931356695e-07
947 2.6090206853153975e-07
948 2.6310425379474093e-07
949 2.6158703003379516e-07
950 2.627088125598379e-07
951 2.603160711114395e-07
952 2.553009958686486e-07
953 2.643542612556267e-07
954 2.589579698106461e-07
955 2.6314057881225234e-07
956 2.5647872262358936e-07
957 2.644517597411037e-07
958 2.628909053472166e-07
959 2.5714740978709824e-07
960 2.6922361930881357e-07
961 2.5982452834696483e-07
962 2.6495550553133467e-07
963 2.505311701381344e-07
964 2.6220441304378236e-07
965 2.61775845780825e-07
966 2.5533931451465786e-07
967 2.602970404106164e-07
968 2.60496469032504e-07
969 2.579707731852937e-07
970 2.6225915901559423e-07
971 2.626029984342926e-07
972 2.6389488546637163e-07
973 2.66619252924693e-07
974 2.629542401750876e-07
975 2.651368415381335e-07
976 2.604813603239042e-07
977 2.637332037739194e-07
978 2.5723139076308986e-07
979 2.624621056494092e-07
980 2.5861579980384134e-07
981 2.6215095344759774e-07
982 2.766255237895832e-07
983 2.6212842961416924e-07
984 2.6672834541905646e-07
985 2.524622726285526e-07
986 2.647039328517742e-07
987 2.58375282353544e-07
988 2.634848826533378e-07
989 2.5802871361667623e-07
990 2.614921964017589e-07
991 2.599435040589175e-07
992 2.676372880717501e-07
993 2.6395710725069076e-07
994 2.6733126109372586e-07
995 2.6205942866041634e-07
996 2.563764257077929e-07
997 2.6475600590912704e-07
998 2.65939741938827e-07
999 2.5971481469752023e-07
