0 2.711913382364599e-07
1 2.6377230608437574e-07
2 2.956376343902713e-07
3 3.235820731204023e-07
4 2.7834652510359726e-07
5 3.1884177431836775e-07
6 3.0497891649752837e-07
7 2.6543360677529224e-07
8 3.0179057163011417e-07
9 3.163813657122403e-07
10 2.861620283251423e-07
11 3.328659220285503e-07
12 2.8674496783961697e-07
13 2.7430567106886615e-07
14 3.064704922097567e-07
15 2.7887153491268887e-07
16 2.6268869535561186e-07
17 2.869363568088832e-07
18 3.100061294592228e-07
19 3.164239178284346e-07
20 3.004761730703869e-07
21 2.5173476761474245e-07
22 3.162236451107918e-07
23 3.09253222019722e-07
24 3.7528427151026074e-07
25 2.872461986497281e-07
26 2.6293578913728945e-07
27 2.7978171041730205e-07
28 2.77559533915818e-07
29 2.7873443318722715e-07
30 2.893501590430544e-07
31 3.4887005814629283e-07
32 2.6754770798812214e-07
33 3.191695423570989e-07
34 2.6314209635534027e-07
35 3.0621961237597317e-07
36 2.8866108074059827e-07
37 3.0163791957313835e-07
38 2.529837300050895e-07
39 2.657866695332351e-07
40 3.4550025917043743e-07
41 2.9571387134162597e-07
42 2.9748210414589274e-07
43 2.7638575638922325e-07
44 3.350111855912592e-07
45 3.0396318893155694e-07
46 3.0836651413856486e-07
47 2.9317405892547797e-07
48 2.857765130336514e-07
49 2.918239145455823e-07
50 2.7886036519808675e-07
51 2.8723068231020744e-07
52 2.8883485941458766e-07
53 3.0703693652213443e-07
54 2.505162984360189e-07
55 2.601296962148001e-07
56 2.8374232425999167e-07
57 2.9605266000226753e-07
58 2.7365502364554184e-07
59 3.467048645841413e-07
60 3.247239862647019e-07
61 2.613199638817533e-07
62 2.723861183268697e-07
63 3.367725014220665e-07
64 3.163343001950522e-07
65 2.738678239743187e-07
66 3.087231935398624e-07
67 3.0421839716558395e-07
68 2.540868651969855e-07
69 3.269973205514103e-07
70 2.7529454350047105e-07
71 3.3918713361620613e-07
72 2.6907330413147104e-07
73 3.106318339374674e-07
74 2.915340484765056e-07
75 2.9852576317113834e-07
76 3.413773049618624e-07
77 2.9415103498815516e-07
78 2.8958138832684935e-07
79 3.177426721753025e-07
80 2.5708175163988953e-07
81 3.03077181619969e-07
82 3.518650737224855e-07
83 2.89152363073479e-07
84 3.063220936889742e-07
85 2.475885970204002e-07
86 2.8716351634952596e-07
87 3.021805619847803e-07
88 2.5723548361741785e-07
89 3.0470962051247153e-07
90 2.95985877667006e-07
91 2.610972475542385e-07
92 3.0690629027579554e-07
93 3.297154113381452e-07
94 2.863889438581814e-07
95 2.8593702583930545e-07
96 3.337209953848882e-07
97 2.5167304329900025e-07
98 2.4529724971791927e-07
99 3.006419456611719e-07
100 2.820631120629115e-07
101 2.719223119477185e-07
102 2.8829529403887355e-07
103 2.80633382158302e-07
104 3.2062363204778675e-07
105 2.913298164511822e-07
106 3.3981797471289945e-07
107 3.6430482058055767e-07
108 2.7334717190797417e-07
109 2.648345424135551e-07
110 3.0837995094294825e-07
111 2.6860212909801506e-07
112 3.1677198166111036e-07
113 2.532213719002151e-07
114 2.9003488560466537e-07
115 2.7957569298343957e-07
116 3.2972497432352715e-07
117 2.9152520742441364e-07
118 3.401363972961092e-07
119 3.074251719729662e-07
120 2.650352180780679e-07
121 3.072823245109237e-07
122 2.032011843722309e-07
123 3.2006750705240126e-07
124 2.9152874015410843e-07
125 2.7638196194791347e-07
126 3.16688787549429e-07
127 2.7389718597621256e-07
128 2.94357077750559e-07
129 3.0256507350721483e-07
130 2.8967148773105775e-07
131 2.8498890216072143e-07
132 2.595499988293315e-07
133 3.160590120581601e-07
134 2.9807291127696304e-07
135 3.1654373547109034e-07
136 3.5239356806851567e-07
137 2.924071128113909e-07
138 3.120367347265492e-07
139 3.1466559376388486e-07
140 3.1002218801087666e-07
141 3.31186183394997e-07
142 3.447501527934899e-07
143 2.8849088641853385e-07
144 3.028703760367254e-07
145 3.5917160420702036e-07
146 2.9593465202482036e-07
147 2.961066203762039e-07
148 2.8232041798039525e-07
149 3.1486037605183163e-07
150 3.516686824965987e-07
151 3.054626517867477e-07
152 2.9744782638013717e-07
153 3.3789153770314543e-07
154 2.686055456641373e-07
155 3.0941513299660615e-07
156 2.7970072309111875e-07
157 3.252995103902107e-07
158 2.7730606336576667e-07
159 3.1429336905839375e-07
160 2.8491394577769445e-07
161 3.6088786377618793e-07
162 2.854890830992651e-07
163 2.832424955460305e-07
164 2.985258739953487e-07
165 2.5168217900437265e-07
166 3.3463182216562217e-07
167 3.266331951686213e-07
168 2.9781124900776747e-07
169 3.124439651087286e-07
170 3.1087715426747494e-07
171 2.8819498151512955e-07
172 3.311602735247765e-07
173 3.057960311326082e-07
174 2.4167319176079504e-07
175 3.053906919667069e-07
176 2.7410153715139387e-07
177 3.0196523849586456e-07
178 2.86490754838845e-07
179 3.3763171765155343e-07
180 2.9390449262900597e-07
181 2.964860762233225e-07
182 3.0870537303995853e-07
183 2.801957124667225e-07
184 3.5670060769467866e-07
185 3.033557015867223e-07
186 2.855806289150242e-07
187 2.6732900246323743e-07
188 3.2656391835721296e-07
189 3.057052588819829e-07
190 2.5538660318709785e-07
191 2.945742070479225e-07
192 3.2282005092257505e-07
193 3.0018936342275145e-07
194 2.9150190472758786e-07
195 3.131347267857139e-07
196 3.306205170875714e-07
197 3.150193471026814e-07
198 3.13544895787714e-07
199 3.046305509453101e-07
200 2.7809826786533515e-07
201 2.6747957883726397e-07
202 2.70852118489108e-07
203 2.656420768683313e-07
204 3.008110562779965e-07
205 3.430631315592346e-07
206 3.0367676535498616e-07
207 2.769688002813007e-07
208 3.134641599454266e-07
209 3.0002850168570163e-07
210 2.852370146820144e-07
211 3.012533828131531e-07
212 3.015361061266941e-07
213 2.9410198062466e-07
214 3.067168108277337e-07
215 2.744490610846499e-07
216 2.8832627302498193e-07
217 2.629347558924108e-07
218 2.668664152913727e-07
219 2.9929893722742845e-07
220 2.9908981145568474e-07
221 2.708434917604751e-07
222 2.8729883182956896e-07
223 2.9703414995157367e-07
224 3.3057765024739904e-07
225 2.7608860440804393e-07
226 2.8104899614071865e-07
227 2.791955302316161e-07
228 2.55756410657312e-07
229 2.6802286728685476e-07
230 3.399255848789721e-07
231 2.918220549822909e-07
232 3.344594708169235e-07
233 3.2636327216918655e-07
234 2.7552270323102504e-07
235 2.659447473916437e-07
236 2.7163081475820576e-07
237 3.2123695310230845e-07
238 3.0567846027484816e-07
239 3.18454231919205e-07
240 2.831473870137593e-07
241 2.9374142747835923e-07
242 2.672149071029298e-07
243 2.8518573328000925e-07
244 2.4639094220302374e-07
245 2.702632732243207e-07
246 2.8887549597563435e-07
247 2.4884761174243277e-07
248 3.1054691795077905e-07
249 3.045649358919723e-07
250 2.810324887258917e-07
251 2.977917582482223e-07
252 2.8492267078265827e-07
253 3.087441288477536e-07
254 2.886224044625665e-07
255 3.0606488416786553e-07
256 2.898231478506415e-07
257 2.649563291293643e-07
258 2.8633896366624775e-07
259 3.025954560884372e-07
260 2.89621587900758e-07
261 2.6788733216097894e-07
262 3.098481208948894e-07
263 3.411714737033474e-07
264 2.9982571369145906e-07
265 3.009725962944945e-07
266 3.0620344308109935e-07
267 2.6373105876234465e-07
268 2.6460291688031495e-07
269 3.18964385486172e-07
270 3.286157365603785e-07
271 2.723778136888059e-07
272 2.6345497974404804e-07
273 3.204865822242051e-07
274 3.3392025717880807e-07
275 2.895848405368991e-07
276 2.760692902100935e-07
277 3.0936235130088655e-07
278 3.1500681782251527e-07
279 3.0625950385515863e-07
280 3.132790046606426e-07
281 3.2015412182504496e-07
282 3.339187768875122e-07
283 2.8478047237557886e-07
284 3.118766210474774e-07
285 2.7884261299498517e-07
286 2.988866357577027e-07
287 2.84634039412925e-07
288 3.08860686997834e-07
289 3.151093662070926e-07
290 2.9686420669450183e-07
291 3.0529283836263765e-07
292 2.666098973971972e-07
293 2.8666955243155654e-07
294 2.7943045557093495e-07
295 3.0552220098981516e-07
296 3.297184365883159e-07
297 2.7171033950027105e-07
298 3.1171141292499785e-07
299 3.7061774946350014e-07
300 2.6042020808255793e-07
301 2.7226891832609194e-07
302 2.4513116128952894e-07
303 3.261029260003853e-07
304 3.34355557599917e-07
305 3.4517967501671774e-07
306 2.77550240695582e-07
307 3.181543828718659e-07
308 3.041568687483394e-07
309 3.083698954008887e-07
310 3.418063631140011e-07
311 3.0901349703470476e-07
312 2.8035535925645225e-07
313 3.131598132612128e-07
314 3.313448473761277e-07
315 2.852446068774569e-07
316 2.820032233871152e-07
317 3.130628646132829e-07
318 3.2628320893716225e-07
319 2.847388034601626e-07
320 2.905107130826015e-07
321 3.1627304448467277e-07
322 3.2943275212162544e-07
323 2.770035602602516e-07
324 3.3525361626747143e-07
325 3.3987669909988333e-07
326 3.1376429552509795e-07
327 2.8429126398307315e-07
328 2.9718745654400105e-07
329 2.806041938248916e-07
330 3.6958402777620056e-07
331 3.3566683418947194e-07
332 2.9780204841474306e-07
333 2.5971623677284393e-07
334 2.984296481300038e-07
335 3.214400076114486e-07
336 2.443112866202239e-07
337 2.7709760510996495e-07
338 2.6871641879022305e-07
339 2.834115853584606e-07
340 2.6566320415607857e-07
341 2.454503925047272e-07
342 2.8757191300376366e-07
343 2.566099566311333e-07
344 2.7602966808423756e-07
345 3.2520722010622626e-07
346 3.5163089953525506e-07
347 2.751459289379903e-07
348 2.552642822327392e-07
349 2.4951614552421135e-07
350 2.5330027504616855e-07
351 2.9745483171665844e-07
352 2.879766370354151e-07
353 3.260803662052489e-07
354 2.8719369788798835e-07
355 2.5335022544596925e-07
356 2.8031494442415417e-07
357 3.0861937157485094e-07
358 2.4784313990327803e-07
359 2.5722080038023946e-07
360 2.713094519671557e-07
361 2.907109350121853e-07
362 3.288381443008323e-07
363 3.005328543227967e-07
364 2.925766852028389e-07
365 2.653963027031917e-07
366 2.7054878751081385e-07
367 3.1537366082222106e-07
368 2.8161840414451985e-07
369 2.862111892570773e-07
370 3.1477658529813444e-07
371 2.9527280423107406e-07
372 3.0729214009903634e-07
373 3.1840254581293745e-07
374 2.838743844618766e-07
375 2.759802945220179e-07
376 3.108991536290359e-07
377 3.137286743276486e-07
378 3.25608905731429e-07
379 2.9581774999486486e-07
380 2.8442584481746655e-07
381 2.784549588070259e-07
382 2.831483031590126e-07
383 3.161204406901703e-07
384 3.0339793409577523e-07
385 2.898718031578341e-07
386 3.260936153525941e-07
387 2.8111403498757544e-07
388 3.27473619801149e-07
389 2.725241241853138e-07
390 3.409409582895678e-07
391 3.097659145773702e-07
392 3.05646943957489e-07
393 3.5669436758641765e-07
394 3.1029093197408333e-07
395 3.3836736766990026e-07
396 2.8987203126402054e-07
397 3.1691879279827405e-07
398 3.24995039103772e-07
399 3.050443237545545e-07
400 3.1329655388123245e-07
401 2.740753529298852e-07
402 3.2618831407587966e-07
403 2.972417543314533e-07
404 3.281173029624537e-07
405 3.1198378896262525e-07
406 3.421131332177158e-07
407 2.554518296398497e-07
408 2.991934979965138e-07
409 2.879018138550626e-07
410 3.0927915074488164e-07
411 2.73393230826974e-07
412 2.7843711236169255e-07
413 2.92923664801005e-07
414 2.559447446200854e-07
415 3.034771430258327e-07
416 3.375088271008139e-07
417 3.0384434297658153e-07
418 3.060137974031797e-07
419 2.80728663240448e-07
420 3.0805823288942384e-07
421 2.6746852237332896e-07
422 2.67838681979129e-07
423 3.0757741516575556e-07
424 3.1839827985346256e-07
425 2.728443760773563e-07
426 3.1257420079044325e-07
427 2.657919008132814e-07
428 3.005186298266418e-07
429 2.7598593751830105e-07
430 3.5012567367704323e-07
431 3.72900400663404e-07
432 2.627964494488883e-07
433 2.9069075877498344e-07
434 3.348378157776987e-07
435 3.3488237002836625e-07
436 3.155004823060155e-07
437 2.966869546861586e-07
438 2.701668918270853e-07
439 3.222923870597356e-07
440 3.14393484258473e-07
441 3.1189658971460474e-07
442 3.226117690329319e-07
443 2.7887418680953787e-07
444 2.8558003433369907e-07
445 3.090849375062808e-07
446 3.1705345548806656e-07
447 3.200458274433931e-07
448 2.914004028506575e-07
449 2.7486217740673815e-07
450 2.984400723273152e-07
451 3.343544531820031e-07
452 3.2664608353588144e-07
453 3.065521088352765e-07
454 3.115447851004674e-07
455 2.9090429225236325e-07
456 2.969955896391058e-07
457 3.203171735534185e-07
458 2.817186477842984e-07
459 3.12888037289531e-07
460 3.2120158860554124e-07
461 2.404181302498695e-07
462 2.760332629977515e-07
463 2.7307490624557275e-07
464 3.072230317898036e-07
465 2.839873417523486e-07
466 2.8004800673892363e-07
467 2.6794315641949144e-07
468 3.3168993704095723e-07
469 3.136221574983032e-07
470 3.1590078414647863e-07
471 2.930029535123397e-07
472 2.6686328499980677e-07
473 2.6098114008521967e-07
474 2.3551315166907124e-07
475 2.6159849397371864e-07
476 2.2604155820294207e-07
477 2.809878550808833e-07
478 3.84380921014153e-07
479 3.543870847488194e-07
480 3.276580147239754e-07
481 3.1156913973618453e-07
482 2.863406870561217e-07
483 3.2135226968946097e-07
484 2.640150894608579e-07
485 2.844191385804553e-07
486 2.8693330676924813e-07
487 2.5427895299752374e-07
488 2.694618994307694e-07
489 2.722826923071389e-07
490 3.464157954155254e-07
491 3.1532534634141845e-07
492 2.7107711230044737e-07
493 2.690237166760327e-07
494 3.2589113577937376e-07
495 2.602014465228993e-07
496 3.1111822179311845e-07
497 3.2177926686966143e-07
498 2.7573334092581203e-07
499 2.890989613207645e-07
500 2.7507911964611195e-07
501 2.787895021803694e-07
502 2.5380087176062573e-07
503 2.9194502990626033e-07
504 3.026628526344017e-07
505 2.797836055388869e-07
506 2.8212408920457894e-07
507 2.8614527079066253e-07
508 2.9034096132184995e-07
509 2.960252267854886e-07
510 2.8835120881438337e-07
511 3.738199640840657e-07
512 2.553255058118589e-07
513 3.4885573818747265e-07
514 2.7565573197046814e-07
515 3.0091615010399795e-07
516 3.350729271386964e-07
517 2.837611946198898e-07
518 3.0600724966183533e-07
519 3.0803153227310437e-07
520 3.5573223977873434e-07
521 3.2616153007486987e-07
522 2.6920392075200986e-07
523 2.756928754447907e-07
524 3.2024973993060564e-07
525 2.913597066909964e-07
526 2.5816552257787017e-07
527 3.13003346033654e-07
528 3.0984262171126146e-07
529 2.8623831033687036e-07
530 2.7375955265600743e-07
531 2.545119318148682e-07
532 3.1189773803813536e-07
533 3.076849083534061e-07
534 3.092861088780773e-07
535 2.6576678187687593e-07
536 2.850133141285744e-07
537 3.153764246450482e-07
538 3.133427328536705e-07
539 3.2025530098517336e-07
540 2.966747529137981e-07
541 3.086404400845739e-07
542 2.937313839927589e-07
543 3.3923229635398785e-07
544 3.245387356237622e-07
545 2.8300301532413316e-07
546 3.0807464118292013e-07
547 2.7413924356478346e-07
548 3.216302088572988e-07
549 3.194847386509216e-07
550 2.958526118749056e-07
551 2.683222905136897e-07
552 2.644132522193597e-07
553 2.3426080870497668e-07
554 2.900883823874163e-07
555 2.749809627490365e-07
556 2.888979189048961e-07
557 3.314525955248204e-07
558 3.1905677012391196e-07
559 3.0092762769984494e-07
560 3.088870309610591e-07
561 3.525723279071185e-07
562 2.9488706276568464e-07
563 3.326954787153305e-07
564 2.3620726219390354e-07
565 3.2195471901299445e-07
566 3.10286912554594e-07
567 2.901769084264124e-07
568 3.2445404335024423e-07
569 2.5356407165892085e-07
570 2.8081235020286083e-07
571 3.3920932697542733e-07
572 2.820953605449684e-07
573 2.5453926760409796e-07
574 3.2313459704168213e-07
575 2.605903387241617e-07
576 3.437137375033821e-07
577 3.020944628213338e-07
578 3.208516862793029e-07
579 3.2567655858823876e-07
580 3.557942530134501e-07
581 2.9025140677875607e-07
582 2.6965381180626095e-07
583 3.0241992297069246e-07
584 3.065800256550845e-07
585 2.8895547280560446e-07
586 2.9399061204858e-07
587 3.146083786719224e-07
588 3.200480567937225e-07
589 2.9825764254322446e-07
590 3.281267151551237e-07
591 3.2518956460737114e-07
592 2.934189769563582e-07
593 3.473081633004948e-07
594 3.2073072637024914e-07
595 2.7401281139776337e-07
596 2.961264931094174e-07
597 2.660069381953839e-07
598 3.262269930596086e-07
599 3.026607584823932e-07
600 2.598253322058301e-07
601 3.2127493972962845e-07
602 3.1886524666310055e-07
603 3.2630409803915176e-07
604 3.3201276984013805e-07
605 3.515470950873419e-07
606 3.214841148587333e-07
607 3.0208855065313515e-07
608 2.9982574259733596e-07
609 2.9234439725087903e-07
610 3.079203114068125e-07
611 3.2729201368780035e-07
612 3.0479120966856883e-07
613 3.1308377185477363e-07
614 2.80084734614458e-07
615 2.6839909854600766e-07
616 2.6042438896900075e-07
617 3.207476887292247e-07
618 2.784004293290974e-07
619 3.334671630134263e-07
620 3.480457199709842e-07
621 3.539920872430068e-07
622 2.912099548753113e-07
623 3.001940507478964e-07
624 2.445444152146944e-07
625 2.305758848842903e-07
626 3.071447745643491e-07
627 3.0075401322520906e-07
628 2.869093716313415e-07
629 2.762072882958046e-07
630 2.949993448144715e-07
631 3.063645210566474e-07
632 3.136857415893452e-07
633 2.9314959436189357e-07
634 3.392256272839224e-07
635 2.9273020294655095e-07
636 2.94322725090703e-07
637 2.716199639825771e-07
638 2.9105437830788954e-07
639 3.135777440705567e-07
640 3.4694561466582893e-07
641 3.1210740665838396e-07
642 3.085372340287274e-07
643 3.1451606223726795e-07
644 3.2150845153112763e-07
645 2.83039207259265e-07
646 2.849121231195173e-07
647 3.0692468821705686e-07
648 3.3317004118352843e-07
649 2.729191494142263e-07
650 2.8102378027959574e-07
651 2.9306809094841334e-07
652 2.971824605526478e-07
653 2.713844548814519e-07
654 2.9517127016494756e-07
655 2.2767486038437378e-07
656 3.2059944887721343e-07
657 3.1488093223099633e-07
658 2.8637128569146253e-07
659 2.857719103610098e-07
660 2.998673195408502e-07
661 3.4281483641199556e-07
662 2.981977955543821e-07
663 2.8224656212022314e-07
664 2.802120362390091e-07
665 3.267200146313246e-07
666 3.288247396651311e-07
667 3.137320406842123e-07
668 2.965873663333957e-07
669 2.7743877488199955e-07
670 3.2749788993583414e-07
671 2.8466799451390415e-07
672 2.6961674568538994e-07
673 2.9280605015887676e-07
674 3.079124677474153e-07
675 2.595122737247681e-07
676 2.596176061102553e-07
677 2.899395276001329e-07
678 3.314734915277063e-07
679 2.911387766386807e-07
680 2.8784752006607913e-07
681 3.0768367897718296e-07
682 2.722156204723447e-07
683 2.58554526744859e-07
684 2.790419961490545e-07
685 2.9724075060581676e-07
686 3.247377249817554e-07
687 3.279806714296746e-07
688 3.157056849989157e-07
689 2.4462115675023364e-07
690 3.468344247776355e-07
691 3.061675548580466e-07
692 3.107738725484916e-07
693 3.0576883520989924e-07
694 2.917871140961116e-07
695 2.7293535838792267e-07
696 2.2252314434403345e-07
697 3.0381853146521246e-07
698 3.213232936317589e-07
699 2.883291847550917e-07
700 3.063213737335916e-07
701 2.959389010342222e-07
702 3.2073760045229985e-07
703 2.8221454795056125e-07
704 2.6207995382679946e-07
705 3.329538798115132e-07
706 2.558571554296336e-07
707 2.761765527076875e-07
708 2.640194056026271e-07
709 2.9852257935973615e-07
710 2.7809189816006866e-07
711 3.394732939159156e-07
712 3.0365125932630675e-07
713 2.8549627042608e-07
714 2.671621816206715e-07
715 3.1377958175745515e-07
716 3.047790734100747e-07
717 2.711991825440865e-07
718 2.990884581633883e-07
719 2.4727185378318976e-07
720 3.423105840511305e-07
721 3.042766191275597e-07
722 3.190181934339081e-07
723 2.813178234354559e-07
724 2.9196962538128087e-07
725 2.8395320538735286e-07
726 2.4589023346985313e-07
727 3.1358563318610535e-07
728 2.8876995115795914e-07
729 2.793917267428305e-07
730 3.0893900916267465e-07
731 3.127349172074951e-07
732 3.030039139491974e-07
733 2.7579499380132834e-07
734 2.9537347855111764e-07
735 2.980495956229817e-07
736 3.000677979896432e-07
737 2.930208551382948e-07
738 3.4981543860791334e-07
739 3.0996291085936964e-07
740 2.9465844923703593e-07
741 3.9112710590999536e-07
742 2.7763038846927887e-07
743 3.297494763322855e-07
744 2.939716310690998e-07
745 3.286262819743832e-07
746 3.344517639474678e-07
747 3.217896295799268e-07
748 3.0581732015280267e-07
749 3.287180315084561e-07
750 3.3293427682614533e-07
751 2.6279262537030065e-07
752 3.706490501690325e-07
753 2.8510734871714394e-07
754 2.6850027864405786e-07
755 3.377602019532106e-07
756 2.610812972639265e-07
757 3.2744262903006155e-07
758 2.7499389674737116e-07
759 3.522421257402141e-07
760 3.081479472266109e-07
761 3.091055018324216e-07
762 3.582358481504922e-07
763 2.7565337234712756e-07
764 3.0036663153632066e-07
765 3.219624144095512e-07
766 3.0541960990130685e-07
767 2.855460847097373e-07
768 2.733326447694837e-07
769 2.9546351897677577e-07
770 2.9774926058628533e-07
771 3.2712631706183883e-07
772 2.604522196100418e-07
773 2.8151671324442166e-07
774 3.5563765160396364e-07
775 2.960822647844616e-07
776 2.6691363443087015e-07
777 3.0075566727133833e-07
778 2.8699692774203854e-07
779 3.5772016946193506e-07
780 2.804344436392888e-07
781 3.112722279882335e-07
782 3.1938068948603704e-07
783 2.9307276739403035e-07
784 3.3577409191709487e-07
785 2.6488421370886505e-07
786 2.9710859298369316e-07
787 2.9045950613183234e-07
788 3.573707527494537e-07
789 3.0605059379164107e-07
790 2.824417519240961e-07
791 2.7607642673459025e-07
792 2.516800232372139e-07
793 3.4637789540510817e-07
794 2.6033743085576417e-07
795 2.8346531631522896e-07
796 2.7953041364334527e-07
797 3.1539214706200766e-07
798 2.6517597543282177e-07
799 2.8836293800853024e-07
800 3.2876152587072595e-07
801 3.269486551578077e-07
802 3.105187319507064e-07
803 2.441798301733593e-07
804 3.028020808214116e-07
805 2.9091527413168876e-07
806 3.480106532733966e-07
807 3.4701831565371665e-07
808 3.216609355366767e-07
809 2.799868235178582e-07
810 3.206332770886433e-07
811 3.041400647187722e-07
812 3.0072652019989734e-07
813 2.970090680581557e-07
814 3.177300542617596e-07
815 3.3764184273071283e-07
816 3.022691203009594e-07
817 2.7246326514164025e-07
818 2.5737421554382255e-07
819 2.8707282271374915e-07
820 3.0473860786672476e-07
821 3.0106813677814444e-07
822 3.141882161434403e-07
823 3.083445351143527e-07
824 3.36184012248407e-07
825 3.0507069045470574e-07
826 3.2128982967230736e-07
827 3.0383960593815844e-07
828 2.7318652454088016e-07
829 2.752769288863443e-07
830 2.729429192667341e-07
831 3.3354591621537854e-07
832 3.470635137679533e-07
833 2.861371910806091e-07
834 2.71766464381676e-07
835 2.7318862839061615e-07
836 2.2956930154883713e-07
837 3.3261466448939863e-07
838 3.0004721074134386e-07
839 3.022266853999191e-07
840 2.9617992176676114e-07
841 2.9198703098766184e-07
842 3.255588102371986e-07
843 2.725185467379458e-07
844 2.737525678418075e-07
845 3.2995531956375753e-07
846 3.06092455599175e-07
847 2.8937955976598137e-07
848 2.7436832597865043e-07
849 3.114752700593911e-07
850 2.678900302167365e-07
851 3.0390818084898783e-07
852 2.73458223700741e-07
853 3.1003285715227034e-07
854 2.932152752996602e-07
855 3.2000109146500044e-07
856 3.2148855218494355e-07
857 3.2083196539049016e-07
858 3.30444037298056e-07
859 3.413328484568333e-07
860 2.9531471488213835e-07
861 2.768107760400832e-07
862 2.832769967937141e-07
863 3.204062139925189e-07
864 3.423433695755016e-07
865 3.3850892758654385e-07
866 2.788674494470076e-07
867 2.882391444710733e-07
868 2.7339893388448477e-07
869 2.7635511594241387e-07
870 2.849339625761374e-07
871 2.696104259550026e-07
872 3.338190839038666e-07
873 2.7405405924939355e-07
874 2.8091632633465156e-07
875 2.9233430485863674e-07
876 3.698204405085485e-07
877 2.8698679609534613e-07
878 2.799640553844602e-07
879 2.718749273195051e-07
880 2.9294539991610745e-07
881 3.194152122769119e-07
882 2.304251605408006e-07
883 2.632827732245877e-07
884 2.3340496232275387e-07
885 2.405302409601146e-07
886 2.7980500257071676e-07
887 2.891778733342756e-07
888 3.1083293848561177e-07
889 3.0068606665966026e-07
890 2.54881294790934e-07
891 3.1004461515687204e-07
892 2.967770934443479e-07
893 2.599372075867853e-07
894 2.523716196628508e-07
895 3.1349862923892946e-07
896 3.4469093580015243e-07
897 2.958349199974053e-07
898 2.8987219196592863e-07
899 3.0881267165580925e-07
900 2.928830341722313e-07
901 3.153478359137853e-07
902 2.6566050589534817e-07
903 2.6266956755881037e-07
904 3.065456851688636e-07
905 3.459673534492363e-07
906 2.5287500375612996e-07
907 2.6645166329012155e-07
908 3.2069099955632866e-07
909 2.8901948230258717e-07
910 3.1735238303424007e-07
911 2.867675523400684e-07
912 3.074434477756938e-07
913 2.8913638003416016e-07
914 2.875998234714044e-07
915 2.9279176276574616e-07
916 3.4710616983665464e-07
917 2.873080753661246e-07
918 3.572477015523063e-07
919 3.2875112984716005e-07
920 2.954911987691339e-07
921 2.889068249553042e-07
922 2.546940048257075e-07
923 2.9270168196051104e-07
924 2.901715612878661e-07
925 2.5343437311287195e-07
926 3.1942917453840735e-07
927 3.004822250509144e-07
928 2.398729887122476e-07
929 3.42695676042354e-07
930 3.367096677130502e-07
931 2.9328627424915637e-07
932 2.5955725117016607e-07
933 3.284416143820505e-07
934 2.744579300620397e-07
935 2.512222495232307e-07
936 3.118560369693642e-07
937 2.9824952876386024e-07
938 2.49591885669384e-07
939 3.577836825102201e-07
940 3.477685099500939e-07
941 3.1923871759802114e-07
942 3.125004444588477e-07
943 2.4952182862145207e-07
944 2.226383768759658e-07
945 2.806892335799708e-07
946 3.0546107036534866e-07
947 2.8106592815449025e-07
948 2.6839463846526294e-07
949 2.9589745428785305e-07
950 3.231603432680566e-07
951 3.369882090750483e-07
952 3.028085808452971e-07
953 3.1970091367499146e-07
954 3.54217369375516e-07
955 2.842407893096859e-07
956 3.179378886905792e-07
957 2.6182084938261104e-07
958 2.711496100153182e-07
959 3.2769913278621877e-07
960 3.135379888491462e-07
961 3.287728103128027e-07
962 3.0822689345255886e-07
963 3.0670444057185653e-07
964 2.5002347987469e-07
965 3.0053619858936017e-07
966 3.2488723320563987e-07
967 2.7152876357748304e-07
968 3.3944759953898285e-07
969 2.6466128564661637e-07
970 2.7724319479117664e-07
971 2.8470798143892913e-07
972 2.894471042583694e-07
973 3.0142926184760495e-07
974 3.011037136529503e-07
975 2.5054294572137906e-07
976 3.1761898317431697e-07
977 2.953024273572782e-07
978 3.416902925517394e-07
979 3.79584224206127e-07
980 2.745692351137838e-07
981 3.022086627917883e-07
982 2.426909611290603e-07
983 3.2490319309484587e-07
984 3.366401760855368e-07
985 3.620819284457306e-07
986 2.5121114054576725e-07
987 3.1141677236727095e-07
988 3.2116871833321166e-07
989 3.229113810033759e-07
990 3.3655996413192503e-07
991 3.2876146817862016e-07
992 2.917300851524044e-07
993 2.9988834151930376e-07
994 3.0201763268082183e-07
995 3.469656249378804e-07
996 2.5007971051666726e-07
997 3.140633790970672e-07
998 2.8344935206496816e-07
999 2.747991692599704e-07
