0 2.797228878137493e-07
1 2.824840685312428e-07
2 2.943528559281129e-07
3 2.908169867547813e-07
4 2.9733509464868915e-07
5 2.916008534644098e-07
6 2.980984396723096e-07
7 2.7792526517248463e-07
8 2.9529858724235107e-07
9 2.962383914978768e-07
10 2.8774874282843974e-07
11 2.864071339203856e-07
12 2.9719444023234425e-07
13 2.9830516606697433e-07
14 2.89566699403123e-07
15 2.83403778886223e-07
16 2.8826113666232884e-07
17 3.008130010054798e-07
18 3.005492132536534e-07
19 3.121982766544146e-07
20 2.924895814239018e-07
21 2.846039812243839e-07
22 2.862648135176646e-07
23 2.9827404365755373e-07
24 3.039573118735017e-07
25 2.934754022195919e-07
26 2.865849403552499e-07
27 2.811703328574869e-07
28 2.88314025999457e-07
29 2.9796993507462645e-07
30 2.8595642386415736e-07
31 2.936960831162282e-07
32 2.92029023561625e-07
33 3.0093205885704417e-07
34 2.8676959139302733e-07
35 2.902944420055801e-07
36 2.8378255943468374e-07
37 2.861660252286239e-07
38 2.8116289067189016e-07
39 2.8935894129438753e-07
40 2.869213705188684e-07
41 3.0460164804245235e-07
42 3.0036820397183545e-07
43 2.799267990524928e-07
44 2.8850733538924457e-07
45 2.8521424196497877e-07
46 3.0106740484359144e-07
47 2.879660609326557e-07
48 2.8857015189254473e-07
49 2.850584093190293e-07
50 2.820319063821949e-07
51 2.9608469108915785e-07
52 2.845307902984943e-07
53 2.9273456963700605e-07
54 2.8466418959523484e-07
55 2.791783785643469e-07
56 2.8781559561930803e-07
57 3.0284034547888936e-07
58 2.87202598497661e-07
59 2.916441397456043e-07
60 2.9587516227701254e-07
61 2.8205664566031076e-07
62 2.848777652018806e-07
63 3.095875310270259e-07
64 2.820815610938623e-07
65 2.988314478028046e-07
66 3.045499224460659e-07
67 2.9179190613185013e-07
68 2.8481370489718313e-07
69 3.006177585640319e-07
70 2.9307572738459905e-07
71 2.977533888255827e-07
72 2.8812809497634057e-07
73 2.9420922494885486e-07
74 2.9834014010045905e-07
75 2.7935307146744095e-07
76 3.013747037314688e-07
77 2.938009636398686e-07
78 2.8267943351955095e-07
79 2.8880168029956696e-07
80 2.973939287211379e-07
81 3.0754833597519773e-07
82 2.87617910846898e-07
83 2.7779910703145987e-07
84 2.9306425975979056e-07
85 2.902769132998198e-07
86 2.8634850968131144e-07
87 3.083735680005084e-07
88 2.806679504854206e-07
89 2.9989371314940014e-07
90 2.8625753540124965e-07
91 2.9734560377500183e-07
92 2.9722974325693224e-07
93 2.9863397495623893e-07
94 2.896248437400336e-07
95 2.890162810967098e-07
96 3.014819895423443e-07
97 2.95873917944219e-07
98 2.860362287094486e-07
99 2.8667275878601503e-07
100 2.814270872337467e-07
101 2.8581987989877886e-07
102 2.876360755315303e-07
103 2.7200737775217037e-07
104 2.99414724612424e-07
105 2.8742685375485167e-07
106 3.0628602811666186e-07
107 2.984956607076419e-07
108 2.90345800635479e-07
109 2.913924893039986e-07
110 2.957868881990323e-07
111 2.874937669289955e-07
112 2.96261581652115e-07
113 2.88322865121727e-07
114 2.7415558893460186e-07
115 2.9524959829168667e-07
116 2.916503548156913e-07
117 2.8128773838014045e-07
118 2.960239380047669e-07
119 3.0518346971870144e-07
120 2.919841696925927e-07
121 2.845974845157645e-07
122 2.8999063243483435e-07
123 2.8221806997541427e-07
124 2.941917730979696e-07
125 2.942187962270706e-07
126 2.948891763936442e-07
127 2.8904023004362446e-07
128 2.9005846099296584e-07
129 2.9424736511589703e-07
130 3.0189902585797516e-07
131 2.8347874405067765e-07
132 2.9316417877219317e-07
133 3.0885481610462394e-07
134 2.7986979277060603e-07
135 2.892450830825985e-07
136 2.984802244630191e-07
137 2.988654655065806e-07
138 2.979514310157504e-07
139 2.9546424152208533e-07
140 2.7733104351824724e-07
141 2.8226512720618466e-07
142 2.940449371701929e-07
143 2.926361261939922e-07
144 2.917280713192715e-07
145 3.052651373073235e-07
146 2.8716494544156487e-07
147 2.779483263955417e-07
148 2.931422546956524e-07
149 2.837615702567298e-07
150 2.9354885449824474e-07
151 2.922737495630334e-07
152 2.744610939963749e-07
153 2.938159357224713e-07
154 2.9422337974526673e-07
155 2.911716250251002e-07
156 2.952540851116236e-07
157 2.9790681632649477e-07
158 2.801435653091663e-07
159 2.9142109643906334e-07
160 2.910132983098666e-07
161 3.039731823956883e-07
162 2.9722997504374373e-07
163 2.994990485161162e-07
164 2.91728935977387e-07
165 2.8041269013923435e-07
166 2.947470862504882e-07
167 2.8739866444711636e-07
168 2.8901919955364115e-07
169 2.892914743281311e-07
170 2.9092391618264066e-07
171 2.960638336210431e-07
172 3.0034991458206227e-07
173 2.9423932713398305e-07
174 2.854803675218065e-07
175 3.045383631956262e-07
176 2.841411963767149e-07
177 2.9141478623635823e-07
178 2.8893748811337397e-07
179 2.924334996167064e-07
180 3.0098763909052385e-07
181 2.9149094881643343e-07
182 3.012349884912078e-07
183 2.84674715749755e-07
184 3.0028327412745644e-07
185 2.859750285304735e-07
186 2.899888947158271e-07
187 2.8206919144635154e-07
188 2.9848741161611737e-07
189 2.92076095720143e-07
190 2.8521636668877004e-07
191 3.0056687084072014e-07
192 2.907430010838539e-07
193 2.8976930951332676e-07
194 2.8856503250537816e-07
195 2.886961055315964e-07
196 3.011264431224858e-07
197 2.9432600388643223e-07
198 2.8400538677409203e-07
199 2.8152806852697846e-07
200 2.941753237537927e-07
201 2.988819577927847e-07
202 2.924472130781518e-07
203 2.6709758744030523e-07
204 2.9664693586200065e-07
205 2.9814691426099963e-07
206 2.9396589630934265e-07
207 2.9554269616559515e-07
208 2.9421953945737023e-07
209 3.000365962677161e-07
210 2.950403451877052e-07
211 3.077396271492746e-07
212 2.949937033499386e-07
213 2.805956122497454e-07
214 2.978352557826132e-07
215 2.8863535093634806e-07
216 2.838931735426324e-07
217 2.9220514818742036e-07
218 2.8158895414765874e-07
219 2.923402977554402e-07
220 2.916939134957215e-07
221 2.872070560390457e-07
222 2.95247328561629e-07
223 2.9961024699987053e-07
224 3.0188164718000614e-07
225 2.7466417609104927e-07
226 2.9271113241435926e-07
227 2.934462968723141e-07
228 2.837023283277072e-07
229 2.8319620892033e-07
230 3.088902698894829e-07
231 2.9285054859997097e-07
232 2.9122965306964824e-07
233 2.9843849363694956e-07
234 2.868430372015229e-07
235 2.944409217317582e-07
236 2.920788923840121e-07
237 2.9927825741832643e-07
238 2.9485480727740646e-07
239 2.864446358225181e-07
240 3.0017350229639527e-07
241 2.9732476365209545e-07
242 2.8150262114366e-07
243 2.9122958720628104e-07
244 2.9257876857379703e-07
245 2.8593508906758106e-07
246 2.9015923961909245e-07
247 2.8229260453180333e-07
248 2.8344733364568334e-07
249 2.9933104306316684e-07
250 2.886079717602347e-07
251 2.946029858091708e-07
252 2.899097044631185e-07
253 2.993930888657244e-07
254 2.959443741562438e-07
255 2.958462537085679e-07
256 2.848675283083014e-07
257 2.7401365896205556e-07
258 2.914380821998101e-07
259 3.0836305728028205e-07
260 2.9943019043917883e-07
261 2.9775354082075746e-07
262 2.8803139911756204e-07
263 2.9300145447351346e-07
264 2.9881301385090287e-07
265 2.981399630262947e-07
266 3.016328776987789e-07
267 2.7593476665971197e-07
268 2.830853336347114e-07
269 2.9047947111403004e-07
270 2.9730795936337445e-07
271 2.849639352056209e-07
272 2.819618947770657e-07
273 2.959988825358657e-07
274 3.0116745437595014e-07
275 2.977151390342693e-07
276 2.757402845207617e-07
277 2.968788335673459e-07
278 2.884000832526358e-07
279 3.054574683559138e-07
280 2.9661142908463183e-07
281 2.931807515404083e-07
282 2.880873854502124e-07
283 2.822827894385975e-07
284 2.795783605452745e-07
285 3.037212650866238e-07
286 2.868872932587607e-07
287 3.001599092799965e-07
288 2.935345243246409e-07
289 2.923734200514346e-07
290 2.927992638119171e-07
291 2.9545162308980156e-07
292 2.787849124249024e-07
293 2.8560634597427165e-07
294 2.9399252148868315e-07
295 2.885777402036421e-07
296 3.0281702105916885e-07
297 2.9225047480029903e-07
298 3.01014314393574e-07
299 2.9988981891118245e-07
300 3.003325141092753e-07
301 2.9068412169317944e-07
302 2.884886173499825e-07
303 3.005399317718715e-07
304 3.032410249396269e-07
305 3.048120872543266e-07
306 2.912511719592915e-07
307 3.045789832515653e-07
308 2.989093379722883e-07
309 3.074485465616687e-07
310 2.8328465850213255e-07
311 2.9400738176545864e-07
312 2.992165455053683e-07
313 2.847465422345904e-07
314 3.0004130563689276e-07
315 2.9540618965541336e-07
316 3.0000783393217535e-07
317 2.890533215293356e-07
318 2.988703701182409e-07
319 2.985195941222302e-07
320 2.9517374452259047e-07
321 2.875709586671738e-07
322 2.9590498465824293e-07
323 2.9428992165617827e-07
324 2.9927584573948515e-07
325 2.9593954984661837e-07
326 3.027930578023485e-07
327 2.9856942954569663e-07
328 2.907778972221261e-07
329 2.9695153026664996e-07
330 3.0836282044435746e-07
331 2.9723180970269183e-07
332 3.065445446066403e-07
333 2.961096033761395e-07
334 2.8332183022405593e-07
335 2.9621169153433636e-07
336 2.813549481154736e-07
337 2.947231808632631e-07
338 2.9256092002143054e-07
339 2.858346073840729e-07
340 2.93816674517301e-07
341 2.8042863497439144e-07
342 2.916028011878167e-07
343 2.8446431137374367e-07
344 2.7696605791256197e-07
345 2.9818215482623757e-07
346 3.0946154154039336e-07
347 2.743445940121502e-07
348 2.8816071254043026e-07
349 2.935461964472587e-07
350 2.813519510897543e-07
351 2.9866749211146315e-07
352 3.060469165369863e-07
353 3.058484925847529e-07
354 2.7973183658434206e-07
355 2.82249313990363e-07
356 3.010834577464089e-07
357 2.9564750338638183e-07
358 2.832033629841891e-07
359 2.7875661814407e-07
360 2.891997710405047e-07
361 2.955644249636334e-07
362 2.9358896426405397e-07
363 2.979810587105534e-07
364 2.7880477349468417e-07
365 2.865924672563144e-07
366 2.980890882598071e-07
367 2.8081032132631546e-07
368 3.029045230813592e-07
369 2.861294838152115e-07
370 2.8427580091334426e-07
371 3.0096333080112966e-07
372 2.950121923874176e-07
373 3.001187415133989e-07
374 2.9087903682881345e-07
375 2.8569692147741495e-07
376 2.928169122197236e-07
377 2.9774918235625727e-07
378 3.031277860323572e-07
379 2.991484468043602e-07
380 2.9714641289552303e-07
381 2.945363962885428e-07
382 2.861575372090806e-07
383 2.9177676348836234e-07
384 2.9093034017402074e-07
385 3.0153085020551093e-07
386 2.959204063032451e-07
387 2.681314342134893e-07
388 2.870736913700137e-07
389 2.9019729673315236e-07
390 3.016816521881016e-07
391 3.014662507542388e-07
392 2.868367334094715e-07
393 2.911473701069414e-07
394 2.979032551125134e-07
395 2.951347149889673e-07
396 2.8799161053475095e-07
397 3.068669459464445e-07
398 2.919090105342662e-07
399 3.136416267536961e-07
400 2.849317201687914e-07
401 2.935105018806671e-07
402 3.02353014584887e-07
403 2.932408091334933e-07
404 3.06200025898914e-07
405 2.970680872353816e-07
406 3.0218610268210703e-07
407 2.875596526352768e-07
408 2.8743282614215755e-07
409 2.9518581002678607e-07
410 2.888126446929486e-07
411 2.93839345863625e-07
412 2.9651302801478747e-07
413 2.771814267080878e-07
414 2.911897610186809e-07
415 2.825080115426303e-07
416 2.9070810844552843e-07
417 2.7956154827198567e-07
418 2.991902657773853e-07
419 2.8884355029395214e-07
420 2.9855733002885926e-07
421 2.860261222330157e-07
422 2.8343016907303226e-07
423 2.994111732099012e-07
424 2.971624725101628e-07
425 2.954949797219813e-07
426 2.950032674175061e-07
427 2.89469628738894e-07
428 2.9559478215327183e-07
429 2.912298118092152e-07
430 2.990493387704998e-07
431 3.041327491381826e-07
432 2.8324399712575833e-07
433 2.9360474806693397e-07
434 2.8954791028472153e-07
435 2.8752134007486735e-07
436 2.8878355595691377e-07
437 3.04842227228666e-07
438 2.769033390167031e-07
439 2.973432669383708e-07
440 2.9251958784086227e-07
441 3.005305943447749e-07
442 2.916970414699374e-07
443 2.992106894231777e-07
444 2.9440955418327466e-07
445 2.9398365173783653e-07
446 2.909657202087277e-07
447 3.0235981078108726e-07
448 2.917523068069018e-07
449 2.8760011943185786e-07
450 3.055053564808687e-07
451 2.995381939235404e-07
452 2.913939809508089e-07
453 2.982332966956159e-07
454 2.8920696394759527e-07
455 2.916660535535117e-07
456 2.924777352197634e-07
457 2.9694802851616336e-07
458 2.7579189036033145e-07
459 3.1210619223039175e-07
460 2.732264349182657e-07
461 2.860141955099193e-07
462 2.862187902973033e-07
463 2.8591046199207546e-07
464 2.9487862113681915e-07
465 2.864197124126556e-07
466 2.8540872942503076e-07
467 2.9005035629746124e-07
468 2.927218137552825e-07
469 3.068184848826687e-07
470 2.877282838110885e-07
471 2.8793168602405096e-07
472 2.8136422955811537e-07
473 2.843408439931344e-07
474 2.9256928811020316e-07
475 2.938882103546984e-07
476 2.9054657362573826e-07
477 2.848929045758125e-07
478 2.973920516677644e-07
479 2.995662916863452e-07
480 3.041043984513406e-07
481 3.0080821094891293e-07
482 3.0175731366384494e-07
483 2.8565764787861745e-07
484 2.895198666205262e-07
485 2.963886597543017e-07
486 2.9018625206324265e-07
487 2.817776616080461e-07
488 2.8559891384984805e-07
489 3.0896452247361035e-07
490 2.987807834163248e-07
491 2.945578489475715e-07
492 2.814888943182607e-07
493 2.924693721843098e-07
494 3.039653141808901e-07
495 2.9480125170232457e-07
496 2.8591655362236116e-07
497 2.8615392865593873e-07
498 2.8626866641500026e-07
499 3.009628752236123e-07
500 2.883984714625067e-07
501 2.9296742098808534e-07
502 2.860660853396394e-07
503 2.964980324631006e-07
504 2.9356401660885337e-07
505 2.8181077070099244e-07
506 2.951514548936712e-07
507 2.889319746830334e-07
508 2.870767441728585e-07
509 2.861920508110818e-07
510 3.044733347673397e-07
511 3.029244945575033e-07
512 2.852130178609189e-07
513 2.8911085776779117e-07
514 2.7581865200013624e-07
515 2.956601288276259e-07
516 2.8998437926426545e-07
517 2.8911015973586937e-07
518 2.911924770103801e-07
519 2.90583044338973e-07
520 2.9428654051862363e-07
521 2.9196744352918333e-07
522 2.8447137284488657e-07
523 2.824655515103594e-07
524 2.9855187413639746e-07
525 2.947776232560959e-07
526 2.7132031227807974e-07
527 2.8356622820324007e-07
528 3.011502116102241e-07
529 2.908679430252952e-07
530 2.9094202115966577e-07
531 2.8918641641657465e-07
532 2.840156526481518e-07
533 2.7805846655351674e-07
534 3.0139187531195615e-07
535 2.9046885661012785e-07
536 2.976231888614783e-07
537 2.9841068395505636e-07
538 2.9126253387813044e-07
539 2.95861876625433e-07
540 2.731928080015991e-07
541 2.8546130958988984e-07
542 2.9316581361325824e-07
543 2.827208262580421e-07
544 2.908130004688589e-07
545 2.850500285556785e-07
546 2.850320676922032e-07
547 2.957101810346292e-07
548 2.9591326882080113e-07
549 2.959832552657349e-07
550 3.143755961071583e-07
551 2.9403148117137924e-07
552 2.822638637175606e-07
553 2.838201186310212e-07
554 2.909823306919862e-07
555 2.8396689694058047e-07
556 2.9977928729816593e-07
557 2.988506178692458e-07
558 2.8451635180978156e-07
559 2.833421353293616e-07
560 3.015175514132338e-07
561 3.0329917421189524e-07
562 3.0405011912769814e-07
563 2.98905680858857e-07
564 2.8075943367264717e-07
565 3.059663654589906e-07
566 3.022274698064077e-07
567 2.8626255968895584e-07
568 2.839936171311305e-07
569 2.792153510280116e-07
570 2.94559443766538e-07
571 2.912277468206639e-07
572 2.8750465174711587e-07
573 2.9002075292429244e-07
574 2.932371580270741e-07
575 2.8142080466458146e-07
576 2.9008378628076864e-07
577 2.984471090406981e-07
578 2.8240344131715113e-07
579 3.0046895789371724e-07
580 2.8959709981665825e-07
581 2.8907267373272097e-07
582 2.8572893717287324e-07
583 2.982710838843719e-07
584 3.023522176049277e-07
585 2.94653545431257e-07
586 2.919595855512215e-07
587 2.8557543551193184e-07
588 2.956695784058667e-07
589 2.8580886493576383e-07
590 2.9478300931917764e-07
591 2.952123802005444e-07
592 2.851329655835185e-07
593 2.981019802879243e-07
594 2.994698419188315e-07
595 2.8747676421404204e-07
596 2.775949696219114e-07
597 3.001874652142647e-07
598 3.0406691865640446e-07
599 2.8125760381876783e-07
600 2.8934532171608785e-07
601 3.024789319143747e-07
602 2.951316172913744e-07
603 2.92730171908473e-07
604 3.0852954638919043e-07
605 3.127140839993828e-07
606 3.1262470440401933e-07
607 2.9026116564637603e-07
608 2.9309918177567565e-07
609 2.8598923868121473e-07
610 2.913345549472834e-07
611 3.091712966071373e-07
612 2.9428613775200203e-07
613 2.9276301228730426e-07
614 2.801248110156767e-07
615 2.8833639165992515e-07
616 3.068235900359459e-07
617 3.0296274482568894e-07
618 2.9946902932519283e-07
619 2.987457734036416e-07
620 3.049696100512723e-07
621 2.9880859745763523e-07
622 2.980872970079831e-07
623 2.780273459287061e-07
624 2.7828803782634127e-07
625 2.829156718469369e-07
626 2.892445908218853e-07
627 3.0829067651367247e-07
628 2.894895150278594e-07
629 3.0107323976783736e-07
630 2.9530858429764543e-07
631 2.925415613945661e-07
632 2.927888179724042e-07
633 2.970896541595017e-07
634 2.992692081983826e-07
635 2.9763083109980684e-07
636 2.8264416566953483e-07
637 2.894007908874512e-07
638 2.771419033697613e-07
639 2.921708939789025e-07
640 2.954258137371988e-07
641 2.853443100990777e-07
642 3.108130002149364e-07
643 2.889019791133156e-07
644 2.9149365307411426e-07
645 2.916723377462962e-07
646 2.8091263313805654e-07
647 2.845852359499335e-07
648 2.994289014177618e-07
649 3.132682524359041e-07
650 2.8699003244987896e-07
651 2.948834479047947e-07
652 2.8355376755672143e-07
653 2.706927692200135e-07
654 3.00130826711454e-07
655 2.934079297473768e-07
656 2.9001085065678225e-07
657 2.9003678643415273e-07
658 3.008778938989915e-07
659 2.8488645522448995e-07
660 2.864810340070984e-07
661 3.050999127307471e-07
662 3.0534595865844087e-07
663 2.9020907297643144e-07
664 3.0222981088105654e-07
665 2.979878481561025e-07
666 3.0290539953009587e-07
667 3.021329755972931e-07
668 3.006077706018741e-07
669 2.966030606777304e-07
670 2.8622590522302733e-07
671 2.826851705894561e-07
672 2.7087079087434616e-07
673 2.8871534881588407e-07
674 2.987404612302084e-07
675 2.887221393068145e-07
676 2.8441403518677814e-07
677 2.9742025715683085e-07
678 2.9221981238003807e-07
679 2.8567035134934004e-07
680 2.8180875281957254e-07
681 2.98294022404607e-07
682 2.8718173391064935e-07
683 2.725296347593117e-07
684 2.892508918907552e-07
685 2.890767000689719e-07
686 2.9899186531554544e-07
687 2.934324604546952e-07
688 3.006100681943903e-07
689 2.8742381145093707e-07
690 2.9147330058877033e-07
691 2.980493685440369e-07
692 2.9930829941538625e-07
693 3.0312008959675825e-07
694 2.901727259198181e-07
695 2.9003335360804006e-07
696 2.7682723199064403e-07
697 3.078070100705474e-07
698 2.912870913403101e-07
699 2.998651939820099e-07
700 2.9449324328857745e-07
701 2.891968109020332e-07
702 2.797547199082962e-07
703 2.976312326052214e-07
704 2.799836036660718e-07
705 2.964063260763697e-07
706 2.7222283282745345e-07
707 2.8430039636879876e-07
708 2.7529157451194006e-07
709 3.046243446158621e-07
710 2.9793435268572397e-07
711 2.991572982053672e-07
712 2.9922937943193226e-07
713 2.991067556485714e-07
714 2.8256819787572147e-07
715 2.834304637704468e-07
716 2.839578212716571e-07
717 2.756403750400248e-07
718 2.828212094174628e-07
719 2.803812990454389e-07
720 3.1364837813977505e-07
721 2.8634164835231664e-07
722 2.968233876596646e-07
723 2.9409021070330096e-07
724 2.900624059639209e-07
725 2.783319293602394e-07
726 2.9935196654590456e-07
727 3.012890827911704e-07
728 2.826569668782496e-07
729 2.758703617788438e-07
730 2.8880798648691234e-07
731 2.937873668645023e-07
732 3.157645985074208e-07
733 2.858902428954328e-07
734 2.878035930409241e-07
735 3.0202083589955107e-07
736 2.9356280336274233e-07
737 2.9023611496895436e-07
738 2.847789140211953e-07
739 2.7864026225593806e-07
740 2.925116208764204e-07
741 2.9895091472834557e-07
742 2.8467388009951797e-07
743 2.915040941653411e-07
744 3.038316632869768e-07
745 3.0034097088808914e-07
746 2.998785990558756e-07
747 2.9131372258078326e-07
748 2.756055077649883e-07
749 2.9623887724128275e-07
750 3.074394227056533e-07
751 2.9660702450565396e-07
752 3.0842057849292726e-07
753 2.894463416057077e-07
754 3.042342200035101e-07
755 3.118109598627571e-07
756 2.9037493607945914e-07
757 2.9320451386045145e-07
758 2.847911180058908e-07
759 2.987999262422214e-07
760 3.009483967815053e-07
761 3.005908372158314e-07
762 2.8685942187481534e-07
763 2.9666521412967823e-07
764 2.9469889309870175e-07
765 2.891222608901553e-07
766 3.0287937730897855e-07
767 3.008632418825006e-07
768 2.9245366791615567e-07
769 3.0093377239650767e-07
770 2.931503961394759e-07
771 2.9156089910725547e-07
772 2.960059161478262e-07
773 2.837816692913947e-07
774 2.9742999876257596e-07
775 2.917060236694034e-07
776 2.905038743149651e-07
777 3.046201091115153e-07
778 2.875085187707222e-07
779 3.0013802168890757e-07
780 2.8315423329202683e-07
781 2.8499528483319536e-07
782 2.933579770201392e-07
783 2.9709510173351327e-07
784 2.885717084908381e-07
785 2.771350031565883e-07
786 3.0842046737355276e-07
787 2.8462635350240466e-07
788 2.8448146318775695e-07
789 2.963076525982707e-07
790 2.84498891375988e-07
791 3.022655663355026e-07
792 2.738614414748649e-07
793 2.962207616439344e-07
794 2.712926316319983e-07
795 2.921027070133142e-07
796 2.9308111029652906e-07
797 3.0594024200866433e-07
798 2.83914687409408e-07
799 2.9225086480166226e-07
800 2.97301658657331e-07
801 2.8402327437816976e-07
802 2.9644192553719605e-07
803 2.812423861941255e-07
804 2.8958877983491906e-07
805 2.9560441856315887e-07
806 2.988166039050853e-07
807 3.027390393717158e-07
808 3.1292883400481574e-07
809 2.8787855961236085e-07
810 3.0262267552132115e-07
811 2.761336266609167e-07
812 3.017585915952254e-07
813 2.882094547969166e-07
814 2.958774156301894e-07
815 2.938006988401067e-07
816 2.938887649468622e-07
817 3.0280564266350316e-07
818 2.78604014083884e-07
819 2.837484848318554e-07
820 2.9416289863938416e-07
821 2.9042042486236126e-07
822 2.863086637666173e-07
823 3.063494488562679e-07
824 2.97345302202359e-07
825 3.0073830136611687e-07
826 2.773780451985406e-07
827 2.900198834048242e-07
828 2.751434180491252e-07
829 2.884103264335681e-07
830 2.944230198897086e-07
831 3.067324987976151e-07
832 2.902479617570445e-07
833 2.8854821102758897e-07
834 2.998337329111953e-07
835 2.8286525479060063e-07
836 2.8065191133952163e-07
837 3.022505034427659e-07
838 2.9781495722206417e-07
839 2.975374629528343e-07
840 3.0855649010286493e-07
841 2.8495349307649357e-07
842 2.8788238914429073e-07
843 2.86892486479156e-07
844 2.929692968833771e-07
845 2.9110020325519065e-07
846 2.874675037636161e-07
847 2.829800450717636e-07
848 2.8865774925602744e-07
849 2.9946885735086567e-07
850 2.898251691897346e-07
851 2.722035304702835e-07
852 2.844213291067237e-07
853 3.016984029699767e-07
854 2.878494826523776e-07
855 2.9896302720232874e-07
856 3.0315272911567554e-07
857 2.980364043839021e-07
858 2.985080017759813e-07
859 2.9396531143412664e-07
860 2.8179369545552664e-07
861 2.8946007742471737e-07
862 2.6891022131048204e-07
863 3.0085825075789667e-07
864 3.062790173870336e-07
865 2.92597331763619e-07
866 2.9339114553183783e-07
867 2.915344710554297e-07
868 2.910375153556593e-07
869 2.956749598212989e-07
870 2.8324696054550244e-07
871 2.822360607263507e-07
872 3.0292554363919076e-07
873 2.922934224188159e-07
874 2.921055208406943e-07
875 2.871243143726755e-07
876 2.96953209680563e-07
877 2.8473426756877294e-07
878 2.9623140998802516e-07
879 2.765896474430198e-07
880 2.912675988299093e-07
881 2.8741652554010136e-07
882 2.821522862417015e-07
883 2.7866749989483035e-07
884 2.819502942227191e-07
885 2.8742228337337015e-07
886 2.936375027704977e-07
887 2.8914896998321555e-07
888 2.964318588160592e-07
889 2.9047971620103556e-07
890 2.788096260752722e-07
891 2.946723871743499e-07
892 2.833083011886577e-07
893 2.7556513222910854e-07
894 2.900846360627025e-07
895 2.9814791631604574e-07
896 3.058219584478421e-07
897 2.896812077106212e-07
898 2.88528401967908e-07
899 2.8476136926188105e-07
900 3.1230064547391474e-07
901 3.0778574953102816e-07
902 2.8689291113720946e-07
903 3.0313271088597897e-07
904 2.897045805342597e-07
905 2.96286861446914e-07
906 2.820583604607945e-07
907 2.860153518977686e-07
908 3.0149881160859266e-07
909 3.0145650258033786e-07
910 2.9083310349348663e-07
911 2.858179169459536e-07
912 2.9443643203742844e-07
913 2.916313855689567e-07
914 2.741628450296904e-07
915 2.792790678976158e-07
916 3.036285576738503e-07
917 2.949239889009041e-07
918 3.048554306703873e-07
919 2.878386380690162e-07
920 2.9860412358831225e-07
921 2.8970426258997174e-07
922 2.7974609807505605e-07
923 2.848577982316299e-07
924 2.8487861036939645e-07
925 2.836935421891166e-07
926 2.9510475050872377e-07
927 2.9332194876281983e-07
928 2.833826676938353e-07
929 3.0765660368570547e-07
930 3.1633876988200833e-07
931 2.9415260908110945e-07
932 2.912973279932101e-07
933 3.0773121963873573e-07
934 2.9928259749133487e-07
935 2.907714762946384e-07
936 2.96170691719996e-07
937 2.895057277537451e-07
938 2.9565268103294515e-07
939 2.865939336881888e-07
940 3.006501861028633e-07
941 2.922707692729211e-07
942 2.9340245218542326e-07
943 2.876399269747227e-07
944 2.860185981096231e-07
945 2.869638181873578e-07
946 3.0022181706763616e-07
947 2.8914978362658624e-07
948 2.865775295286963e-07
949 2.924235998382036e-07
950 3.086035783016353e-07
951 2.9112202014604537e-07
952 2.9555489020657977e-07
953 2.9774294235288875e-07
954 3.093923822380866e-07
955 2.939044405361934e-07
956 2.9909705614815034e-07
957 2.8550523753033845e-07
958 2.8822734356145545e-07
959 2.912279452953291e-07
960 2.9639349155128195e-07
961 2.8968627600114883e-07
962 3.051905798100371e-07
963 2.7824433586285085e-07
964 2.8187136941401643e-07
965 3.0760969186591657e-07
966 2.825773811242676e-07
967 2.872386499059423e-07
968 2.845797539900677e-07
969 2.8244857614892863e-07
970 2.9455494979070193e-07
971 2.891755727034561e-07
972 3.0232959557729297e-07
973 2.915727667906328e-07
974 2.870985184420378e-07
975 2.9798575139854745e-07
976 2.8407051889011993e-07
977 2.9011008384204136e-07
978 2.838041007442969e-07
979 2.8881234328053883e-07
980 2.901018385483773e-07
981 2.891512226259228e-07
982 3.0278462967026556e-07
983 3.015400310780827e-07
984 2.9774413755175725e-07
985 2.905652465331209e-07
986 3.0663618468877e-07
987 2.92030739486914e-07
988 3.0410501922321274e-07
989 2.869343416645954e-07
990 2.951911998217097e-07
991 2.9956498356659377e-07
992 3.004662965603317e-07
993 2.987327930900045e-07
994 2.9963127930783334e-07
995 2.955125879141063e-07
996 2.74537248098797e-07
997 2.931688196163832e-07
998 3.022253056570392e-07
999 2.789863467210886e-07
