0 2.1623800912716615e-07
1 2.1037985155109125e-07
2 2.1779250295049875e-07
3 1.9068493398128686e-07
4 2.2229746434908773e-07
5 1.8785847998759246e-07
6 2.1164691146569587e-07
7 2.1498817465701483e-07
8 2.0328608326428362e-07
9 2.1299797626876282e-07
10 2.1482232775311267e-07
11 1.8997378226903122e-07
12 2.1269273985555377e-07
13 2.2298436117837558e-07
14 1.9474776370293454e-07
15 2.1198991425857773e-07
16 2.306892723175802e-07
17 2.4074078993570033e-07
18 2.125578827984328e-07
19 2.1744111190406084e-07
20 2.1045653259077913e-07
21 2.202549266067386e-07
22 1.9652387496331584e-07
23 2.0797832428843893e-07
24 1.7497121118507208e-07
25 2.1070628302210928e-07
26 2.140886721542963e-07
27 2.0271200802725776e-07
28 2.163359722010778e-07
29 2.415166622046252e-07
30 2.0088799464166883e-07
31 1.7849643282350178e-07
32 2.208529296912834e-07
33 2.0668339415703877e-07
34 2.169311033181005e-07
35 2.118582232573534e-07
36 2.0547367094796716e-07
37 1.9280076295096793e-07
38 2.2565723354283996e-07
39 2.2057395680941648e-07
40 1.8158590499731059e-07
41 2.134585550182556e-07
42 2.0043837518434343e-07
43 2.1128104430718507e-07
44 1.944735143421813e-07
45 2.0064161668383698e-07
46 2.0973387775554867e-07
47 2.101881141376988e-07
48 2.053450666007978e-07
49 2.039824131725668e-07
50 2.084013805432328e-07
51 2.139189940044223e-07
52 1.995605927492709e-07
53 2.0251927665199155e-07
54 2.2890115991805262e-07
55 2.1635694095831e-07
56 2.2208636258672324e-07
57 2.2320578827405986e-07
58 2.2154217079181261e-07
59 1.7400993560392023e-07
60 1.9112904606676165e-07
61 2.2520090829329026e-07
62 2.1072808560857252e-07
63 2.012541810089206e-07
64 1.922695125657566e-07
65 2.358038925098646e-07
66 2.225994087048454e-07
67 1.9263432469180973e-07
68 2.214846652894971e-07
69 2.0084169921369393e-07
70 2.2259624077126605e-07
71 1.7904703584566763e-07
72 2.228692356064962e-07
73 1.9821137754838937e-07
74 2.073867083019833e-07
75 1.8387390098014145e-07
76 1.91499305821238e-07
77 2.0400677241246452e-07
78 1.987401475113213e-07
79 1.9591639747646639e-07
80 2.253681403150157e-07
81 2.167493728634264e-07
82 1.7421522829841962e-07
83 1.9439393563921197e-07
84 2.0185636837605583e-07
85 2.3244872212880178e-07
86 2.0335619824912537e-07
87 2.174909658175884e-07
88 2.0544951444480097e-07
89 2.1581770187339365e-07
90 2.1056197661897946e-07
91 2.3368645959193144e-07
92 2.1518350417583901e-07
93 1.9783140208378632e-07
94 2.1803919905189397e-07
95 2.1764342043378513e-07
96 1.9409551115325155e-07
97 2.192032344622942e-07
98 2.3137667130782675e-07
99 2.0038086241041666e-07
100 2.0155105415226364e-07
101 2.1243483807902278e-07
102 2.1865464215057341e-07
103 2.00329601822869e-07
104 2.110724382959607e-07
105 2.099200970214282e-07
106 2.0168514435445554e-07
107 1.7949078240694057e-07
108 2.2302154007217665e-07
109 2.166396384764701e-07
110 1.9780400510336566e-07
111 2.297964514824843e-07
112 2.1616291618118306e-07
113 2.286708813778399e-07
114 2.0232841358050342e-07
115 2.2532874021694605e-07
116 1.8104389736271577e-07
117 1.925858409361325e-07
118 1.8179506953033467e-07
119 2.1305332792636297e-07
120 2.239543186781712e-07
121 1.953253208493804e-07
122 2.592637311534915e-07
123 1.802980368979596e-07
124 2.1499334692737745e-07
125 2.1758295949705961e-07
126 1.8736226604197963e-07
127 2.1723035019633262e-07
128 2.007956844105595e-07
129 2.088893430355632e-07
130 2.130516371422339e-07
131 2.1547752310064221e-07
132 2.2735571633198664e-07
133 2.1040456396147405e-07
134 1.9413161768434406e-07
135 1.9979412013534547e-07
136 1.9999399627995916e-07
137 2.127170699478605e-07
138 2.0354847874959266e-07
139 2.1225820255425314e-07
140 1.9161756320181983e-07
141 1.7840807472288282e-07
142 1.896274815341837e-07
143 2.18129945889689e-07
144 2.1872589016750563e-07
145 1.7733253276863114e-07
146 2.094649733752905e-07
147 1.9772108590591901e-07
148 2.1032835039449954e-07
149 1.922321599678661e-07
150 1.8255902215965744e-07
151 2.0764624031331542e-07
152 2.0014119233570163e-07
153 1.9041923413720635e-07
154 2.167029240155458e-07
155 2.062323984123164e-07
156 2.1696982085761948e-07
157 1.9612756816548365e-07
158 2.1037461529455723e-07
159 1.9341724400192727e-07
160 2.1996123154511595e-07
161 1.8137338579037993e-07
162 2.1506669640225718e-07
163 2.2142658556600146e-07
164 2.086012002559534e-07
165 2.173181036398975e-07
166 1.9961974638514187e-07
167 1.890127491518131e-07
168 1.9571100078545476e-07
169 1.8802615253595498e-07
170 2.0733766729408741e-07
171 2.1113241820121243e-07
172 1.9494485497044417e-07
173 2.0432437610979216e-07
174 2.30919452918761e-07
175 2.0311500779289132e-07
176 2.1081886188251069e-07
177 2.033742059840792e-07
178 2.0546801762027437e-07
179 1.7377314688700399e-07
180 2.135340891967103e-07
181 2.0991261518454488e-07
182 2.125172051840312e-07
183 1.9661849891766258e-07
184 1.8292002093994353e-07
185 1.934054022797321e-07
186 2.088712461338629e-07
187 2.125071054747895e-07
188 2.0176997704178706e-07
189 2.1028948656710145e-07
190 2.160083291192779e-07
191 2.1551962792864175e-07
192 1.847784434864579e-07
193 2.0466042602654116e-07
194 2.0371076541935139e-07
195 1.9037813075419507e-07
196 1.9104026935024827e-07
197 1.919670253077314e-07
198 1.9196981564601541e-07
199 1.9849416850036585e-07
200 2.316951736186469e-07
201 2.2122812946791963e-07
202 2.2124181272275262e-07
203 2.033636877888843e-07
204 2.048934135842478e-07
205 1.9515977322292388e-07
206 2.0537241595287855e-07
207 2.252379155822275e-07
208 2.0270640013588387e-07
209 2.122401591426359e-07
210 2.2218604643660272e-07
211 2.0902625853077701e-07
212 2.0487010123550322e-07
213 2.0731750957730102e-07
214 2.1335590646630604e-07
215 2.220452630034707e-07
216 2.0184015011951174e-07
217 2.1711552563246698e-07
218 2.1367223742915294e-07
219 2.146193057030389e-07
220 2.0981819080420167e-07
221 2.143170010186198e-07
222 2.0546307110936406e-07
223 2.1736793656059435e-07
224 2.0190975310182137e-07
225 2.0135824385784594e-07
226 2.190571449627113e-07
227 2.194957580646686e-07
228 2.1339274521511988e-07
229 2.1439747092414407e-07
230 2.0520007390341457e-07
231 2.0989420793281917e-07
232 1.9493197281516245e-07
233 1.8802146114514184e-07
234 2.1507456598383535e-07
235 2.1908959360520524e-07
236 2.1873015770014458e-07
237 2.0403752213636667e-07
238 2.1382440200574516e-07
239 1.8862518139795588e-07
240 2.2333392978556426e-07
241 2.1650400583662282e-07
242 2.0438555544411337e-07
243 2.0697540188469604e-07
244 2.3480096536901752e-07
245 2.0651624700500614e-07
246 2.0193203433098154e-07
247 2.3575573463355566e-07
248 1.9820340026782688e-07
249 1.9811607004421153e-07
250 2.0573024712808043e-07
251 2.0798661682109527e-07
252 2.1113226195964265e-07
253 2.0706101041965156e-07
254 2.135625544638593e-07
255 2.104874397168179e-07
256 2.1095300384372455e-07
257 2.128784037366139e-07
258 2.098556068352044e-07
259 2.1682954375914846e-07
260 2.1838740450575857e-07
261 2.2906304204096184e-07
262 1.8584321699715474e-07
263 1.8726543237059535e-07
264 2.0306061109063508e-07
265 2.1025378615704106e-07
266 2.0276253790000574e-07
267 2.1607829250574583e-07
268 2.2753817734033725e-07
269 1.9587979024696904e-07
270 1.9438804207283062e-07
271 2.1668031567281726e-07
272 2.165935266640094e-07
273 1.989756527053119e-07
274 1.8991796235748847e-07
275 2.2407259526930106e-07
276 2.1054993439949413e-07
277 2.0597720535236628e-07
278 1.8911599880321178e-07
279 2.0818551278187815e-07
280 1.9774907911077444e-07
281 1.836164456325432e-07
282 1.906453658377296e-07
283 2.1342924008142405e-07
284 1.8163539626509262e-07
285 2.259600080029683e-07
286 1.9653960196923761e-07
287 2.1398277248627816e-07
288 2.038121568928589e-07
289 2.0402546129454375e-07
290 2.0458794060151131e-07
291 2.176432963312811e-07
292 2.098623393995821e-07
293 2.0495066711154093e-07
294 2.2503770814412875e-07
295 2.0223794633344913e-07
296 1.9631874670568348e-07
297 2.1417799287915008e-07
298 2.0519163981800035e-07
299 1.7131998975271526e-07
300 2.1924921721210666e-07
301 2.160049395170374e-07
302 2.1503877214262859e-07
303 1.9745439013016983e-07
304 2.060243674675815e-07
305 1.8894084382884618e-07
306 2.264919755037305e-07
307 2.0780991446278589e-07
308 1.9474568790712818e-07
309 2.128122951672248e-07
310 1.7350069487694442e-07
311 2.093119429449632e-07
312 2.2480741681203504e-07
313 1.9593851857031352e-07
314 1.934494085985825e-07
315 2.1217539663405044e-07
316 2.2069359816253832e-07
317 1.968055841298475e-07
318 1.9263818776898995e-07
319 2.2888910889834957e-07
320 2.111443297645397e-07
321 1.9904858701374666e-07
322 1.974535385628816e-07
323 2.1143548892107534e-07
324 1.88554297568026e-07
325 1.8382282273680983e-07
326 1.945729685915768e-07
327 2.2066809557176582e-07
328 2.0260089687698024e-07
329 2.2130347065705554e-07
330 1.8569263575540063e-07
331 1.901675836821664e-07
332 2.0693833851668282e-07
333 2.2456062108136982e-07
334 1.913032119039211e-07
335 1.8959153023126433e-07
336 2.276467333705609e-07
337 2.2489726862926533e-07
338 2.3036988554729864e-07
339 2.085992148762264e-07
340 2.3081397888910043e-07
341 2.360021351201307e-07
342 2.1518201247389515e-07
343 2.256095800075185e-07
344 1.9977112061559584e-07
345 2.0216380397009705e-07
346 1.9105298466053316e-07
347 2.090693445264671e-07
348 2.3580317641544103e-07
349 2.3648084914399454e-07
350 2.2881866524179602e-07
351 2.0737678926375057e-07
352 2.118209035938323e-07
353 2.025231551056811e-07
354 1.9632742652297883e-07
355 2.248846231556279e-07
356 2.2542590333414308e-07
357 2.1308108678657358e-07
358 2.2303670388715303e-07
359 2.0159979534746165e-07
360 2.0668719464524897e-07
361 1.986389937750172e-07
362 1.937603652355316e-07
363 2.040411337793572e-07
364 1.9431928708059523e-07
365 2.1441163100817507e-07
366 2.3626006031100769e-07
367 1.9491917194001383e-07
368 2.3239923145565945e-07
369 1.9998755500781203e-07
370 1.8688624153352869e-07
371 2.161008784950501e-07
372 2.154862070588365e-07
373 1.8999230971389377e-07
374 2.1901342386535758e-07
375 2.1061075383803471e-07
376 2.1115759524779992e-07
377 1.9748404104234708e-07
378 2.001352381513807e-07
379 2.1265083068444178e-07
380 2.115509211174792e-07
381 2.2197214810614014e-07
382 2.215968638473625e-07
383 1.937979720201835e-07
384 2.0417192460742265e-07
385 2.2919620220103305e-07
386 2.033531366654845e-07
387 1.952314233124223e-07
388 1.9197298757725007e-07
389 2.0669460263695522e-07
390 1.9359764261533024e-07
391 2.2064798105416174e-07
392 2.0513575903934962e-07
393 1.7644786995349257e-07
394 2.0883015066294057e-07
395 1.9278022474115992e-07
396 2.154015959510865e-07
397 2.0071079225050257e-07
398 2.0011155023295933e-07
399 2.2146527891196904e-07
400 2.0088545388978542e-07
401 2.2611999414163584e-07
402 2.0845752486596167e-07
403 1.985005861710691e-07
404 2.0207136858599703e-07
405 2.0218361618007528e-07
406 1.8122550012378513e-07
407 2.3346190682255444e-07
408 1.9537823419157492e-07
409 2.1173626462469515e-07
410 2.0706833791740465e-07
411 2.2275513757466792e-07
412 2.3309575115618603e-07
413 1.9234963705870357e-07
414 2.4421942827602606e-07
415 1.9667857201693528e-07
416 1.8082363306360524e-07
417 1.9247225849866692e-07
418 2.0661255825883231e-07
419 2.0490138181000778e-07
420 2.1059283079462038e-07
421 2.2051040844949651e-07
422 2.1882906276867977e-07
423 2.1443593725538643e-07
424 2.0062004461436822e-07
425 2.2106019417082244e-07
426 2.0688296946645997e-07
427 2.2941469121927524e-07
428 2.150847295814367e-07
429 2.177247519956292e-07
430 1.9369266531232028e-07
431 1.8729413500979935e-07
432 2.210587940426652e-07
433 2.1016190875838347e-07
434 1.8670353972677552e-07
435 1.8763166578802908e-07
436 1.9186939313463285e-07
437 2.1623591697992193e-07
438 2.033812082082985e-07
439 1.936911403797835e-07
440 2.0655286036267082e-07
441 1.9263727304740255e-07
442 1.9068795628211136e-07
443 2.188371776692882e-07
444 2.1908181326616055e-07
445 2.0963474889215127e-07
446 1.95320861664259e-07
447 1.9963822377993946e-07
448 2.108961848340179e-07
449 2.1688324457433795e-07
450 2.1686293536273456e-07
451 2.003014818291922e-07
452 1.8843236649427422e-07
453 2.077637097639223e-07
454 1.9020862662596277e-07
455 2.147741884407874e-07
456 2.1276731608070638e-07
457 1.9482458142133943e-07
458 1.9724789798833394e-07
459 2.0675382401347317e-07
460 1.789177628064412e-07
461 2.3393342175365614e-07
462 2.1414837398036773e-07
463 2.1722112782754578e-07
464 2.1112062791068932e-07
465 2.1377177069118238e-07
466 2.1795635399807087e-07
467 2.2909727173108042e-07
468 1.9410475960864164e-07
469 2.0243869477800056e-07
470 1.96520392912362e-07
471 2.089350226095915e-07
472 2.1399357921618963e-07
473 2.242573008403128e-07
474 2.2986841280308122e-07
475 2.292355239713101e-07
476 2.396954146753286e-07
477 2.1500408589563506e-07
478 1.7916656946331165e-07
479 1.871573936421651e-07
480 1.9890175587474035e-07
481 2.058406980815258e-07
482 2.13997394351661e-07
483 1.8626321156904227e-07
484 2.3005425737605604e-07
485 2.102996530428089e-07
486 2.1381771935659312e-07
487 2.0957568986759182e-07
488 2.2174420525910524e-07
489 2.3043590437394205e-07
490 1.8861431485251653e-07
491 1.9999977647634528e-07
492 2.0812028826961133e-07
493 2.1685692053687934e-07
494 2.0020657184882394e-07
495 2.2275789679833118e-07
496 1.819411845155764e-07
497 1.993157918888181e-07
498 2.104040818231987e-07
499 2.2896529221757125e-07
500 2.074036647138589e-07
501 2.277165567712239e-07
502 2.1930040808278242e-07
503 2.166038719356591e-07
504 2.027593651345353e-07
505 2.0973327246365453e-07
506 2.1899202109789147e-07
507 2.0936800562404394e-07
508 2.0387544472130595e-07
509 2.0030155707774799e-07
510 2.170198367278702e-07
511 1.79641741267164e-07
512 2.1890962805851658e-07
513 1.7842664381634803e-07
514 2.031972607186212e-07
515 2.0796612197738302e-07
516 1.8899373499968802e-07
517 2.1201269649235361e-07
518 1.9976406878575998e-07
519 2.0327906651830105e-07
520 1.8018652594436322e-07
521 1.943871174677935e-07
522 2.1725837303423236e-07
523 2.1018123298633084e-07
524 2.051252658021247e-07
525 2.192004781004055e-07
526 2.1778758674284938e-07
527 1.9152034500673764e-07
528 2.0758519324933794e-07
529 2.1455981630654792e-07
530 2.213175115098626e-07
531 2.3298527619671367e-07
532 1.9888544258728544e-07
533 1.8272277272792694e-07
534 1.9833364251219509e-07
535 2.2165073671904124e-07
536 2.1633390611386223e-07
537 1.9320791038543595e-07
538 1.9980013471050938e-07
539 1.910055652976785e-07
540 1.9468887364398117e-07
541 1.9774907088959116e-07
542 2.0713519282565023e-07
543 1.767483132479665e-07
544 1.9006398212043743e-07
545 2.1879377456702092e-07
546 2.0459206395369634e-07
547 2.225013875243137e-07
548 1.849369853833268e-07
549 2.0669715215510987e-07
550 2.2631600709613353e-07
551 2.2003229377245829e-07
552 2.231189317583767e-07
553 2.2584971848691113e-07
554 2.2493116612886837e-07
555 2.0966516542803434e-07
556 2.208452937079802e-07
557 1.9955147265461168e-07
558 1.9209814955910621e-07
559 2.0117067943465516e-07
560 1.993107021865176e-07
561 1.938246714499012e-07
562 2.2282575589063299e-07
563 1.9037281328919684e-07
564 2.2586741492311147e-07
565 2.0629129506294685e-07
566 2.038861522787145e-07
567 2.1238351898482006e-07
568 1.7288354319871778e-07
569 2.1732823670359346e-07
570 2.1168422239477518e-07
571 1.8790040118760926e-07
572 2.2013815139789418e-07
573 2.1946071722311175e-07
574 1.9912019695995816e-07
575 2.2832597411232212e-07
576 1.793787094288009e-07
577 2.1034852974662586e-07
578 2.0839860257814093e-07
579 1.9756152643196015e-07
580 1.753320369077698e-07
581 2.107544843683984e-07
582 2.2045271093793192e-07
583 2.135960034436691e-07
584 2.0430230204440193e-07
585 2.150184013718425e-07
586 2.1253330122452413e-07
587 1.9381155882343032e-07
588 1.9836770762561604e-07
589 2.09953192719273e-07
590 1.897819299568652e-07
591 1.979694546134362e-07
592 2.0022197530496491e-07
593 1.755795794552672e-07
594 2.095457886094766e-07
595 2.147212840864472e-07
596 1.9512193092509813e-07
597 2.3526563780598877e-07
598 1.991185367172878e-07
599 2.0089053175454803e-07
600 2.1995837207947069e-07
601 1.950808638445847e-07
602 1.9720200114195721e-07
603 2.0232781157819442e-07
604 2.0172594552017305e-07
605 1.9754902753517763e-07
606 2.14934996386381e-07
607 2.1278844900968333e-07
608 2.0746117627703354e-07
609 1.819653300313216e-07
610 2.0820916353721685e-07
611 2.074154448271068e-07
612 1.9811292458001704e-07
613 2.0027390693956665e-07
614 1.990269445138084e-07
615 2.2325285376163145e-07
616 2.2814356725111366e-07
617 2.096114904630505e-07
618 2.136476419644463e-07
619 2.0026957489647357e-07
620 1.8710073924676913e-07
621 1.7637633213063077e-07
622 2.0897549218051324e-07
623 1.9353603180583226e-07
624 2.2765651835987302e-07
625 2.3359875617730894e-07
626 1.93558470128077e-07
627 2.2206146769835547e-07
628 2.0713831259657534e-07
629 2.225628774516108e-07
630 2.124325110567256e-07
631 2.0775074247173052e-07
632 2.0617222498285393e-07
633 2.110151242601989e-07
634 1.8614213651995019e-07
635 2.12920613235457e-07
636 1.9358263211864995e-07
637 2.146553426946345e-07
638 1.9880658941914703e-07
639 1.905703886391568e-07
640 1.8859136230418344e-07
641 1.9022516353718851e-07
642 2.1599378563577743e-07
643 2.0136355555230754e-07
644 2.0043186922322868e-07
645 2.1978172968106338e-07
646 2.042328058419472e-07
647 2.0794020760517892e-07
648 1.9374514291725998e-07
649 2.4857967734086343e-07
650 2.2099778534176794e-07
651 2.253483473152312e-07
652 1.9818390950906665e-07
653 2.0868402162757064e-07
654 2.124593836996085e-07
655 2.4630018568415154e-07
656 1.942606801637249e-07
657 2.0593440828091103e-07
658 2.202744219330426e-07
659 2.0940725685039407e-07
660 1.947895441784643e-07
661 1.9565371167306143e-07
662 2.322324911009044e-07
663 2.160200624483138e-07
664 2.366611483732597e-07
665 1.793022818940115e-07
666 1.9769062641989344e-07
667 2.0701010466981172e-07
668 2.215484244930929e-07
669 2.147359987517928e-07
670 1.8464877526895719e-07
671 2.097482813725496e-07
672 2.002765107772056e-07
673 2.0316350631260628e-07
674 2.003901381785906e-07
675 2.2224427639198439e-07
676 2.1682145825294326e-07
677 2.1248941451326058e-07
678 1.7922286149972354e-07
679 2.007483022286829e-07
680 2.020676354966602e-07
681 2.027948161946346e-07
682 2.0520018398246125e-07
683 2.1193406089627407e-07
684 2.1608647326604764e-07
685 2.0046341158740567e-07
686 1.843058246294317e-07
687 1.948153032742268e-07
688 2.0148452764918798e-07
689 2.2845968056049086e-07
690 1.778999754274368e-07
691 1.999874794167778e-07
692 2.157951359638275e-07
693 2.0783166481899838e-07
694 2.156529088705673e-07
695 2.1759265439728068e-07
696 2.301186848475244e-07
697 2.2343973389323413e-07
698 1.9157168317800978e-07
699 2.187707365693072e-07
700 1.9783489302623468e-07
701 2.125307559525406e-07
702 1.7924605975406263e-07
703 2.0790849218835625e-07
704 2.232440452670962e-07
705 1.9431164614420687e-07
706 2.0736033982117265e-07
707 2.0812939589432889e-07
708 1.9807474654097425e-07
709 2.1973518649441518e-07
710 2.2336228329453247e-07
711 1.8625025008666057e-07
712 2.0760656723224842e-07
713 2.2235842921074516e-07
714 2.1922573072500957e-07
715 1.8218234086469702e-07
716 2.0326384620539065e-07
717 2.0389832075518889e-07
718 2.0049715070488278e-07
719 2.3600212319235474e-07
720 1.9914591823541086e-07
721 2.0526183516537348e-07
722 1.9908627325721301e-07
723 2.2298758725258496e-07
724 2.1670743045674407e-07
725 1.945088362284673e-07
726 2.4475051925978696e-07
727 2.0236540594810143e-07
728 2.1272802090746305e-07
729 1.9768228261321715e-07
730 2.026484204075886e-07
731 1.939480740179586e-07
732 2.3359437366079938e-07
733 2.20396598503816e-07
734 1.9994046306409217e-07
735 2.1570730351387165e-07
736 1.9639132785475391e-07
737 2.0693522231287674e-07
738 1.8874787791979733e-07
739 1.9498065112445134e-07
740 2.1304757724340743e-07
741 1.7078960627774537e-07
742 2.1304785600412253e-07
743 1.887776764134478e-07
744 2.1000639703139995e-07
745 1.973025941283947e-07
746 1.9010860806894558e-07
747 1.9639916514876111e-07
748 1.8241837169794158e-07
749 1.9377780950454412e-07
750 1.9959350133677926e-07
751 2.2467550876421656e-07
752 1.9121142640649483e-07
753 2.2373538785142948e-07
754 2.3305577391819117e-07
755 1.9725260893028555e-07
756 2.2728189234044993e-07
757 1.9130255810886413e-07
758 2.1722330058474278e-07
759 1.8109900994260103e-07
760 2.0702401487653628e-07
761 2.0561486933439893e-07
762 1.6463862637903948e-07
763 2.1683117544239085e-07
764 2.0559723622741283e-07
765 1.9134278825065446e-07
766 2.1040114739110419e-07
767 2.1972464705491135e-07
768 2.1612265793640086e-07
769 2.09495551655676e-07
770 2.0740391664055017e-07
771 2.0180159198068908e-07
772 2.3127186720979934e-07
773 2.1353891012404272e-07
774 1.7732063791086465e-07
775 2.027569679049898e-07
776 2.1819213632962082e-07
777 2.0816232042955971e-07
778 2.0791933611009334e-07
779 1.8030341625863783e-07
780 2.178584517213508e-07
781 2.0561974438730177e-07
782 1.8791067982144254e-07
783 2.1442714599799872e-07
784 1.9283843847554587e-07
785 2.141567875625323e-07
786 2.1837248795474363e-07
787 2.0267653999586013e-07
788 1.7464726255746554e-07
789 2.0404198978754342e-07
790 2.0925899635845748e-07
791 2.245291901853523e-07
792 2.1233487953913876e-07
793 1.7891261859227312e-07
794 2.0937108483804774e-07
795 2.2183323890383613e-07
796 2.1771722921433465e-07
797 2.0104564035350253e-07
798 2.1928357474683722e-07
799 2.142414814663002e-07
800 1.9400830165281195e-07
801 1.8969918796243894e-07
802 2.128261614923407e-07
803 2.2504485691861464e-07
804 2.0869986928732957e-07
805 2.141526874276904e-07
806 1.8658484062284914e-07
807 1.966860938786953e-07
808 2.0660494163068627e-07
809 2.0453848602221367e-07
810 1.8883757347711018e-07
811 1.8375350311164552e-07
812 2.0993558687198817e-07
813 2.0202001844486077e-07
814 2.016859503025179e-07
815 1.8192261929851228e-07
816 2.0767360156524377e-07
817 2.4284916805600077e-07
818 2.1647450256840273e-07
819 2.055837040185557e-07
820 1.9505986033204043e-07
821 2.0991326401166662e-07
822 1.919737295117528e-07
823 2.1407840280947185e-07
824 1.9393356171639835e-07
825 2.1470492918352623e-07
826 1.7721588459464923e-07
827 2.137348102320286e-07
828 2.128339884341103e-07
829 2.1441656180512298e-07
830 2.1287015623113145e-07
831 1.9752399410116336e-07
832 1.7950167567268752e-07
833 2.1049861088634004e-07
834 2.3083183761550383e-07
835 2.073913251446724e-07
836 2.38024615363767e-07
837 2.0075614052971252e-07
838 2.1216787276187682e-07
839 2.0699365233469023e-07
840 2.1903600231511458e-07
841 2.02329535994237e-07
842 1.9910480674439748e-07
843 2.2524423985150546e-07
844 2.2343898541644906e-07
845 1.821797438735894e-07
846 2.07175581346253e-07
847 2.0811381211891595e-07
848 2.1927658447770113e-07
849 2.0475946702451953e-07
850 2.1730086097242642e-07
851 1.9011920439543753e-07
852 2.239093983278771e-07
853 2.091506116786072e-07
854 2.063419277879578e-07
855 1.9400410221583987e-07
856 1.908074817673395e-07
857 2.016861073637741e-07
858 1.815021305516865e-07
859 1.882789573742728e-07
860 2.1148341061751912e-07
861 2.1690720022592733e-07
862 1.9399931199016516e-07
863 1.9843913431990855e-07
864 2.00890314844047e-07
865 1.89666992817787e-07
866 2.1516526532053017e-07
867 2.1742012244666159e-07
868 2.110487644612706e-07
869 2.0730848171820621e-07
870 2.1179173997796775e-07
871 2.1855890515418085e-07
872 1.885301525041631e-07
873 2.2859235585532053e-07
874 2.1288187590881123e-07
875 2.026671538996259e-07
876 1.7844877113054708e-07
877 2.1907359965343692e-07
878 2.1502591387515636e-07
879 2.096576494553899e-07
880 2.0436015067398396e-07
881 1.9792261447678812e-07
882 2.262397766833371e-07
883 2.047551920900348e-07
884 2.325816570341306e-07
885 2.3027509080705386e-07
886 2.1626119274029291e-07
887 2.030387374321451e-07
888 2.1134586169769513e-07
889 1.9327381214501182e-07
890 2.105413796874259e-07
891 2.0520080601810715e-07
892 2.1213816794718378e-07
893 2.1782959405047395e-07
894 2.3154440910220694e-07
895 1.993646220141372e-07
896 2.0238224236306513e-07
897 1.9937556535475914e-07
898 2.168628178238404e-07
899 1.9693203504481453e-07
900 2.2988512296413024e-07
901 2.1332308630300264e-07
902 2.2516370964719966e-07
903 2.2242736637811335e-07
904 2.0448458803672386e-07
905 1.8216077400737637e-07
906 2.1292451854352834e-07
907 2.1393131204917405e-07
908 1.995065121602381e-07
909 2.147157224892564e-07
910 1.9442936568806157e-07
911 2.0725797093313992e-07
912 2.065006390866005e-07
913 2.153615774417036e-07
914 2.0806824322074522e-07
915 2.1075253818269752e-07
916 1.9210185302205185e-07
917 2.1387061909992944e-07
918 1.9829870936787734e-07
919 1.929069358089345e-07
920 2.185532635082057e-07
921 2.066761561480908e-07
922 2.1294656277692957e-07
923 2.0252698772128787e-07
924 2.0295060292631183e-07
925 2.1770173447618883e-07
926 2.0196250968838184e-07
927 2.0877336141198579e-07
928 2.300143386053564e-07
929 1.889790132224552e-07
930 2.0572823004202608e-07
931 2.1617105566882272e-07
932 2.1348531021567062e-07
933 2.0210515870122148e-07
934 2.309749419638234e-07
935 2.3809403096399596e-07
936 2.0860612131193147e-07
937 2.0001286778678963e-07
938 2.3988935677826674e-07
939 1.637875295846499e-07
940 1.8177129832856455e-07
941 1.9584480833421684e-07
942 2.1561196328586328e-07
943 2.2570650169709392e-07
944 2.4519143697864255e-07
945 2.0815214884052686e-07
946 2.2371051452241985e-07
947 2.1293155388207508e-07
948 2.1879035974696124e-07
949 2.041822110471423e-07
950 2.0012683621664394e-07
951 1.846061872934151e-07
952 1.9818773475864402e-07
953 2.0458953833977628e-07
954 1.766237386603102e-07
955 2.2365128402117275e-07
956 1.9363184637941257e-07
957 2.1846893073641617e-07
958 2.206082832927147e-07
959 1.7627382399864118e-07
960 2.1311538878606983e-07
961 1.8755291716364637e-07
962 2.147797719021348e-07
963 1.8709149659182533e-07
964 2.2868294876827504e-07
965 2.0695958011096887e-07
966 1.8159435707097266e-07
967 2.1735504740949293e-07
968 1.8576699830299755e-07
969 2.0747116708483775e-07
970 2.1928669735076345e-07
971 2.2329515662436802e-07
972 2.2082904470132107e-07
973 2.107418139957827e-07
974 2.0312378600317376e-07
975 2.3502540951904e-07
976 1.8997552428916585e-07
977 2.0715489986375222e-07
978 1.8307728216967217e-07
979 1.6363978118274053e-07
980 2.1434701757768546e-07
981 2.069655211898031e-07
982 2.5914734159759935e-07
983 2.0570618310257924e-07
984 1.9830486354018013e-07
985 1.6185274443132478e-07
986 2.3682716682772997e-07
987 1.8880545733650022e-07
988 2.0084630758144894e-07
989 1.861995366974715e-07
990 2.016673411252304e-07
991 1.988635531905277e-07
992 2.1517626350509734e-07
993 2.083193282412016e-07
994 2.1694542242894882e-07
995 1.8784187083386174e-07
996 2.2143002763869163e-07
997 2.187789072890504e-07
998 2.2266238449491894e-07
999 2.080016019935109e-07
