0 1.550405908938029e-07
1 2.2421690000298813e-07
2 1.0597310635409717e-07
3 1.4663562182904408e-07
4 1.36952573719328e-07
5 1.8462729449982674e-07
6 1.1585074078223328e-07
7 1.8411212360242047e-07
8 1.6363175050418526e-07
9 8.179373717860576e-08
10 1.2984410855893108e-07
11 1.1910780625601775e-07
12 1.5938498655069868e-07
13 1.66205191345942e-07
14 1.786435829476798e-07
15 1.3611149061630353e-07
16 1.497176349125111e-07
17 4.714568903823008e-08
18 1.0895765628040085e-07
19 9.401399498526771e-08
20 1.377372324146524e-07
21 2.0126787033113705e-07
22 1.3370323227528352e-07
23 1.1872112783689327e-07
24 1.1089516907549307e-07
25 1.5836578997706453e-07
26 1.8823058755039433e-07
27 1.9241925170805655e-07
28 1.63149843745163e-07
29 4.35862620901335e-08
30 1.7806868813108416e-07
31 1.4414909897960082e-07
32 1.491559048463102e-07
33 9.74881369586594e-08
34 1.7808210572507842e-07
35 9.3698586558205e-08
36 1.7002593696350707e-07
37 1.9809240139598025e-07
38 1.4783355759088463e-07
39 1.5912208198488903e-07
40 1.0820774939287475e-07
41 1.3939778096310225e-07
42 2.1373514603936202e-07
43 1.7729326097030206e-07
44 9.724019761264745e-08
45 1.5761080505852932e-07
46 1.2562899108864596e-07
47 1.2936935324776048e-07
48 1.7977796987760663e-07
49 1.7044634196268567e-07
50 1.726505041594947e-07
51 1.6753018197889704e-07
52 1.9467026959854665e-07
53 1.291436338311656e-07
54 1.6665748283595657e-07
55 1.817182245329e-07
56 1.1054952283934813e-07
57 9.177554398003819e-08
58 1.5417200086417572e-07
59 1.6650170465918457e-07
60 1.4768344712600763e-07
61 1.4948245373347952e-07
62 1.829603166671277e-07
63 1.1006617910218033e-07
64 1.6293195635641457e-07
65 1.07720804621185e-07
66 7.684852138039315e-08
67 2.021724775067127e-07
68 1.8885731007097617e-07
69 1.1322074572119622e-07
70 1.676323132855907e-07
71 1.71539851996467e-07
72 1.4985223199611374e-07
73 1.6623792456429062e-07
74 1.7573303517268582e-07
75 2.3479343749596463e-07
76 1.1013797374668964e-07
77 1.6682387226223155e-07
78 1.8361877852807058e-07
79 1.3327935382728651e-07
80 1.7912080901445954e-07
81 1.2777927514655257e-07
82 1.4191970147985665e-07
83 1.8946298387665152e-07
84 1.5232375475569346e-07
85 1.790351363183137e-07
86 1.9006532217372927e-07
87 1.364049541402339e-07
88 2.468588611523789e-07
89 1.0592068676201347e-07
90 1.4637712362460478e-07
91 1.3626170968862808e-07
92 9.686183206026099e-08
93 1.0636796648960459e-07
94 1.0828470009193987e-07
95 1.233822368161882e-07
96 1.347319927568627e-07
97 2.24764589211185e-07
98 1.851088329194704e-07
99 1.7291409914101478e-07
100 1.990465349558357e-07
101 1.8345435669669446e-07
102 1.1467526969238052e-07
103 1.8431783293177536e-07
104 9.292961516595728e-08
105 1.4154732736950262e-07
106 8.23766950086013e-08
107 1.0990755685009457e-07
108 1.3047298175584555e-07
109 1.9338794308414054e-07
110 1.6246716659266402e-07
111 1.1977493826181832e-07
112 4.9817796606180695e-08
113 1.592938428493461e-07
114 1.5522277353481156e-07
115 1.1754280471528125e-07
116 1.6425216590198556e-07
117 2.3113689799907437e-07
118 1.5277831879754866e-07
119 1.3815335008973092e-07
120 1.662062361221565e-07
121 1.6966177710917745e-07
122 1.5963643540721234e-07
123 2.0823617928093092e-07
124 1.2864784796827643e-07
125 1.6783585512077424e-07
126 2.0553262177788054e-07
127 1.555064666784846e-07
128 1.8793644659696569e-07
129 1.478661078211276e-07
130 1.511297608902151e-07
131 1.286845123076498e-07
132 1.6916519394893337e-07
133 1.1485341382257542e-07
134 1.858640638221885e-07
135 1.1151799492457201e-07
136 5.270646393922801e-08
137 1.7501070277282421e-07
138 1.273477900165335e-07
139 8.695787846598988e-08
140 1.7313479632505019e-07
141 1.6677919799878418e-07
142 9.722795265524777e-08
143 1.3413307605648612e-07
144 6.918944156351359e-08
145 1.4824376607963887e-07
146 1.5274202289605101e-07
147 1.7511700143017092e-07
148 1.804561307155515e-07
149 1.5046169715006067e-07
150 1.270891967702176e-07
151 1.3383433873242022e-07
152 1.457821711375884e-07
153 1.3998651906700843e-07
154 1.895692112836943e-07
155 1.245291294477868e-07
156 1.6628062672628303e-07
157 1.3740141539894248e-07
158 1.5504772969009068e-07
159 1.6929691205409654e-07
160 1.2103742023545074e-07
161 1.064008966826942e-07
162 1.63975202349105e-07
163 1.5112434901577513e-07
164 1.4166209530673592e-07
165 2.0202149527015671e-07
166 8.863334453491156e-08
167 1.4851232127538478e-07
168 2.1081721186621536e-07
169 1.8205951671768228e-07
170 9.914489006979299e-08
171 1.7287310387003047e-07
172 1.3901373738327558e-07
173 1.2154437256357088e-07
174 1.750344178845225e-07
175 1.5854493925256824e-07
176 1.9426302799645913e-07
177 1.5073123768033225e-07
178 1.761083555133893e-07
179 1.8534146848972615e-07
180 1.5003979822131152e-07
181 1.5843284741384728e-07
182 1.08069461093692e-07
183 2.4863371250163016e-07
184 1.0445595171565323e-07
185 1.770336570416406e-07
186 1.617932131427819e-07
187 1.7412362062713846e-07
188 1.1159959031430243e-07
189 1.1048107864798383e-07
190 2.24761972042113e-07
191 1.374945334660591e-07
192 1.6702943752875002e-07
193 1.4124004694201842e-07
194 1.5759879091354545e-07
195 1.8006311337363174e-07
196 1.604057127421336e-07
197 1.8681774773000283e-07
198 1.473474652459568e-07
199 1.5430042256221157e-07
200 8.199639678257603e-08
201 1.7839604177049007e-07
202 1.4975706214063407e-07
203 2.0979061999248417e-07
204 1.59896980080828e-07
205 1.0092550756224932e-07
206 1.577985675812614e-07
207 1.2520516743407012e-07
208 1.3692127682692482e-07
209 1.304329870115179e-07
210 1.2002058651463985e-07
211 1.513953943416342e-07
212 1.5952154513454007e-07
213 1.3358473202191795e-07
214 9.740194157005488e-08
215 1.3355551671806196e-07
216 1.6956176281271557e-07
217 2.0664673894925658e-07
218 1.8753691728629797e-07
219 1.0534224691607177e-07
220 1.20253967861643e-07
221 2.0198225286334066e-07
222 1.8389205298326527e-07
223 1.207374543397933e-07
224 1.0424928028149783e-07
225 2.0425304014169928e-07
226 1.31778818342677e-07
227 1.2355331990454803e-07
228 2.114787426422238e-07
229 1.8888973394313302e-07
230 6.543805732061093e-08
231 1.633464154374225e-07
232 7.620999076274988e-08
233 1.8026127883293838e-07
234 1.6436342700173987e-07
235 1.7490932772545467e-07
236 1.8029209332757533e-07
237 1.0930404386058106e-07
238 9.725620626014536e-08
239 1.5045006279173402e-07
240 1.1985748833822815e-07
241 1.3493482578524198e-07
242 2.2083213131172065e-07
243 1.739953643082212e-07
244 1.4654594874830934e-07
245 1.9199238073756237e-07
246 2.0050554668264527e-07
247 1.4462741140723793e-07
248 1.3690980003622386e-07
249 1.866872544142023e-07
250 1.9171285798064996e-07
251 1.6351896299756777e-07
252 1.7030092939490793e-07
253 1.1655775900458102e-07
254 1.33155292390615e-07
255 1.051958975379178e-07
256 1.420103916506986e-07
257 1.9702091863849965e-07
258 1.720305045271827e-07
259 1.2666744607709835e-07
260 1.3069530605352948e-07
261 1.6182174691691116e-07
262 2.0456613938737197e-07
263 9.365325163175199e-08
264 1.7247990573158095e-07
265 1.3567379650025647e-07
266 1.708898199619286e-07
267 1.5500491854844165e-07
268 1.3477608078232388e-07
269 1.4733145624887667e-07
270 1.3420266417770907e-07
271 1.5401462449981567e-07
272 1.7333605619312584e-07
273 1.3036110998445789e-07
274 1.2535262007823244e-07
275 9.908748085290589e-08
276 1.6465912627463924e-07
277 1.4335839025759004e-07
278 1.9554244088537358e-07
279 1.555681278560892e-07
280 1.5054602288691722e-07
281 2.032580004981656e-07
282 1.0932548145976238e-07
283 1.2796510754699274e-07
284 1.9493200322148188e-07
285 1.4670507985576735e-07
286 1.893583327306356e-07
287 1.719485264900098e-07
288 1.5239334708618904e-07
289 9.607716879397584e-08
290 1.7241565289986036e-07
291 1.0374360017115376e-07
292 1.8262986505544466e-07
293 1.5565989004181588e-07
294 1.1585438109716098e-07
295 1.2082921340755131e-07
296 1.3636612193644956e-07
297 1.9323838359761508e-07
298 1.2937071310799815e-07
299 1.1692205283512999e-07
300 2.0963181511134775e-07
301 1.8271979231057802e-07
302 2.491672518233009e-07
303 1.1527186088067978e-07
304 5.722953546054045e-08
305 1.1136057137110057e-07
306 1.0385839103898599e-07
307 1.213412516568157e-07
308 1.9898652584953533e-07
309 1.1450358545953822e-07
310 1.5221608877472023e-07
311 1.2255965198624536e-07
312 1.3263550667397364e-07
313 1.5998898917791284e-07
314 1.296505818998567e-07
315 1.4217491099518365e-07
316 1.4415829308449828e-07
317 1.4144558949016e-07
318 1.4985441736850017e-07
319 1.0307546123381996e-07
320 1.5683106411715432e-07
321 1.197737686586489e-07
322 1.255625774721265e-07
323 1.818855973358156e-07
324 1.5858087116772646e-07
325 1.5117451918956248e-07
326 1.8520220367324875e-07
327 1.4255750486857376e-07
328 1.5980727350829402e-07
329 1.4959001776075336e-07
330 7.772202750145276e-08
331 1.150075476857353e-07
332 1.7113893310797214e-07
333 1.762321427002093e-07
334 1.826255709982905e-07
335 1.84505529323034e-07
336 1.7693664154755334e-07
337 1.4551546639682158e-07
338 1.2206318662575566e-07
339 1.7420972228744748e-07
340 1.1756868255821405e-07
341 1.4443281034343004e-07
342 1.326315462261209e-07
343 1.7047347486009525e-07
344 2.1182522146431896e-07
345 1.293278680993023e-07
346 9.561933585545505e-08
347 1.6310606663067279e-07
348 1.179727991289132e-07
349 1.4205342766364777e-07
350 1.7264303980003993e-07
351 1.5224811466481633e-07
352 1.8720157720101366e-07
353 1.2803586226204041e-07
354 1.8283061607340249e-07
355 1.8487670149214694e-07
356 1.289375183592217e-07
357 1.0446149256776291e-07
358 2.0583276315775822e-07
359 2.556052432050543e-07
360 2.2176314111976726e-07
361 2.0844862935219126e-07
362 1.1542206894113118e-07
363 1.6658708523302737e-07
364 1.9936125365979303e-07
365 1.9858667201348625e-07
366 1.192161037038169e-07
367 1.4606631006790387e-07
368 1.0688878464309228e-07
369 2.0862413840416018e-07
370 1.927516048514872e-07
371 1.337089491595338e-07
372 7.474949986040982e-08
373 1.8379064731934076e-07
374 1.2649293713452188e-07
375 1.5968324206428013e-07
376 8.743785548427742e-08
377 1.661132041180227e-07
378 1.2375960847077554e-07
379 1.5199664213048083e-07
380 1.6542754518977536e-07
381 1.3457905029067198e-07
382 1.1682235298194657e-07
383 1.5932193471076515e-07
384 1.3687193445130575e-07
385 7.894234739337844e-08
386 9.363713872711491e-08
387 2.1328572660699094e-07
388 1.1592472188815168e-07
389 2.1116130638611766e-07
390 1.2042515513206895e-07
391 8.583081062527434e-08
392 1.5701895586056187e-07
393 1.4304273248367797e-07
394 1.192037421377111e-07
395 1.1513452016077745e-07
396 1.1733191818361354e-07
397 1.6123648749215655e-07
398 1.0051007520195718e-07
399 1.1852818893443392e-07
400 1.2921223386220906e-07
401 1.4472491791940168e-07
402 9.358041122603108e-08
403 1.9498543551928865e-07
404 1.1860529116346274e-07
405 1.364791353664312e-07
406 1.5644472358626525e-07
407 1.3832866429316093e-07
408 1.8222824743482675e-07
409 1.6874617899064138e-07
410 1.0990163169138507e-07
411 1.5887727427114916e-07
412 1.0289388807666855e-07
413 1.9112877629948893e-07
414 1.0058726638052473e-07
415 1.5122923150150542e-07
416 1.4923203546518114e-07
417 1.7436871438987033e-07
418 1.3792464117288091e-07
419 1.9867882698547096e-07
420 1.1571695825017408e-07
421 1.4561023559556414e-07
422 1.6452073368050993e-07
423 1.1234993355911471e-07
424 1.3573231188584337e-07
425 1.6734546147758941e-07
426 1.187923570112325e-07
427 1.322466155381219e-07
428 1.1826961467281717e-07
429 1.796174794915992e-07
430 8.442907326038582e-08
431 7.555470023201593e-08
432 1.5668497914002607e-07
433 1.4815895721571023e-07
434 1.4286889146622894e-07
435 1.1712153331755156e-07
436 1.6325868465644938e-07
437 1.3307358667344413e-07
438 2.1021527720973545e-07
439 1.5473703477618866e-07
440 9.815285603564685e-08
441 1.7992199238153023e-07
442 1.8005304416249057e-07
443 1.564326092170091e-07
444 1.3335936718461745e-07
445 1.033406627703402e-07
446 1.496090268926834e-07
447 1.3479321058688488e-07
448 1.567760168955099e-07
449 1.57007122502612e-07
450 1.3639739525377878e-07
451 9.992634318943391e-08
452 1.450527052392742e-07
453 1.433643070089736e-07
454 1.8386465684149482e-07
455 1.4417422390173348e-07
456 1.1271583032557087e-07
457 1.4240401150499924e-07
458 1.9296687449247017e-07
459 1.5592712012769022e-07
460 1.6743779438327864e-07
461 1.7941845544886908e-07
462 1.7668662560726554e-07
463 1.6151720669966508e-07
464 1.1220651353517917e-07
465 1.247663008914847e-07
466 1.322681751731405e-07
467 1.101632364735889e-07
468 1.2069152780906524e-07
469 1.3686714891489613e-07
470 1.2613090508729784e-07
471 1.4661254384151193e-07
472 1.990921899759795e-07
473 1.461454900975892e-07
474 2.168889288604712e-07
475 1.4450120848449196e-07
476 1.9028016491398084e-07
477 1.3625617421889597e-07
478 4.6321672199934455e-08
479 9.710289381003972e-08
480 1.3937326538332203e-07
481 1.405119702129784e-07
482 1.6477158788833663e-07
483 1.661586001926099e-07
484 1.1891380284538635e-07
485 1.7801075019701265e-07
486 1.5531026277634755e-07
487 2.331150713261186e-07
488 1.5842803463984542e-07
489 1.5977185800284455e-07
490 1.2221233633943383e-07
491 1.4386055903025933e-07
492 1.9861150060199528e-07
493 1.8425758564967574e-07
494 1.242629906347272e-07
495 1.6805874449981025e-07
496 2.1315422283639304e-07
497 1.069268672781891e-07
498 1.902157915351129e-07
499 7.847494464383647e-08
500 1.9875870483644757e-07
501 1.1168608388998363e-07
502 1.895053045896347e-07
503 1.2236290984004115e-07
504 1.718381231258954e-07
505 1.8069798105072666e-07
506 1.4549567327824908e-07
507 1.7164897315651508e-07
508 1.8818617344153412e-07
509 1.701655754219103e-07
510 1.5681945441231608e-07
511 9.28336381907463e-08
512 1.8066044706453783e-07
513 1.1933330152826518e-07
514 2.025152428030655e-07
515 1.4969582712114795e-07
516 1.3198398961354227e-07
517 1.61458834185279e-07
518 1.5097930579386436e-07
519 1.2553847343474555e-07
520 1.3111473083916546e-07
521 1.2963172515660746e-07
522 1.523817537721271e-07
523 1.9399221084133186e-07
524 1.0145252111441345e-07
525 1.2228675455336363e-07
526 1.8004385199723366e-07
527 1.621719657000642e-07
528 1.4167936095776455e-07
529 1.5495132681490333e-07
530 1.5380570457475215e-07
531 1.335222432078867e-07
532 1.2623406938550714e-07
533 1.9951829072551391e-07
534 1.7161124630430715e-07
535 1.5727229304743534e-07
536 1.5957862236734025e-07
537 1.7537071772868746e-07
538 1.2499218254519766e-07
539 1.798659602521453e-07
540 1.8462399032463574e-07
541 1.4413621850262992e-07
542 1.7069337637453533e-07
543 1.746772039782016e-07
544 1.3840625921025593e-07
545 9.902207227498217e-08
546 1.2041637189500805e-07
547 1.488890638631695e-07
548 1.8128429569104445e-07
549 9.827535662214228e-08
550 1.1695421379451706e-07
551 1.8388740011706276e-07
552 1.514949232955677e-07
553 2.3331590953626538e-07
554 6.750270210952167e-08
555 1.7673929298426312e-07
556 1.289911145742448e-07
557 9.1789087664351e-08
558 1.3937101723273797e-07
559 1.4748125157829314e-07
560 1.8155930760947474e-07
561 1.0665991612508017e-07
562 1.010465709471769e-07
563 1.6880567104463901e-07
564 2.0552710141900315e-07
565 1.0320811561289896e-07
566 1.5225837564204824e-07
567 1.2018156072955713e-07
568 2.1353274713937847e-07
569 1.986473341626517e-07
570 1.8174677753074873e-07
571 1.2685244775040778e-07
572 1.130515705033411e-07
573 1.833691871415634e-07
574 1.1453314590140054e-07
575 1.2762687860862694e-07
576 1.350597881313436e-07
577 1.3572878242190188e-07
578 4.953557506462231e-08
579 1.4414309467613306e-07
580 1.44909661338898e-07
581 1.5785718839195584e-07
582 1.7365350593404955e-07
583 1.3027006681943417e-07
584 1.5138988739819196e-07
585 1.3790698745934139e-07
586 1.1595158053885346e-07
587 1.440079654280681e-07
588 1.3456635130747147e-07
589 1.1905521898401865e-07
590 1.5072335131351767e-07
591 1.2051776107848414e-07
592 1.9097021322476078e-07
593 1.725104516323978e-07
594 7.800813880981084e-08
595 1.7284766227783803e-07
596 1.882870391891217e-07
597 1.2434444182573147e-07
598 1.510783295763823e-07
599 1.3768343398301957e-07
600 2.066382302706155e-07
601 1.5992165253733888e-07
602 1.379326391744192e-07
603 9.248953623192247e-08
604 1.0371470849948835e-07
605 7.416885601195177e-08
606 7.123688560522186e-08
607 1.046819380149792e-07
608 1.5854683295504844e-07
609 2.7518773618281206e-07
610 1.1186185565612309e-07
611 9.160008266678077e-08
612 1.671168940662575e-07
613 1.4740188129168202e-07
614 2.1052054483092344e-07
615 1.4840967511061835e-07
616 1.6661034559787227e-07
617 8.217760077263622e-08
618 1.832563047400637e-07
619 1.0257360005722222e-07
620 1.3226900706104898e-07
621 1.255099721838826e-07
622 1.7194481943776757e-07
623 1.9274500156700102e-07
624 1.737205199125043e-07
625 1.995795853242941e-07
626 1.7037752661010748e-07
627 9.767705570395731e-08
628 1.8404627693536366e-07
629 1.594279786673876e-07
630 1.4239654669316316e-07
631 1.2598044764990136e-07
632 1.0479798509331158e-07
633 1.4526768899574836e-07
634 1.3115717722791462e-07
635 1.4278252672016532e-07
636 2.063728834521555e-07
637 1.873899174620033e-07
638 1.5749128435255122e-07
639 1.7696088762262396e-07
640 9.903240760750574e-08
641 1.4140374668589175e-07
642 1.240634531502041e-07
643 1.2257884443845506e-07
644 1.1709368914657609e-07
645 1.354697164417459e-07
646 1.8066669730107275e-07
647 1.0542006031962835e-07
648 1.1160680933093455e-07
649 7.801492509689417e-08
650 1.1689668537765354e-07
651 7.890162813854274e-08
652 1.751014727038599e-07
653 1.6430702337271831e-07
654 1.558862496471259e-07
655 1.6565061105526138e-07
656 1.3406825848656708e-07
657 1.0526732172080598e-07
658 1.3156999580269283e-07
659 1.8080742172393177e-07
660 2.0127197155618725e-07
661 1.1661561049515825e-07
662 7.515996494665924e-08
663 1.4962689989399904e-07
664 8.971500999343964e-08
665 2.070504230310453e-07
666 1.299709117637821e-07
667 1.3961165072338543e-07
668 1.0429421618002718e-07
669 1.8567346030130293e-07
670 1.5328116015610214e-07
671 1.4287001044318671e-07
672 1.902344630651049e-07
673 1.699164156084909e-07
674 1.5449289417777238e-07
675 1.6978585630523961e-07
676 1.7490096882936834e-07
677 1.4637337581108799e-07
678 1.9607807873196112e-07
679 1.9158150186779734e-07
680 1.717957802211889e-07
681 1.6415741378213153e-07
682 2.2848115658391122e-07
683 1.9899622692700531e-07
684 1.5408333524441775e-07
685 1.6935618970281997e-07
686 1.943641626777074e-07
687 1.0240028349778051e-07
688 1.4794370038068126e-07
689 1.842968431856686e-07
690 1.356250074989517e-07
691 1.6096613408813102e-07
692 1.0297113727378932e-07
693 1.4909195606214095e-07
694 1.1867912284011963e-07
695 1.7640561332822984e-07
696 1.9943168487987797e-07
697 1.0304027604239363e-07
698 1.4382928196647976e-07
699 1.4050160696207272e-07
700 1.7380876805115825e-07
701 1.115124328775701e-07
702 1.9958901433416813e-07
703 2.0951624971595225e-07
704 1.4523228960089923e-07
705 1.0724841273321605e-07
706 2.2199306407519613e-07
707 1.802136903781474e-07
708 2.3556243412025246e-07
709 1.1478820944943843e-07
710 1.349468341516549e-07
711 1.6304360362783416e-07
712 1.476938784602013e-07
713 1.0761711794622876e-07
714 1.71799061525665e-07
715 2.0172712268873647e-07
716 1.3213523719553607e-07
717 2.223532258828558e-07
718 1.6084412295762639e-07
719 1.5270170214546662e-07
720 1.025600717333848e-07
721 1.2953499747927548e-07
722 1.1322203142853158e-07
723 1.3839777113081374e-07
724 1.1346732858719391e-07
725 2.2596566013285763e-07
726 1.279376257857357e-07
727 1.2737919305999124e-07
728 1.4297707389206156e-07
729 2.060841409042876e-07
730 1.103014595928162e-07
731 1.5523640768914915e-07
732 3.966761098562372e-08
733 1.3081851440689537e-07
734 1.7608492714557702e-07
735 1.1783545774638698e-07
736 1.988439763817509e-07
737 1.6768573558352674e-07
738 7.592762720734995e-08
739 1.4292721807199038e-07
740 1.277186890744676e-07
741 7.808221754664251e-08
742 1.6904277375577577e-07
743 1.4648416498920265e-07
744 1.667712488109607e-07
745 1.2939760516760167e-07
746 1.3388397159690844e-07
747 1.3443473786011902e-07
748 2.180975169301709e-07
749 1.4753907142208025e-07
750 1.0345183343388492e-07
751 1.709708653741331e-07
752 7.401455371425753e-08
753 1.0700404456445559e-07
754 1.3891643819529477e-07
755 1.1356636692778967e-07
756 1.627672711518008e-07
757 1.3353562409001167e-07
758 1.5000217870562422e-07
759 1.5047656143872289e-07
760 1.3481207825755558e-07
761 1.5391994666695529e-07
762 1.427935225813825e-07
763 1.705536026946171e-07
764 1.6800894195790054e-07
765 1.4816058882383903e-07
766 1.360552169212273e-07
767 1.3439409481762614e-07
768 1.891670874830364e-07
769 1.604336755212031e-07
770 1.450790840403755e-07
771 1.1613907070865746e-07
772 1.6523440767507174e-07
773 1.5587915753485954e-07
774 1.3906471734360263e-07
775 1.652559099412856e-07
776 1.8846795200973564e-07
777 1.3796503159518163e-07
778 1.587731440121806e-07
779 1.1895329967951873e-07
780 1.2086921608800313e-07
781 8.955096961782441e-08
782 1.6469568062729565e-07
783 1.2724875384336864e-07
784 1.0981433636219116e-07
785 1.9326142018404841e-07
786 1.340736758529909e-07
787 1.6035189427037812e-07
788 1.340648403675094e-07
789 1.518340609831102e-07
790 1.6252338307927598e-07
791 1.4909117754477205e-07
792 2.0486601091594155e-07
793 1.394127101733371e-07
794 1.9336667612402416e-07
795 1.3141443424776833e-07
796 1.5584409164246773e-07
797 1.7334491880591677e-07
798 1.801859083847502e-07
799 1.3463407115863604e-07
800 1.308531914941911e-07
801 1.3155940971910063e-07
802 9.263433250223009e-08
803 1.964768469143875e-07
804 1.4114496365391363e-07
805 1.4701324732985357e-07
806 9.79340124631248e-08
807 7.701153734927123e-08
808 1.491993799193924e-07
809 1.966112448644228e-07
810 1.7158329174356796e-07
811 2.058281674543678e-07
812 1.6445520126525876e-07
813 1.6274834473194282e-07
814 1.1685232948154437e-07
815 1.677399617777079e-07
816 1.438166376015453e-07
817 6.322519905818831e-08
818 1.8766499084343049e-07
819 1.7823634402533225e-07
820 1.924891351434863e-07
821 1.3221408122795385e-07
822 1.7936931456094074e-07
823 1.1122937208132017e-07
824 1.1307719213822102e-07
825 1.186823125540595e-07
826 1.895198748010115e-07
827 1.1352615634371895e-07
828 1.71821871125415e-07
829 1.692882900187089e-07
830 2.1280914923169127e-07
831 1.2278680146834812e-07
832 1.3521762482802344e-07
833 1.485161165047145e-07
834 1.2673921714981374e-07
835 1.9728197401767198e-07
836 1.596788919600696e-07
837 9.614078411386288e-08
838 1.4038628597470755e-07
839 1.5370432235495243e-07
840 1.1845044447856103e-07
841 1.5801893460558145e-07
842 9.785362788511995e-08
843 1.2219125050405718e-07
844 1.5513509277023777e-07
845 1.7545350395130765e-07
846 1.0653453637767036e-07
847 1.4225526914218686e-07
848 1.304261461524928e-07
849 1.4314022762766134e-07
850 1.6556487096665842e-07
851 1.714699062598778e-07
852 1.2437840647959473e-07
853 1.1834416902114501e-07
854 1.7382305206496635e-07
855 1.5657729156583247e-07
856 1.8206505254108792e-07
857 1.2429572849333235e-07
858 1.7519937129184917e-07
859 1.0063662947709235e-07
860 9.823812460150088e-08
861 1.3898707677249766e-07
862 2.0602134810042497e-07
863 1.673945003473761e-07
864 6.482085729582943e-08
865 1.2595242133467456e-07
866 1.678614155878334e-07
867 1.1718768393420283e-07
868 1.9877482946390654e-07
869 2.0364044756327222e-07
870 1.41863070171953e-07
871 1.5663587152332277e-07
872 1.5974135333521902e-07
873 1.187557399930102e-07
874 1.755295247899581e-07
875 1.710703984954326e-07
876 8.33422196516025e-08
877 9.90356668095191e-08
878 1.5880401666690552e-07
879 1.7971556289540225e-07
880 1.6523827890545616e-07
881 1.0423780456463578e-07
882 2.1166091724032278e-07
883 2.2312989849689045e-07
884 1.8523584420981178e-07
885 2.1237831508037832e-07
886 1.5375725570060476e-07
887 1.6033775967925538e-07
888 1.0834446660441794e-07
889 1.874555174139908e-07
890 2.3005098607261375e-07
891 1.3545733852427078e-07
892 1.1365416526910223e-07
893 1.7885984677234388e-07
894 1.5383956892160173e-07
895 1.3802221298097087e-07
896 7.403778290131799e-08
897 1.9057655869038496e-07
898 1.2088151987506665e-07
899 1.4801211684917815e-07
900 6.725787718163152e-08
901 1.0392567612210938e-07
902 1.4263197594390037e-07
903 1.9716054616853753e-07
904 1.2228158577322283e-07
905 1.425753746446442e-07
906 2.3373245929429838e-07
907 1.8122829657752877e-07
908 1.4421100844205807e-07
909 1.5575546308381083e-07
910 1.3788777649200293e-07
911 1.7803933088281122e-07
912 1.3700758779373754e-07
913 1.3895569520862217e-07
914 1.1926612786931895e-07
915 1.2423215959601997e-07
916 8.167380846519854e-08
917 1.53803510741679e-07
918 5.470931599194209e-08
919 1.1925583588713035e-07
920 1.2479868087801784e-07
921 1.699075303177289e-07
922 1.9164160048617756e-07
923 1.7297097626121664e-07
924 1.6810918526815305e-07
925 2.2136510202147972e-07
926 1.0580899842406253e-07
927 1.0393087272367913e-07
928 1.7192878614757952e-07
929 1.4240242677585708e-07
930 9.49432305926874e-08
931 1.0001837265534152e-07
932 2.26834714933882e-07
933 1.0989703432219476e-07
934 1.1481886949203222e-07
935 1.4907016217082225e-07
936 1.1043357421006942e-07
937 1.8718387774770422e-07
938 1.425140824853837e-07
939 1.6802530656371564e-07
940 1.3642402216748277e-07
941 1.4212411249804234e-07
942 6.188641648456315e-08
943 1.7389294369697117e-07
944 1.6412256253253442e-07
945 1.9508944219199177e-07
946 7.410315935471766e-08
947 1.6170482677098163e-07
948 1.749243542224103e-07
949 1.7974215646531867e-07
950 1.3067352181090986e-07
951 1.4114451214587865e-07
952 1.6495375141115893e-07
953 1.1345796075204613e-07
954 1.616512194874029e-07
955 1.1269026678299868e-07
956 1.4753160131267815e-07
957 1.9653183608797998e-07
958 1.5813850754567887e-07
959 2.2248356847293072e-07
960 1.1028049857991532e-07
961 1.465888138099978e-07
962 1.0199389219789473e-07
963 1.6943529734754109e-07
964 1.6112673083070915e-07
965 1.7230172612779757e-07
966 1.8017084598006953e-07
967 1.6849435200759162e-07
968 1.2555089721974055e-07
969 2.1841787187028006e-07
970 1.4651566403560367e-07
971 1.07303287010728e-07
972 1.3115563579689989e-07
973 1.418056331514463e-07
974 1.568412128122236e-07
975 1.68674031550624e-07
976 1.6098531382511965e-07
977 1.6729288882764455e-07
978 1.1728711608709792e-07
979 1.249606462078128e-07
980 1.592964059548801e-07
981 1.3578068935376503e-07
982 9.56500156929116e-08
983 1.0005639618880036e-07
984 9.702263273255328e-08
985 1.4988871824491265e-07
986 1.6131196751636573e-07
987 1.9036558959377424e-07
988 1.5062441801015446e-07
989 1.6064375354000322e-07
990 5.7491764943393494e-08
991 8.986223035037955e-08
992 1.5998970031337942e-07
993 1.5881891590862622e-07
994 1.0820656019256189e-07
995 1.0393973476802664e-07
996 1.6726201515519188e-07
997 5.164425923910247e-08
998 1.5280643916090392e-07
999 1.9738474915811353e-07
