0 4.095765813885866e-07
1 5.131089772160897e-07
2 3.42164103978774e-07
3 5.01931892187705e-07
4 3.5649071761477084e-07
5 3.6630991363879954e-07
6 3.418159245194318e-07
7 4.224288070875101e-07
8 3.477950904509145e-07
9 4.222804188525801e-07
10 4.2161817844232335e-07
11 5.28698370659294e-07
12 4.511377814464948e-07
13 3.2537355997037116e-07
14 3.782769518996538e-07
15 3.7355427873552647e-07
16 4.4974790878583624e-07
17 3.954331516313022e-07
18 4.5009023154358527e-07
19 3.917450725566857e-07
20 3.6484549101851544e-07
21 4.3927028329748703e-07
22 3.979253209664521e-07
23 3.8733619290438304e-07
24 4.209550435259507e-07
25 4.353209090409841e-07
26 3.7804066358997003e-07
27 4.227859622149584e-07
28 3.963946664229601e-07
29 4.2570948140104785e-07
30 3.8767763585564165e-07
31 4.165524936364254e-07
32 4.401671047200476e-07
33 4.4420766084250774e-07
34 3.88921411596932e-07
35 4.99375348495683e-07
36 4.3703983654452115e-07
37 3.5118018098762243e-07
38 4.4878268179067366e-07
39 4.096389570136586e-07
40 3.729954895175395e-07
41 4.6729906993609197e-07
42 3.408711441569579e-07
43 4.434037684961333e-07
44 4.868072122631894e-07
45 4.731020198844327e-07
46 5.747177002286342e-07
47 5.216334514871476e-07
48 5.277716005109655e-07
49 3.83447267689262e-07
50 4.363387781569508e-07
51 3.936818586928579e-07
52 4.787449951540098e-07
53 4.3795953740256993e-07
54 3.7478899847461183e-07
55 3.8802884094220704e-07
56 4.221231415270361e-07
57 4.462391149938329e-07
58 3.4692915906945857e-07
59 3.779444099999698e-07
60 4.4475777925896355e-07
61 4.338276279772227e-07
62 3.7410344882426704e-07
63 3.8128541767293336e-07
64 4.977011629400701e-07
65 4.5180590848390606e-07
66 3.841125586319173e-07
67 4.955183345056872e-07
68 4.134963278527917e-07
69 3.795578496651221e-07
70 4.776170595963883e-07
71 5.317204546826546e-07
72 3.7032092646808525e-07
73 4.045154505409606e-07
74 4.798359352614051e-07
75 4.18259689319047e-07
76 4.383391729225863e-07
77 4.806814503362271e-07
78 3.694691978713993e-07
79 5.103281147008262e-07
80 4.497031183511401e-07
81 3.969892375127602e-07
82 4.669791897668512e-07
83 5.357482441560755e-07
84 4.1545855135567827e-07
85 3.7414660293024357e-07
86 4.206301118031215e-07
87 3.9669486125197276e-07
88 4.568511900677748e-07
89 4.6996212105923336e-07
90 4.6901067276353444e-07
91 3.9099720909977136e-07
92 3.594682907085613e-07
93 4.186919379632931e-07
94 4.0005448797775815e-07
95 4.586885275306239e-07
96 4.976439977450219e-07
97 3.9479860705713665e-07
98 5.026890840586584e-07
99 4.704953967785387e-07
100 4.042619948509011e-07
101 4.981211942253864e-07
102 4.6192090419884384e-07
103 4.754798854099164e-07
104 5.325770245060681e-07
105 4.023360931422559e-07
106 4.230076323017968e-07
107 3.985344531850766e-07
108 4.4695831619987167e-07
109 4.6750230313091965e-07
110 4.5013992000028615e-07
111 3.034241741847142e-07
112 5.773352974728124e-07
113 4.020073879410067e-07
114 4.3874973936754823e-07
115 3.67717248959973e-07
116 4.2910686032224453e-07
117 3.792058454479508e-07
118 4.43516391673667e-07
119 4.5234540913895604e-07
120 4.7526162592863774e-07
121 4.573433183795103e-07
122 4.5051446707001297e-07
123 4.943947966663247e-07
124 4.330243522041838e-07
125 4.883552251400514e-07
126 4.827091548238211e-07
127 4.6388249589491577e-07
128 3.526659913807601e-07
129 4.358824819099685e-07
130 4.3411726919399894e-07
131 3.885559013032593e-07
132 4.0116246235915405e-07
133 3.490225127645222e-07
134 4.943530507732813e-07
135 4.770883758186776e-07
136 4.3511766048480463e-07
137 4.429082461418089e-07
138 5.051218102329519e-07
139 4.831281996037094e-07
140 4.5694816160170047e-07
141 4.129017192375044e-07
142 4.51190943316305e-07
143 4.7235733406710676e-07
144 3.9711030364017567e-07
145 4.6807527114339415e-07
146 4.218909529037761e-07
147 3.48908963370067e-07
148 4.0072097330327696e-07
149 3.43881789551428e-07
150 3.5255405244882767e-07
151 4.2591315129929737e-07
152 3.9575620165216595e-07
153 5.360868119182313e-07
154 4.2711622761492914e-07
155 4.1101297350248727e-07
156 4.1880259519727245e-07
157 5.712352317284896e-07
158 3.629182230535441e-07
159 2.9323340085304565e-07
160 4.904352470001351e-07
161 4.1737315439360964e-07
162 4.4417894565889447e-07
163 5.171455042894792e-07
164 4.674884340669018e-07
165 4.439141710916182e-07
166 4.087102369401281e-07
167 4.3049465157779227e-07
168 3.502580820969672e-07
169 4.1408989514302317e-07
170 4.4323356861302125e-07
171 5.513402963650246e-07
172 4.5194414620495176e-07
173 4.45496003342988e-07
174 4.249687734253302e-07
175 4.2575500245125484e-07
176 4.7484238033784956e-07
177 4.76123243320966e-07
178 4.262075178681218e-07
179 4.081397707842787e-07
180 4.466955669795084e-07
181 5.064637653156773e-07
182 4.145342676959754e-07
183 4.2500238463195844e-07
184 4.3310536409351943e-07
185 4.849870083130024e-07
186 4.6418293396234157e-07
187 4.4465366520683746e-07
188 5.451690581763168e-07
189 4.6428347598674524e-07
190 4.614724820654309e-07
191 3.77261361318712e-07
192 4.1205933674069e-07
193 4.521682213651877e-07
194 4.330472070861814e-07
195 4.1478812705192805e-07
196 3.770066860737225e-07
197 4.358741640672477e-07
198 3.9298560924334545e-07
199 3.720381519135282e-07
200 3.8633751454784554e-07
201 4.331361355958705e-07
202 4.1909764489839747e-07
203 5.532543879933945e-07
204 3.5904825470145244e-07
205 5.373456068524836e-07
206 4.3543030973267306e-07
207 3.6575929826564166e-07
208 4.2653196688431244e-07
209 4.660007052861856e-07
210 3.8348140740117504e-07
211 4.573877570575587e-07
212 3.5992477838251243e-07
213 4.6070304393943187e-07
214 3.9775789883882894e-07
215 4.5060717187476294e-07
216 3.892570379188996e-07
217 5.099397419339526e-07
218 6.06832771050089e-07
219 3.383077428425072e-07
220 4.875277161438152e-07
221 4.27002807061416e-07
222 3.929569587097402e-07
223 4.2288075189711913e-07
224 5.110598086930509e-07
225 4.2399942065953956e-07
226 4.015480357169756e-07
227 4.330109442586927e-07
228 4.12425877266944e-07
229 4.3604480033833897e-07
230 4.896618130498824e-07
231 3.956654377171007e-07
232 4.131418673496966e-07
233 3.733437036372948e-07
234 4.608174650914352e-07
235 4.457516277171421e-07
236 3.481817890584382e-07
237 4.3682952774323034e-07
238 3.874283501427597e-07
239 4.508380408838564e-07
240 4.590443191814021e-07
241 3.6162445701578785e-07
242 4.70977399712367e-07
243 4.5052717274346354e-07
244 3.7236596839097297e-07
245 4.334569649972429e-07
246 4.008401455486377e-07
247 5.165613939942123e-07
248 4.836164770183382e-07
249 3.2878581444909653e-07
250 3.7665573997621594e-07
251 4.438173636692126e-07
252 3.9245539801955195e-07
253 3.829721957037236e-07
254 5.007795693651159e-07
255 3.890123093867939e-07
256 4.5836040712280276e-07
257 3.8110988349424696e-07
258 3.9445859520643684e-07
259 4.1059635610466056e-07
260 4.2414132867015244e-07
261 4.308124661910852e-07
262 4.6346016505896203e-07
263 4.4941805708159543e-07
264 4.427239103886979e-07
265 3.9392701905247233e-07
266 4.796589437514627e-07
267 3.881668958853499e-07
268 4.3975412442851363e-07
269 4.3037747364786274e-07
270 5.289545282506253e-07
271 4.2044004941059985e-07
272 3.844583909016195e-07
273 4.449599789911101e-07
274 3.6320301212761265e-07
275 4.506512454463132e-07
276 3.9555299395466444e-07
277 4.849761898127096e-07
278 3.426463200340324e-07
279 4.297526929684089e-07
280 3.9067780842845297e-07
281 5.439031577097447e-07
282 4.308868132087884e-07
283 4.173386431881084e-07
284 3.806180902360843e-07
285 4.2292634075043143e-07
286 3.715144367282409e-07
287 4.865478800789266e-07
288 4.304108640779554e-07
289 5.736625249894104e-07
290 3.7881916286839605e-07
291 5.10514635671556e-07
292 4.465733553881654e-07
293 5.036491438935692e-07
294 4.793411847046192e-07
295 4.090140108769798e-07
296 4.0747025519611386e-07
297 4.543759808635269e-07
298 4.052783743523746e-07
299 4.617235209870407e-07
300 3.6285167285236483e-07
301 4.780764767978842e-07
302 4.730946805684011e-07
303 4.103836889746218e-07
304 4.208206156432718e-07
305 3.184284130028366e-07
306 5.567841310905502e-07
307 4.0160195698044206e-07
308 4.313207398240061e-07
309 4.6406917893791226e-07
310 4.972843175596737e-07
311 4.5060420896096273e-07
312 5.155748439690925e-07
313 3.592127420318407e-07
314 3.756490551394479e-07
315 4.2447507945051003e-07
316 4.878759710663775e-07
317 4.794387834730584e-07
318 4.873770708315165e-07
319 3.923507323540243e-07
320 4.769699558034661e-07
321 4.217550751341401e-07
322 3.9278894379979026e-07
323 4.5760806633994344e-07
324 4.2391096064043825e-07
325 4.743530667672814e-07
326 4.611663547528442e-07
327 4.1149678057567013e-07
328 3.9181046517734695e-07
329 4.892537955619673e-07
330 4.649310821342094e-07
331 4.1678381341071587e-07
332 5.100351730801645e-07
333 4.412094872639114e-07
334 4.3747220533083425e-07
335 5.124828965696773e-07
336 4.328710611269911e-07
337 4.2593899560897584e-07
338 3.9412705040624493e-07
339 4.684676225974412e-07
340 4.2718291479495966e-07
341 4.0278939299410014e-07
342 4.2814804912238186e-07
343 4.4121362667137757e-07
344 3.977057390466024e-07
345 4.840169042836761e-07
346 4.1723329284850426e-07
347 4.810469232667117e-07
348 3.5821184147393594e-07
349 4.1505377576937716e-07
350 4.3586213173092436e-07
351 4.736226731218091e-07
352 3.547309669871142e-07
353 3.941686997847679e-07
354 3.6104328885022253e-07
355 3.281397657276064e-07
356 4.960807708652415e-07
357 4.839144281573489e-07
358 4.449204654157022e-07
359 5.008001236132351e-07
360 3.9290604473258475e-07
361 4.587952330232003e-07
362 4.673743877008396e-07
363 4.438181796216987e-07
364 3.645709313324772e-07
365 4.7148526591448067e-07
366 4.677704111159237e-07
367 4.7223964393200097e-07
368 4.486599714528328e-07
369 4.379768774713264e-07
370 3.6726612525961793e-07
371 4.701132242816148e-07
372 4.529296337668628e-07
373 4.4206871772935333e-07
374 4.7531547310435974e-07
375 4.499365675048158e-07
376 4.406610485912128e-07
377 5.023733520727768e-07
378 4.6110723031729467e-07
379 4.107007715268024e-07
380 4.165196409537783e-07
381 4.4621954491367953e-07
382 4.636199427945592e-07
383 2.600369655840824e-07
384 4.812799185332824e-07
385 4.2089720433522323e-07
386 4.150088699409538e-07
387 4.808563955717711e-07
388 5.474838747369213e-07
389 4.178674181069294e-07
390 4.851026274842308e-07
391 4.369747357292967e-07
392 4.546843285597926e-07
393 4.621476490860385e-07
394 3.7123326507588823e-07
395 5.517998812428324e-07
396 4.849661968442641e-07
397 4.931679097748103e-07
398 4.926393577116912e-07
399 4.958963901133006e-07
400 4.7649046183786083e-07
401 3.8589967223942255e-07
402 4.306833791489806e-07
403 3.8861459958913983e-07
404 4.484581791268252e-07
405 3.7249528651970673e-07
406 5.462608105530632e-07
407 4.821080387510334e-07
408 3.574530258490988e-07
409 3.393903058628963e-07
410 4.869424295979532e-07
411 4.5986190603458644e-07
412 3.886138922014208e-07
413 4.357103993848445e-07
414 4.1561074250314773e-07
415 4.692657079394205e-07
416 4.1196204713286e-07
417 3.57899680258744e-07
418 3.793743333075544e-07
419 3.940014931784149e-07
420 5.414210717910867e-07
421 4.101192815986735e-07
422 4.384910268905448e-07
423 3.746889659568331e-07
424 4.677959680677892e-07
425 3.9130189447473825e-07
426 4.0532557319764325e-07
427 4.44953430567683e-07
428 4.3638545030335116e-07
429 4.479785939592098e-07
430 3.9841737231323775e-07
431 3.8618053425096216e-07
432 4.953972992459431e-07
433 4.567497376726564e-07
434 5.155309565897318e-07
435 4.126127303799882e-07
436 3.4612446916768896e-07
437 4.4685804474562126e-07
438 4.83907078333061e-07
439 5.374710155017151e-07
440 3.4846163955181534e-07
441 4.6544066124581704e-07
442 4.1531368040141345e-07
443 4.586443942582928e-07
444 4.2533693446686234e-07
445 4.834921169499229e-07
446 4.2699283476626465e-07
447 4.472007697968458e-07
448 4.2812717151152104e-07
449 3.894551985188896e-07
450 5.076266469135566e-07
451 3.590094850104466e-07
452 3.6818643134396006e-07
453 4.961379601926995e-07
454 4.454043902919943e-07
455 4.301597360922048e-07
456 3.57384312509304e-07
457 3.1069525308710885e-07
458 4.327048550701102e-07
459 3.7992871749434144e-07
460 3.686333646613317e-07
461 4.6306951889525567e-07
462 4.781042662106206e-07
463 5.038838613956643e-07
464 3.1619366381019324e-07
465 4.5516749907813244e-07
466 4.779075584785195e-07
467 4.567148374271043e-07
468 3.9586626527580114e-07
469 4.2102271199551214e-07
470 4.310539751342946e-07
471 4.240345577871229e-07
472 4.4891721206047865e-07
473 4.868249094603618e-07
474 3.93780169499426e-07
475 4.277014369020435e-07
476 3.96324960110627e-07
477 4.875728540899812e-07
478 4.557517478718554e-07
479 4.148322152441511e-07
480 4.13302433174896e-07
481 4.895740215365983e-07
482 3.3084274793277076e-07
483 4.2596778538937857e-07
484 4.7263616240164717e-07
485 4.0018314144912115e-07
486 5.241780181831274e-07
487 5.177290835871719e-07
488 4.701813264220462e-07
489 4.1621774439239984e-07
490 3.4683913088900583e-07
491 4.0574212085204314e-07
492 4.2469796862235833e-07
493 5.013799139564932e-07
494 4.646785850829231e-07
495 4.221824770556353e-07
496 3.63637618247844e-07
497 4.28685158193055e-07
498 4.823645836977548e-07
499 4.3299188926814473e-07
500 4.199830598716046e-07
501 4.079277582857998e-07
502 3.7479332109498735e-07
503 4.081003222532665e-07
504 4.975713372870579e-07
505 5.584763397713338e-07
506 4.516279759883655e-07
507 3.6789084919739876e-07
508 4.402612120433917e-07
509 5.013012223585106e-07
510 3.5373558331381783e-07
511 4.3617059455273167e-07
512 3.858003420161985e-07
513 4.7645702000435127e-07
514 4.829757323124059e-07
515 3.2518997135970913e-07
516 5.099705314145214e-07
517 3.856855351294927e-07
518 5.181943624801881e-07
519 4.918814712113433e-07
520 4.904003181745636e-07
521 4.022285603489237e-07
522 5.070911788607512e-07
523 3.90020975533397e-07
524 5.057144567017617e-07
525 4.1405865642239043e-07
526 3.4103403342555417e-07
527 4.771338715107258e-07
528 5.02242445115417e-07
529 3.8789909743006386e-07
530 4.731319917413568e-07
531 4.285883019896573e-07
532 4.108991385509002e-07
533 4.772939922224511e-07
534 4.489203313267899e-07
535 5.545025390531805e-07
536 3.8759917308745194e-07
537 4.593433602215703e-07
538 5.093839275290808e-07
539 4.070421554716716e-07
540 4.134112561778724e-07
541 4.505159135495917e-07
542 4.2939105380284056e-07
543 4.4984939826827816e-07
544 4.373758437171294e-07
545 3.8189053986846916e-07
546 4.2748184099013733e-07
547 3.7849500956614847e-07
548 2.95075509479123e-07
549 4.975352621548074e-07
550 3.816694985175434e-07
551 3.8029376128172746e-07
552 4.524469614853134e-07
553 4.076330953524109e-07
554 3.957019391227512e-07
555 5.203508248160301e-07
556 3.6583055003949675e-07
557 4.851144119505537e-07
558 3.818916876371757e-07
559 4.405760519084461e-07
560 4.4928543194473107e-07
561 4.1731384457414846e-07
562 4.613237505002265e-07
563 4.044050973355461e-07
564 5.320427331522007e-07
565 4.7062947706296534e-07
566 4.535243340901527e-07
567 4.471600497235873e-07
568 4.652911003346117e-07
569 4.4525307851096256e-07
570 4.265830208471375e-07
571 4.0532112094654515e-07
572 5.27809337504253e-07
573 4.423027089179944e-07
574 4.324855127046825e-07
575 4.787138458887876e-07
576 4.1321996586002836e-07
577 3.988711777030172e-07
578 5.477634585754867e-07
579 4.960027262758877e-07
580 5.038647291660781e-07
581 4.932507344451214e-07
582 3.945091605583118e-07
583 3.997327140317955e-07
584 3.32917468154758e-07
585 4.0050203574906754e-07
586 3.9414512056823555e-07
587 4.3012586751103985e-07
588 3.7667422438172405e-07
589 4.808953075679576e-07
590 4.2060601320112125e-07
591 4.904755811671411e-07
592 4.619183766518685e-07
593 3.694448683147732e-07
594 4.782933383889399e-07
595 4.992945043173418e-07
596 4.5164827034057434e-07
597 4.5398148940568775e-07
598 4.829343104583435e-07
599 4.0463642873002515e-07
600 4.4708995887405306e-07
601 3.601663771792846e-07
602 4.1324388443572986e-07
603 4.582981387575449e-07
604 4.4426205660759974e-07
605 4.572713237687457e-07
606 4.208974375400557e-07
607 4.175873666093088e-07
608 4.25607962870345e-07
609 4.6463667881886585e-07
610 4.622663348998779e-07
611 4.093070755174773e-07
612 4.296700585149502e-07
613 5.438394421611113e-07
614 4.91389519051006e-07
615 4.483129023988455e-07
616 4.353115096858661e-07
617 4.460794864727592e-07
618 3.8959097659324984e-07
619 4.740286247808994e-07
620 5.300213893148711e-07
621 4.1806710334431864e-07
622 4.207236850309388e-07
623 4.196789176589306e-07
624 4.769929171433563e-07
625 3.6310573793294524e-07
626 4.4229094961631316e-07
627 4.893417450051565e-07
628 4.0001027974044417e-07
629 4.606171959282011e-07
630 4.161501510284109e-07
631 3.9512647932173965e-07
632 4.92306980443539e-07
633 4.2416618040333145e-07
634 5.424600830371279e-07
635 4.333114144974638e-07
636 3.977410652723698e-07
637 3.64472911647321e-07
638 4.409547194241279e-07
639 3.9651573853922716e-07
640 4.4447366232367914e-07
641 3.8172495721146033e-07
642 3.803023028920266e-07
643 3.9430510714870624e-07
644 4.153183444878716e-07
645 3.6548603806250717e-07
646 3.8274273967326957e-07
647 4.794381596377281e-07
648 4.952451607188174e-07
649 4.439841893275896e-07
650 4.791284632352916e-07
651 5.100117916363703e-07
652 4.0200051096470295e-07
653 4.400891852153209e-07
654 3.4511076603973704e-07
655 4.6433909773137065e-07
656 4.145764915377729e-07
657 5.41988214505597e-07
658 3.603257450100088e-07
659 4.421283125327008e-07
660 4.8587272275869e-07
661 4.6616157872414127e-07
662 4.7225821049722574e-07
663 5.124047223233608e-07
664 4.9244731256544e-07
665 4.0654008633388263e-07
666 3.470677123492394e-07
667 3.883273853553223e-07
668 4.0823679982395065e-07
669 3.638813153471849e-07
670 4.5981650691554174e-07
671 4.365169465293274e-07
672 4.931177986773131e-07
673 4.0606338760962436e-07
674 3.309259272074449e-07
675 4.3431643135751885e-07
676 4.6479359671866594e-07
677 4.397773514751825e-07
678 4.085425781389598e-07
679 3.83403106381562e-07
680 4.0429672661928233e-07
681 3.980143607649906e-07
682 4.5353810244331144e-07
683 4.840913220349697e-07
684 4.0691815560130575e-07
685 4.6784962570509856e-07
686 4.153903428433919e-07
687 4.680415071284729e-07
688 3.36512132473555e-07
689 4.660075370243417e-07
690 3.9581600717914326e-07
691 3.921922393199596e-07
692 3.8090434851459033e-07
693 4.1721594844472776e-07
694 3.302532118289801e-07
695 4.1186847040676105e-07
696 4.956969502802603e-07
697 5.009811300418725e-07
698 5.020056273265958e-07
699 4.771098414357735e-07
700 3.408222708321094e-07
701 4.473781996375264e-07
702 4.166420509761962e-07
703 4.0936663042806173e-07
704 3.9952586619072394e-07
705 3.9907881032539784e-07
706 4.880833576577033e-07
707 4.921845391164471e-07
708 5.124496197362572e-07
709 4.7440098531750775e-07
710 4.4617665970480436e-07
711 4.3060224737768654e-07
712 3.987337976080755e-07
713 3.607855366821565e-07
714 4.826556744828374e-07
715 3.6150492271003137e-07
716 3.9106447181075874e-07
717 4.954439353115956e-07
718 4.2765889497963e-07
719 5.097866993646292e-07
720 3.9398891841615183e-07
721 4.0292457120588324e-07
722 4.4675765136815166e-07
723 4.4632025118136193e-07
724 4.5326201452888147e-07
725 3.8153559268461164e-07
726 4.385632182893197e-07
727 4.5233400793247375e-07
728 4.062249110900997e-07
729 4.58922638710288e-07
730 4.4912952636540803e-07
731 4.659696936593672e-07
732 4.930607059810409e-07
733 3.8469816137067813e-07
734 4.733625387165923e-07
735 4.6090968953022214e-07
736 3.880498317354413e-07
737 4.6825935662476905e-07
738 4.446017940354833e-07
739 4.266977116905383e-07
740 4.076219040099113e-07
741 3.892821829730514e-07
742 4.5996985070974484e-07
743 4.2583306693273526e-07
744 4.200267969874985e-07
745 4.4852517643977737e-07
746 4.4867909889387294e-07
747 3.581494508663424e-07
748 4.4245388267393334e-07
749 4.37294454415386e-07
750 5.413915251032911e-07
751 4.490768672908413e-07
752 4.08158661194966e-07
753 4.292027204648447e-07
754 4.438917946745591e-07
755 4.654593602907923e-07
756 3.653809157746626e-07
757 3.9270316569655824e-07
758 3.914257163748328e-07
759 3.2045209805303117e-07
760 4.7637087546084026e-07
761 4.964721462518128e-07
762 4.2106658956202045e-07
763 4.951848474420109e-07
764 4.2497678392399914e-07
765 4.258127466459847e-07
766 4.6235904489917083e-07
767 3.9607009017853e-07
768 4.2782678491408764e-07
769 4.3793366219725995e-07
770 3.78628228473019e-07
771 3.5019770485448057e-07
772 3.8434865060885374e-07
773 5.183906754818983e-07
774 4.0313198671440235e-07
775 3.727380801527881e-07
776 4.163878131491878e-07
777 3.7231929509856094e-07
778 3.138945478670004e-07
779 3.7349132544287163e-07
780 4.848399718501666e-07
781 4.4047315991780975e-07
782 4.60727994694247e-07
783 4.3094431982884394e-07
784 4.4983267246386394e-07
785 3.4444054713612333e-07
786 3.5972794205880844e-07
787 4.4215947669133483e-07
788 4.827597603832107e-07
789 5.432983616888542e-07
790 3.898726535356618e-07
791 4.352194042380118e-07
792 4.5720971864361977e-07
793 3.418638678956636e-07
794 3.5608155675666584e-07
795 4.7517012660283114e-07
796 4.247982731269143e-07
797 4.4517098387516363e-07
798 3.78719589037348e-07
799 3.4491977183354105e-07
800 3.3767734850259685e-07
801 4.2600913680825973e-07
802 3.785654628021895e-07
803 3.6215712840716013e-07
804 4.418205429250537e-07
805 5.086028283388777e-07
806 5.361377015764428e-07
807 4.791592824056803e-07
808 3.5811217651413103e-07
809 3.5659817648099073e-07
810 3.983607687819143e-07
811 4.301450845959534e-07
812 3.7480010716231657e-07
813 4.140374710208181e-07
814 4.080194617733313e-07
815 3.993802786615106e-07
816 4.548748513053131e-07
817 5.200583507117919e-07
818 4.5082929611093083e-07
819 4.485864934665356e-07
820 4.409987781938107e-07
821 4.937611803585788e-07
822 4.2161057079811937e-07
823 5.196350344401433e-07
824 3.951274899159492e-07
825 4.998760570233999e-07
826 4.046285756018145e-07
827 3.467109821557826e-07
828 5.406171322841565e-07
829 3.861219321410385e-07
830 4.082748543530457e-07
831 4.911600990228379e-07
832 5.081527642393409e-07
833 4.832333120028507e-07
834 4.4548476539657195e-07
835 4.6575048308469636e-07
836 3.745828797421763e-07
837 4.631143941259736e-07
838 4.096195122231788e-07
839 3.3550884671090556e-07
840 3.08630629012773e-07
841 3.4850155566733237e-07
842 5.262621411224519e-07
843 4.4478381814101756e-07
844 3.772044491922416e-07
845 3.324235714762599e-07
846 4.3687786954747416e-07
847 3.712050461514564e-07
848 4.662921239771534e-07
849 4.642794386362487e-07
850 3.9768428172360496e-07
851 3.7704665694212976e-07
852 5.065174134545782e-07
853 3.6909714400183944e-07
854 4.425291281062632e-07
855 4.0374121063057737e-07
856 3.8663457510947137e-07
857 5.49268278025886e-07
858 3.65018991250243e-07
859 4.415032377932774e-07
860 3.8965473356860556e-07
861 4.921872379092065e-07
862 4.021477480481481e-07
863 4.808137510758552e-07
864 3.990469565465067e-07
865 4.6245289596114605e-07
866 4.435269157939855e-07
867 4.6716791881431496e-07
868 4.3227058014773137e-07
869 4.197662620351616e-07
870 3.6862892960385796e-07
871 3.76339408692882e-07
872 4.20501127655963e-07
873 3.802611623114299e-07
874 4.3318454492015803e-07
875 4.867251171543206e-07
876 4.730574417331301e-07
877 4.1150987108178343e-07
878 4.254937551702597e-07
879 3.618467552880541e-07
880 4.051003393775725e-07
881 4.294259237679982e-07
882 5.466788410930189e-07
883 4.2415130059766036e-07
884 4.6883408381794826e-07
885 4.674256942344025e-07
886 4.6317216961357676e-07
887 4.678644194018435e-07
888 3.795399538700765e-07
889 4.0743014867094655e-07
890 4.51140046007923e-07
891 4.5650287117926783e-07
892 5.084834679714185e-07
893 5.262339683868151e-07
894 4.2411047998566407e-07
895 3.375215974481644e-07
896 4.3453807182958e-07
897 4.830641926790963e-07
898 4.175090331571796e-07
899 3.9462195789312036e-07
900 4.200774795384425e-07
901 3.4716153963747844e-07
902 3.768119405506294e-07
903 3.9606684836912836e-07
904 4.4412852301865763e-07
905 4.3134062110079054e-07
906 4.075343282372764e-07
907 4.1816816420961853e-07
908 4.939770342668999e-07
909 5.102724000698062e-07
910 3.659134670444434e-07
911 4.7073083723789333e-07
912 4.077916705606214e-07
913 4.033457272648238e-07
914 4.229396932835044e-07
915 4.1092252213904254e-07
916 4.580987461202771e-07
917 4.6499717146312337e-07
918 3.5042430101338685e-07
919 4.717205552455407e-07
920 3.097556088662361e-07
921 4.3908839435507806e-07
922 3.641476375520804e-07
923 3.773370551460477e-07
924 4.6090499086295966e-07
925 5.103696286852321e-07
926 3.1469637254274234e-07
927 4.018717037163822e-07
928 4.1883327754810536e-07
929 4.7323257110809323e-07
930 4.797853301459178e-07
931 3.5375227588306265e-07
932 3.4820643005724824e-07
933 4.5159086326609073e-07
934 5.551628657133788e-07
935 4.116656320589617e-07
936 5.696813948050187e-07
937 4.7082237634484455e-07
938 3.590782906234443e-07
939 3.317133436735356e-07
940 4.6160974308921436e-07
941 4.5326139096001e-07
942 5.341908017406477e-07
943 4.140212769892077e-07
944 4.224936150795752e-07
945 4.0842325872917897e-07
946 3.9050675327708136e-07
947 4.819957526529629e-07
948 3.759898966009703e-07
949 4.1012573714616096e-07
950 3.5448363692825006e-07
951 4.863879061139786e-07
952 4.72584962528834e-07
953 4.745928874718118e-07
954 3.7273150814308964e-07
955 4.3897950147069125e-07
956 4.2578379840003106e-07
957 4.381252035288025e-07
958 4.1443754566660184e-07
959 5.026414767134433e-07
960 4.463577607667239e-07
961 5.489710636441302e-07
962 4.905093679591129e-07
963 4.4572302337182206e-07
964 4.639436730953092e-07
965 4.2339256200284017e-07
966 4.288020331035283e-07
967 4.4046800461053466e-07
968 4.463912645006699e-07
969 5.206638372951636e-07
970 4.426752415488891e-07
971 4.6913500468020246e-07
972 3.5976357419547824e-07
973 5.267657049139587e-07
974 4.108956500327931e-07
975 3.6384323942747244e-07
976 3.856156478695928e-07
977 3.748037808127206e-07
978 3.5350846413768487e-07
979 4.1232912298951435e-07
980 4.3416778532646104e-07
981 4.1542869299962395e-07
982 4.90760872116493e-07
983 5.299123034090083e-07
984 4.5328682487375464e-07
985 3.955727905403696e-07
986 4.693308039387276e-07
987 4.6415792472536035e-07
988 4.684182109414796e-07
989 3.7603888899480686e-07
990 4.2872764266231737e-07
991 4.475505713655014e-07
992 4.087782889260887e-07
993 4.5961317273777056e-07
994 4.670695979246385e-07
995 3.615090763048032e-07
996 4.3177054081531496e-07
997 4.099437112189053e-07
998 4.3326330194700265e-07
999 3.753916437734177e-07
