0 4.933774667178834e-07
1 5.771884061872004e-07
2 6.021093251485976e-07
3 4.7214796134058196e-07
4 5.781498842973417e-07
5 8.890290039658648e-07
6 6.822761892965448e-07
7 5.358171499621286e-07
8 6.480775003344157e-07
9 5.891313745433197e-07
10 5.38034341654246e-07
11 4.3548840087119717e-07
12 4.660904148234253e-07
13 4.6316826478988627e-07
14 6.005439735078596e-07
15 5.184724048588249e-07
16 6.994691805794616e-07
17 4.663036543873443e-07
18 5.259237856636596e-07
19 5.904528336719287e-07
20 4.2053163313869557e-07
21 6.794053332152917e-07
22 6.493189150899625e-07
23 3.537920463909706e-07
24 4.863468847840886e-07
25 5.906255680070016e-07
26 5.052467813016403e-07
27 6.311182644678661e-07
28 5.294108386288983e-07
29 5.459776858600123e-07
30 2.823085849994357e-07
31 3.7599650112350587e-07
32 3.2899647094342493e-07
33 5.245453918388926e-07
34 2.9794098515801575e-07
35 3.529920615176375e-07
36 4.519662768730175e-07
37 4.669542037400951e-07
38 3.6584012926404123e-07
39 4.519659737081913e-07
40 6.817113312869731e-07
41 5.089282471759924e-07
42 5.091489499485208e-07
43 6.224918219567713e-07
44 5.270095991003544e-07
45 5.695929937643913e-07
46 5.454787278539457e-07
47 4.7286508089821657e-07
48 4.78939028996147e-07
49 5.861573880870248e-07
50 5.72446986893057e-07
51 6.437186436403879e-07
52 7.394765208424956e-07
53 5.028630862485289e-07
54 4.759143369007623e-07
55 6.077958967922159e-07
56 4.1938289172014947e-07
57 3.228721742113628e-07
58 6.08990921227093e-07
59 4.147092713624946e-07
60 4.0476473136008407e-07
61 5.985140029751628e-07
62 4.988540888156033e-07
63 5.526678730725463e-07
64 6.271552825144139e-07
65 6.181130008845391e-07
66 4.5837167429103907e-07
67 4.379723301638824e-07
68 4.6541039926390577e-07
69 5.936990881852095e-07
70 7.036187615215541e-07
71 4.0589179559766924e-07
72 4.850875818568003e-07
73 5.110336058573126e-07
74 6.962817535868725e-07
75 8.159152816220065e-07
76 4.980119765563612e-07
77 5.289560335413131e-07
78 5.912812493387511e-07
79 5.567766224657311e-07
80 3.896145895484342e-07
81 5.373894471974982e-07
82 3.826165662481403e-07
83 6.677833401841231e-07
84 5.218913108868014e-07
85 4.2517541889467003e-07
86 5.171641068265736e-07
87 4.1949652935366185e-07
88 5.0510391979885e-07
89 5.607842942933573e-07
90 4.566391560010578e-07
91 5.193896206253294e-07
92 5.414093470792211e-07
93 6.014634408837001e-07
94 4.431382151434645e-07
95 3.9757982721686267e-07
96 4.916745890541325e-07
97 5.332374994251202e-07
98 4.251007274301785e-07
99 5.911316972520621e-07
100 6.720277622741035e-07
101 6.491380984872006e-07
102 5.754923978327113e-07
103 5.936420214948734e-07
104 5.079354415839126e-07
105 5.608317832409987e-07
106 3.962175419432735e-07
107 4.5205291475366865e-07
108 7.103108523438813e-07
109 7.221674289487751e-07
110 4.890558169861859e-07
111 6.394940674657533e-07
112 3.89320481997946e-07
113 4.848726051717104e-07
114 1.7046090153331004e-07
115 6.543433235203105e-07
116 6.994561681635918e-07
117 5.201573996537809e-07
118 4.072998095340672e-07
119 4.4467358918299185e-07
120 5.954768176975161e-07
121 7.273998023396971e-07
122 6.033278248946993e-07
123 5.044408392696877e-07
124 3.6128637259626746e-07
125 3.9906122138452364e-07
126 7.417676372556194e-07
127 2.7426076181852635e-07
128 5.92360332309925e-07
129 8.365154333043635e-07
130 5.556788272180315e-07
131 5.048208511206727e-07
132 6.844241229431314e-07
133 4.1679162299362033e-07
134 3.4670740458270575e-07
135 7.466178321095909e-07
136 4.151020829189499e-07
137 5.0919692050689e-07
138 3.5477112499734164e-07
139 3.534358542166724e-07
140 2.923566501554513e-07
141 4.6416944060837584e-07
142 6.912982134814878e-07
143 4.6817220379068597e-07
144 4.6045149750449505e-07
145 5.602236647344812e-07
146 4.649569279240087e-07
147 6.141555669369786e-07
148 3.990484126373498e-07
149 4.895334566757672e-07
150 5.09016887166229e-07
151 6.498477082130897e-07
152 4.6555259508793004e-07
153 6.288788194535542e-07
154 6.016050054814256e-07
155 4.7367046284473406e-07
156 6.118182703900844e-07
157 5.326189328494736e-07
158 6.187339527204054e-07
159 4.187493929734403e-07
160 4.387026956915885e-07
161 6.517748757219833e-07
162 4.043865408517501e-07
163 3.8554808836435875e-07
164 3.115348475927017e-07
165 5.596196451473076e-07
166 5.620194597389117e-07
167 4.193767197627906e-07
168 5.909637259875075e-07
169 5.256489284323685e-07
170 2.0239886486703846e-07
171 3.9504840122708043e-07
172 6.171452332246097e-07
173 5.545892165988807e-07
174 5.977985780840942e-07
175 3.131593457028162e-07
176 7.495100509452329e-07
177 4.121681495117829e-07
178 6.725484591828285e-07
179 4.975493228174144e-07
180 5.358573730850111e-07
181 6.02678472418084e-07
182 5.446758136097585e-07
183 2.7290429460481337e-07
184 4.1105241986333897e-07
185 4.377158142149644e-07
186 6.351785934872748e-07
187 6.304710182417976e-07
188 3.047261891108353e-07
189 3.716992203027885e-07
190 3.6052279515416775e-07
191 6.18688505638827e-07
192 5.227263137856588e-07
193 5.758333283504487e-07
194 5.076924370998756e-07
195 6.502847533211215e-07
196 6.351016739388286e-07
197 1.809400463166842e-07
198 3.870270990842842e-07
199 7.075117888817395e-07
200 5.156215683345389e-07
201 4.704967533484465e-07
202 4.1058808137928e-07
203 5.688400835547543e-07
204 6.090986002259472e-07
205 2.937938967016689e-07
206 6.478442609590811e-07
207 7.758206715254937e-07
208 5.158650243330949e-07
209 4.232046089143478e-07
210 4.687476168820573e-07
211 5.308397272659619e-07
212 5.887563906864944e-07
213 3.585762645792354e-07
214 6.75744776614462e-07
215 3.913886846585486e-07
216 3.809409902834936e-07
217 6.022208833020029e-07
218 4.815564530694956e-07
219 7.51213557100782e-07
220 8.417630773042827e-07
221 4.66873986744727e-07
222 6.036589887739033e-07
223 5.278185524825234e-07
224 6.843903428843546e-07
225 5.314593725257921e-07
226 4.216623005159441e-07
227 4.709822553628673e-07
228 5.039305519699017e-07
229 6.685768751131061e-07
230 6.094227557647196e-07
231 5.945250398050409e-07
232 4.6852247182319435e-07
233 5.541614698223461e-07
234 4.577753505383832e-07
235 3.914188329293765e-07
236 5.007967286147816e-07
237 4.059093211939247e-07
238 4.6938608934149986e-07
239 6.814737233330359e-07
240 5.631983980404444e-07
241 5.783005322605119e-07
242 6.247960038322053e-07
243 3.6106493335849175e-07
244 4.4746024912112837e-07
245 5.935173114318323e-07
246 4.6412556675585236e-07
247 4.968108752848631e-07
248 5.09244663942661e-07
249 4.4723647131436096e-07
250 5.599184232473893e-07
251 4.143600560310094e-07
252 5.606837160905233e-07
253 5.477003738044801e-07
254 7.119336920646685e-07
255 5.361457016616921e-07
256 3.492906563145537e-07
257 6.699801749535709e-07
258 5.145968822336574e-07
259 4.333973695600716e-07
260 3.936539948311638e-07
261 7.328170619702146e-08
262 4.000909394398353e-07
263 3.321523563129946e-07
264 5.614445098882606e-07
265 2.4131336675545864e-07
266 4.1262167186996443e-07
267 3.8088684573460066e-07
268 5.811014497725335e-07
269 4.540968821948817e-07
270 4.6711929157720355e-07
271 5.883277462671691e-07
272 5.060881569632902e-07
273 3.76601179038071e-07
274 4.5186128298518573e-07
275 4.212230796002447e-07
276 5.003682748968924e-07
277 5.705355523775159e-07
278 5.403439787227312e-07
279 3.5609351073893215e-07
280 5.77523929670322e-07
281 3.8608151662223233e-07
282 3.1522989168113167e-07
283 3.9987304179621384e-07
284 4.503925254140434e-07
285 4.994425536773182e-07
286 5.575386858873097e-07
287 4.0312429770929787e-07
288 6.433175469550793e-07
289 4.910725398313098e-07
290 7.53347581233181e-07
291 6.444373880023738e-07
292 3.947867862413537e-07
293 4.950981762923383e-07
294 6.002894996712569e-07
295 4.72266149408456e-07
296 7.592810826316579e-07
297 2.907662749499952e-07
298 6.710318621832992e-07
299 4.290157663990726e-07
300 4.207143444623268e-07
301 5.970911982535694e-07
302 5.724196410541913e-07
303 5.701406893972847e-07
304 4.4898622216140176e-07
305 6.764947537486321e-07
306 5.924321078524953e-07
307 4.7653913234714484e-07
308 4.2648430062500584e-07
309 4.816165677314776e-07
310 4.871376647283183e-07
311 6.098321377073952e-07
312 3.673816074513878e-07
313 4.5866665238583827e-07
314 4.88904429145934e-07
315 5.326176695878506e-07
316 2.438426069826529e-07
317 4.562697075907936e-07
318 4.0201570440569557e-07
319 4.163182862116662e-07
320 5.953888533176917e-07
321 6.668670804452084e-07
322 6.64397430076605e-07
323 7.281496803858091e-07
324 6.525059929251028e-07
325 5.060750463564567e-07
326 3.5592371094024616e-07
327 5.105274044421101e-07
328 6.842988957761318e-07
329 3.656026413358019e-07
330 4.249992777460918e-07
331 5.950971689425664e-07
332 4.5956021138939835e-07
333 4.857351721539629e-07
334 5.208155177222699e-07
335 5.35413614352945e-07
336 4.837851254481263e-07
337 6.047692740854969e-07
338 6.431491697377226e-07
339 5.903775102134293e-07
340 4.818835095334397e-07
341 4.6935015294125914e-07
342 5.530000505436239e-07
343 3.954672964810084e-07
344 5.967593892163708e-07
345 5.104394899832773e-07
346 4.973729970885104e-07
347 4.058883938373512e-07
348 5.351088957096797e-07
349 4.961148255680663e-07
350 3.2098158326384227e-07
351 4.615718181454081e-07
352 5.63924264247323e-07
353 6.170094287426096e-07
354 4.3706221490148373e-07
355 6.081344382652719e-07
356 4.474236718019e-07
357 6.954320990184486e-07
358 7.501331785491361e-07
359 6.469889199299302e-07
360 6.065374845805125e-07
361 5.342799988152637e-07
362 2.3414194683487932e-07
363 6.394993324112734e-07
364 4.78502077905559e-07
365 6.003811719370545e-07
366 4.7616907463874557e-07
367 6.008790192198659e-07
368 3.5585197905655933e-07
369 5.433668189531259e-07
370 5.465770327401331e-07
371 4.1107656529258236e-07
372 5.26597850621393e-07
373 2.8912983220251046e-07
374 4.584246797418912e-07
375 3.2564856971362754e-07
376 4.044914791662407e-07
377 3.15140363488651e-07
378 3.03409778104702e-07
379 5.346246151578335e-07
380 4.1743190599292074e-07
381 3.807166088706903e-07
382 5.20901022334314e-07
383 4.587628160066012e-07
384 4.856261746691637e-07
385 4.932988129209314e-07
386 9.639315727423595e-07
387 4.598891827267347e-07
388 7.621637530916909e-07
389 4.506354554904617e-07
390 5.065563947104296e-07
391 3.587460701241948e-07
392 2.2886540080106148e-07
393 4.754855895305066e-07
394 5.900688634190149e-07
395 6.915879015341576e-07
396 6.07906268972932e-07
397 6.568388060353368e-07
398 5.501943780841995e-07
399 6.771462082405831e-07
400 3.940140623421527e-07
401 5.74380660296541e-07
402 6.961197381994633e-07
403 5.230025030492236e-07
404 3.874470981225878e-07
405 4.4329371728142916e-07
406 3.6735238279051687e-07
407 5.263147677243943e-07
408 5.670124122637501e-07
409 4.848481171741442e-07
410 5.535204811033713e-07
411 6.53260937269617e-07
412 3.9169936726546375e-07
413 3.4905849639242324e-07
414 3.9640895067414584e-07
415 4.5223518001144645e-07
416 6.256156297626283e-07
417 6.126143677295967e-07
418 4.1776981532716915e-07
419 6.278906452523532e-07
420 5.482706402517273e-07
421 6.225519360113959e-07
422 4.312602398304202e-07
423 4.486167512290252e-07
424 4.641778562723204e-07
425 5.267339865765732e-07
426 5.958707791483597e-07
427 5.444374344445682e-07
428 5.828678706809341e-07
429 6.096157643615722e-07
430 5.430124248956602e-07
431 6.960393153639814e-07
432 4.924919433471101e-07
433 5.115043609973424e-07
434 6.533352474381762e-07
435 4.0434447314028613e-07
436 3.8102451677069985e-07
437 5.157613610593717e-07
438 5.143157620598423e-07
439 5.701846904301441e-07
440 4.5080241552767364e-07
441 6.949863765899168e-07
442 5.539901642087818e-07
443 5.381992763575664e-07
444 5.922050213914563e-07
445 6.255943854721274e-07
446 3.981329707109378e-07
447 4.3018680912206595e-07
448 6.987751541177003e-07
449 5.241000030405484e-07
450 6.247957562196624e-07
451 4.799281516623494e-07
452 3.623676653919286e-07
453 4.5287055944017165e-07
454 3.701737150329758e-07
455 3.416085032253702e-07
456 3.447488959415909e-07
457 5.458720835026247e-07
458 2.97297528777443e-07
459 5.251002544466026e-07
460 6.495777553879532e-07
461 1.0434279638486954e-06
462 2.7239723905976635e-07
463 6.943685841910855e-07
464 5.882493280549086e-07
465 4.5922649281398505e-07
466 5.155536646943612e-07
467 4.159484530650201e-07
468 3.80348670218986e-07
469 5.152243501825436e-07
470 6.123572646114055e-07
471 4.881418221676524e-07
472 3.3013299049869975e-07
473 4.091784990633358e-07
474 4.742647680912868e-07
475 7.391611593248348e-07
476 6.281438685217589e-07
477 6.659799025960969e-07
478 5.447196533661579e-07
479 5.36070510689083e-07
480 5.768033442273673e-07
481 6.194622924318681e-07
482 6.630019558432398e-07
483 3.077276031056526e-07
484 7.123437479805998e-07
485 5.638119671922911e-07
486 4.891914895436837e-07
487 4.96814641594548e-07
488 4.3075407943868407e-07
489 4.6371807071353226e-07
490 5.479969666566338e-07
491 6.977168536075135e-07
492 4.1912009977281094e-07
493 6.340566343705577e-07
494 3.1992578823179814e-07
495 4.618510681964886e-07
496 5.134467033831783e-07
497 5.85964632543568e-07
498 3.836503539697958e-07
499 4.1822855910697504e-07
500 3.742202746795887e-07
501 5.918843713093888e-07
502 6.867479038480457e-07
503 3.8261215069586073e-07
504 5.273352877678365e-07
505 6.818707822365995e-07
506 1.8563010786969817e-07
507 4.2375650161288513e-07
508 5.35798995603904e-07
509 5.266962115699091e-07
510 6.857215120168306e-07
511 6.218898174557982e-07
512 4.2195235274607186e-07
513 4.4202404861954166e-07
514 2.7915840212282173e-07
515 5.557841550063857e-07
516 4.895737985674119e-07
517 2.8769458971623775e-07
518 5.537345960750187e-07
519 7.604125910768734e-07
520 4.243152570211814e-07
521 4.4174110821706673e-07
522 6.641679017801935e-07
523 4.453338548006814e-07
524 4.253809760090161e-07
525 5.921205487279321e-07
526 7.767597739240419e-07
527 5.008305721537738e-07
528 5.220111835054911e-07
529 6.616749635562863e-07
530 5.324472661059887e-07
531 4.649547307087325e-07
532 4.3655388367882394e-07
533 5.202402944824555e-07
534 3.878394308415915e-07
535 5.705127399651133e-07
536 4.7361974491255105e-07
537 5.847767289159097e-07
538 3.894462857028481e-07
539 4.1828783227109765e-07
540 4.13450078200302e-07
541 5.404552944026147e-07
542 6.528108310627373e-07
543 5.77562376966191e-07
544 6.291259192142108e-07
545 3.7524222456357113e-07
546 4.538500989438113e-07
547 4.162750539925402e-07
548 6.559834720276277e-07
549 6.699610572477536e-07
550 5.581008648446299e-07
551 4.531677892278693e-07
552 6.689430916668793e-07
553 6.312772925115179e-07
554 4.772096424975882e-07
555 4.900273111482407e-07
556 5.609968733026329e-07
557 4.7461364740721864e-07
558 5.481516265036758e-07
559 2.55780279159949e-07
560 4.4393112332240284e-07
561 6.628477592110858e-07
562 4.628886078649807e-07
563 5.817768240994293e-07
564 5.544753041933227e-07
565 5.631120112310466e-07
566 4.676613318836866e-07
567 3.323189078739722e-07
568 5.205432558881312e-07
569 5.973178768510876e-07
570 5.511998985096279e-07
571 5.23993742641032e-07
572 6.642694187199177e-07
573 6.953876407624339e-07
574 4.880871602550573e-07
575 5.566134448603833e-07
576 4.789739256325956e-07
577 5.53956054474013e-07
578 5.272991277481331e-07
579 4.6625826149441153e-07
580 4.361987737980615e-07
581 4.129767868214626e-07
582 6.703157063651628e-07
583 6.676325858487459e-07
584 4.838219147737577e-07
585 5.760934420518051e-07
586 5.706475649383727e-07
587 5.095728909083765e-07
588 4.080654567536047e-07
589 4.2875426473568055e-07
590 6.018578299488308e-07
591 2.4537285010455705e-07
592 4.926478023758452e-07
593 6.397124509063987e-07
594 4.789298893282653e-07
595 3.5160691136984013e-07
596 4.77044965512342e-07
597 5.449654806015744e-07
598 3.342492445478417e-07
599 3.7756058615569006e-07
600 4.2786111325852746e-07
601 3.354919008893242e-07
602 7.393398636591076e-07
603 4.794555532809707e-07
604 6.311495945167093e-07
605 5.071748121507271e-07
606 6.459437290277079e-07
607 4.297859138635601e-07
608 4.487742929289373e-07
609 4.2031587870823333e-07
610 6.985350308153287e-07
611 5.626915395194329e-07
612 4.2258975694935245e-07
613 4.453566718063279e-07
614 5.912127173081778e-07
615 3.472019431822271e-07
616 4.761171618351599e-07
617 4.3878844923322016e-07
618 4.6768266428534014e-07
619 4.91389308272818e-07
620 3.4844372939337363e-07
621 7.04331725696635e-07
622 3.5709623961559973e-07
623 6.453971662850839e-07
624 4.6424987292708275e-07
625 4.71051628548592e-07
626 6.465376428276922e-07
627 4.7239450432105883e-07
628 5.182196753794735e-07
629 5.94531903699943e-07
630 6.476671578675022e-07
631 3.4766309557777137e-07
632 4.2424460269781323e-07
633 4.159754197786284e-07
634 5.566412248343507e-07
635 4.942648765069595e-07
636 5.546939872067059e-07
637 5.436245829459209e-07
638 4.1590800290839877e-07
639 5.219093598940838e-07
640 5.916255771060587e-07
641 6.484702034781097e-07
642 6.109885617016288e-07
643 5.99932693013067e-07
644 6.372912949494801e-07
645 4.910158283880498e-07
646 7.056177283457411e-07
647 2.524367734232951e-07
648 4.7049392702057684e-07
649 4.4006493009222106e-07
650 3.455068160596696e-07
651 3.2903604313946565e-07
652 4.590501984893819e-07
653 4.4218764383170207e-07
654 6.36091174117925e-07
655 5.476211809466991e-07
656 7.800501907273346e-07
657 5.521224440994676e-07
658 5.210566172874382e-07
659 4.978844820483499e-07
660 4.2521744921834837e-07
661 6.05491018762857e-07
662 5.624061364816955e-07
663 6.57845110652219e-07
664 3.9838190945088865e-07
665 3.501330326570508e-07
666 5.329656506832509e-07
667 4.047125884158917e-07
668 3.9663950065726694e-07
669 5.566362759679188e-07
670 6.211674457450711e-07
671 3.273160915221771e-07
672 6.085079021843403e-07
673 5.406164684354784e-07
674 4.4248339272506354e-07
675 6.864383135852744e-07
676 6.012521026509705e-07
677 2.639375660906504e-07
678 5.089008192349834e-07
679 5.902957201871404e-07
680 4.413247274224488e-07
681 4.7360804043772826e-07
682 5.324584305758779e-07
683 3.971228146479534e-07
684 4.1981150246361045e-07
685 5.669969388750469e-07
686 3.7521199550019553e-07
687 6.690266867083919e-07
688 3.775087658459412e-07
689 3.847417928112235e-07
690 6.939896046407704e-07
691 5.737152415000874e-07
692 4.903635145304165e-07
693 6.336644522523026e-07
694 6.50549700749449e-07
695 5.384793376471942e-07
696 6.488314450608476e-07
697 5.011954861818096e-07
698 5.482656950350773e-07
699 5.841982755827362e-07
700 5.692675640946895e-07
701 5.156508007057565e-07
702 5.723819551242119e-07
703 5.363292727753577e-07
704 6.628127595205176e-07
705 6.581352828456853e-07
706 5.434750910863159e-07
707 3.9332493422327993e-07
708 4.935515559501348e-07
709 4.4709135690074385e-07
710 4.586658201724237e-07
711 5.639387235535518e-07
712 5.810751269158545e-07
713 4.809755640498728e-07
714 5.001029455194133e-07
715 3.7006517154200504e-07
716 5.041902416169889e-07
717 6.127791030694828e-07
718 6.730414432486873e-07
719 2.2455017717354905e-07
720 5.792093537200994e-07
721 4.796027129121341e-07
722 4.6479858211803195e-07
723 5.17683825036133e-07
724 2.847530809314571e-07
725 7.041231262997443e-07
726 3.0844387789169716e-07
727 5.607043801799752e-07
728 6.683741674580782e-07
729 2.531214570133059e-07
730 6.017216202354766e-07
731 6.124866381276172e-07
732 4.85673741320966e-07
733 4.935054568036324e-07
734 5.381978273587918e-07
735 3.955940370092631e-07
736 5.893354958033355e-07
737 7.443832164781869e-07
738 5.370246229770112e-07
739 5.184939590514065e-07
740 5.306128040683181e-07
741 4.071040974294252e-07
742 5.81134273307732e-07
743 3.2992479531084654e-07
744 7.421739239070292e-07
745 2.956223087991935e-07
746 4.55268744049585e-07
747 5.61984820901244e-07
748 5.406209052152779e-07
749 4.820140684279599e-07
750 5.81682282035512e-07
751 5.835757631797115e-07
752 6.419971977901109e-07
753 3.07873919970979e-07
754 5.08421015483128e-07
755 5.399102832831535e-07
756 7.498473366158882e-07
757 4.519183527189879e-07
758 5.200443312428278e-07
759 7.412688664869734e-07
760 5.611449704092328e-07
761 2.539294705139821e-07
762 5.36333381486515e-07
763 4.432450012016732e-07
764 4.6858437958588145e-07
765 4.4821483624073495e-07
766 4.970113437840818e-07
767 4.48347442508994e-07
768 5.115867467727687e-07
769 4.971855722564505e-07
770 2.8276509599147375e-07
771 5.451253044975532e-07
772 4.08711430204734e-07
773 5.123887358191256e-07
774 6.152016248584744e-07
775 4.672831303654527e-07
776 6.685361000543332e-07
777 6.392115952003022e-07
778 3.9146014547260413e-07
779 6.140592294757398e-07
780 6.295125951741151e-07
781 5.283236246481617e-07
782 5.254625617914436e-07
783 6.301960088913644e-07
784 4.726228333351995e-07
785 6.129151645054314e-07
786 5.215085143159617e-07
787 4.990888246340294e-07
788 5.043625907827206e-07
789 5.355096626254228e-07
790 4.901253717470947e-07
791 5.1242213486524e-07
792 6.887080433269937e-07
793 3.9844661479435636e-07
794 5.951089090295706e-07
795 2.4436765415842086e-07
796 5.679610569357322e-07
797 4.923582800485431e-07
798 5.703987001818908e-07
799 5.403679966208132e-07
800 3.9161441077830306e-07
801 4.1537071346221014e-07
802 5.689556105475202e-07
803 4.76883378524657e-07
804 4.3583445590012907e-07
805 6.207834984079228e-07
806 4.7381629974213735e-07
807 4.4853341111862436e-07
808 5.176404240938321e-07
809 7.580201034813558e-07
810 5.471917875413931e-07
811 3.60174106153437e-07
812 6.15862428415044e-07
813 5.783054224867846e-07
814 6.969240205142382e-07
815 6.901701834991781e-07
816 5.516688731442834e-07
817 4.6893448340467376e-07
818 3.643473359760827e-07
819 5.09901063784401e-07
820 3.630949299276547e-07
821 6.858336888320988e-07
822 7.836632435719356e-07
823 6.063594898565268e-07
824 6.140476970343509e-07
825 4.322837269539535e-07
826 4.278477276850232e-07
827 5.601407215751786e-07
828 6.839873841721561e-07
829 5.239567920051601e-07
830 4.1174102953429306e-07
831 6.775321916762748e-07
832 6.433036843087603e-07
833 3.272270197653484e-07
834 6.823574279611055e-07
835 4.6459780729840743e-07
836 7.455656428627208e-07
837 7.310495061145923e-07
838 6.368525602040621e-07
839 3.7769104831083455e-07
840 5.854224697882179e-07
841 4.96809723657274e-07
842 6.892703296822564e-07
843 6.179373004751954e-07
844 6.393288787125282e-07
845 5.352077203450135e-07
846 2.7526496869277725e-07
847 5.02197697123266e-07
848 4.2498533248644e-07
849 6.352154262085285e-07
850 9.424238547824361e-07
851 5.664210008763298e-07
852 3.3698094889476954e-07
853 5.611523465230208e-07
854 4.7471502254527264e-07
855 4.5083326930736504e-07
856 4.292787455431499e-07
857 5.454210234556784e-07
858 3.0982203285685643e-07
859 5.536383789279295e-07
860 5.157764005801945e-07
861 4.887319532851083e-07
862 6.243217449286654e-07
863 6.157258878815295e-07
864 6.071711751504459e-07
865 6.097497165880647e-07
866 5.110569134860994e-07
867 5.06051234285573e-07
868 5.015631915406669e-07
869 4.3068476711872477e-07
870 5.598464896286253e-07
871 6.159893406886118e-07
872 4.092469460762492e-07
873 6.571489126679468e-07
874 6.856387814368027e-07
875 3.1558701186498056e-07
876 4.386342878304507e-07
877 6.187904242233814e-07
878 6.751327996688177e-07
879 4.88991718968153e-07
880 4.818366024833333e-07
881 5.347292587291122e-07
882 4.48385951333772e-07
883 4.3302506184094065e-07
884 6.089040275979052e-07
885 5.319890881421969e-07
886 3.6065579379918044e-07
887 5.647849041519842e-07
888 8.093288471323261e-07
889 5.103293791782412e-07
890 4.7329837846563146e-07
891 5.548299476879376e-07
892 6.044011316878538e-07
893 5.336641959619253e-07
894 3.9213800900916547e-07
895 5.119594504552876e-07
896 5.954687755161537e-07
897 4.620278821120059e-07
898 5.278304967178615e-07
899 4.583650529884368e-07
900 6.129014818645929e-07
901 4.559788163608879e-07
902 4.3662413029634496e-07
903 3.662687483928414e-07
904 6.52324356517183e-07
905 7.346609385935167e-07
906 3.2517571962982314e-07
907 5.174914822053174e-07
908 5.326405643911307e-07
909 5.627870993949217e-07
910 5.527208703697958e-07
911 4.300101697028897e-07
912 5.811428934349806e-07
913 4.5496996078090717e-07
914 6.33164019230273e-07
915 6.195556177296094e-07
916 7.362521387343318e-07
917 3.728950427562058e-07
918 3.2969148051541077e-07
919 4.872550332505523e-07
920 4.896078276388586e-07
921 7.41581761650753e-07
922 6.776964204234132e-07
923 5.969265945514046e-07
924 4.913286868957262e-07
925 4.163650286951726e-07
926 6.04086332797293e-07
927 5.989494546977949e-07
928 6.583604162390862e-07
929 5.433624343418785e-07
930 6.825905206541369e-07
931 6.284651987634055e-07
932 5.432877191386564e-07
933 4.594164426317001e-07
934 3.433314564630469e-07
935 4.738307051843728e-07
936 5.259167504949792e-07
937 4.6893874009008253e-07
938 5.033345003604522e-07
939 4.781967378127557e-07
940 5.811043497028697e-07
941 5.943750037439798e-07
942 2.5520623411226275e-07
943 5.753613578419776e-07
944 3.756003295433879e-07
945 5.125619320501385e-07
946 5.212910428955911e-07
947 7.318649116852415e-07
948 5.964264400275044e-07
949 5.0223236341745e-07
950 6.018565897400717e-07
951 4.857128973177586e-07
952 7.037856145529182e-07
953 4.2290789053377506e-07
954 4.946077153147563e-07
955 5.359468563018793e-07
956 5.553069780065086e-07
957 4.6960832276138334e-07
958 5.575212633825443e-07
959 6.080899337487539e-07
960 5.914530924848866e-07
961 4.292402017113439e-07
962 5.086686765875281e-07
963 5.99458197474821e-07
964 3.0304811061242544e-07
965 5.848911591568895e-07
966 7.277054178432458e-07
967 4.910237225941708e-07
968 5.491993617363272e-07
969 5.203193603829668e-07
970 5.479492583777059e-07
971 4.148133756792426e-07
972 5.949021940600726e-07
973 4.238653399055402e-07
974 2.5927217851467673e-07
975 5.744987177822566e-07
976 2.808157248803321e-07
977 4.795225238360628e-07
978 5.287285187642968e-07
979 5.134213150183873e-07
980 5.833165872521584e-07
981 4.6828016588672255e-07
982 5.3393810819605e-07
983 5.836516986387311e-07
984 4.923131022425176e-07
985 4.059197919867523e-07
986 5.827529643412833e-07
987 3.712513277208734e-07
988 4.888670652345691e-07
989 6.051020721003385e-07
990 4.3708178957258964e-07
991 4.492472829260174e-07
992 5.175670573498229e-07
993 4.7042368379178106e-07
994 5.352425132025976e-07
995 6.751789864749857e-07
996 5.101843501329224e-07
997 4.5009284881545803e-07
998 5.388553545026816e-07
999 6.393245790378205e-07
