0 5.580451225883984e-07
1 1.296020567760103e-06
2 9.004632587498594e-07
3 7.980679513729844e-07
4 1.0720150992665726e-06
5 1.5030162998030995e-06
6 1.5177810006594908e-06
7 1.2763807252586593e-06
8 1.4512278622406599e-06
9 9.040441295454453e-07
10 1.3878152197614654e-06
11 1.370080920269627e-06
12 1.2965223834764497e-06
13 1.406451850662604e-06
14 1.1337514452400987e-06
15 1.530330379566772e-06
16 1.3435910763192986e-06
17 1.270715443519753e-06
18 9.883353009339047e-07
19 1.4224004549950876e-06
20 9.542573499998376e-07
21 1.5328418616386451e-06
22 9.77837865316421e-07
23 8.965834988912039e-07
24 4.697516806220228e-07
25 1.4053407103362354e-06
26 1.3311462808143375e-06
27 1.181436554112686e-06
28 7.074026919600817e-07
29 9.714545214292918e-07
30 8.382585332660894e-07
31 9.168775313243217e-07
32 1.1290561506331814e-06
33 1.069137248062989e-06
34 1.0831561072671868e-06
35 5.624657462221448e-07
36 6.415660105118187e-07
37 1.087583839272139e-06
38 8.486069554636324e-07
39 6.878429907068697e-07
40 6.163753106342335e-07
41 4.808410024362143e-07
42 1.4207281865908321e-06
43 1.2185280887824915e-06
44 1.2421013365077966e-06
45 1.3646400296415109e-06
46 9.490294374316484e-07
47 1.0610620316544307e-06
48 1.4943087567365521e-06
49 8.42774413093585e-07
50 1.0366422522876326e-06
51 1.237093921349572e-06
52 1.5789568527098435e-06
53 1.0816396379153998e-06
54 1.1809627338855209e-06
55 1.1581158396772968e-06
56 5.565785614672847e-07
57 1.2679956411334898e-06
58 7.433281940083552e-07
59 1.325511791479396e-06
60 1.1958300780319587e-06
61 8.229781869229551e-07
62 1.2190865341985104e-06
63 1.3397772356206204e-06
64 1.3324474710034007e-06
65 8.712775091414463e-07
66 1.3514348785253057e-06
67 1.0835540483152177e-06
68 7.822327406845057e-07
69 1.339691397304112e-06
70 1.6793282685272539e-06
71 1.1097664821587474e-06
72 8.589813764980685e-07
73 1.9185205962927982e-06
74 9.564653970798875e-07
75 1.1970843520341563e-06
76 6.111591336021755e-07
77 1.036524658637078e-06
78 1.2692274660193117e-06
79 5.880326146739542e-07
80 1.3167727978427403e-06
81 1.1429407384482832e-06
82 1.2667512718961941e-06
83 7.79569985351639e-07
84 1.4275038085028734e-06
85 1.2182562033910631e-06
86 1.4769674997521955e-06
87 6.06791699343499e-07
88 8.747570695599805e-07
89 1.104388653382152e-06
90 7.209754365883838e-07
91 8.999144796717297e-07
92 1.1590516333677991e-06
93 9.209342048893892e-07
94 1.1494755370384577e-06
95 1.2220340408097605e-06
96 1.0837864332044652e-06
97 1.297608051428098e-06
98 1.2236117381058427e-06
99 1.0685306274102715e-06
100 1.1559876786026193e-06
101 1.2634117243750236e-06
102 1.2295268629317833e-06
103 8.752407736442368e-07
104 1.0767195876093913e-06
105 1.2619865413497875e-06
106 7.47350911431964e-07
107 1.0368898092671783e-06
108 9.187374171155791e-07
109 1.0162878879446475e-06
110 7.905981607988114e-07
111 1.0181732172367548e-06
112 1.2991253319544836e-06
113 1.0820177825643606e-06
114 9.864513132277029e-07
115 1.2220292397758078e-06
116 8.246547881936372e-07
117 6.797795494066193e-07
118 1.349640341996167e-06
119 1.6417075286713584e-06
120 1.209877563899572e-06
121 1.2603220984033301e-06
122 1.4459306010237569e-06
123 6.240407136401649e-07
124 1.3129860243707456e-06
125 1.1662665013288469e-06
126 1.1831375618852343e-06
127 1.0799252795076414e-06
128 1.2204677899307994e-06
129 8.128081457115442e-07
130 1.245876783096901e-06
131 9.929327667958147e-07
132 1.0491889738866368e-06
133 8.4610612279192e-07
134 8.731132909498593e-07
135 1.129195206442754e-06
136 9.684562830399252e-07
137 9.273944534946286e-07
138 7.02988132203105e-07
139 3.926904248857875e-07
140 1.3311116204821092e-06
141 5.858855875662635e-07
142 7.837121701493286e-07
143 1.3321735345151437e-06
144 1.1822650156561036e-06
145 6.61580429823798e-07
146 1.1549392243621529e-06
147 1.55771401474188e-06
148 1.0212378418632015e-06
149 1.0322684333766959e-06
150 4.986504468779504e-07
151 1.0009522067314306e-06
152 1.4141042490628306e-06
153 8.113702094782507e-07
154 8.400746075557125e-07
155 1.2478674758929025e-06
156 1.1122197860546399e-06
157 1.2230029776598491e-06
158 1.0913608234637e-06
159 9.112467301959259e-07
160 1.1834978012748244e-06
161 9.747626368707774e-07
162 1.3445652510577978e-06
163 1.1336792943670326e-06
164 1.0521326030386207e-06
165 1.1812493277597343e-06
166 1.5067225472589454e-06
167 1.0309365204875323e-06
168 1.327154902205521e-06
169 5.834612714731006e-07
170 8.710873200070193e-07
171 8.719673242074653e-07
172 1.3973667044345475e-06
173 9.74434679385288e-07
174 7.581353460141143e-07
175 1.179465205288437e-06
176 7.974817694678211e-07
177 1.1514289557838945e-06
178 8.527689154225555e-07
179 1.0642576911158708e-06
180 1.1515518185883216e-06
181 8.8847150088269e-07
182 1.3982914001986347e-06
183 7.352062802109734e-07
184 8.544126253759145e-07
185 7.995543834971597e-07
186 1.1319169365570855e-06
187 1.4005272613069201e-06
188 8.60616144655848e-07
189 8.154768768301317e-07
190 1.087445580654931e-06
191 1.0989425605201864e-06
192 9.28636139830276e-07
193 1.2451793638994877e-06
194 1.1782697379742097e-06
195 8.768202058774253e-07
196 4.984381603707424e-07
197 9.429148939537545e-07
198 1.4861045276906737e-06
199 1.0991751723461863e-06
200 1.0344963669348694e-06
201 5.317471235804563e-07
202 9.016740958147259e-07
203 1.364350460149182e-06
204 7.166479945072324e-07
205 6.878887067639397e-07
206 9.843149992231537e-07
207 5.270139111466182e-07
208 1.4614700147801362e-06
209 9.512068809778652e-07
210 1.4198231087501278e-06
211 7.581163280312985e-07
212 8.086625015888649e-07
213 1.1806111598383931e-06
214 7.286442537652857e-07
215 1.1815875909034624e-06
216 1.0138186629769903e-06
217 1.2082612427683122e-06
218 5.201451894144726e-07
219 7.502490051163554e-07
220 8.29486378093617e-07
221 1.3497297010238036e-06
222 1.4774891689541595e-06
223 9.93834851413165e-07
224 1.0079395336669805e-06
225 1.4441245104009113e-06
226 6.28053359359461e-07
227 1.3486372828370208e-06
228 1.2156109991656854e-06
229 1.3270339684458967e-06
230 1.1948942379185714e-06
231 1.4040732472076957e-06
232 9.739899213468417e-07
233 1.1814593751677502e-06
234 1.1091213268977482e-06
235 4.715934549001698e-07
236 1.1724242894068224e-06
237 1.5433611502157046e-06
238 1.095845820274691e-06
239 9.827393346252976e-07
240 1.0540125656822322e-06
241 9.419288497460365e-07
242 9.407047877035393e-07
243 1.2810193511169434e-06
244 5.975045209537863e-07
245 1.052170693284563e-06
246 1.2270904203773488e-06
247 1.5543675143652834e-06
248 8.741214723485155e-07
249 8.7263860484445e-07
250 7.85824918937808e-07
251 8.366946725699072e-07
252 1.0471906311140595e-06
253 1.5875043923572428e-06
254 1.0071604297245374e-06
255 1.493896303864192e-06
256 7.422687578684192e-07
257 8.963329165629439e-07
258 1.220002865113294e-06
259 1.4524928769071239e-06
260 9.963515396648177e-07
261 1.2098615613722217e-06
262 1.108121333244664e-06
263 1.321964601611375e-06
264 1.2893677485285308e-06
265 9.600550893528838e-07
266 1.0659761063376366e-06
267 1.4873122236564096e-06
268 6.7952836781589e-07
269 1.540151777467266e-06
270 8.621849558156032e-07
271 9.857739360931665e-07
272 1.1391121771190808e-06
273 7.957104751309593e-07
274 1.5941308035339318e-06
275 6.300128916556072e-07
276 5.761759312010226e-07
277 1.15023369638759e-06
278 1.5007122281150239e-06
279 1.0055241848005423e-06
280 1.1269150241232346e-06
281 1.583464814535033e-06
282 9.501337099114792e-07
283 9.581132381493378e-07
284 8.206589323799542e-07
285 1.2769977019277122e-06
286 1.5221357257886388e-06
287 1.2952923136055636e-06
288 9.321556831356142e-07
289 9.86189679056553e-07
290 1.162821851927053e-06
291 1.109555175356769e-06
292 1.3788905170752464e-06
293 8.62252129094631e-07
294 1.0856102557887906e-06
295 1.135262061087963e-06
296 8.408430281147226e-07
297 1.1000434435598443e-06
298 1.170732077729018e-06
299 9.506331197371088e-07
300 7.898855343398931e-07
301 1.245141591783849e-06
302 1.1596113591715023e-06
303 1.1878174043545997e-06
304 9.7942052217948e-07
305 1.3599655621124353e-06
306 1.0842384360836145e-06
307 8.281709862651631e-07
308 1.0654985490339126e-06
309 8.522052412173493e-07
310 1.5328099574609318e-06
311 1.32060397387018e-06
312 8.88916534951464e-07
313 1.047237547605078e-06
314 1.694774578537116e-06
315 1.2166405328219603e-06
316 8.581862426320538e-07
317 5.721826102923223e-07
318 1.067656898935072e-06
319 6.359693368852249e-07
320 1.2019032324025956e-06
321 1.4657567903537868e-06
322 8.058013818945015e-07
323 7.873600433885019e-07
324 1.2674642275275964e-06
325 1.1406177180359996e-06
326 8.883032823218239e-07
327 1.1076598591783572e-06
328 9.325343505713032e-07
329 6.869579234721088e-07
330 1.5128776241393942e-06
331 4.5776111533495744e-07
332 1.52347842686095e-06
333 1.2618341842447329e-06
334 9.375129772042863e-07
335 1.1061976346903475e-06
336 9.018778837175808e-07
337 8.781559121733004e-07
338 1.5560550084612548e-06
339 1.043883181019081e-06
340 1.339788467816802e-06
341 9.573742201754144e-07
342 8.926430020940622e-07
343 8.779867064819676e-07
344 9.797517539900307e-07
345 9.66144441028601e-07
346 8.153632032412495e-07
347 1.3508178203916874e-06
348 8.181241951792443e-07
349 1.0384092397907637e-06
350 1.2586094901987552e-06
351 4.416415582914712e-07
352 1.3515315004045101e-06
353 1.001017028311876e-06
354 1.2906779962984804e-06
355 1.2009045130972588e-06
356 6.173405674173726e-07
357 1.3519014723283356e-06
358 6.465539776495328e-07
359 6.56444122647738e-07
360 8.255668043837057e-07
361 1.1827398124991522e-06
362 1.246863096523977e-06
363 1.0588797232271911e-06
364 1.1608225506978177e-06
365 9.37643831230884e-07
366 1.217907746349903e-06
367 7.717321465542507e-07
368 1.347825765455579e-06
369 8.155697720822252e-07
370 1.5585804782744242e-06
371 8.664681969070262e-07
372 1.0927954244365462e-06
373 9.741611945672736e-07
374 4.6242368261972165e-07
375 8.627732604727476e-07
376 1.4695031056553577e-06
377 1.2243095175996345e-06
378 1.043005800415155e-06
379 1.162047254555926e-06
380 8.466470111289532e-07
381 1.0080348168430635e-06
382 1.5145075028732958e-06
383 9.069929204396897e-07
384 1.6945508693097363e-06
385 1.082059987460803e-06
386 9.421760222962618e-07
387 7.463395427390789e-07
388 5.086499001223959e-07
389 1.7545943250644558e-06
390 8.482918335447168e-07
391 9.4401190074394e-07
392 1.1061182563910146e-06
393 1.068117550116082e-06
394 5.731968551150278e-07
395 1.3475810230838994e-06
396 8.678235959760128e-07
397 1.2572544500629483e-06
398 1.0316406760014147e-06
399 6.107772070823169e-07
400 1.4026266736971551e-06
401 9.356885520409597e-07
402 6.827670180314347e-07
403 7.073306913560711e-07
404 1.4735098539298768e-06
405 1.1856438124796475e-06
406 9.803332496270451e-07
407 1.1976183270331203e-06
408 1.0725634754992076e-06
409 1.3567430025734072e-06
410 8.859729400635912e-07
411 1.0819285504663052e-06
412 8.79337010175296e-07
413 1.141341850261228e-06
414 1.6095244379122717e-06
415 1.2014582590335986e-06
416 6.984930183903288e-07
417 1.1959479085989173e-06
418 1.077620574351152e-06
419 1.3023497957743678e-06
420 7.886064446027055e-07
421 1.286800020593702e-06
422 9.001935334808159e-07
423 1.2803954829303356e-06
424 1.4541829113522678e-06
425 1.004468429430164e-06
426 8.757564722377953e-07
427 9.064126005295415e-07
428 8.027332588346699e-07
429 9.250833937039814e-07
430 8.475289465589624e-07
431 1.005601979812124e-06
432 2.934095968457077e-07
433 9.60283025812274e-07
434 8.216811924908831e-07
435 1.1735113064210239e-06
436 1.1194962760143158e-06
437 9.466265739369951e-07
438 7.171279842983013e-07
439 7.741109655503621e-07
440 8.475486417034993e-07
441 4.2690284238316597e-07
442 7.776418479424352e-07
443 1.031778216149315e-06
444 1.2311737814888084e-06
445 1.0962916745006495e-06
446 1.2271612748446608e-06
447 6.888460959984011e-07
448 1.3195841676531938e-06
449 6.595677430777627e-07
450 9.67733301661606e-07
451 1.1086084789033739e-06
452 1.5786866774377656e-06
453 1.1016403986178732e-06
454 1.1001558494152148e-06
455 1.3538388474233139e-06
456 5.549966030151993e-07
457 7.189868708536685e-07
458 1.5478251734997435e-06
459 9.867586374869967e-07
460 1.039631220309109e-06
461 8.295120937193743e-07
462 1.2563492464994403e-06
463 1.2238329105299855e-06
464 7.427853549051648e-07
465 8.89361841261111e-07
466 1.3581213219873875e-06
467 4.28127041752996e-07
468 1.3426447644134815e-06
469 7.453525228266324e-07
470 1.0970361993469135e-06
471 1.5454852610472808e-06
472 7.962995034549041e-07
473 7.899607292159229e-07
474 1.154702456935235e-06
475 7.532964421045507e-07
476 1.06136589184436e-06
477 6.417318286493928e-07
478 8.372629751031583e-07
479 8.952462162020388e-07
480 8.827276564668887e-07
481 1.0496318776775927e-06
482 1.0206939510336276e-06
483 1.0927291549905049e-06
484 1.6140880988897062e-06
485 9.995339249110677e-07
486 8.273428931277791e-07
487 8.205741822683952e-07
488 7.527835529549586e-07
489 1.0731622935670723e-06
490 1.2119784496528295e-06
491 8.152946604796282e-07
492 1.1688180669388594e-06
493 1.803735386651995e-06
494 4.915570695106824e-07
495 1.1273032353496473e-06
496 1.0794881573880268e-06
497 7.359306378241283e-07
498 1.0409135645089469e-06
499 8.370507945568069e-07
500 8.648562388561395e-07
501 1.4354773416204232e-06
502 1.0801935600779478e-06
503 8.423175221317875e-07
504 7.450371778628115e-07
505 9.764150262641211e-07
506 1.105902247380806e-06
507 7.500657248845396e-07
508 9.186648366307714e-07
509 1.3328639631672829e-06
510 1.6491890152925784e-06
511 7.290813874798324e-07
512 8.367140815235568e-07
513 1.0083347798715654e-06
514 9.247498142198876e-07
515 7.313321542972324e-07
516 1.078280157933689e-06
517 1.0809855025340096e-06
518 9.551286604172831e-07
519 1.1903379368461756e-06
520 1.0288205392082258e-06
521 9.437405185991469e-07
522 7.499122276972201e-07
523 5.723915474206032e-07
524 1.2911217040106084e-06
525 1.0122445189422305e-06
526 1.3957078886077515e-06
527 1.147437523701908e-06
528 8.931388704483674e-07
529 1.2575021024702278e-06
530 1.333294360114315e-06
531 1.2065674376431726e-06
532 7.961686696484452e-07
533 1.1828235742876351e-06
534 3.569937325100269e-07
535 8.424673396253777e-07
536 1.2534873548236273e-06
537 8.368891288162383e-07
538 1.111938555620916e-06
539 6.861455851205607e-07
540 1.1675064751239e-06
541 7.832394847530634e-07
542 8.015849414595309e-07
543 1.2398529777932292e-06
544 1.1086331943038017e-06
545 4.572591671773454e-07
546 1.2870099796667085e-06
547 1.1860123140115156e-06
548 1.5355136305120446e-06
549 8.513836088791653e-07
550 1.0145402013818878e-06
551 9.146802190834022e-07
552 7.715824196622386e-07
553 9.959974216447786e-07
554 1.5675934090528641e-06
555 1.1683991054330976e-06
556 9.658968459270037e-07
557 1.3055133515313402e-06
558 1.004932429763499e-06
559 1.2385795323032166e-06
560 1.2555708524562266e-06
561 1.4229504489686078e-06
562 9.850895930699816e-07
563 9.56665991745309e-07
564 1.2024165988162943e-06
565 1.122871535712352e-06
566 1.2562441705379587e-06
567 1.371110208715969e-06
568 7.419624402231056e-07
569 1.123326562611739e-06
570 9.518334744920443e-07
571 1.3011413762306823e-06
572 9.805227273097088e-07
573 1.2048521066201325e-06
574 1.2994428170821798e-06
575 8.75151318731529e-07
576 1.1918612814908681e-06
577 7.528177739578643e-07
578 1.6634960162154297e-06
579 8.248055180839951e-07
580 8.08513413247494e-07
581 1.160898295570801e-06
582 1.061711692528112e-06
583 1.134656788803554e-06
584 1.087578021437472e-06
585 7.96163377847293e-07
586 1.4353295098072572e-06
587 1.0570826210094266e-06
588 1.1498689493850812e-06
589 1.0782502874629565e-06
590 5.239851407266837e-07
591 9.354044243582839e-07
592 8.900184933706504e-07
593 1.0106938804861537e-06
594 9.63925955841283e-07
595 1.1931750321320058e-06
596 1.0841341663494648e-06
597 1.0926859537821027e-06
598 1.0593765153454728e-06
599 1.2292686557296038e-06
600 9.412307712130662e-07
601 1.5938296152200514e-06
602 8.202340873447872e-07
603 9.020564124614239e-07
604 1.2940501354167905e-06
605 1.2928158824078544e-06
606 8.885685584869342e-07
607 1.1482837148945541e-06
608 1.4178480204946464e-06
609 1.269149969258652e-06
610 1.0497334309280858e-06
611 1.520709922324145e-06
612 1.0389690685983735e-06
613 1.208073789772346e-06
614 1.3328281121293937e-06
615 8.501333856383007e-07
616 1.4746814312223249e-06
617 9.175865668728802e-07
618 1.2229471084409734e-06
619 1.2737308654545075e-06
620 1.3964964492802612e-06
621 6.708176533133012e-07
622 1.4282996308084058e-06
623 1.1822317948537523e-06
624 1.526837223659514e-06
625 9.833489472573034e-07
626 1.0986282067722207e-06
627 9.46134794444908e-07
628 8.979635807738102e-07
629 1.2758275028576987e-06
630 1.1210735622994532e-06
631 1.0104985966160374e-06
632 1.3182344315003942e-06
633 1.1900186732226453e-06
634 9.812464684545272e-07
635 1.1721316636536426e-06
636 9.371054542417395e-07
637 9.393133188848376e-07
638 1.010486066174221e-06
639 6.226398229188188e-07
640 9.91071380495908e-07
641 9.144722576753496e-07
642 1.0223186820435936e-06
643 1.0413575543130764e-06
644 1.3139100095768968e-06
645 1.1789941559991937e-06
646 1.4298197077744474e-06
647 1.0588459801803952e-06
648 1.285355953496138e-06
649 7.222231799417902e-07
650 1.2132970723433205e-06
651 1.1565523237441132e-06
652 1.3785132485783393e-06
653 9.306761209270252e-07
654 4.5134493167834465e-07
655 1.1296769086971567e-06
656 1.0380437189152515e-06
657 7.759660922796302e-07
658 8.725352143847052e-07
659 1.091810888786822e-06
660 9.171070883030316e-07
661 7.029756829849408e-07
662 5.123670733841566e-07
663 9.291728233224018e-07
664 3.979077101455091e-07
665 7.292628595657128e-07
666 1.1213436968999967e-06
667 1.015772414499998e-06
668 1.1304310761798275e-06
669 8.059746640524213e-07
670 5.910747476496614e-07
671 1.2422956283293905e-06
672 1.1206713212648293e-06
673 9.100440029384042e-07
674 8.902754805668932e-07
675 1.1521259097533185e-06
676 1.1343296875303895e-06
677 1.3574232040185212e-06
678 1.0240396956399522e-06
679 1.0662744722977607e-06
680 8.433444556757578e-07
681 1.1571838125410222e-06
682 9.834179574238583e-07
683 1.1208310292945135e-06
684 9.280676635738342e-07
685 1.2224054512172592e-06
686 7.631045562385097e-07
687 1.1052298170522525e-06
688 9.472044344783752e-07
689 7.018158098411618e-07
690 1.070031958261912e-06
691 1.1307239092274813e-06
692 1.16204155718224e-06
693 1.2714669324436434e-06
694 9.346830774245674e-07
695 9.463813343321516e-07
696 1.3174814028822832e-06
697 1.1887165921959534e-06
698 1.0588013474906822e-06
699 1.3072737918936527e-06
700 9.568126867246773e-07
701 1.0407519856388209e-06
702 9.937518974635064e-07
703 1.336681612593277e-06
704 1.2423989200132142e-06
705 8.330595442314765e-07
706 1.0096549497442298e-06
707 9.81033150676302e-07
708 9.709592172742816e-07
709 1.055204368117664e-06
710 9.120412414560113e-07
711 7.12275475298396e-07
712 1.507753520041719e-06
713 8.454489959720192e-07
714 8.139374954106757e-07
715 8.669726979726761e-07
716 9.777999762680297e-07
717 1.292482276355568e-06
718 1.1867285496746032e-06
719 9.207389830105428e-07
720 1.0471016937845234e-06
721 5.581620561052589e-07
722 1.0737307054907388e-06
723 1.6029848551826065e-06
724 8.436144511951024e-07
725 9.999617078382537e-07
726 9.23756622156292e-07
727 1.028067683383864e-06
728 1.2038536868732996e-06
729 1.199593336710282e-06
730 6.995527378947692e-07
731 1.035945816297566e-06
732 1.3359374688389029e-06
733 1.0158527434682024e-06
734 9.730740879486205e-07
735 1.2572439139142772e-06
736 1.1276095220023328e-06
737 6.341241113348552e-07
738 6.892755152013029e-07
739 1.367082485712787e-06
740 9.658036984850922e-07
741 1.301073578926257e-06
742 6.716992130357742e-07
743 1.475603505873083e-06
744 1.3322751136974488e-06
745 1.0119755944107362e-06
746 1.0416193182133495e-06
747 1.5091221847414226e-06
748 1.0833621944710595e-06
749 1.2382048672264873e-06
750 9.54705556315263e-07
751 1.2458922661279703e-06
752 1.2240384588570684e-06
753 9.128814616247953e-07
754 1.0397465770549752e-06
755 1.31216260277504e-06
756 6.680831220951672e-07
757 9.728163380396774e-07
758 1.124201247301755e-06
759 1.220348783233017e-06
760 8.272123427425002e-07
761 8.120049389579102e-07
762 9.884203449758932e-07
763 5.884026095014511e-07
764 1.294256970460118e-06
765 8.255141298860573e-07
766 1.24815841315006e-06
767 1.2941362669643992e-06
768 9.727573770512356e-07
769 9.079748074726638e-07
770 1.2940658156615713e-06
771 1.4869486493806378e-06
772 1.2146294048224598e-06
773 1.2024231106303199e-06
774 6.899087329824376e-07
775 9.99418778799451e-07
776 1.405224772917023e-06
777 8.398972357892235e-07
778 1.340352009144855e-06
779 1.322429470100963e-06
780 9.638535298851084e-07
781 1.3580934100017805e-06
782 1.0826442547774471e-06
783 1.1052075282061403e-06
784 8.168965639580059e-07
785 1.0954771312899429e-06
786 8.92111870676653e-07
787 9.395762953858798e-07
788 6.040104347763911e-07
789 1.6190695977333957e-06
790 9.080694655792165e-07
791 1.03532141710319e-06
792 1.3426273166283177e-06
793 8.201469193366595e-07
794 1.0830467679880567e-06
795 7.069436993589685e-07
796 8.312296447668736e-07
797 9.003577333309158e-07
798 9.620915293205845e-07
799 1.6143619975729882e-06
800 1.1163316535369263e-06
801 1.0752215920551082e-06
802 1.1490986746239238e-06
803 1.3312302765506328e-06
804 1.1059433865993392e-06
805 9.97202871088971e-07
806 4.2441943525786187e-07
807 1.0811784478384351e-06
808 1.167117209207073e-06
809 1.1099652078533826e-06
810 1.0645981302742086e-06
811 1.0220649469690565e-06
812 5.525430866764741e-07
813 1.128983481606606e-06
814 1.0663597625073012e-06
815 1.402818379570701e-06
816 9.764861479937305e-07
817 1.1549363880959917e-06
818 6.694801550372961e-07
819 9.708560864056975e-07
820 9.743470301611807e-07
821 1.1362381926269487e-06
822 7.71763554313708e-07
823 1.402365551338309e-06
824 1.0918574633439225e-06
825 8.79618260089604e-07
826 1.3298181632082211e-06
827 5.371970791688985e-07
828 1.4191308387484508e-06
829 1.1016980586077725e-06
830 1.274096968264221e-06
831 1.1639610462563144e-06
832 1.006822890554952e-06
833 1.134864343453072e-06
834 1.0331299663797655e-06
835 8.243735895888994e-07
836 1.230920780759201e-06
837 8.542711711971246e-07
838 8.236329169081344e-07
839 1.2768495351263625e-06
840 8.305835796145747e-07
841 9.75486615027798e-07
842 1.1846705177057692e-06
843 1.3224867954870555e-06
844 8.487271053613771e-07
845 1.0126906168399724e-06
846 9.712123560291708e-07
847 9.227001306603463e-07
848 9.595399812804028e-07
849 9.601855461476167e-07
850 9.840083246073744e-07
851 1.0693938875535642e-06
852 9.82734826861672e-07
853 1.208325293716568e-06
854 1.4568406935878556e-06
855 1.0311703198447813e-06
856 1.0326912143588997e-06
857 1.1795017299027594e-06
858 2.0349853697966376e-06
859 8.644691123838842e-07
860 1.1093027223207197e-06
861 7.256213826006638e-07
862 1.3467969212394369e-06
863 1.1307316754494599e-06
864 1.4689327916102367e-06
865 1.2150830526081525e-06
866 1.1251762224838152e-06
867 1.522354121324954e-06
868 8.427672839944792e-07
869 8.697324973943874e-07
870 1.1374301395589827e-06
871 7.298923830933409e-07
872 9.565359642879926e-07
873 1.174104140535635e-06
874 1.3450830318958155e-06
875 1.0142406064903337e-06
876 8.323030963744434e-07
877 1.1522402824020573e-06
878 1.5069265178870375e-06
879 1.052984362037583e-06
880 1.1718246855294102e-06
881 1.1036272602839152e-06
882 7.176584488471977e-07
883 1.2227919627891368e-06
884 1.2898988422442163e-06
885 9.265621427844059e-07
886 4.819598503347023e-07
887 5.92713347409897e-07
888 1.1217110127990216e-06
889 7.634201268741222e-07
890 1.5826414388772183e-06
891 1.1730083952871921e-06
892 9.736776199171104e-07
893 1.3070617399733806e-06
894 9.632269114020845e-07
895 9.009792112384322e-07
896 1.8874259453400788e-06
897 3.4923942796045554e-07
898 1.4846238917462114e-06
899 7.221093326628603e-07
900 1.3699385528640002e-06
901 1.2888778421907522e-06
902 1.0326912477770763e-06
903 1.0621578120722164e-06
904 1.3373401858981324e-06
905 6.431341160881661e-07
906 1.0891192946347843e-06
907 8.56777487142426e-07
908 1.3548923635325045e-06
909 1.1505047698882912e-06
910 1.0030964477705087e-06
911 1.1570892206022057e-06
912 9.930184357441541e-07
913 1.3752837194776356e-06
914 1.4008556297710925e-06
915 1.2298559623124306e-06
916 1.1616109752360252e-06
917 7.090241621081144e-07
918 6.631794949533351e-07
919 5.410170553344146e-07
920 1.4387552170640121e-06
921 1.1854250156866908e-06
922 1.2491263284907904e-06
923 9.194266670359879e-07
924 7.928248619528447e-07
925 1.0131570646347853e-06
926 7.052053482882184e-07
927 9.496324592943306e-07
928 8.040710582526011e-07
929 9.763434525549783e-07
930 8.32361505102011e-07
931 6.798917309536695e-07
932 8.805574640317467e-07
933 1.2942312112907225e-06
934 1.024209269891201e-06
935 8.377804357777822e-07
936 1.0375546573180426e-06
937 1.1810524196168842e-06
938 1.3019439069441878e-06
939 1.3488353230379712e-06
940 9.856419621201121e-07
941 6.132935666124504e-07
942 1.07611443073913e-06
943 1.224973004620996e-06
944 6.689284664654197e-07
945 1.0623995862416233e-06
946 7.503631244540414e-07
947 9.58175633461145e-07
948 1.5779114049421383e-06
949 1.2947175090475717e-06
950 1.1437787385701708e-06
951 8.832505398120636e-07
952 8.192246486317863e-07
953 1.3960168993442004e-06
954 1.1848803533382587e-06
955 1.277427602451652e-06
956 1.0697518854783216e-06
957 5.985214889398547e-07
958 7.918921622708111e-07
959 1.1239911432507826e-06
960 1.3438158066264136e-06
961 1.2012939335132905e-06
962 1.003521924614315e-06
963 9.343097527440654e-07
964 1.323822976432717e-06
965 1.2339125216719967e-06
966 1.0482804213350509e-06
967 6.569740354178036e-07
968 9.820222005655196e-07
969 9.319138550249672e-07
970 7.856079562335868e-07
971 7.038191534048028e-07
972 9.68943080008667e-07
973 9.215426475303565e-07
974 1.0239480958074656e-06
975 8.402368544999987e-07
976 1.2606452944686413e-06
977 1.267321155104375e-06
978 1.0173592756813012e-06
979 1.019980875397657e-06
980 9.416708467892804e-07
981 7.901503900900208e-07
982 7.603972193093823e-07
983 1.514289626178005e-06
984 1.1843563909952618e-06
985 6.370335213511265e-07
986 9.446699738625678e-07
987 1.2671614673819877e-06
988 9.70855052878011e-07
989 1.2697028090442835e-06
990 1.2042546223355847e-06
991 1.220291344962727e-06
992 1.0828662326539947e-06
993 1.0562866297926387e-06
994 1.0529629683907624e-06
995 1.0036094431228715e-06
996 1.0127180109570146e-06
997 1.435857509250194e-06
998 1.2414505167920223e-06
999 1.0544392192717388e-06
