0 6.008415586032776e-07
1 1.0565684201084285e-06
2 8.24725317029924e-07
3 8.905405171516964e-07
4 9.042136573517218e-07
5 1.4856722330056237e-06
6 1.3457005224207618e-06
7 1.2709985170702519e-06
8 1.3013109661011892e-06
9 8.62731111993685e-07
10 1.1218184836766504e-06
11 1.2684966041977055e-06
12 1.1872112077216892e-06
13 1.3242174131059197e-06
14 1.0635093634367398e-06
15 1.2155200968186746e-06
16 1.1385820903517463e-06
17 1.0687875896491404e-06
18 9.848931161832887e-07
19 1.1736887795478344e-06
20 9.032724828960521e-07
21 1.3043538926998112e-06
22 8.044398981461535e-07
23 1.0386397397944806e-06
24 4.853760152607226e-07
25 1.2826209673172125e-06
26 1.149992647970539e-06
27 1.0831729541591232e-06
28 6.953809766414189e-07
29 9.271953729310289e-07
30 9.567841623339805e-07
31 9.949600911370014e-07
32 9.340871334661253e-07
33 1.1691905709181454e-06
34 9.796087422867766e-07
35 6.519039171231226e-07
36 7.699679576525125e-07
37 1.0959091762831741e-06
38 9.010073824575484e-07
39 6.998321882343149e-07
40 6.619690678302701e-07
41 4.6987493178066485e-07
42 1.2421890455013632e-06
43 1.0129046334547168e-06
44 1.1605654764763369e-06
45 1.100658276652596e-06
46 9.119562997661666e-07
47 1.034457514785708e-06
48 1.4064173231283577e-06
49 8.035141509168931e-07
50 8.585322555559249e-07
51 1.02373279390013e-06
52 1.3646360167372274e-06
53 1.0345662834087772e-06
54 1.2362858917674503e-06
55 1.0677532421175728e-06
56 4.6966033404796205e-07
57 1.1395543990894722e-06
58 7.491631958174969e-07
59 1.1910651736586491e-06
60 1.139228126770932e-06
61 7.007936320634749e-07
62 1.1686301468023562e-06
63 1.1476626800295953e-06
64 1.2321282711416919e-06
65 8.890151151276371e-07
66 1.0772438062822343e-06
67 1.0849207997336776e-06
68 7.946411341455636e-07
69 1.1755380052294093e-06
70 1.361855149464004e-06
71 9.740599785106838e-07
72 8.90842974496901e-07
73 1.6374901730046166e-06
74 9.51558819369936e-07
75 1.1421243046602977e-06
76 6.856559178336846e-07
77 1.095618437802449e-06
78 1.218900603903279e-06
79 6.170450862366406e-07
80 1.211283038050307e-06
81 1.1008932555529998e-06
82 1.200549606842767e-06
83 7.934954645432083e-07
84 1.2990639319546196e-06
85 1.0596745418923694e-06
86 1.1999500855288902e-06
87 4.613567964089346e-07
88 8.258046270694343e-07
89 1.0950991839991535e-06
90 5.606779907533437e-07
91 9.228691694353019e-07
92 1.0514176019819388e-06
93 8.865640995898496e-07
94 1.010066911513932e-06
95 1.084010553357797e-06
96 1.0425912551533292e-06
97 1.2385755994618043e-06
98 1.1430662240463405e-06
99 1.0360847468559425e-06
100 1.0050923823340232e-06
101 1.0110553259050073e-06
102 1.1555674836477205e-06
103 7.750503695779699e-07
104 9.918801128708062e-07
105 1.0388515868966702e-06
106 8.95328464047558e-07
107 1.0763766330377305e-06
108 9.583090925096573e-07
109 8.970676455217729e-07
110 6.84931483410972e-07
111 1.0780322766722035e-06
112 1.2073694651339995e-06
113 8.740346960145554e-07
114 1.1450248613425201e-06
115 1.233222298356803e-06
116 7.290069857618533e-07
117 8.067782788042291e-07
118 1.2626020143932116e-06
119 1.2781360904801698e-06
120 9.101545745977492e-07
121 1.1304720090792654e-06
122 1.2118737495605098e-06
123 6.764268267855155e-07
124 1.2696104649920233e-06
125 1.20270485472908e-06
126 1.1502937060568156e-06
127 9.677695047077189e-07
128 1.0892951562131481e-06
129 7.468352450241408e-07
130 1.1758129890112673e-06
131 1.0389471936110865e-06
132 1.0259497193077703e-06
133 8.538491361583427e-07
134 8.053342850344332e-07
135 1.071993442204136e-06
136 8.393053884601091e-07
137 9.931696095004377e-07
138 6.896305068115068e-07
139 4.519095916339342e-07
140 1.1878315660818082e-06
141 7.163532733476787e-07
142 8.013094363010704e-07
143 1.0807976913647539e-06
144 1.1647614832358548e-06
145 7.281625564785892e-07
146 1.0752981772082538e-06
147 1.3955189920832384e-06
148 1.042859521418511e-06
149 9.79990199628227e-07
150 5.24005868019973e-07
151 9.942890823557578e-07
152 1.2161088038244578e-06
153 8.104756102462953e-07
154 8.346259702426695e-07
155 1.1414825135445018e-06
156 1.0304987611942373e-06
157 1.1116850220331162e-06
158 1.0772030693583596e-06
159 7.795775202795458e-07
160 1.1275794602418381e-06
161 9.490322618078064e-07
162 1.1435308875340584e-06
163 9.710722549960587e-07
164 9.465776860008307e-07
165 8.968281453413657e-07
166 1.3260425291531843e-06
167 1.108642288302137e-06
168 1.1786247228947418e-06
169 6.037657868481219e-07
170 8.058351220034769e-07
171 9.146540182559516e-07
172 1.2878177454699903e-06
173 8.991225562182969e-07
174 7.643489782823142e-07
175 1.0027287231742021e-06
176 7.339635629348877e-07
177 9.137614497780066e-07
178 7.719527945470329e-07
179 8.482740639764593e-07
180 9.61175076600548e-07
181 9.204864653777086e-07
182 1.2657654483733423e-06
183 6.739830714259763e-07
184 7.918943130408246e-07
185 9.459721290531806e-07
186 1.0521414541560507e-06
187 1.258973724026481e-06
188 8.205319538206035e-07
189 6.15325968383971e-07
190 1.0321412687979084e-06
191 1.0758483818069725e-06
192 7.475763360382314e-07
193 1.1825110627935953e-06
194 1.1781899190907242e-06
195 8.288275689548286e-07
196 5.30368400875616e-07
197 9.036871688426781e-07
198 1.2310605576771102e-06
199 1.044283470612235e-06
200 1.0125620457359201e-06
201 4.838123955684795e-07
202 8.811715844655455e-07
203 1.0454269363977686e-06
204 8.814535450180351e-07
205 7.362819133366742e-07
206 8.315906070818543e-07
207 5.747406623175425e-07
208 1.3754555540532916e-06
209 8.50364936644448e-07
210 1.090659836591641e-06
211 9.48162314322525e-07
212 8.464490085114325e-07
213 1.0865872237309806e-06
214 6.70983840226849e-07
215 9.872998806914762e-07
216 1.1230522348726128e-06
217 1.1272916937827423e-06
218 5.551944377302925e-07
219 6.456004160960256e-07
220 9.309084813918769e-07
221 1.1360059705723838e-06
222 1.4066081359239975e-06
223 9.047291711193216e-07
224 1.1343921879474436e-06
225 1.3545433997838486e-06
226 5.364795963327731e-07
227 1.0919473720307646e-06
228 1.1819857975692145e-06
229 1.3063902287419835e-06
230 1.0815204233307886e-06
231 1.1678905739116921e-06
232 9.116761978034307e-07
233 1.0374204784709255e-06
234 1.01737287653488e-06
235 6.313667261074343e-07
236 1.0405871533629614e-06
237 1.4522639250197218e-06
238 9.519051744643955e-07
239 9.029923288858209e-07
240 9.65675839690744e-07
241 9.397374970490202e-07
242 1.0606513607691047e-06
243 1.1475459952351077e-06
244 5.819481096513585e-07
245 9.117941599476811e-07
246 1.1580164587088333e-06
247 1.4773805336210389e-06
248 9.244901868251789e-07
249 8.125324876279117e-07
250 7.863317948004287e-07
251 7.537489556770448e-07
252 9.525988237637138e-07
253 1.4493044572721498e-06
254 1.0275846291854872e-06
255 1.3494734970033115e-06
256 8.098156958648361e-07
257 8.493251255930911e-07
258 1.1943150983106685e-06
259 1.2165541858248935e-06
260 9.165779954866651e-07
261 1.0039384259985635e-06
262 1.0060806691815264e-06
263 1.1362479638325638e-06
264 1.0920274771888377e-06
265 8.326912060228914e-07
266 9.730609662963014e-07
267 1.291288898801976e-06
268 7.188277244889775e-07
269 1.5128628889765517e-06
270 8.837889609025628e-07
271 9.666316210539584e-07
272 9.33523848930132e-07
273 8.604388580797281e-07
274 1.5110960008592575e-06
275 6.860237121384129e-07
276 5.30145528702862e-07
277 1.0111078185089517e-06
278 1.3460918709203416e-06
279 1.0218748695592068e-06
280 1.0013201420557916e-06
281 1.2938391454025552e-06
282 9.445094815576657e-07
283 1.057399640163173e-06
284 8.750858293441381e-07
285 1.192606728616108e-06
286 1.2990088094535894e-06
287 1.1620278586158926e-06
288 9.17971238806514e-07
289 9.75304359862545e-07
290 1.0602350970117144e-06
291 9.471847559606445e-07
292 1.247293058920773e-06
293 7.264190390660545e-07
294 9.401147123291225e-07
295 1.0540814674382887e-06
296 7.005194399632874e-07
297 1.0470584779979127e-06
298 1.0029120191534985e-06
299 9.956759853110518e-07
300 8.558602485705756e-07
301 1.1901119585848083e-06
302 1.0129933974696742e-06
303 1.1170896639207955e-06
304 9.150186479381793e-07
305 1.3058281461089885e-06
306 1.2189671307294278e-06
307 8.434557033042206e-07
308 9.705275784438346e-07
309 8.789617806114131e-07
310 1.4011032902565736e-06
311 1.0570657128295408e-06
312 7.546561684332421e-07
313 9.817154999160058e-07
314 1.5110610659007966e-06
315 1.1520847089216588e-06
316 7.490377250965854e-07
317 5.985444864969393e-07
318 1.0449901880983172e-06
319 8.537868520521182e-07
320 1.0927256057387832e-06
321 1.4155817150606712e-06
322 7.72609977167333e-07
323 8.241731324928579e-07
324 1.0991936876836954e-06
325 1.0899988637135113e-06
326 7.57167433154787e-07
327 9.427377246807885e-07
328 8.477202474372014e-07
329 6.793139636782273e-07
330 1.3040672094722197e-06
331 6.018500069020892e-07
332 1.3112436025709695e-06
333 1.2760672423936377e-06
334 8.682209698702003e-07
335 1.0160527060995893e-06
336 9.142061217186405e-07
337 8.751105313684755e-07
338 1.3379618939158197e-06
339 1.0533224307412404e-06
340 1.1318664568704136e-06
341 9.651348008839868e-07
342 8.095332719572038e-07
343 1.008769769673029e-06
344 8.985034976400792e-07
345 9.762109464808034e-07
346 7.641012288605541e-07
347 1.2449865486829407e-06
348 9.508598979805401e-07
349 9.848980714549217e-07
350 1.1611365252061168e-06
351 5.59222231689893e-07
352 1.0863808034138938e-06
353 9.720243677538512e-07
354 1.2079222318497686e-06
355 1.054044236057033e-06
356 5.96026785538103e-07
357 1.2516758401402719e-06
358 7.921124873883635e-07
359 8.295621582982174e-07
360 9.03109316253292e-07
361 1.0594309364063621e-06
362 1.1740532300993403e-06
363 1.1621590452553053e-06
364 1.1452155754132796e-06
365 9.012167449165285e-07
366 1.2118728072916615e-06
367 8.864721474826289e-07
368 1.1856100232548207e-06
369 8.984216228763065e-07
370 1.2818252264213146e-06
371 8.174421849562266e-07
372 9.84838804253241e-07
373 1.0241437943628078e-06
374 5.845651483209039e-07
375 8.316991996923269e-07
376 1.3525886653979994e-06
377 9.314237996549578e-07
378 9.491804522825535e-07
379 1.0837799366333237e-06
380 9.126836754814969e-07
381 9.742276259578635e-07
382 1.2003908133963064e-06
383 8.747857142200073e-07
384 1.4297569110127382e-06
385 8.963615277631524e-07
386 9.237795715044509e-07
387 7.944200785532957e-07
388 6.625273091653383e-07
389 1.5687294293413609e-06
390 7.579563466378694e-07
391 9.468657404777388e-07
392 1.0017370112612137e-06
393 9.752016896873747e-07
394 5.662700833468245e-07
395 1.1644237373507623e-06
396 1.0107586598858116e-06
397 1.145945394633081e-06
398 1.0094936599716588e-06
399 6.448091779188547e-07
400 1.339958677377665e-06
401 7.978699419389517e-07
402 7.589756889451359e-07
403 6.02710640939773e-07
404 1.2000768770606343e-06
405 1.0509407962222538e-06
406 8.965285352175169e-07
407 1.1072601198926635e-06
408 1.0026008604483499e-06
409 1.1246658584068878e-06
410 7.678038092396149e-07
411 1.0029494271762803e-06
412 8.928619732478369e-07
413 8.829664904115364e-07
414 1.430420798149158e-06
415 1.076314488512529e-06
416 8.172024514419301e-07
417 1.2290316089980584e-06
418 1.0876395452412885e-06
419 1.119846180296668e-06
420 7.324684387799394e-07
421 1.1256985873505773e-06
422 9.069872284855203e-07
423 1.2097015024637643e-06
424 1.2375662560940526e-06
425 1.0042166135232257e-06
426 8.417467065916685e-07
427 8.00301209900884e-07
428 8.257661685158177e-07
429 8.507014535283684e-07
430 8.343242520052072e-07
431 8.630403422452913e-07
432 3.7789482071307275e-07
433 8.050970729759835e-07
434 7.149824751344412e-07
435 1.138495530567823e-06
436 1.0489882942314646e-06
437 8.903236045433331e-07
438 7.247384753148615e-07
439 8.737460431145569e-07
440 7.235348180151899e-07
441 6.18117902419893e-07
442 7.634369361619898e-07
443 9.850523319247189e-07
444 1.1604368315732423e-06
445 1.0384830359156922e-06
446 1.0802974604651119e-06
447 7.013293900576194e-07
448 1.1065591773215752e-06
449 7.352934082661382e-07
450 9.421189601905202e-07
451 1.0132029651518982e-06
452 1.287016299192439e-06
453 1.0803939011052865e-06
454 1.0586735963329266e-06
455 1.1828458777877654e-06
456 6.904397326719837e-07
457 8.556748612312883e-07
458 1.3294486968309643e-06
459 9.68292636502e-07
460 8.39487736048004e-07
461 7.735166628255256e-07
462 1.2096064821395464e-06
463 1.1048356536416351e-06
464 7.64012385203445e-07
465 9.047352831040548e-07
466 1.1853846823211115e-06
467 5.415615820582094e-07
468 1.2354361931615903e-06
469 7.045718808810742e-07
470 1.060809938387322e-06
471 1.418020759380349e-06
472 7.973022968794139e-07
473 8.114743073004724e-07
474 1.0726475833283466e-06
475 6.765144635925188e-07
476 9.432611906805417e-07
477 8.256852309806877e-07
478 7.242871662606437e-07
479 8.804739424245314e-07
480 8.628797993096729e-07
481 7.675742014600853e-07
482 9.657935591457947e-07
483 1.0755254656160694e-06
484 1.5637461122277656e-06
485 9.457602418933268e-07
486 7.631616104663363e-07
487 9.155102029281155e-07
488 8.191830758291079e-07
489 9.513054997905011e-07
490 1.1223418690287517e-06
491 6.784281501014283e-07
492 1.0002369776419906e-06
493 1.4809427418916504e-06
494 5.59750815306286e-07
495 1.0387568805272378e-06
496 1.1652578461608527e-06
497 7.892686804177165e-07
498 9.90433116902213e-07
499 7.898661965892034e-07
500 7.46676975434022e-07
501 1.1691604095770243e-06
502 1.0112816312880299e-06
503 8.282142371545282e-07
504 7.189586446254835e-07
505 1.0784745116422133e-06
506 9.940155457438405e-07
507 8.444839672888079e-07
508 9.387142325843987e-07
509 1.2167549836356243e-06
510 1.275368952703009e-06
511 7.349314694617922e-07
512 8.188909692504965e-07
513 9.96330037458279e-07
514 9.755509616774336e-07
515 8.273209397503369e-07
516 8.984336293822685e-07
517 1.039402312061431e-06
518 8.551907096123953e-07
519 1.0942627088678855e-06
520 9.427967270527436e-07
521 8.108614948045208e-07
522 7.314787208272453e-07
523 5.439200436018555e-07
524 1.1626141349884334e-06
525 1.0232565277427547e-06
526 1.3094172118439942e-06
527 1.1863900069196323e-06
528 7.670421190298158e-07
529 1.2839587933368246e-06
530 1.164924035924978e-06
531 1.183943297120233e-06
532 8.422017646828559e-07
533 1.2023999626766516e-06
534 7.197779975276105e-07
535 8.379924500909939e-07
536 1.1814635425436365e-06
537 8.183083099828915e-07
538 1.0506714519601746e-06
539 7.554497409924143e-07
540 1.1063754642956152e-06
541 8.205021700469087e-07
542 8.855641101746256e-07
543 1.1334539872191214e-06
544 1.169622956648664e-06
545 6.070868332974842e-07
546 1.1435494199924032e-06
547 9.881367026202457e-07
548 1.40863598903251e-06
549 8.33736493866925e-07
550 9.99704124699482e-07
551 8.571138117741978e-07
552 7.867997075568415e-07
553 1.01570449765379e-06
554 1.3554833229181537e-06
555 1.0406478041047663e-06
556 8.41450365306629e-07
557 1.2954979370149128e-06
558 8.550181793973552e-07
559 1.1139448988539482e-06
560 1.2780344609021216e-06
561 1.2784887536400258e-06
562 7.840977473943396e-07
563 1.051926833465813e-06
564 1.036266703778644e-06
565 1.0579839393182503e-06
566 1.1778408120308136e-06
567 1.3052258063139356e-06
568 8.415875639457852e-07
569 9.141799156629217e-07
570 9.038904140118967e-07
571 1.0710394919251567e-06
572 8.650066062026483e-07
573 1.1309105161152148e-06
574 1.1630881733438894e-06
575 8.090668759350111e-07
576 1.0035171701702022e-06
577 7.465284732844885e-07
578 1.4056983914325835e-06
579 9.206792594268486e-07
580 7.890005680717031e-07
581 1.2001726015662186e-06
582 1.1235290871777743e-06
583 1.1073897580646505e-06
584 1.0850981467236336e-06
585 8.441271129741053e-07
586 1.0564332947514966e-06
587 9.327399107980218e-07
588 1.090313127692176e-06
589 9.443218022198441e-07
590 5.043958520102807e-07
591 8.663740662484914e-07
592 9.487585563455076e-07
593 1.0311231562221504e-06
594 9.730480869694123e-07
595 1.0886489604272908e-06
596 8.773193550934375e-07
597 9.244423460941279e-07
598 9.918518234370697e-07
599 1.155960653341196e-06
600 6.984873162496119e-07
601 1.4109091387771583e-06
602 7.639163402431906e-07
603 8.74760159302612e-07
604 1.0840444124877593e-06
605 1.1954253470208264e-06
606 7.851355496724677e-07
607 1.0310728994028214e-06
608 1.2759872959081692e-06
609 1.146168130282079e-06
610 1.0057735278281843e-06
611 1.1991525262489085e-06
612 9.30300233686071e-07
613 1.1410827311083191e-06
614 1.1210076123804747e-06
615 7.454280120483948e-07
616 1.1664717337330823e-06
617 8.771010224073573e-07
618 1.2770260925442068e-06
619 1.1484749690308867e-06
620 1.3301927831461386e-06
621 6.01061926144362e-07
622 1.3129851840218945e-06
623 1.055926461563609e-06
624 1.3561674529508706e-06
625 8.458213929102795e-07
626 9.246430007685408e-07
627 8.460306849869916e-07
628 9.014613002865222e-07
629 1.2299128251678151e-06
630 9.517489571622075e-07
631 9.63336828481287e-07
632 1.1785315912789597e-06
633 1.0569707055653656e-06
634 9.9040079323999e-07
635 1.0589000059148668e-06
636 8.215823382411468e-07
637 8.310292011275427e-07
638 1.0678728384392462e-06
639 7.493874829169543e-07
640 9.726491711707743e-07
641 9.407107369130293e-07
642 9.20945050272922e-07
643 9.399404866304933e-07
644 1.1483317486958232e-06
645 1.097357028896131e-06
646 1.1827534425952035e-06
647 8.886649004386412e-07
648 1.1301999260191082e-06
649 8.206322951674809e-07
650 1.093180877386663e-06
651 1.2590015623045309e-06
652 1.1851798756453002e-06
653 1.04336210094073e-06
654 6.453787916961136e-07
655 9.690201121995367e-07
656 1.116213898423287e-06
657 8.11372484625499e-07
658 7.699507126963447e-07
659 1.0344599248639112e-06
660 7.486231954105981e-07
661 7.480334810191443e-07
662 6.077024001389191e-07
663 8.222578291777548e-07
664 4.5970893970545975e-07
665 7.237159137267936e-07
666 1.13716420019104e-06
667 9.138572521925994e-07
668 1.0128661953121396e-06
669 8.051166369016493e-07
670 6.893495701092104e-07
671 1.1230631295837303e-06
672 1.029229652125054e-06
673 8.018542057642065e-07
674 9.223868431488798e-07
675 1.1053775671151256e-06
676 1.017845326044541e-06
677 1.239164644625341e-06
678 1.0967107536009504e-06
679 9.581675715844078e-07
680 8.238380075132371e-07
681 9.496153774890911e-07
682 9.254567457127353e-07
683 9.596753343596364e-07
684 7.743283132656684e-07
685 9.34719898662982e-07
686 8.861272478049467e-07
687 9.89680700499832e-07
688 8.360929445558535e-07
689 7.433067242189772e-07
690 1.0530559867433984e-06
691 1.0241286334505502e-06
692 1.1039336962931898e-06
693 1.0946048031417012e-06
694 8.897800793419598e-07
695 8.664887208886431e-07
696 1.09463702706086e-06
697 1.1261926544097805e-06
698 1.034302917583196e-06
699 1.2172284321391165e-06
700 1.0040635891072833e-06
701 1.0638055033427663e-06
702 9.88787290275013e-07
703 1.1317712007763635e-06
704 1.1523610937267799e-06
705 8.110441870746145e-07
706 9.107952735133723e-07
707 9.76388586875979e-07
708 8.8196616291283e-07
709 9.829235586760893e-07
710 7.862209949432345e-07
711 5.806548229628371e-07
712 1.3312864732939643e-06
713 6.861994592820902e-07
714 7.690853411606939e-07
715 8.310540523889856e-07
716 1.0772310743639225e-06
717 1.167273176504163e-06
718 1.1545527198667106e-06
719 9.901586568264287e-07
720 9.500247076259464e-07
721 4.816801259911634e-07
722 1.0890547161878892e-06
723 1.366448154712418e-06
724 8.333906765344759e-07
725 9.162843499967332e-07
726 9.390705341986338e-07
727 9.904710119185279e-07
728 1.1381013234347881e-06
729 1.1028930615432526e-06
730 7.094947775811292e-07
731 8.931265385972807e-07
732 1.1962568257320593e-06
733 9.876170318756982e-07
734 9.175674452983584e-07
735 1.066483900162817e-06
736 9.401925891366733e-07
737 6.827074379747184e-07
738 6.701926590108242e-07
739 1.3095734433667825e-06
740 8.90742920508373e-07
741 1.2416574791296893e-06
742 6.629089598115371e-07
743 1.2726421345832259e-06
744 1.081573666104403e-06
745 8.999050734319541e-07
746 9.446128640449988e-07
747 1.3370204301125028e-06
748 1.0149844463214153e-06
749 1.2588366444918816e-06
750 8.988874565227208e-07
751 1.1222090920677196e-06
752 1.1411771772004606e-06
753 7.313148941280414e-07
754 9.557371019874416e-07
755 1.183875456183051e-06
756 7.818407407054613e-07
757 9.005600671877826e-07
758 1.031097288617502e-06
759 1.0667478427707066e-06
760 8.497518851661087e-07
761 8.134575582147224e-07
762 9.232381601312377e-07
763 5.786102632079938e-07
764 1.086248705769921e-06
765 9.367589398083725e-07
766 1.1355893703391697e-06
767 1.2331753979121671e-06
768 1.0165357114149299e-06
769 8.08367520061804e-07
770 1.0888690052584594e-06
771 1.3413404898676146e-06
772 1.0615216487367112e-06
773 1.0902080696939564e-06
774 7.664044856334098e-07
775 1.0292103300958094e-06
776 1.3294807713991555e-06
777 7.612483470873158e-07
778 1.2699122862603491e-06
779 1.2769683998005559e-06
780 9.342335954821038e-07
781 1.0648836976127049e-06
782 1.034018558868641e-06
783 9.915578067354501e-07
784 8.684441773977516e-07
785 9.76944170989457e-07
786 8.774322249149883e-07
787 9.485868541027521e-07
788 6.600091482559591e-07
789 1.5247202383628913e-06
790 9.361423840626839e-07
791 1.0370366345946492e-06
792 1.17588565367704e-06
793 8.645770291593997e-07
794 1.0008085301638188e-06
795 7.657947702109735e-07
796 8.472516288590307e-07
797 9.461203743797595e-07
798 8.45624462438036e-07
799 1.4414690550071421e-06
800 1.0146015006240449e-06
801 9.366642810270816e-07
802 9.95634047923173e-07
803 1.1241545613743502e-06
804 1.0320311420326422e-06
805 9.948122446731984e-07
806 4.325146011563063e-07
807 1.0588564835082326e-06
808 1.0631765566592313e-06
809 1.1582293069648133e-06
810 9.23495062046271e-07
811 9.522599162465996e-07
812 5.395076401322917e-07
813 1.2053471937743288e-06
814 1.09443404277269e-06
815 1.290508951175447e-06
816 8.816457893753191e-07
817 9.966442453159643e-07
818 7.266233359731473e-07
819 9.475544778913181e-07
820 1.0568090207374731e-06
821 1.2109616849705662e-06
822 6.777085009601703e-07
823 1.3013194452238482e-06
824 9.871822126836984e-07
825 7.887664911241715e-07
826 1.1062309757559186e-06
827 5.34972115847375e-07
828 1.2979612509899072e-06
829 9.679682361970979e-07
830 1.0006720674058844e-06
831 1.1280450750866984e-06
832 1.0229668332316178e-06
833 1.1239260684174037e-06
834 9.961992871688195e-07
835 7.338169313528237e-07
836 1.0404235303516496e-06
837 8.38061902307982e-07
838 9.208219840056136e-07
839 1.0402687961060868e-06
840 7.509543084230755e-07
841 9.093333911036888e-07
842 1.1202072522626356e-06
843 1.2023276169286e-06
844 7.344425665882076e-07
845 9.094526103992392e-07
846 9.280260907484788e-07
847 8.276860962964294e-07
848 9.454913173632982e-07
849 7.854540723147162e-07
850 7.920354755494057e-07
851 9.784589269959798e-07
852 8.053716779502638e-07
853 1.1858377357260963e-06
854 1.329320086495829e-06
855 9.077904393424051e-07
856 9.357587009371806e-07
857 1.1660847246379664e-06
858 1.8118568168615716e-06
859 6.916119868411401e-07
860 1.003784668457598e-06
861 8.358587946334502e-07
862 1.2739267698219767e-06
863 1.0373723015009755e-06
864 1.269963909903009e-06
865 9.739213775304527e-07
866 1.1220189565942836e-06
867 1.4592004265188248e-06
868 8.472827883960002e-07
869 9.771107292308406e-07
870 1.046393184827926e-06
871 8.093223782432114e-07
872 8.606093851890066e-07
873 9.99717338355558e-07
874 1.2029555823560062e-06
875 1.0415798404800265e-06
876 8.110452886368656e-07
877 1.02663280134458e-06
878 1.2583702286028826e-06
879 9.250133043724732e-07
880 1.083583246503377e-06
881 1.0111469685660082e-06
882 7.575079609683521e-07
883 1.1595774106343507e-06
884 1.0434371876777159e-06
885 9.569473099572854e-07
886 5.012169685313737e-07
887 6.410545336421873e-07
888 9.925585464423782e-07
889 7.744928505185085e-07
890 1.3840177631246066e-06
891 9.88825908408757e-07
892 8.495093410530671e-07
893 1.1195825581584753e-06
894 8.933392291246924e-07
895 1.031890508238732e-06
896 1.7373507121122126e-06
897 3.616456975659129e-07
898 1.1844879004426761e-06
899 6.29262746520885e-07
900 1.2280826379642574e-06
901 1.1011018190151097e-06
902 9.8576069171399e-07
903 1.0704202983989359e-06
904 1.1855234983632412e-06
905 6.198531573308917e-07
906 1.0371878668592396e-06
907 9.857961824556458e-07
908 1.1859755769435802e-06
909 1.1206263624545435e-06
910 1.0668370506007651e-06
911 1.174098177844319e-06
912 9.311899777819116e-07
913 1.1813207752882518e-06
914 1.1617461512123406e-06
915 1.0398142659986313e-06
916 1.2405372301064426e-06
917 7.284342687475002e-07
918 6.760880811379795e-07
919 7.086255277355209e-07
920 1.334916940760576e-06
921 1.0717409451834566e-06
922 1.2463210624346401e-06
923 8.66891181016395e-07
924 8.015656637895226e-07
925 8.866377904090683e-07
926 6.798583038419027e-07
927 7.292885227632683e-07
928 6.926509968612499e-07
929 9.036934223898545e-07
930 8.553505642157735e-07
931 5.523273251814493e-07
932 9.394073531043879e-07
933 1.2460914278746627e-06
934 9.038774002179287e-07
935 8.839914723206395e-07
936 9.484426089589731e-07
937 1.0045666474604392e-06
938 1.1041558824795062e-06
939 9.904194674003347e-07
940 9.3802204091012e-07
941 7.311349298284205e-07
942 9.802802045353415e-07
943 1.11599126453214e-06
944 7.835631395171448e-07
945 8.119421148271395e-07
946 8.669782920994649e-07
947 7.751900154700671e-07
948 1.3739045075099255e-06
949 1.2538557437844315e-06
950 1.1770922232401505e-06
951 8.882562752285598e-07
952 7.74035934765812e-07
953 1.4116352835523465e-06
954 9.823075543961395e-07
955 1.0658005574094435e-06
956 9.558748634652244e-07
957 8.038786286213713e-07
958 7.625484470722991e-07
959 1.0653301548682284e-06
960 1.2809262828353154e-06
961 1.0444431352203912e-06
962 1.026922103160577e-06
963 9.540434328817351e-07
964 1.2163963469327116e-06
965 1.2306866637952167e-06
966 1.0834522284748357e-06
967 6.622519349762461e-07
968 9.088968415235993e-07
969 9.50209088671528e-07
970 7.877473098184822e-07
971 6.569360564990626e-07
972 8.427208981055206e-07
973 9.483826957453333e-07
974 8.854601402479479e-07
975 8.144557123375152e-07
976 1.294711527026125e-06
977 1.047958551159477e-06
978 9.027757161950705e-07
979 8.822302100067823e-07
980 7.727027169348058e-07
981 6.85720386486491e-07
982 8.083397249560939e-07
983 1.2067076267774131e-06
984 1.1468324136612447e-06
985 7.315744548164268e-07
986 8.959081513299505e-07
987 1.0412429647443584e-06
988 9.982762025220327e-07
989 1.1449639483374017e-06
990 1.0164992204943423e-06
991 1.0898791815787438e-06
992 1.0059097680477064e-06
993 1.063690015144207e-06
994 9.50311721878341e-07
995 9.31219692918773e-07
996 1.0782638665429442e-06
997 1.2461173258485274e-06
998 1.1585670183920657e-06
999 1.052899232579458e-06
