0 2.117784320699677e-08
1 9.157614750866468e-07
2 2.6240255341774036e-07
3 1.3895516282973353e-08
4 7.127253110149028e-07
5 5.11805568135375e-07
6 9.365006795165882e-07
7 4.6671979477493835e-07
8 7.54483533993818e-07
9 4.7000798106892894e-07
10 6.81909763804245e-07
11 3.3247605581500595e-07
12 3.9708306345450724e-07
13 6.448769350292123e-07
14 3.596868768731868e-07
15 1.0140236022074778e-06
16 8.04450020336197e-07
17 7.592032869450367e-07
18 2.2033713914999487e-07
19 9.49135476812235e-07
20 3.034719184569333e-07
21 8.916985582231712e-07
22 3.8023618182447327e-07
23 5.995628013029417e-09
24 9.579734146395101e-08
25 8.010230329328992e-07
26 8.782722776144164e-07
27 8.098588033300242e-07
28 3.032017659503582e-07
29 3.969701322761317e-07
30 3.240761702291348e-07
31 -2.597817376677478e-07
32 5.544513797119355e-07
33 3.31197190681324e-07
34 4.841235044425038e-07
35 -2.4186329285175186e-08
36 -1.5437017520997042e-08
37 5.119486931466208e-07
38 -9.464745755673472e-10
39 -5.782831310229466e-08
40 1.7837737565099307e-07
41 -7.983189099005039e-08
42 5.579779981511573e-07
43 7.01154475628711e-07
44 5.494389355663132e-07
45 6.332332375789046e-07
46 3.2798082191403147e-07
47 3.322811899252583e-07
48 7.833378320743589e-07
49 1.6401358173588035e-07
50 5.696962247187245e-07
51 9.68009106262638e-07
52 9.246151022538362e-07
53 2.1035204075941238e-07
54 1.6232849798979034e-07
55 4.26957912258552e-07
56 2.3665013737342537e-07
57 4.857383634807226e-07
58 2.2877242951296954e-08
59 7.055348423952047e-07
60 4.166549746730892e-07
61 6.961876354621835e-07
62 4.1656080657821987e-07
63 7.149720313979504e-07
64 5.722014130506308e-07
65 2.69286755808386e-07
66 7.813840515484233e-07
67 4.996521523210174e-07
68 9.526960388570394e-08
69 7.662164116586135e-07
70 9.855901941624558e-07
71 4.871077839485784e-07
72 3.43199174215691e-07
73 1.1698062737517165e-06
74 9.493832286961587e-08
75 7.811626952806814e-07
76 1.7592959379844483e-07
77 4.637823664379347e-08
78 5.341398065241552e-07
79 1.2283637914966638e-07
80 6.442295708498411e-07
81 4.4924957016689355e-07
82 5.221367603383018e-07
83 2.6366143755445945e-07
84 4.315197771083535e-07
85 7.294363339622675e-07
86 8.383960298319658e-07
87 4.0344359506574186e-07
88 4.110574323920123e-07
89 3.107332816166063e-07
90 2.499023901300956e-07
91 2.243199062592873e-07
92 4.917458274757434e-07
93 2.346676954678212e-07
94 4.785653277541801e-07
95 5.636738036349801e-07
96 3.2675793914884464e-07
97 6.560829263483019e-07
98 3.6963145804340737e-07
99 5.156625789837012e-07
100 7.022638975666823e-07
101 7.509430207150207e-07
102 7.365246908540663e-07
103 3.857815200773195e-07
104 4.87954980881708e-07
105 5.887952747711764e-07
106 -2.816363159956492e-07
107 1.912510960366958e-09
108 6.319254506282224e-08
109 6.11788855651082e-07
110 2.202040139714391e-07
111 3.2750294424699785e-07
112 6.845394405979614e-07
113 5.61511620349909e-07
114 6.443821121806865e-08
115 5.540122906100865e-07
116 2.8661281513023724e-07
117 -5.230964755609454e-08
118 7.17591731570297e-07
119 9.481912806433509e-07
120 8.202443225988008e-07
121 6.445373008336808e-07
122 7.565237642371293e-07
123 1.6787283246168866e-07
124 8.931850178795118e-07
125 3.5854266634226983e-07
126 3.9368625460803364e-07
127 4.3050168144921424e-07
128 7.461003265775008e-07
129 2.6493342886250615e-07
130 3.741690430044671e-07
131 1.8877897114599965e-07
132 3.50045382103214e-07
133 1.426008065887534e-07
134 4.281255728571377e-07
135 1.0505180121159117e-07
136 6.41616023367236e-07
137 3.4434159231620955e-07
138 3.4527833282250257e-07
139 3.5304927379316594e-09
140 6.414159429488828e-07
141 -7.854686458675978e-08
142 3.209571220654252e-07
143 8.190887309952488e-07
144 2.969308355145635e-07
145 5.3684039184939746e-08
146 4.975167654371842e-07
147 8.129615959367712e-07
148 2.487457704274304e-07
149 4.37700245163269e-07
150 3.3123480901069334e-08
151 4.89355013179234e-07
152 6.473562823008334e-07
153 2.7664281041362445e-07
154 3.27530113229154e-07
155 6.240889718156101e-07
156 4.7174035781865214e-07
157 6.354922366712869e-07
158 3.770693767194632e-07
159 5.274350038603364e-07
160 4.830655748028944e-07
161 4.303549951430521e-07
162 6.949547712612244e-07
163 7.467021591793685e-07
164 4.562752075350253e-07
165 8.496691685927498e-07
166 8.672096503837175e-07
167 2.9750272693193926e-07
168 7.394628256070682e-07
169 1.0241019730734637e-07
170 9.334246100818157e-08
171 4.481738013453216e-08
172 6.50282098880182e-07
173 3.606125459053146e-07
174 1.4758576576266458e-07
175 7.257527201926437e-07
176 3.161877939747476e-07
177 5.704246758425469e-07
178 3.645109202557702e-07
179 6.481851278029745e-07
180 5.486742997462882e-07
181 2.4448747207706743e-07
182 9.230347645975958e-07
183 1.7682969221421598e-07
184 4.537524177996348e-07
185 -9.357651012146029e-08
186 4.935000477054888e-07
187 5.86156325441532e-07
188 6.159234105445942e-08
189 6.009859594460186e-07
190 4.6441286619934966e-07
191 3.2861536493033457e-07
192 7.432281409202506e-07
193 5.062377496956315e-07
194 2.652235600017543e-07
195 4.84880445727757e-07
196 -2.5069797482331355e-08
197 3.0307595786185913e-07
198 7.968183226173284e-07
199 2.3601478928515247e-07
200 1.3857894692525123e-07
201 1.4254929748897887e-07
202 2.3824474148122468e-07
203 6.869163396453773e-07
204 -2.2315455229698416e-07
205 -1.0415859730416133e-07
206 3.169350236768585e-07
207 6.634739589258942e-08
208 8.037457378527387e-07
209 3.042413365578915e-07
210 1.0697209770218103e-06
211 -2.799719664501655e-07
212 2.3313317820153608e-09
213 6.222414558590023e-07
214 2.563962171108832e-07
215 9.457721304644909e-07
216 5.030633336207725e-08
217 5.100670417887851e-07
218 -8.815330578193991e-08
219 4.924056079599358e-07
220 -1.105136346160353e-07
221 5.847650043089684e-07
222 7.084210077734159e-07
223 5.584214416907994e-07
224 1.7662298254720422e-07
225 4.23614445404389e-07
226 1.4955630018087184e-07
227 6.547327819966251e-07
228 5.756881169451199e-07
229 5.473019693434232e-07
230 4.451635424388714e-07
231 7.454799214502947e-07
232 5.963214792566596e-07
233 5.983076955661231e-07
234 5.819432409586321e-07
235 -1.1213280345608464e-07
236 7.728424314453651e-07
237 8.698454883544294e-07
238 4.802219161658435e-07
239 2.17244146333953e-07
240 5.957528949231132e-07
241 1.8555988700400884e-07
242 1.7003963408533357e-07
243 4.054975352847232e-07
244 2.5585140754212515e-07
245 4.956593373738141e-07
246 5.993704222297155e-07
247 5.119924260900168e-07
248 1.0596510564100046e-07
249 5.963081319463981e-07
250 3.270777460903337e-07
251 3.8734493642988196e-07
252 3.505651510360546e-07
253 7.418848333652195e-07
254 2.9995166469867654e-07
255 8.612686507650296e-07
256 -1.1016917997072256e-07
257 2.2880254355201042e-07
258 4.1040491275048617e-07
259 1.0020473588876824e-06
260 6.282445351137742e-07
261 8.883906613683223e-07
262 5.259636937164004e-07
263 5.975224277945429e-07
264 7.405876000300679e-07
265 6.490926863026455e-07
266 3.8703100822149556e-07
267 7.479832666905137e-07
268 2.0496137461607796e-07
269 7.56672289231349e-07
270 8.400090355428182e-08
271 2.568844802088629e-07
272 6.951216921242513e-07
273 4.439568483358782e-09
274 7.597910648308689e-07
275 -4.5284951830284934e-08
276 -3.348768267679793e-08
277 3.502545936416991e-07
278 7.745305745705766e-07
279 1.3060935396911984e-07
280 7.204055945731289e-07
281 4.4822798709612584e-07
282 3.246190530988874e-07
283 7.439469251910256e-08
284 4.132031437704967e-07
285 4.86678987308617e-07
286 8.35864037043843e-07
287 8.775112877182769e-07
288 2.6643401175610325e-07
289 3.8655690702396515e-07
290 7.28569031900103e-07
291 4.209034221544187e-07
292 5.787186517942147e-07
293 3.273370021512123e-07
294 6.023168894188712e-07
295 5.026714616763436e-07
296 4.809075093384196e-07
297 3.8446593080485214e-07
298 5.896747530621595e-07
299 3.8194769442667506e-07
300 1.9877241884155956e-07
301 3.812757349563799e-07
302 5.049871310383233e-07
303 4.6848426744991467e-07
304 3.6083754876956347e-07
305 4.1974304985325183e-07
306 1.2722633630832699e-07
307 1.2791636091388036e-07
308 4.689877743601674e-07
309 2.409090229406617e-07
310 1.0819798752897506e-06
311 4.4143851544704877e-07
312 4.890781514378761e-07
313 3.398227061393577e-07
314 6.405769414527799e-07
315 3.2475792765212977e-07
316 2.1313748763328297e-07
317 -8.610090123579839e-08
318 2.2893688653578322e-07
319 -5.1156707118634656e-08
320 6.178076962471377e-07
321 5.552405570949181e-07
322 3.977293718591249e-07
323 -1.8891103198644896e-08
324 5.556435504144583e-07
325 4.306732832192433e-07
326 6.052338888377035e-07
327 5.362067174065542e-07
328 4.96295772254454e-07
329 1.8617526082643393e-07
330 8.53428330414769e-07
331 -5.6513342885715136e-08
332 9.693179008860957e-07
333 5.495163626396777e-07
334 4.1915459196521656e-07
335 4.4164044801497947e-07
336 3.615160967529097e-07
337 1.0421648672074985e-07
338 9.6550519228732e-07
339 1.0456489687144976e-07
340 7.308843169772835e-07
341 3.772646889361553e-07
342 3.8287784789865963e-07
343 1.130130767597908e-07
344 3.0169328282397967e-07
345 2.3705841717744396e-07
346 5.142563777251721e-08
347 6.765955323619604e-07
348 -6.157823522880631e-08
349 2.9093230989434253e-07
350 7.378860250746193e-07
351 -1.0597024844095244e-07
352 1.03448100270341e-06
353 3.84918780507353e-07
354 4.957212800780299e-07
355 4.4965378175657053e-07
356 1.918381982710527e-07
357 8.1476701063726e-07
358 -1.0440065657246384e-07
359 -1.148104727826387e-08
360 -1.5917804367135904e-08
361 6.895082781819592e-07
362 4.694735534209107e-07
363 2.0068569372138352e-07
364 3.200155685142887e-07
365 2.99759062469611e-07
366 2.6682587617593423e-07
367 5.2697708100522205e-09
368 5.666685158895861e-07
369 1.4596020579933816e-07
370 1.0683362420443324e-06
371 1.8454163454702283e-07
372 5.568151040087539e-07
373 2.661894820320272e-07
374 -2.803541467581297e-07
375 5.896890199319571e-07
376 6.3741707535995e-07
377 7.317226386982709e-07
378 6.287187320746951e-07
379 3.098149112129461e-07
380 2.3574389878507246e-07
381 4.028813012416139e-07
382 9.590188610669384e-07
383 4.402009657946239e-07
384 8.540899801031984e-07
385 5.047585623439814e-07
386 5.648843161925139e-07
387 3.4821234625517355e-07
388 -1.0958288272359736e-07
389 9.545788057591518e-07
390 3.0907691165420053e-07
391 2.937330398040152e-07
392 1.7963270159334013e-07
393 3.871194631161367e-07
394 3.5956942522202164e-07
395 1.010732758763802e-06
396 5.093553193122061e-08
397 5.144125292361273e-07
398 3.474118524802904e-07
399 1.1532896956437924e-07
400 6.255848616783066e-07
401 3.2700025881447653e-07
402 6.665704189167369e-08
403 3.7706510914327e-07
404 8.087175775030757e-07
405 7.158332873740977e-07
406 1.4846756586872788e-07
407 5.974068976075051e-07
408 3.817979995472797e-07
409 6.894871537314865e-07
410 4.16784184852237e-07
411 3.401703268255492e-07
412 1.0359002562652505e-07
413 7.70359727513312e-07
414 6.565538951708517e-07
415 5.357566707086128e-07
416 -3.91849276530742e-10
417 3.382149404584142e-07
418 3.7404464077425045e-07
419 9.187412489114147e-07
420 6.25771934140231e-08
421 4.4481087766277684e-07
422 5.309320255912646e-07
423 4.9334796494522e-07
424 6.568370097242482e-07
425 3.54790637060561e-07
426 2.448787276113821e-07
427 3.3215253862100286e-07
428 1.7270991205966245e-07
429 3.594882455394124e-07
430 1.5569250830051067e-07
431 5.281564188364e-07
432 -3.151110508013213e-07
433 6.640585909077938e-07
434 4.99360350969014e-07
435 2.8291922818197545e-07
436 7.335322061233438e-07
437 4.948552055000577e-07
438 3.2297120165427287e-07
439 3.400407732933225e-08
440 4.97771764972425e-07
441 -3.7789107546456823e-07
442 2.644670401727543e-07
443 5.129393645990613e-07
444 4.517493762755743e-07
445 4.1654533658789055e-07
446 7.599664727567416e-07
447 1.7431745384931955e-07
448 6.438177666140888e-07
449 1.494027722699015e-07
450 3.6771575958548853e-07
451 5.462609852796074e-07
452 1.0109768077884962e-06
453 5.175068885467304e-07
454 5.973442648974958e-07
455 8.989732985360508e-07
456 5.165350513939075e-10
457 9.01548450414998e-08
458 7.188405555571514e-07
459 2.9495506953385823e-07
460 5.742293612086646e-07
461 3.750473711769499e-07
462 2.9081445521686797e-07
463 6.454356771348889e-07
464 -2.4903114073419737e-07
465 1.6675360370401646e-07
466 8.024127826517523e-07
467 -2.3666800348810234e-07
468 7.30683389559193e-07
469 2.9726858053191324e-07
470 3.7426279183511104e-07
471 8.467523626109095e-07
472 3.989436986945162e-08
473 3.340503635034758e-07
474 5.857096175072138e-07
475 2.028180437169402e-07
476 4.6457357420745105e-07
477 -1.780669454400364e-07
478 7.653554844774177e-07
479 2.192025241427852e-07
480 2.2124747472244165e-07
481 8.617301752117088e-07
482 3.690717690784286e-07
483 2.9138983845879874e-07
484 7.019871993892968e-07
485 3.949919150699787e-07
486 4.197905241835912e-07
487 4.3599987928636926e-07
488 1.0875419014484385e-07
489 5.365384683490072e-07
490 3.953435139613576e-07
491 4.653133949962586e-07
492 6.391648861688742e-07
493 9.753021412861555e-07
494 1.5508341632080003e-07
495 4.944179906372307e-07
496 1.576466486780903e-07
497 2.720749953443369e-07
498 2.472259418646929e-07
499 3.0891294135196316e-07
500 7.950944412812498e-08
501 1.097616580037799e-06
502 4.5959836017124443e-07
503 3.4011710216369047e-07
504 4.7020357577798193e-07
505 2.3381806663084265e-07
506 4.0444323391447214e-07
507 -2.1363146936938013e-07
508 8.08805639518864e-08
509 5.979788669760046e-07
510 9.161138680643254e-07
511 1.4413075647357276e-07
512 4.49526800063788e-07
513 8.74809660295665e-08
514 4.956960901967077e-07
515 3.3285799345987174e-08
516 4.593238589758183e-07
517 4.636283006487999e-07
518 3.870279414588536e-07
519 6.050560313531267e-07
520 2.3891135266255806e-07
521 2.3388554943739674e-07
522 3.08734731173184e-07
523 2.5662654300391895e-07
524 5.285020881115983e-07
525 2.888600889487106e-07
526 5.251669692274297e-07
527 4.030909382052603e-07
528 4.7505880131943107e-07
529 1.4071664630189966e-07
530 5.244740548485098e-07
531 4.3355926115011144e-07
532 1.5529627929811462e-07
533 2.8644230528187357e-07
534 -4.196255723485589e-07
535 3.2347307172707857e-07
536 5.690877520844092e-07
537 1.8654169937024824e-07
538 4.683808434826494e-07
539 1.96700508865489e-08
540 4.705338515303188e-07
541 4.443737773984394e-07
542 2.2918237492586262e-07
543 6.513243763281781e-07
544 4.3238544186414476e-07
545 1.2551321148444685e-07
546 9.526011588656021e-07
547 7.895651722121055e-07
548 6.33494460430222e-07
549 3.1800251743720584e-07
550 5.54817671083534e-07
551 4.995828800151214e-07
552 3.987126785682411e-07
553 1.364582616641665e-07
554 7.4714537971627e-07
555 5.162105073200419e-07
556 6.328628688723474e-07
557 4.2296215980143295e-07
558 6.839912667559401e-07
559 4.1642888381003106e-07
560 3.7070145754560166e-07
561 5.944329872755314e-07
562 3.598175360196388e-07
563 3.143158440076677e-07
564 8.068569872949324e-07
565 5.154272230148336e-07
566 5.041144024155908e-07
567 5.480061606638107e-07
568 6.697091642863095e-08
569 6.76595534990844e-07
570 4.356069050021935e-07
571 8.350677831650251e-07
572 3.6100495562939523e-07
573 3.7171128263136595e-07
574 7.67989202947147e-07
575 2.0777949310990034e-07
576 5.567749136071192e-07
577 2.7606896749319994e-07
578 1.1169126656816457e-06
579 8.599520470816853e-09
580 3.4167156430170977e-07
581 3.3001392600467147e-07
582 4.2243983187035053e-07
583 3.8033173025819533e-07
584 6.259081350024036e-07
585 1.6323641012659355e-07
586 1.2106764016470808e-06
587 3.686386788061e-07
588 5.711992438138209e-07
589 5.178733205996549e-07
590 -2.5567692585819847e-08
591 2.27152576277618e-07
592 1.8147580246146305e-08
593 2.0867376776197997e-07
594 3.815227270938593e-08
595 6.52641850939688e-07
596 6.112773485559055e-07
597 6.6836443462231e-07
598 5.414787330224589e-07
599 5.81970645447378e-07
600 7.089265735730806e-07
601 8.242353327360745e-07
602 4.447014131537629e-07
603 3.062225120950551e-07
604 8.562700469322754e-07
605 4.7043009811756785e-07
606 5.076253583949027e-07
607 6.325330809573686e-07
608 9.296917640842124e-07
609 6.558802696711478e-07
610 5.01088895862305e-07
611 9.91665902084679e-07
612 4.0084409808683726e-07
613 4.049448342506252e-07
614 8.031057398425824e-07
615 4.3862320816634397e-07
616 1.1031394110262457e-06
617 3.192289338267897e-07
618 2.63827751498252e-07
619 7.181227667249388e-07
620 6.222312869381694e-07
621 2.906468279115949e-08
622 6.150384371152673e-07
623 4.841193963256303e-07
624 7.168041969977618e-07
625 4.1293073635211626e-07
626 6.09081214219917e-07
627 3.559146824856677e-07
628 2.1065752262407132e-07
629 4.821843375194133e-07
630 5.903555973990967e-07
631 2.13892606049091e-07
632 5.778339954010332e-07
633 4.527448292098324e-07
634 1.3819530374160915e-07
635 4.2655327311386487e-07
636 5.185221589201117e-07
637 1.6674828055786854e-07
638 2.490711594438488e-07
639 -1.2322086724531322e-07
640 1.4408421059255498e-07
641 3.941096420907701e-07
642 3.0006001288618407e-07
643 3.6404861396798807e-07
644 7.183422793307548e-07
645 4.41054338315805e-07
646 8.836972090319814e-07
647 7.174121866111679e-07
648 7.078509055060646e-07
649 3.355587779757273e-07
650 7.142382579537864e-07
651 6.080297926188205e-07
652 7.36740707774846e-07
653 -1.9228956001725684e-07
654 -2.0303571685038537e-07
655 7.688053205414278e-07
656 1.8351802898921234e-07
657 -2.557736216639606e-08
658 4.870553585098794e-07
659 4.4694146130324273e-07
660 4.736784236163533e-07
661 -1.3579624216851968e-07
662 5.515158952757321e-08
663 4.0887083283813607e-07
664 -1.9791193634369644e-07
665 7.853087945180039e-08
666 2.7708414414493754e-07
667 4.304379408162053e-07
668 5.061500284929363e-07
669 3.00750035779564e-07
670 -1.2575359652220367e-07
671 3.570056517152724e-07
672 3.6300253528170346e-07
673 5.898319003061766e-07
674 2.0987327650724217e-07
675 4.6430303024310277e-07
676 4.63218004419731e-07
677 7.955364659061583e-07
678 2.481933291918004e-07
679 2.8332601205836123e-07
680 2.7093428441565445e-07
681 5.476671775479121e-07
682 3.8942914639269907e-07
683 6.542657503775518e-07
684 2.9964040510018345e-07
685 9.201310651797034e-07
686 -1.2982355173486492e-07
687 4.669672237764894e-07
688 4.2301952987158655e-07
689 1.8479557794360557e-07
690 3.7117764308979014e-07
691 3.0573122061203705e-07
692 4.5769406537782936e-07
693 6.286661571650287e-07
694 4.3382135730221543e-07
695 3.8156045785533593e-07
696 7.738970627487471e-07
697 3.9298770651889807e-07
698 1.2203218143194272e-07
699 4.4839779092134717e-07
700 2.7283136958150456e-07
701 3.998879906631758e-07
702 3.425342935433498e-07
703 4.645795044951264e-07
704 6.436353844890375e-07
705 2.509810172399953e-07
706 3.744057423280144e-07
707 1.7217336622883804e-07
708 3.9340546207821505e-07
709 3.943764650884725e-07
710 2.626711730645116e-07
711 3.0401854798528526e-07
712 8.485775455706686e-07
713 6.748813201546029e-07
714 3.550708704701977e-07
715 2.3343073825223315e-07
716 2.505877665888985e-08
717 6.621118312291435e-07
718 2.0175720672982223e-07
719 8.006097812995304e-08
720 2.9393764067537305e-07
721 3.8513010123112337e-07
722 4.831348810507095e-07
723 8.325235876430534e-07
724 4.999987782292858e-07
725 5.029268438092229e-07
726 4.938837754446302e-07
727 2.763085318465486e-07
728 2.8857645786678895e-07
729 4.566616759014221e-07
730 3.1544687542976067e-07
731 3.440347473320705e-07
732 8.848619562404697e-07
733 2.376999586247134e-07
734 4.339171227246959e-07
735 8.263342340062207e-07
736 5.71001136663331e-07
737 9.753519556503434e-08
738 3.53646287704936e-07
739 5.255597698141624e-07
740 5.045409680733046e-07
741 3.9026826559206276e-07
742 4.5658823949400804e-07
743 6.639382110587059e-07
744 6.067149326482752e-07
745 4.886726766665754e-07
746 4.4467217886481893e-07
747 7.99684854895454e-07
748 4.90891936713579e-07
749 5.59541082736321e-07
750 2.7018178024438626e-07
751 7.24675789720751e-07
752 4.219810938860047e-07
753 6.568500736628092e-07
754 4.6014704930126155e-07
755 7.530874335032782e-07
756 -6.514243996758868e-08
757 2.5969955675800434e-07
758 5.874629208086375e-07
759 5.004672255843254e-07
760 1.1854337628660534e-07
761 6.936774688849699e-08
762 4.418614507028442e-07
763 1.2704580349734726e-08
764 5.125139825023502e-07
765 -1.9112976948534083e-07
766 7.522032761285144e-07
767 2.9544439461759275e-07
768 1.3894098749088779e-07
769 3.409494531349512e-07
770 8.237706412439379e-07
771 7.2880685533584e-07
772 7.582195348998581e-07
773 1.5769891521725431e-07
774 5.975021465501308e-08
775 2.7679452894575765e-07
776 5.701110322991856e-07
777 3.6454035865773933e-07
778 3.629417978259692e-07
779 5.190491389683788e-07
780 3.1474483831670265e-07
781 9.291082308608381e-07
782 3.252796626148213e-07
783 5.321538270721995e-07
784 6.683272281072946e-08
785 5.426306804358904e-07
786 1.7870314035650795e-07
787 3.1725620460702846e-07
788 1.1911740893147036e-07
789 8.049438805497237e-07
790 1.6609005141596197e-07
791 1.8402727481668563e-07
792 5.543889407967847e-07
793 2.3042910834638763e-09
794 2.5490794937556543e-07
795 1.3445994019405143e-07
796 9.877842076738559e-08
797 2.6033721411866266e-07
798 6.190210056898736e-07
799 8.963177917188993e-07
800 6.000931365390663e-07
801 6.251921268456252e-07
802 5.939909917389382e-07
803 7.36888813180818e-07
804 2.8747653609530864e-07
805 4.4948968687355176e-07
806 1.2216782163530647e-07
807 3.9858616943394583e-07
808 5.352571187855681e-07
809 4.3576961904030737e-07
810 4.361943040474406e-07
811 5.659958025438995e-08
812 2.1420442161802035e-07
813 1.8127751734992425e-07
814 2.584745740139111e-07
815 7.445501718241462e-07
816 3.534289757631647e-07
817 5.253326334556891e-07
818 -5.654617945456055e-08
819 5.292822364809721e-07
820 1.5941185373160099e-07
821 3.288741589545134e-07
822 4.4200666529829197e-07
823 6.363589547879365e-07
824 6.693112260950246e-07
825 2.7366549760016113e-07
826 7.564246647637983e-07
827 -1.3948262552719764e-07
828 8.738223621110991e-07
829 4.6016889838359814e-07
830 7.395861929056772e-07
831 4.527322139680522e-07
832 2.4840222647919693e-07
833 3.941848580581612e-07
834 3.141898515853992e-07
835 1.6600260989267785e-07
836 6.822760118962747e-07
837 8.304428429980104e-08
838 3.187631597862834e-07
839 6.55925282618748e-07
840 4.970340514610202e-07
841 5.928483202778499e-07
842 7.152949062517321e-07
843 7.749838416499982e-07
844 1.6998051047954706e-07
845 5.738582414484143e-07
846 4.970467198908983e-07
847 3.9425094803252614e-07
848 3.9817410568016024e-07
849 6.098732353450074e-07
850 6.621034767081122e-07
851 6.238233518371374e-07
852 6.266775100616999e-07
853 4.7422643927535673e-07
854 4.919204617416164e-07
855 4.0031759589006724e-07
856 4.558229971044679e-07
857 4.570521670131868e-07
858 1.2874359984439906e-06
859 7.792900063687466e-07
860 5.625159967716062e-07
861 -1.4782478481157903e-07
862 7.169525471892303e-07
863 4.872992719892606e-07
864 7.128643499612399e-07
865 7.717745282240704e-07
866 4.0409606320889546e-07
867 7.058722703407492e-07
868 1.5513472951530378e-07
869 1.155689877430328e-08
870 4.649719411246558e-07
871 1.1554039943884136e-07
872 5.799649077416911e-07
873 6.13372367976103e-07
874 7.33437640488673e-07
875 1.9961620758325327e-07
876 3.004780989774149e-07
877 8.925250042922695e-07
878 6.300973818259588e-07
879 4.93613627426972e-07
880 5.34175826230149e-07
881 4.555831077474416e-07
882 2.465239215180511e-07
883 5.901416560178665e-07
884 7.152146913354246e-07
885 4.2696250758238713e-07
886 9.739858027400736e-08
887 8.730733020632317e-08
888 4.352051572652726e-07
889 1.807235322079923e-07
890 7.935620856446649e-07
891 7.177927416514136e-07
892 4.563442672594667e-07
893 6.156680473386592e-07
894 3.7875494869301216e-07
895 8.87427956947418e-08
896 9.849068062156495e-07
897 1.2280854432920987e-07
898 1.0209163896430861e-06
899 4.146305323216185e-07
900 8.337695469960776e-07
901 6.889424177224402e-07
902 2.979101915065129e-07
903 4.251317827095587e-07
904 6.688135861161284e-07
905 1.39474632299134e-07
906 4.0941286822957413e-07
907 1.506537012391427e-07
908 5.089155726984717e-07
909 4.7354732527055904e-07
910 1.6632124678679907e-07
911 2.9168140521689103e-07
912 4.973618196826119e-07
913 9.476666184810722e-07
914 8.165809219174503e-07
915 7.951393796651786e-07
916 3.33850713836045e-07
917 7.88220904041499e-08
918 1.7322555619802981e-07
919 -1.7089054533383703e-07
920 7.331278078317076e-07
921 7.315540531515791e-07
922 4.2109245687525014e-07
923 4.013980181606557e-07
924 2.581690878314598e-07
925 6.31099901709062e-07
926 2.4803482097355515e-07
927 6.685153503397856e-07
928 1.4752463566569838e-07
929 3.5680920292550266e-07
930 3.119583478252377e-07
931 3.3624522992962783e-07
932 2.3004705538766033e-07
933 3.1142622712943505e-07
934 3.8457880910390705e-07
935 1.2883894956229756e-07
936 4.4015565385350544e-07
937 6.303178705367692e-07
938 9.287910722547039e-07
939 8.958115108082956e-07
940 3.065040893615811e-07
941 1.9832904346095845e-07
942 3.4123913892063217e-07
943 6.541845924712059e-07
944 1.0333164278842962e-07
945 5.534424705187783e-07
946 3.6795304815134416e-09
947 5.145199111852355e-07
948 6.493421919469999e-07
949 5.1812694236043e-07
950 2.9500164953813076e-07
951 1.48747515886041e-07
952 4.591579200459491e-07
953 5.582998086807904e-07
954 7.992540995814389e-07
955 7.981420402501704e-07
956 3.7551604396656985e-07
957 -2.7213415997375706e-07
958 1.5126423119451015e-07
959 4.387644261070296e-07
960 3.832141215776666e-07
961 7.862918418181854e-07
962 3.787423548939593e-07
963 2.055302862444799e-07
964 5.190955822505816e-07
965 4.5683646098128754e-07
966 3.7326880128612794e-07
967 4.387903519234452e-07
968 2.397014687296644e-07
969 2.94563533176291e-07
970 2.619103632938219e-07
971 4.107356948930698e-07
972 6.42812267880405e-07
973 3.50740790806651e-07
974 5.742283275051877e-07
975 3.3062768759586186e-07
976 2.1535734611396624e-07
977 6.591731703212714e-07
978 5.684238135689641e-07
979 5.510340414783023e-07
980 4.925948060845873e-07
981 4.2727582014486114e-07
982 3.473530156781215e-07
983 7.827425725724684e-07
984 6.218583136520026e-07
985 1.6672887611707746e-08
986 2.640061385488197e-07
987 9.467720298596517e-07
988 3.877967040293078e-07
989 4.6984262892980975e-07
990 6.01563576649076e-07
991 6.370778294983582e-07
992 4.805940865304299e-07
993 4.7409640234260155e-07
994 7.113053253420695e-07
995 3.465190203528334e-07
996 4.2261075546387816e-07
997 6.933420431103067e-07
998 7.182605414731203e-07
999 4.1722566200410247e-07
