0 1.3941535842459183e-06
1 1.2548965676975748e-06
2 1.4489780771716832e-06
3 1.143136153897e-06
4 1.3822582976193798e-06
5 5.447378649470815e-07
6 8.757283706919112e-07
7 7.991493545350978e-07
8 8.216742039814519e-07
9 1.2713524201077993e-06
10 1.2883694388129891e-06
11 7.770663922574053e-07
12 9.971656258683086e-07
13 6.840030398137118e-07
14 1.0063886842134924e-06
15 1.1824541278299202e-06
16 1.1263949271855322e-06
17 1.3189149759601533e-06
18 1.0968478508611828e-06
19 1.2188336226927769e-06
20 1.251761013741233e-06
21 9.402323787373049e-07
22 1.4797912981835688e-06
23 9.455172632311056e-07
24 1.793073956642766e-06
25 9.466171214073851e-07
26 1.1089177633723225e-06
27 1.2779259335980377e-06
28 1.3855669381618441e-06
29 1.2002495821434432e-06
30 1.118024132734236e-06
31 9.074606580554594e-07
32 1.4324633222260144e-06
33 6.37790407433052e-07
34 1.2597873944085026e-06
35 1.3161002653961516e-06
36 1.238076323797464e-06
37 1.036066069471398e-06
38 1.034718641528333e-06
39 1.3220983227830494e-06
40 1.524220153410162e-06
41 1.5921162646632464e-06
42 9.909505944176872e-07
43 1.3304141905516262e-06
44 9.863802174288832e-07
45 1.2183532058910025e-06
46 1.2155643682971794e-06
47 1.1185224703013239e-06
48 7.235507663226032e-07
49 1.4019351310466645e-06
50 1.471440240198111e-06
51 1.4280211435193367e-06
52 9.51414006454351e-07
53 1.0229181680791502e-06
54 7.802574593901635e-07
55 1.1400612297649753e-06
56 1.8184958566766083e-06
57 1.1571585768545116e-06
58 1.374164673695932e-06
59 1.0859283861780327e-06
60 9.357358096950442e-07
61 1.6645568065871638e-06
62 9.713388763629057e-07
63 1.0844340880906259e-06
64 8.053086938297966e-07
65 1.2567855770255123e-06
66 1.3399529081235607e-06
67 9.65026500039442e-07
68 1.3748484466385643e-06
69 1.0213863772061923e-06
70 1.0132407625983965e-06
71 1.219696160190974e-06
72 1.2059421000615657e-06
73 6.382307227716507e-07
74 1.0362721406811668e-06
75 9.038764430750352e-07
76 1.3574388379405768e-06
77 7.992151650288101e-07
78 9.469058467913312e-07
79 1.5620941147834702e-06
80 9.548168694416852e-07
81 1.0890290756017451e-06
82 9.228306072502691e-07
83 1.3719328764671852e-06
84 7.429010240031309e-07
85 1.3349185350045925e-06
86 1.1200344327288816e-06
87 2.0544738403191425e-06
88 1.3652302027763395e-06
89 9.636856987685606e-07
90 1.7021637062143214e-06
91 9.897839789478626e-07
92 1.2251836908661954e-06
93 1.180882706378148e-06
94 1.2758589674792619e-06
95 1.1847943765829844e-06
96 1.1597086004227829e-06
97 8.454640319438065e-07
98 9.864686581767949e-07
99 1.124219588502662e-06
100 1.2690445031263456e-06
101 1.3065162360713063e-06
102 1.0126111113746452e-06
103 1.4877320792329779e-06
104 1.1216216520205077e-06
105 1.3728307723406866e-06
106 9.070923555042889e-07
107 9.241551305352933e-07
108 9.848469748098465e-07
109 1.5001798758301037e-06
110 1.569905166825434e-06
111 9.064976849817624e-07
112 9.02810587893551e-07
113 1.4266951358994777e-06
114 8.072839711902052e-07
115 8.545178290001157e-07
116 1.5157031096526631e-06
117 1.1848364163741146e-06
118 9.687362531526902e-07
119 1.0084691562983804e-06
120 1.5344379716826546e-06
121 1.0410985986320347e-06
122 1.0980795010451189e-06
123 1.4201362856346098e-06
124 1.000764090365804e-06
125 6.724077156016298e-07
126 1.0196395601671845e-06
127 1.2449356459167814e-06
128 1.265456960980334e-06
129 1.3999539593105694e-06
130 9.90809357635615e-07
131 1.038130041403174e-06
132 1.009416376467318e-06
133 1.259200828757241e-06
134 1.3704388911966628e-06
135 1.0055019534437423e-06
136 1.3095757418714338e-06
137 9.480951790482025e-07
138 1.498797814544095e-06
139 1.820902685803553e-06
140 1.0536723983666336e-06
141 1.3183378855729444e-06
142 1.3372745170219035e-06
143 1.246763382617484e-06
144 9.754648586370787e-07
145 1.4082715585972411e-06
146 1.111675456362887e-06
147 8.353414040535322e-07
148 9.747857533653868e-07
149 1.1359356851278913e-06
150 1.6797048556239316e-06
151 1.1297856577366111e-06
152 8.773636807814484e-07
153 1.4245625826541664e-06
154 1.1004743622539238e-06
155 1.111583015259518e-06
156 1.1132876850110221e-06
157 1.1734009804169348e-06
158 9.025884669405413e-07
159 1.552772927643244e-06
160 9.579159270093134e-07
161 1.1564453435403677e-06
162 1.0215170860419927e-06
163 1.4046341680930406e-06
164 1.2218169503504965e-06
165 1.7027895954827256e-06
166 9.924118504615057e-07
167 9.228284880478182e-07
168 1.1294871065540745e-06
169 1.5068459975052075e-06
170 1.2015880593741946e-06
171 1.1331687680920755e-06
172 7.720798525834448e-07
173 1.308072199782933e-06
174 1.3694313197096522e-06
175 1.35562566476769e-06
176 1.4416615768515998e-06
177 1.3864580043501284e-06
178 1.4193640464279782e-06
179 1.4598463703538629e-06
180 1.3881787015206538e-06
181 1.063120804653747e-06
182 1.0131856922057827e-06
183 1.5235906701497202e-06
184 1.3470202974672511e-06
185 1.0658224235552457e-06
186 1.0644819122486285e-06
187 9.970130715558322e-07
188 1.3954357025752314e-06
189 1.6849826735483201e-06
190 1.23063916861812e-06
191 8.878534437715453e-07
192 1.701205286045408e-06
193 9.161346475505032e-07
194 9.341825914882447e-07
195 1.338035297982129e-06
196 1.5951424858890522e-06
197 1.1828980231339528e-06
198 1.144222044263077e-06
199 1.0943735317093207e-06
200 1.002445197117351e-06
201 1.6624612035724907e-06
202 1.2637275145190674e-06
203 1.3511201564300667e-06
204 8.901443361400872e-07
205 1.2795415682140374e-06
206 1.4200759722084972e-06
207 1.4854743085531076e-06
208 7.625720436900616e-07
209 1.415190548121559e-06
210 1.455818809727416e-06
211 7.021852850554616e-07
212 1.1892048988499473e-06
213 1.20228253079638e-06
214 1.5308387556654785e-06
215 1.4400560167933369e-06
216 7.979222681264743e-07
217 1.1085731169653327e-06
218 1.5260454500889637e-06
219 1.5529896226565679e-06
220 9.581516363531974e-07
221 1.0840782624320838e-06
222 6.919281029002802e-07
223 1.2962131301994112e-06
224 7.521893763871387e-07
225 8.530280254590233e-07
226 1.7045828329775401e-06
227 1.286898697089288e-06
228 9.489281266390294e-07
229 7.307192844939108e-07
230 9.447783843883265e-07
231 1.1236152901245265e-06
232 1.3106751345867668e-06
233 1.286456151623342e-06
234 1.2484933810333983e-06
235 1.2553578580528456e-06
236 1.1480242239409045e-06
237 7.117254333361365e-07
238 1.2541710583451183e-06
239 1.2014299552222565e-06
240 1.2729925027301378e-06
241 1.2014760466157334e-06
242 8.455951618616378e-07
243 1.0884223364300881e-06
244 1.6699560123410233e-06
245 1.3461843561536765e-06
246 9.965788494235048e-07
247 7.720026026827575e-07
248 1.2129815885683043e-06
249 1.4904497878364891e-06
250 1.3209796402040045e-06
251 1.4791375946293658e-06
252 1.2259301605883162e-06
253 6.887573395343468e-07
254 9.969300637892126e-07
255 8.649283081993263e-07
256 1.2405477285040398e-06
257 1.3252179732531113e-06
258 8.883309436933593e-07
259 1.2561149601977921e-06
260 1.3684400211371377e-06
261 1.3065241662812235e-06
262 1.2575360319128558e-06
263 1.0783982625759068e-06
264 1.154665467554862e-06
265 1.4793154950682196e-06
266 1.1918612206537435e-06
267 9.574095480517735e-07
268 1.369623595404441e-06
269 5.802262964869345e-07
270 1.2233396331784996e-06
271 1.137838225549549e-06
272 1.3606743263159573e-06
273 1.2234082638810737e-06
274 6.620506944674466e-07
275 1.4771090570207446e-06
276 1.5785592742062804e-06
277 1.213950457782311e-06
278 1.0150040966722425e-06
279 1.1513031323801e-06
280 1.238687101119448e-06
281 1.0876333413747622e-06
282 1.1613550199695777e-06
283 1.0263033779009069e-06
284 1.0825786600986403e-06
285 9.889076997788356e-07
286 1.0027373178437434e-06
287 1.039085660219412e-06
288 1.2786233202095824e-06
289 1.1594791593710243e-06
290 1.1544865448809717e-06
291 1.265772062222239e-06
292 9.020596957340039e-07
293 1.7208349121214473e-06
294 1.3544105353103786e-06
295 1.0788315952765227e-06
296 1.6190848040868787e-06
297 1.0905291415896983e-06
298 1.1377132254279026e-06
299 1.0936701945904242e-06
300 1.2084643938468088e-06
301 9.161215647566529e-07
302 1.2296825174953517e-06
303 1.0988012924966696e-06
304 1.2731253548924498e-06
305 6.794128663169958e-07
306 6.572944455818e-07
307 1.1362554096897846e-06
308 1.186053838187624e-06
309 1.245830525660611e-06
310 8.552417479506449e-07
311 1.2589519910575563e-06
312 1.4742963847337696e-06
313 1.1208025152812652e-06
314 5.450633969636628e-07
315 1.0726282890244317e-06
316 1.388485242304484e-06
317 1.489849849314248e-06
318 1.0191731937933253e-06
319 9.374348528495953e-07
320 9.915313905666347e-07
321 5.728053509468505e-07
322 1.4069231448969475e-06
323 1.1911991224459985e-06
324 1.21572365283313e-06
325 9.680843671699447e-07
326 1.5334879027825792e-06
327 1.2257874071776884e-06
328 1.2728588125419901e-06
329 1.5600505077336938e-06
330 9.886099633885183e-07
331 1.5113098609579225e-06
332 7.930587906747353e-07
333 8.206700847149764e-07
334 1.3112586991144823e-06
335 1.147612144396957e-06
336 1.1457755302119546e-06
337 1.2102488147875442e-06
338 9.406391394013692e-07
339 1.0813461341394123e-06
340 1.2100858505406863e-06
341 1.0456714074710354e-06
342 1.5080101401380566e-06
343 1.0181780375335775e-06
344 1.2345529598926907e-06
345 1.1365919020227692e-06
346 1.2573592682291204e-06
347 8.927041277296665e-07
348 9.894721353427028e-07
349 1.2047097661362083e-06
350 1.2413664957209053e-06
351 1.4524960399717168e-06
352 1.2391965262651391e-06
353 1.1147380508373226e-06
354 9.80027361538222e-07
355 1.1608874517435792e-06
356 1.607959534124138e-06
357 9.295379543922427e-07
358 1.2738952020574713e-06
359 1.0567693168658757e-06
360 1.099885226279295e-06
361 1.2358642133476104e-06
362 9.68358170065648e-07
363 7.781397341915827e-07
364 8.798045339331013e-07
365 1.2747946395151902e-06
366 8.615667799082995e-07
367 1.0374269561227503e-06
368 9.289373722894893e-07
369 1.125808442454765e-06
370 1.1949333578650004e-06
371 1.307793362897738e-06
372 1.2057090140003325e-06
373 9.90960897941264e-07
374 1.3981967945977882e-06
375 1.4008792153876767e-06
376 7.975002365402441e-07
377 1.5211711507232106e-06
378 1.2171554129298486e-06
379 1.0814797251364487e-06
380 1.1847118113667954e-06
381 1.0949634120081255e-06
382 1.1597539629121795e-06
383 1.2902295960711564e-06
384 9.200800034002146e-07
385 1.4544073333183264e-06
386 1.2373309303603212e-06
387 1.2356569588404685e-06
388 1.2997544058568053e-06
389 7.644700305446563e-07
390 1.4361530060852036e-06
391 1.2134968166494958e-06
392 1.1532115122255512e-06
393 1.1793566280762945e-06
394 1.6093193788462164e-06
395 1.1039535858253426e-06
396 8.610953893344788e-07
397 9.965431495847634e-07
398 1.1181579551205216e-06
399 1.459279612829839e-06
400 8.494860544276215e-07
401 1.3921519264916828e-06
402 1.1634325544703314e-06
403 1.7215604813705937e-06
404 1.1473002726611896e-06
405 1.1756012521043751e-06
406 1.3237749097486798e-06
407 1.1243863975890115e-06
408 1.2623588479935312e-06
409 1.194498780488108e-06
410 1.5643248663604684e-06
411 1.0966069024636388e-06
412 1.2664091904958706e-06
413 1.5383448607584308e-06
414 7.296493715640058e-07
415 1.1242973612183675e-06
416 1.153814418025692e-06
417 6.570343813803934e-07
418 9.657902853408322e-07
419 1.1991905713231122e-06
420 1.389969281687278e-06
421 1.1458234950877138e-06
422 1.419815104831789e-06
423 1.0884371763112658e-06
424 1.0164320403783576e-06
425 1.0534332649869906e-06
426 1.2821656255741858e-06
427 1.5611778874136074e-06
428 1.1920465831565676e-06
429 1.4205860391670775e-06
430 1.3047037862537723e-06
431 1.376891749401271e-06
432 1.6475431889551856e-06
433 1.5368459416773525e-06
434 1.5913416622118322e-06
435 9.735044228650996e-07
436 1.0964422694730432e-06
437 1.4419211728197384e-06
438 1.42652360581965e-06
439 1.1189124530581081e-06
440 1.6298401973269323e-06
441 1.3167062511795199e-06
442 1.3549625173438592e-06
443 1.2655138802857948e-06
444 9.301590447000792e-07
445 9.9891053284025e-07
446 1.1136433659737883e-06
447 1.4402966538065025e-06
448 1.1891753333730034e-06
449 1.305902583922266e-06
450 1.1512712228963327e-06
451 1.176977227441124e-06
452 1.1360846086352608e-06
453 1.0081117777879064e-06
454 1.0176191012496237e-06
455 1.122441539362396e-06
456 1.3429696803247914e-06
457 1.1202988627961127e-06
458 9.72743980548716e-07
459 1.0773036051547333e-06
460 1.5092342411983164e-06
461 1.382609873760044e-06
462 8.909753644728411e-07
463 1.0769001764024764e-06
464 1.2890907944814977e-06
465 1.2399744871808209e-06
466 1.1602635543877372e-06
467 1.377032529833781e-06
468 1.0135091266251287e-06
469 1.5277916352414207e-06
470 9.751635270538073e-07
471 7.096634624199305e-07
472 1.264739130743746e-06
473 1.16741293114146e-06
474 1.2096482811094923e-06
475 1.6096184411115946e-06
476 1.452450152684912e-06
477 1.0600855476022076e-06
478 1.5868852087738981e-06
479 1.069311148186842e-06
480 1.3217664264345592e-06
481 1.768026912586456e-06
482 1.1290622779229372e-06
483 1.0113718600334802e-06
484 4.4956517250715466e-07
485 1.273672123630267e-06
486 1.4537696795051353e-06
487 1.254103052366594e-06
488 1.2279431474780333e-06
489 1.266849765515473e-06
490 1.006953338593954e-06
491 1.8150019577869332e-06
492 1.216360065808405e-06
493 7.902773252563429e-07
494 1.7093264656958762e-06
495 1.0117944860849156e-06
496 7.784477055629743e-07
497 1.2679382642870204e-06
498 1.2112299838744622e-06
499 1.38632507476049e-06
500 1.440070268387435e-06
501 1.3027021631094641e-06
502 1.1001202686998045e-06
503 1.3746291141742064e-06
504 1.466453567005534e-06
505 8.945537973781948e-07
506 1.2405401901435462e-06
507 1.1553155417704086e-06
508 1.0686866776557472e-06
509 8.956351853620941e-07
510 1.1296535975684509e-06
511 1.3671222145155791e-06
512 1.4149828986562314e-06
513 1.0380085993477505e-06
514 1.067300401402612e-06
515 1.2278723785006285e-06
516 1.3422802969162124e-06
517 1.051899032334464e-06
518 1.4444990039272472e-06
519 1.123122486869876e-06
520 1.1505517133468917e-06
521 1.394339472387337e-06
522 1.4536128484968604e-06
523 1.6227519054422428e-06
524 9.002009457936066e-07
525 9.129525612510776e-07
526 7.745252190463671e-07
527 8.193033725626098e-07
528 1.3865068700846077e-06
529 6.283966623402655e-07
530 9.796320049550902e-07
531 9.654004654787102e-07
532 1.2306313777303653e-06
533 7.536976490591274e-07
534 1.0798554351893115e-06
535 1.2812696211246419e-06
536 1.0601114432239586e-06
537 1.322179267330103e-06
538 1.1284320070867305e-06
539 1.2697184015287635e-06
540 1.000449974879891e-06
541 1.3262427778085782e-06
542 1.1720912877620768e-06
543 1.137032361113686e-06
544 7.399616416999704e-07
545 1.382005099394799e-06
546 1.1907345274750522e-06
547 1.40892034036515e-06
548 7.99831058045204e-07
549 1.3681454421151784e-06
550 1.2801059067215989e-06
551 1.41157926473119e-06
552 1.2418776403993874e-06
553 9.255072038486547e-07
554 8.218503138575519e-07
555 1.1157325154187043e-06
556 1.2674263062030078e-06
557 7.375424429451053e-07
558 1.448170050873218e-06
559 1.0504652639132343e-06
560 8.698871761248044e-07
561 8.591595864362693e-07
562 1.5913353431860407e-06
563 8.296273231772114e-07
564 1.2242822647806079e-06
565 1.2527554574366849e-06
566 1.0370308338714139e-06
567 8.213182940160139e-07
568 1.1821676648636014e-06
569 1.5824232906462502e-06
570 1.1790181305109565e-06
571 1.2155583134517082e-06
572 1.2920922331179872e-06
573 9.361323471992957e-07
574 1.1780035728130803e-06
575 1.4457783067078649e-06
576 1.289820062150426e-06
577 1.4518807446103165e-06
578 8.789108747420411e-07
579 1.0866527025461716e-06
580 1.3542726729531296e-06
581 8.635846374633257e-07
582 8.614777053016194e-07
583 9.643841369169802e-07
584 1.1118473030732515e-06
585 1.21596009280458e-06
586 1.571624278879929e-06
587 1.215601859891865e-06
588 1.0802885770129827e-06
589 1.3156632028981043e-06
590 1.6518813516601047e-06
591 1.2395346703544925e-06
592 1.008056180673934e-06
593 9.477687270057336e-07
594 8.834956330584787e-07
595 1.195092479756437e-06
596 1.5091303379103414e-06
597 1.3955309408007776e-06
598 1.220551288050689e-06
599 1.0105180166927673e-06
600 1.7574684802704652e-06
601 8.20399066888193e-07
602 1.3766314266620591e-06
603 1.3808833999766978e-06
604 1.1509400811598161e-06
605 1.1215084406496403e-06
606 1.4282056246156833e-06
607 1.1948887432323559e-06
608 1.0163984487599897e-06
609 1.1046725906049082e-06
610 1.079078881292428e-06
611 1.3932304425349498e-06
612 1.2946396661712582e-06
613 1.000500115686027e-06
614 1.0928555767779025e-06
615 1.478592204391397e-06
616 1.3412796414729562e-06
617 1.2191663754609157e-06
618 6.439309044253519e-07
619 1.0370546419799278e-06
620 7.651833888261122e-07
621 1.5997026598797302e-06
622 7.744681832509412e-07
623 1.2135752982064212e-06
624 8.339229586419233e-07
625 1.489608643083169e-06
626 1.4747490099044913e-06
627 1.2458952720969652e-06
628 1.133152332207712e-06
629 8.036084281247379e-07
630 1.3178809081606433e-06
631 9.124042911692933e-07
632 9.79849087510229e-07
633 1.145865883077037e-06
634 9.862606060046648e-07
635 1.2421626741650768e-06
636 1.4671289759981261e-06
637 1.38251056919638e-06
638 9.463711950190131e-07
639 1.2306062086314294e-06
640 1.1374872847576629e-06
641 1.1725867273016875e-06
642 1.3579055699862682e-06
643 1.4274509682586738e-06
644 9.537371501449747e-07
645 1.0414973928132723e-06
646 1.1080357302403922e-06
647 1.3583776101367838e-06
648 1.138397286972616e-06
649 1.2173311953428874e-06
650 1.0536996954836145e-06
651 7.630389806008319e-07
652 9.61275427156362e-07
653 7.987160813405348e-07
654 1.2986641092206795e-06
655 1.359267126379033e-06
656 9.462654487705097e-07
657 1.208416004584118e-06
658 1.559079171818668e-06
659 1.1680251177292577e-06
660 1.5051302590796113e-06
661 1.3475461658226078e-06
662 1.4853967640094735e-06
663 1.4193279772533504e-06
664 1.644616599677373e-06
665 1.308007789506432e-06
666 8.310849420813824e-07
667 1.3929308641689077e-06
668 1.2594701175507286e-06
669 1.2865001513302017e-06
670 1.2958217471647527e-06
671 1.14916879506448e-06
672 1.0237216288624584e-06
673 1.479879366849229e-06
674 1.0908369821308125e-06
675 1.0998369295325864e-06
676 1.2080405555815944e-06
677 9.227258575350616e-07
678 8.782480837207081e-07
679 1.078519127391494e-06
680 1.152829043731356e-06
681 1.4366351166726444e-06
682 1.1708489329713165e-06
683 1.5066197773510329e-06
684 1.6563967331250723e-06
685 1.5186188146837858e-06
686 1.0388581665280338e-06
687 1.223134520873785e-06
688 1.4543202229746028e-06
689 1.2976831832428583e-06
690 1.0846167413737785e-06
691 1.0596820902146617e-06
692 1.1098728354817737e-06
693 1.270932256795794e-06
694 1.3214977966298042e-06
695 1.4037042598174286e-06
696 1.1775898617916782e-06
697 1.0439293782045662e-06
698 9.940581243379264e-07
699 1.004517993623566e-06
700 9.324787021524484e-07
701 9.357594252728273e-07
702 1.1011147636874384e-06
703 1.1034930779561857e-06
704 1.024063142142082e-06
705 1.3535169826366696e-06
706 1.180925855640155e-06
707 1.1041366512851475e-06
708 1.353624289239083e-06
709 1.1443049002041555e-06
710 1.549714115562518e-06
711 1.7612202860081748e-06
712 8.813239475909194e-07
713 1.6107234057878901e-06
714 1.4840479599380243e-06
715 1.3899856279308802e-06
716 7.341076250545343e-07
717 1.0677671459360954e-06
718 9.055405182111415e-07
719 1.0421860419315883e-06
720 1.2279856531024373e-06
721 1.797332927402496e-06
722 9.356294860593949e-07
723 9.296232541468822e-07
724 1.2009069797791263e-06
725 1.340447613834422e-06
726 1.1675121966357317e-06
727 1.1588963605259591e-06
728 1.0184465298448465e-06
729 1.103954660121541e-06
730 1.429161151441719e-06
731 1.336031760839081e-06
732 1.1167448332018237e-06
733 1.275217957889418e-06
734 1.3488137526134685e-06
735 1.1501592187215961e-06
736 1.3131148271359355e-06
737 1.4181659477404701e-06
738 1.5256418287062808e-06
739 8.008630822190804e-07
740 1.2810541117118594e-06
741 8.576112712543666e-07
742 1.5388082569604454e-06
743 8.817252010353592e-07
744 1.043637340092921e-06
745 1.4156800421878025e-06
746 1.2006897604628973e-06
747 8.991330266692034e-07
748 1.136922449526155e-06
749 7.269351890784231e-07
750 1.288557877135531e-06
751 1.0942043333907045e-06
752 1.0611712063586493e-06
753 1.5792987307016447e-06
754 1.3596180853281515e-06
755 9.000019141209307e-07
756 1.1855418731410597e-06
757 1.1283003694603482e-06
758 1.2616418123340763e-06
759 1.1384270464822083e-06
760 1.1718138177833712e-06
761 1.341917963777137e-06
762 1.3238400420993116e-06
763 1.6787582991610736e-06
764 1.1838226761040735e-06
765 8.869312764985077e-07
766 1.1420089581314802e-06
767 7.969637736434482e-07
768 1.1014175012656016e-06
769 1.3988550412591602e-06
770 1.2033915102398097e-06
771 8.379378751764524e-07
772 1.2264711656576098e-06
773 1.1028945499948727e-06
774 1.2828419740472433e-06
775 1.0280955900631817e-06
776 8.146191547250652e-07
777 1.3513498157785724e-06
778 8.088125068490896e-07
779 8.676256854141325e-07
780 1.060358125989209e-06
781 1.4571369764437848e-06
782 1.0123418970850077e-06
783 1.2122494874219715e-06
784 1.1335381323728233e-06
785 1.269524736200111e-06
786 1.3404703984348228e-06
787 1.2016781150724874e-06
788 1.4343847761080397e-06
789 5.613709181952261e-07
790 1.0999498653381652e-06
791 1.1013927247607157e-06
792 1.1047334126388867e-06
793 1.1734431241739245e-06
794 1.1556864125755107e-06
795 1.2769016254644772e-06
796 1.1995969096187216e-06
797 1.0761644796807423e-06
798 1.4594783635190784e-06
799 8.741503380844239e-07
800 1.1165838466231118e-06
801 1.4580994772729834e-06
802 1.1959766496594384e-06
803 1.2255981004627945e-06
804 1.0237173578445592e-06
805 1.0307629334652325e-06
806 1.9063340859864801e-06
807 1.0815740770706383e-06
808 1.1240619799557348e-06
809 8.750777879681441e-07
810 1.2842265621869365e-06
811 1.1558022147448554e-06
812 1.6313702231119604e-06
813 6.668882888435981e-07
814 9.516667151211347e-07
815 8.325596079671968e-07
816 1.3616658982104491e-06
817 1.252605014432088e-06
818 1.3580869089181624e-06
819 1.1871607160118632e-06
820 7.513291881135621e-07
821 8.202485135346796e-07
822 1.6002543711180962e-06
823 9.286087780354856e-07
824 1.1777087180552126e-06
825 1.4512494955867226e-06
826 1.3314005976303264e-06
827 1.4954144228369837e-06
828 9.548011938488934e-07
829 1.2787651634049657e-06
830 1.5044726345777294e-06
831 9.399510560425814e-07
832 1.0374184259629234e-06
833 1.006621936115459e-06
834 1.1689040363757794e-06
835 1.5404390396372593e-06
836 1.2011927063588858e-06
837 1.3348096959399608e-06
838 1.0858127190653237e-06
839 1.2492903355790288e-06
840 1.5237083662277167e-06
841 1.157680466147433e-06
842 1.0238792960291434e-06
843 9.917308583268174e-07
844 1.4310019434959968e-06
845 1.2953892350819711e-06
846 1.2402007432113708e-06
847 1.394074734214281e-06
848 1.2013716369897147e-06
849 1.582685054702124e-06
850 1.6051134907122678e-06
851 1.4279075953198928e-06
852 1.5020499160300394e-06
853 9.28991068801133e-07
854 7.075089071319987e-07
855 1.3582133790241943e-06
856 1.3774608686025315e-06
857 1.0119745548208844e-06
858 4.9442290781167e-07
859 1.7273996394664528e-06
860 1.2287644249866775e-06
861 1.0455252573479988e-06
862 8.093284206344552e-07
863 1.1844336803264042e-06
864 9.78667471259737e-07
865 1.3676040969877656e-06
866 8.134502852306009e-07
867 5.221527055475309e-07
868 1.2799270983652663e-06
869 9.332331251517578e-07
870 1.1158747390400822e-06
871 1.1520019186338798e-06
872 1.3881633018040681e-06
873 1.2928297048810914e-06
874 9.993362220930781e-07
875 1.060622919946139e-06
876 1.3016051432619588e-06
877 1.220664083391731e-06
878 1.1016402568154362e-06
879 1.3390115092242845e-06
880 1.2194587831117114e-06
881 1.1476506892479162e-06
882 1.2628245572528466e-06
883 1.0351171769637957e-06
884 1.2999549268787272e-06
885 1.1636059634552488e-06
886 1.6781171072393715e-06
887 1.391310387111784e-06
888 1.2088043013905955e-06
889 1.2631234682483319e-06
890 8.529737439712072e-07
891 1.3781633836976888e-06
892 1.456189530234131e-06
893 1.2623428864348384e-06
894 1.3344593940806066e-06
895 1.074477335713192e-06
896 3.929944161131667e-07
897 1.898375528506388e-06
898 1.2342562766735187e-06
899 1.7241301780185641e-06
900 1.1188205435063348e-06
901 1.2171959960165964e-06
902 1.153367626211262e-06
903 1.0022803676097976e-06
904 1.1641802469586375e-06
905 1.4526893789009552e-06
906 1.0942040820332543e-06
907 1.017455345960631e-06
908 1.0457406023696783e-06
909 9.845636582919618e-07
910 9.402038930893742e-07
911 8.105049299994357e-07
912 1.2903178934959685e-06
913 1.0375265618969049e-06
914 1.1771993490016123e-06
915 1.2274270562400718e-06
916 7.520734851371948e-07
917 1.2808788700399178e-06
918 1.5388235293452588e-06
919 1.2224327913651773e-06
920 8.08885852479559e-07
921 1.271045009933159e-06
922 8.042838955238694e-07
923 1.3346356960249775e-06
924 1.3946872285305594e-06
925 1.3739490796772866e-06
926 1.5286598849085428e-06
927 1.5290997233736127e-06
928 1.5561017821460587e-06
929 1.1877602802241986e-06
930 1.228969379233406e-06
931 1.949698937758791e-06
932 1.0139487447341545e-06
933 7.458425260836365e-07
934 1.3189665742528218e-06
935 1.0778456066978253e-06
936 1.3497424563761947e-06
937 1.2777843984909083e-06
938 1.1506030179807908e-06
939 1.5209683368164773e-06
940 1.1709333552359506e-06
941 1.2519998444300487e-06
942 1.16407567838299e-06
943 1.071538814953529e-06
944 1.1715323035527037e-06
945 1.5217750397495684e-06
946 1.0819132835456446e-06
947 1.647036947714957e-06
948 8.339771018047985e-07
949 8.445278049576635e-07
950 7.194459011207141e-07
951 1.2670476154665298e-06
952 1.4091222888300787e-06
953 7.727499520709936e-07
954 1.49686056432261e-06
955 1.2798579271676818e-06
956 1.3579348425319502e-06
957 1.0616045922529703e-06
958 1.4897183683984058e-06
959 1.151418667892676e-06
960 8.881440255238125e-07
961 1.162909399506685e-06
962 9.385485654250167e-07
963 1.0531677044561953e-06
964 8.97863779667267e-07
965 8.387495915317958e-07
966 9.035585477831231e-07
967 1.524217771907191e-06
968 1.2824046720698622e-06
969 1.1370934565284463e-06
970 1.3375075689783724e-06
971 1.6480309641462165e-06
972 1.5414070346996294e-06
973 1.0970135441801337e-06
974 1.2496271732611753e-06
975 1.3326115753906242e-06
976 6.731277586654253e-07
977 1.24519327413649e-06
978 1.356666166178152e-06
979 1.3546391496817691e-06
980 1.5670741665166987e-06
981 1.6349592169118599e-06
982 1.3334003439579503e-06
983 1.1657634626585772e-06
984 9.92867229939797e-07
985 1.3257080652193908e-06
986 1.2585807642297435e-06
987 1.320834031841458e-06
988 1.1006456055506617e-06
989 1.0664992737007756e-06
990 1.459870308927523e-06
991 1.099983314640193e-06
992 1.132462475827524e-06
993 1.1964508112449953e-06
994 1.2867911993104791e-06
995 1.3055889076667396e-06
996 9.690323584429201e-07
997 9.664372709367639e-07
998 1.0000594875140637e-06
999 1.034235450427922e-06
