0 1.02364818500181e-06
1 5.267589566393365e-07
2 7.26749465060299e-07
3 9.141622841814997e-07
4 6.60293400488966e-07
5 4.628694624526083e-07
6 4.703451652887554e-07
7 6.257837285443635e-07
8 4.5864653669341683e-07
9 8.232149923794802e-07
10 3.375209245366476e-07
11 4.3477958935322764e-07
12 4.518211456788726e-07
13 4.942394031168753e-07
14 6.230511407734276e-07
15 2.7527037717167234e-07
16 4.599536767888975e-07
17 5.555639148672976e-07
18 7.687985478075852e-07
19 3.951678496084629e-07
20 7.553841526180286e-07
21 3.446494289923274e-07
22 6.620728830686013e-07
23 8.804539520833022e-07
24 1.0646662956452648e-06
25 4.771951706681409e-07
26 5.501126343225098e-07
27 6.55804259490243e-07
28 9.505299024808789e-07
29 7.519763375413818e-07
30 9.75356801984423e-07
31 7.284334549356735e-07
32 5.067519553106326e-07
33 8.342245125527018e-07
34 6.541441957724673e-07
35 1.0513733577790778e-06
36 9.99418098599315e-07
37 7.373623835378713e-07
38 8.30754751383393e-07
39 9.207831428199063e-07
40 9.965192230837996e-07
41 1.029902103333059e-06
42 3.775570758886451e-07
43 5.205494302320705e-07
44 5.820512910821463e-07
45 3.623351029983479e-07
46 7.788193935919115e-07
47 7.078572205858122e-07
48 4.82280427726513e-07
49 8.017434762048618e-07
50 6.286065218519543e-07
51 5.801182698804712e-07
52 3.4465603637765264e-07
53 6.301693138005716e-07
54 6.319714643933646e-07
55 6.09831075750914e-07
56 9.590126324212184e-07
57 4.859472738963852e-07
58 8.700376271832598e-07
59 5.056259159337061e-07
60 6.266016648463379e-07
61 9.234467732515557e-07
62 5.984368492236889e-07
63 4.7257035434498854e-07
64 5.108809858120105e-07
65 8.353284680044805e-07
66 3.8705168588847264e-07
67 7.725817118007674e-07
68 8.013784250071039e-07
69 5.174111619847566e-07
70 2.2088920428722793e-07
71 5.99900655555205e-07
72 9.083122337586609e-07
73 9.03974036625515e-08
74 6.834947527023549e-07
75 7.445377930768098e-07
76 1.0469424447500626e-06
77 7.330940384274958e-07
78 5.808352983698685e-07
79 9.49131967588287e-07
80 5.634993950759183e-07
81 6.183312915842575e-07
82 5.586700696598173e-07
83 8.879415233468793e-07
84 4.1907537763807217e-07
85 5.79685923961271e-07
86 3.450187496689975e-07
87 8.945705360824691e-07
88 8.385499676161969e-07
89 6.729439751897627e-07
90 7.90152502121737e-07
91 8.288147282709587e-07
92 5.368871484235368e-07
93 7.623008288144633e-07
94 5.55930912473806e-07
95 5.664698999798498e-07
96 6.292272350291307e-07
97 6.100568731060395e-07
98 5.41139081246793e-07
99 7.335156150059494e-07
100 6.452970695961121e-07
101 4.91715180107125e-07
102 6.603049764683707e-07
103 7.805113125050093e-07
104 6.948600255814588e-07
105 4.923254907351528e-07
106 8.871360877882009e-07
107 6.955413950315927e-07
108 8.107190706875551e-07
109 7.076506267857936e-07
110 7.780739553558774e-07
111 8.00288573683793e-07
112 5.90403970929939e-07
113 5.819734206887311e-07
114 8.013939672467531e-07
115 6.739071474991229e-07
116 7.502622924689265e-07
117 9.646539572557006e-07
118 5.188616287515367e-07
119 1.646430612297594e-07
120 5.063251950284058e-07
121 5.389251556865476e-07
122 3.546647111835861e-07
123 1.0339747463567157e-06
124 6.456311890654275e-07
125 7.577263669114232e-07
126 6.194272252461625e-07
127 6.264179625023031e-07
128 6.189872643589944e-07
129 7.8523075478475e-07
130 5.513190115903363e-07
131 7.811582574035703e-07
132 6.943290805394087e-07
133 8.48696311786001e-07
134 7.725425508349423e-07
135 5.752468630291224e-07
136 7.630672935893506e-07
137 9.07653253306368e-07
138 9.504114593812938e-07
139 1.1633529878099405e-06
140 5.068530309728259e-07
141 1.0234217010524833e-06
142 9.213036574339188e-07
143 4.251110219918634e-07
144 6.262941600451585e-07
145 9.398093948287642e-07
146 6.615707594976886e-07
147 3.4355743185578294e-07
148 7.784890307967203e-07
149 7.30250676810852e-07
150 1.035097343441722e-06
151 7.880273247102874e-07
152 4.2908665245496937e-07
153 8.857587620773413e-07
154 9.252257941459749e-07
155 5.449760072509476e-07
156 6.427627288764733e-07
157 5.68900121518573e-07
158 7.075201658909983e-07
159 7.427510429889385e-07
160 6.286004984048963e-07
161 8.05762542211904e-07
162 5.088961252153697e-07
163 6.727078748908138e-07
164 7.180655042592637e-07
165 5.067906715309775e-07
166 4.1275847458061183e-07
167 7.842329860035403e-07
168 5.082232952571377e-07
169 9.949255360846415e-07
170 7.540100583619401e-07
171 8.099552906853938e-07
172 4.938837698699216e-07
173 7.040959284791939e-07
174 8.382698430485607e-07
175 6.133168857431294e-07
176 8.359939675515091e-07
177 5.065411952369049e-07
178 8.052357186129742e-07
179 6.256166847238238e-07
180 5.254004077823129e-07
181 8.390291550605662e-07
182 5.647769174501941e-07
183 8.101020864235999e-07
184 8.713177615973565e-07
185 9.267422235234368e-07
186 6.311409014014341e-07
187 4.0422328805491893e-07
188 7.5507464913596e-07
189 8.01743060933163e-07
190 6.757027655845526e-07
191 6.957408375869718e-07
192 7.385264291920414e-07
193 5.466282113563426e-07
194 6.407635068983228e-07
195 8.714923185073422e-07
196 1.0291122653914717e-06
197 7.566077553806722e-07
198 3.219712480772457e-07
199 5.969667625711474e-07
200 6.72338390459591e-07
201 1.004380675670212e-06
202 7.751940630092851e-07
203 3.304224973907225e-07
204 9.919075821804396e-07
205 9.114046495814176e-07
206 6.188052324869906e-07
207 1.0688658668769138e-06
208 5.356341408315392e-07
209 6.783124428912818e-07
210 3.9149993924112987e-07
211 9.373615250539782e-07
212 7.946437481552589e-07
213 6.16871929184941e-07
214 8.608471031060447e-07
215 6.382808598326646e-07
216 7.783061322540389e-07
217 5.918539102939068e-07
218 9.792997639844132e-07
219 8.772871564726757e-07
220 8.519649447661983e-07
221 4.191211888007582e-07
222 4.562736380373003e-07
223 7.754760114372544e-07
224 8.324073493519202e-07
225 4.062402410826542e-07
226 8.651791771429455e-07
227 4.0408923021110033e-07
228 6.25783813354443e-07
229 6.153772049287129e-07
230 5.924806947849046e-07
231 4.18822944860397e-07
232 7.974436364751695e-07
233 5.249240342884914e-07
234 6.449024842341739e-07
235 1.1707708820704023e-06
236 6.453056301060954e-07
237 4.55937495528883e-07
238 5.904418460819914e-07
239 6.436971044064791e-07
240 7.156561436407145e-07
241 7.399922922653216e-07
242 8.642337354942387e-07
243 4.88700198562382e-07
244 9.963917795716854e-07
245 6.460490797198771e-07
246 6.065160221965016e-07
247 3.366833275927553e-07
248 8.265385816470247e-07
249 8.500394406622831e-07
250 8.761090487514737e-07
251 8.395114047169167e-07
252 6.73355637493079e-07
253 3.880389894944422e-07
254 7.642138204039715e-07
255 4.6559731368944843e-07
256 8.871393376494477e-07
257 7.001384359018467e-07
258 6.390279142305279e-07
259 4.5838301337034173e-07
260 7.511354458445207e-07
261 5.891010822199241e-07
262 6.088623369738328e-07
263 4.632798581041124e-07
264 4.969881172611082e-07
265 7.577907125225458e-07
266 6.465343861180808e-07
267 3.7287282333046546e-07
268 9.973993636091347e-07
269 4.985066783766675e-07
270 8.126452675889577e-07
271 7.117273967255363e-07
272 5.721872440502591e-07
273 8.662409118447149e-07
274 3.846088770098781e-07
275 9.435850359146571e-07
276 8.701435477528317e-07
277 5.315108551016549e-07
278 3.799927236270978e-07
279 6.915572306939702e-07
280 6.985624013222019e-07
281 1.467899546115972e-07
282 7.851991030678763e-07
283 7.730853000771192e-07
284 1.0041957143601973e-06
285 5.137021890522616e-07
286 3.876265506709977e-07
287 6.211498745735699e-07
288 7.623380818838636e-07
289 7.864121321728347e-07
290 6.634086923076202e-07
291 5.761675430767877e-07
292 4.56593810033895e-07
293 7.132814477910499e-07
294 6.750216735737264e-07
295 6.349020937707619e-07
296 7.797187847502821e-07
297 6.635742483386554e-07
298 5.887163208879668e-07
299 8.823047685020662e-07
300 9.357345851228328e-07
301 5.761653266366963e-07
302 5.633972006010668e-07
303 6.441982996534553e-07
304 7.422791426296354e-07
305 5.089756311641562e-07
306 7.540592582565803e-07
307 8.62348307525588e-07
308 6.404167197461595e-07
309 8.780408705819075e-07
310 5.263146595946567e-07
311 3.4303634620802035e-07
312 7.70972632971166e-07
313 6.49503099674901e-07
314 2.168220757279996e-07
315 5.432864189473665e-07
316 7.281467644484894e-07
317 9.533792758835421e-07
318 6.932910505467848e-07
319 1.1033740898963942e-06
320 6.229415345707603e-07
321 4.413195996586891e-07
322 8.78143038583596e-07
323 8.429546530240529e-07
324 4.6133571505288783e-07
325 6.851275490859178e-07
326 7.929273402564598e-07
327 6.316020431862865e-07
328 7.819526558050166e-07
329 9.154691099498296e-07
330 3.890507301896233e-07
331 1.166276108866198e-06
332 3.964480664981573e-07
333 6.570394856613468e-07
334 7.885930603567941e-07
335 6.615081940613636e-07
336 8.569158235489125e-07
337 7.896317725828295e-07
338 3.7069105705533255e-07
339 6.820980499097662e-07
340 4.5891820711888165e-07
341 8.398336394413285e-07
342 7.668420049525791e-07
343 9.194710279694055e-07
344 7.105122880333471e-07
345 7.766049148325344e-07
346 7.745666979365648e-07
347 5.442034803899313e-07
348 8.722647133501461e-07
349 6.691739823599907e-07
350 5.708145326963618e-07
351 1.1540885593664658e-06
352 5.247849897501918e-07
353 7.568138790269473e-07
354 5.305645900881088e-07
355 5.408401176097569e-07
356 9.63322758350862e-07
357 6.151128964659275e-07
358 1.0027667995540539e-06
359 1.0510015887315784e-06
360 8.553995632037339e-07
361 5.914575941432735e-07
362 5.646229403036114e-07
363 7.409999255391286e-07
364 6.241695325758223e-07
365 7.348195464267133e-07
366 5.891807976690338e-07
367 9.249509638602375e-07
368 4.687091357964581e-07
369 9.529973365419738e-07
370 3.292536910272519e-07
371 7.474882319636845e-07
372 6.368114976913713e-07
373 8.318267394616356e-07
374 1.114176051583561e-06
375 9.042119881796863e-07
376 4.421381141604909e-07
377 4.304274456403002e-07
378 7.312426811027105e-07
379 5.280421526677102e-07
380 8.842576696903381e-07
381 7.609172437950233e-07
382 3.118311767830551e-07
383 8.481864565515228e-07
384 1.8899688377935354e-07
385 5.74602214323543e-07
386 8.441405084934301e-07
387 9.734108855959182e-07
388 1.1199407712332494e-06
389 2.495703784784836e-07
390 7.940899839536271e-07
391 7.748210370992105e-07
392 5.776977742024264e-07
393 6.440968787312888e-07
394 1.0802030499077104e-06
395 5.569226766301087e-07
396 9.049850083941281e-07
397 5.336723931109832e-07
398 6.866041473561667e-07
399 1.0029654835694124e-06
400 5.302046115125366e-07
401 6.868946557423196e-07
402 9.694493943779232e-07
403 8.950851850097289e-07
404 3.4661834588500135e-07
405 6.112943388453896e-07
406 6.454182733250722e-07
407 6.37026053815882e-07
408 6.342974511109647e-07
409 4.2874322864903277e-07
410 7.21950530698409e-07
411 6.32718918805651e-07
412 7.825947015258454e-07
413 5.632771706210994e-07
414 2.665929590974046e-07
415 5.277871454316806e-07
416 1.0040270297967606e-06
417 6.470874062124033e-07
418 7.190269866495624e-07
419 5.729140477624593e-07
420 7.697667364330141e-07
421 4.3975541811408694e-07
422 9.038213340736578e-07
423 5.539105556899659e-07
424 3.6062526030993045e-07
425 7.434855443191694e-07
426 7.765989443256453e-07
427 7.183314403956344e-07
428 8.620074860494068e-07
429 7.130720149780553e-07
430 8.113253405014708e-07
431 6.86754792845875e-07
432 1.1214037367126607e-06
433 7.405672938099129e-07
434 8.085155553488573e-07
435 6.252422741158358e-07
436 7.203402422049685e-07
437 7.717374016852294e-07
438 9.6251222588859e-07
439 9.139369822909558e-07
440 8.235601602840531e-07
441 1.0801421299731325e-06
442 8.910313398391499e-07
443 7.745345272465563e-07
444 6.013838222939598e-07
445 6.804649707487712e-07
446 5.975520033685127e-07
447 9.260906476962878e-07
448 4.243569609886028e-07
449 9.937885618598545e-07
450 7.752111296269858e-07
451 6.688450553271965e-07
452 3.1512293474079e-07
453 7.416965290549958e-07
454 7.665519296346513e-07
455 5.522809943403588e-07
456 1.0588083552860062e-06
457 1.0195764258924393e-06
458 2.672798988836153e-07
459 7.15441732553217e-07
460 5.973443548903335e-07
461 8.653099576445546e-07
462 5.593108254366307e-07
463 5.960588361532502e-07
464 7.728558660710035e-07
465 7.810269457598618e-07
466 4.912366763150889e-07
467 1.0905083824817588e-06
468 5.177319112701834e-07
469 8.606431231634308e-07
470 7.063864088476198e-07
471 4.066957908413269e-07
472 8.148449608983457e-07
473 9.415426059806378e-07
474 6.531652882550132e-07
475 8.177179705479165e-07
476 6.570764506215398e-07
477 1.0260833856727347e-06
478 9.058183773313272e-07
479 8.02222651068454e-07
480 7.760479620043186e-07
481 5.978595229894346e-07
482 7.511700581784286e-07
483 6.991954944082299e-07
484 3.972263983318566e-07
485 6.915519107355093e-07
486 8.107351144727403e-07
487 9.963199139395423e-07
488 9.195880148638547e-07
489 6.524102500973717e-07
490 5.024329274696994e-07
491 7.640518139249962e-07
492 6.001376647864012e-07
493 1.3712166515090835e-07
494 1.1383712441325755e-06
495 6.357177285585676e-07
496 7.398533054279336e-07
497 9.825579077024156e-07
498 6.529735969873833e-07
499 8.060497102058058e-07
500 7.194904811782799e-07
501 4.152393700301425e-07
502 6.61141298666881e-07
503 8.283546923897558e-07
504 9.59574034991043e-07
505 8.424282927592232e-07
506 6.410909781871834e-07
507 8.515430475952863e-07
508 7.766759815987356e-07
509 5.657824479117642e-07
510 1.415811696502879e-07
511 8.993417474623271e-07
512 8.761155347435357e-07
513 6.743347533595382e-07
514 9.036298220898722e-07
515 9.342506390015461e-07
516 5.86039611532169e-07
517 6.721222238689507e-07
518 7.454091991211932e-07
519 6.522698938051871e-07
520 6.403215753065037e-07
521 6.061502055230941e-07
522 8.814209375425042e-07
523 1.061184420402317e-06
524 5.553101466874527e-07
525 7.443971231017093e-07
526 4.920549881719206e-07
527 7.39877340032378e-07
528 7.915067557931607e-07
529 5.499379086263379e-07
530 4.4723895245236825e-07
531 6.244688298170737e-07
532 8.752925949381729e-07
533 6.624000479416049e-07
534 1.302981095566493e-06
535 8.68153586883049e-07
536 5.822429678000594e-07
537 8.332607614596046e-07
538 6.939718134462089e-07
539 9.364644469959301e-07
540 6.676123636498681e-07
541 9.882588145941771e-07
542 9.355902279642735e-07
543 5.700184318001615e-07
544 7.44278934259551e-07
545 1.1835287023725875e-06
546 5.828381789302355e-07
547 5.617800538927624e-07
548 3.6681428928493816e-07
549 8.674434767434088e-07
550 8.067231477791611e-07
551 8.089406361159515e-07
552 9.718531906637714e-07
553 7.475065080057838e-07
554 3.2034481957946464e-07
555 6.013369377730236e-07
556 7.863481476148458e-07
557 5.808291028482335e-07
558 7.48711698154582e-07
559 5.315382871139664e-07
560 6.338374531995113e-07
561 4.79860222519321e-07
562 5.909848882614971e-07
563 9.042049685304868e-07
564 5.611163163507759e-07
565 6.578473911673552e-07
566 5.522214666932658e-07
567 5.216604222255317e-07
568 9.937761332524985e-07
569 5.945158408874517e-07
570 7.918324676667894e-07
571 4.908366801986718e-07
572 6.767692503274935e-07
573 5.950255833291138e-07
574 5.102811008840256e-07
575 7.559290307271748e-07
576 5.004238293526669e-07
577 8.646907877801117e-07
578 3.089863010821861e-07
579 8.505667394424526e-07
580 8.545575308032208e-07
581 6.757752890366817e-07
582 8.047020797223525e-07
583 6.550734780381342e-07
584 7.936132917668684e-07
585 9.006343232935638e-07
586 3.7484294770447136e-07
587 6.538275859885579e-07
588 6.89907786977311e-07
589 6.202869045058309e-07
590 9.75954268191954e-07
591 7.345374674331649e-07
592 7.85469782554656e-07
593 7.322525622381131e-07
594 7.646759670821525e-07
595 6.104328808509326e-07
596 5.88386941276189e-07
597 6.39834696007337e-07
598 7.142249266287951e-07
599 6.242264556679897e-07
600 6.800376000166612e-07
601 3.3051424578138446e-07
602 8.998180717303214e-07
603 8.10721760089489e-07
604 5.141632251504066e-07
605 4.970796712631886e-07
606 8.224416792840318e-07
607 6.484061997001501e-07
608 4.7309597043527426e-07
609 5.343906183170852e-07
610 7.441025006026309e-07
611 2.651612316689121e-07
612 6.544177550114506e-07
613 6.075349270976494e-07
614 4.7236854865099783e-07
615 8.034008003729409e-07
616 3.571484320880206e-07
617 7.898585098298961e-07
618 6.207227225591606e-07
619 5.918638354320027e-07
620 5.228790564033526e-07
621 7.687603243603635e-07
622 4.5627505236107173e-07
623 5.242094147491127e-07
624 3.383190151755017e-07
625 6.128902794392235e-07
626 5.964665079637677e-07
627 7.18894646171495e-07
628 8.261903103173615e-07
629 5.663627587442801e-07
630 6.230159909833143e-07
631 6.671721028582035e-07
632 4.7628492410128655e-07
633 5.530633572764025e-07
634 7.217105716443055e-07
635 5.332431260892617e-07
636 7.589624819157334e-07
637 6.615552911012388e-07
638 7.3209127974595e-07
639 1.008419403723064e-06
640 6.949606859573527e-07
641 8.357517354443422e-07
642 6.325825849717358e-07
643 6.322292713509279e-07
644 5.395955871492481e-07
645 6.269476482259722e-07
646 4.704916446509104e-07
647 7.089754345046461e-07
648 5.301013259633653e-07
649 1.0228350499901914e-06
650 6.405568048979951e-07
651 8.333503408052975e-07
652 4.161828655729215e-07
653 8.138260482374715e-07
654 1.1515608339519276e-06
655 6.817180947207216e-07
656 7.615570974948211e-07
657 8.47684499183448e-07
658 8.355544095186546e-07
659 7.073171700830849e-07
660 7.144185146324161e-07
661 8.658474410462852e-07
662 1.1173985882029229e-06
663 7.679803243776935e-07
664 1.0541556078804825e-06
665 8.80875017064513e-07
666 6.71743383734962e-07
667 6.573060676860337e-07
668 6.230901514613468e-07
669 8.901228829498836e-07
670 9.970340219674575e-07
671 4.812884712291394e-07
672 6.032808936620555e-07
673 8.31581251857436e-07
674 8.508502693823561e-07
675 6.635941885036846e-07
676 6.016812961060088e-07
677 5.209035716392727e-07
678 8.060523056926971e-07
679 6.230654206727916e-07
680 8.392379988438653e-07
681 5.409731688287265e-07
682 7.638992429462604e-07
683 5.859296183605024e-07
684 6.088624877372594e-07
685 5.214280355636617e-07
686 9.263755543211521e-07
687 6.220619735690136e-07
688 6.98821343232083e-07
689 9.74540317651391e-07
690 7.209019407115277e-07
691 5.559600198796976e-07
692 6.220060657123353e-07
693 4.837655124683037e-07
694 7.620670019996921e-07
695 7.255538137081491e-07
696 4.525614901465642e-07
697 5.613176075303131e-07
698 6.337556728804714e-07
699 4.770378311669621e-07
700 8.509631319595426e-07
701 8.06506305853504e-07
702 7.718185377065006e-07
703 3.7677881421409224e-07
704 6.154391806004199e-07
705 8.323049026840563e-07
706 7.136592689296795e-07
707 7.443451796126925e-07
708 7.151818645382893e-07
709 6.185363172876365e-07
710 7.133252646418904e-07
711 8.210925133861425e-07
712 4.241430504810991e-07
713 8.454949099078718e-07
714 8.324553533174573e-07
715 7.561117496449163e-07
716 8.20521007677148e-07
717 5.472588408912163e-07
718 5.841436505129127e-07
719 7.92217148542076e-07
720 6.422046052093383e-07
721 1.009458272754959e-06
722 8.005425357127815e-07
723 2.7306957258860916e-07
724 9.300086930061079e-07
725 7.268292908480672e-07
726 8.807692811854529e-07
727 7.138690685915213e-07
728 5.492422739534409e-07
729 5.814746496485163e-07
730 9.73336646577246e-07
731 6.416176804637745e-07
732 5.617947025921774e-07
733 6.644209050704416e-07
734 7.70772503007604e-07
735 5.621058703982713e-07
736 5.961914817661337e-07
737 9.705341505938443e-07
738 9.599956405022475e-07
739 4.947457534812589e-07
740 7.642652698020558e-07
741 4.99772192924764e-07
742 1.0376573959731983e-06
743 3.483465402793368e-07
744 4.2014546524637915e-07
745 6.664290066253973e-07
746 6.535305494076202e-07
747 4.132603035966367e-07
748 7.011106100627031e-07
749 6.848843741889422e-07
750 7.480580280358459e-07
751 6.016414650096479e-07
752 5.857504639662587e-07
753 7.280536685330462e-07
754 6.901592070299345e-07
755 5.588493892235881e-07
756 9.852463414765818e-07
757 6.910090124897859e-07
758 6.343609559720701e-07
759 5.193923059379085e-07
760 8.393783915081322e-07
761 7.935695064898133e-07
762 7.396952067559552e-07
763 9.492023413681e-07
764 4.0580970700296324e-07
765 8.631638527989721e-07
766 5.823674618739178e-07
767 5.266171266253325e-07
768 7.664270968524468e-07
769 7.527712121710836e-07
770 4.864245926944792e-07
771 4.330850698444398e-07
772 6.038850790197285e-07
773 4.401978824839389e-07
774 9.507310271535655e-07
775 7.911641121883149e-07
776 4.6739331536114283e-07
777 8.61715461935351e-07
778 4.6441887161375103e-07
779 5.465400415747694e-07
780 7.929879214083311e-07
781 3.9693357717902004e-07
782 6.698258881200595e-07
783 6.526422670066505e-07
784 8.187552288459071e-07
785 6.453276359266107e-07
786 7.713852949691527e-07
787 8.017744369828213e-07
788 1.0121853937723035e-06
789 3.811854764895188e-07
790 8.288838070482606e-07
791 6.729702891159901e-07
792 3.9806686311364595e-07
793 8.569352421322255e-07
794 6.294435183985252e-07
795 9.682529275221521e-07
796 8.378541687093991e-07
797 8.487951337384743e-07
798 7.602586224117135e-07
799 3.267568093554234e-07
800 6.609112603514591e-07
801 6.409423535057608e-07
802 5.547956180996467e-07
803 4.566797735757187e-07
804 6.343631675547905e-07
805 8.011630289157343e-07
806 1.072447351628056e-06
807 7.090443112010321e-07
808 6.20693340059775e-07
809 7.518780989074108e-07
810 5.963690390789756e-07
811 6.179992438884773e-07
812 1.0145722274165834e-06
813 7.007196169364576e-07
814 7.199089420639017e-07
815 5.253688054398057e-07
816 7.304861170536107e-07
817 5.423994485686272e-07
818 9.098697563884735e-07
819 8.052922527507542e-07
820 8.579235955707616e-07
821 7.383412694090294e-07
822 8.604040304514982e-07
823 4.781629302468192e-07
824 7.326512162856574e-07
825 7.318521280034514e-07
826 4.044018854888344e-07
827 9.691779371313112e-07
828 5.112168786590144e-07
829 6.526543041637838e-07
830 4.106067639783175e-07
831 6.544189852575214e-07
832 7.489302375750583e-07
833 6.748638459485534e-07
834 6.839347547779407e-07
835 7.496810907055678e-07
836 5.057856218028945e-07
837 7.970856858981748e-07
838 9.655128337121493e-07
839 4.689672786012927e-07
840 8.188398345203515e-07
841 8.141179131929581e-07
842 6.958372108832475e-07
843 5.600318054447872e-07
844 7.099398678863126e-07
845 7.237599729320469e-07
846 7.719282409199383e-07
847 7.292410542737788e-07
848 8.228216474987055e-07
849 6.626575820838946e-07
850 6.834404260647641e-07
851 6.985162025645324e-07
852 7.447490924896431e-07
853 6.255409052278612e-07
854 4.186072448920903e-07
855 6.416627591496855e-07
856 6.719011542162661e-07
857 6.732810915524552e-07
858 1.5043591754324882e-07
859 7.885980868518026e-07
860 6.432789285276316e-07
861 9.256274049485158e-07
862 5.653025906283168e-07
863 6.241276814380579e-07
864 3.5240070874422843e-07
865 5.157749110253762e-07
866 7.132653757414587e-07
867 5.108291775297887e-07
868 8.517574706248589e-07
869 8.470631842020075e-07
870 5.9535945081328e-07
871 9.464178896789496e-07
872 7.687923201575038e-07
873 5.301181091036206e-07
874 5.438268291745072e-07
875 7.074169025235204e-07
876 8.693610517861634e-07
877 7.366241656596196e-07
878 2.2454555881178525e-07
879 6.460730403814308e-07
880 6.053957083891555e-07
881 6.556209346187569e-07
882 9.909127602249974e-07
883 6.393464833292652e-07
884 4.331674909229285e-07
885 8.702780438802665e-07
886 1.05502520542508e-06
887 1.0290732435470482e-06
888 5.954389609782006e-07
889 8.69371858304672e-07
890 3.398392778894637e-07
891 5.918113348204754e-07
892 6.686104743283511e-07
893 4.5871693934891477e-07
894 7.027183123139278e-07
895 8.455572418666373e-07
896 2.393777708531587e-07
897 1.1731318080836972e-06
898 3.3970356836782975e-07
899 8.947609531888896e-07
900 5.576100517303457e-07
901 4.931716926238283e-07
902 7.419029746862346e-07
903 7.615168417165255e-07
904 5.173723484939536e-07
905 9.29564022025516e-07
906 6.596708427824222e-07
907 9.032166701828651e-07
908 3.9900260004213197e-07
909 6.846219671694672e-07
910 7.325381477786776e-07
911 6.470746874914487e-07
912 7.951166813445285e-07
913 5.401393876819017e-07
914 3.580503821030523e-07
915 5.840989287904903e-07
916 7.464699480257722e-07
917 9.433762112416511e-07
918 9.274841130200494e-07
919 1.1082046787730604e-06
920 4.795011437216486e-07
921 6.183675505206934e-07
922 6.003589302408884e-07
923 7.65766395444594e-07
924 8.550870081557079e-07
925 7.171699652151235e-07
926 9.130669981047636e-07
927 6.863374086265768e-07
928 7.856713273127436e-07
929 7.178968313493292e-07
930 9.257756814733531e-07
931 8.456423590201802e-07
932 8.53726086594374e-07
933 5.155202663349875e-07
934 6.365349682405122e-07
935 8.978985692884452e-07
936 6.70937959604542e-07
937 5.343942170373667e-07
938 6.01395368583221e-07
939 3.50016487549606e-07
940 7.531912757577182e-07
941 1.0791013083309545e-06
942 6.537274490902233e-07
943 5.900443903396955e-07
944 1.0252612079527367e-06
945 5.029597523678477e-07
946 9.383439952928762e-07
947 7.009881533091978e-07
948 3.345145531117957e-07
949 5.919159406521736e-07
950 6.883978814876318e-07
951 7.688479546047484e-07
952 8.710730888890131e-07
953 4.965891065717142e-07
954 5.418130237789448e-07
955 5.246642159493433e-07
956 5.886587429893039e-07
957 1.0794751900007814e-06
958 8.161671629934524e-07
959 6.469039898589504e-07
960 4.986193385035937e-07
961 6.474044383537714e-07
962 8.545692868048687e-07
963 7.486336702047935e-07
964 4.7419187847238813e-07
965 6.348639342093672e-07
966 8.026588383672498e-07
967 1.0601411964204074e-06
968 6.521962939393755e-07
969 8.433953850267469e-07
970 8.657129350632087e-07
971 9.175922282342803e-07
972 7.54617095838832e-07
973 8.341580663622303e-07
974 6.946059608469562e-07
975 8.52396075713354e-07
976 5.783343472597209e-07
977 4.5433978392108886e-07
978 7.336520384966504e-07
979 6.883924520369184e-07
980 7.034474845537589e-07
981 8.245356118926275e-07
982 9.64217120811986e-07
983 2.4041188098834304e-07
984 7.010604716098809e-07
985 9.998728114921769e-07
986 7.757604982421181e-07
987 5.276497356326542e-07
988 8.299380189696875e-07
989 5.496619958131315e-07
990 5.008471161434089e-07
991 6.081430761345506e-07
992 7.372882645602183e-07
993 7.343399521627818e-07
994 7.240884187365923e-07
995 6.806242663738715e-07
996 8.368855367168029e-07
997 4.3369260025914737e-07
998 6.794501699980771e-07
999 7.591293803040246e-07
