0 5.186677639633169e-06
1 5.1875698412405475e-06
2 4.794723120797003e-06
3 4.8111764367189085e-06
4 5.023912992958964e-06
5 4.85631496502313e-06
6 5.025246510638413e-06
7 4.934837048278577e-06
8 4.738417904524825e-06
9 4.912641524914669e-06
10 4.619916924428171e-06
11 4.5936143197452606e-06
12 4.747504591776707e-06
13 4.835562029336305e-06
14 4.982545725600328e-06
15 4.506251033974202e-06
16 4.753070403494612e-06
17 4.912809575442614e-06
18 4.949016680766119e-06
19 5.014664919849777e-06
20 4.622041775647681e-06
21 4.932820405147102e-06
22 4.853948090204012e-06
23 5.038732789065018e-06
24 4.873540063604393e-06
25 5.079256850043714e-06
26 4.9692957019045655e-06
27 5.054010654740961e-06
28 4.805280471754032e-06
29 5.413014945745153e-06
30 4.962759280871687e-06
31 4.833031525903714e-06
32 4.966240808190221e-06
33 5.056594669099901e-06
34 4.977741471427369e-06
35 5.072999655058055e-06
36 5.109447378375291e-06
37 4.7829549233259246e-06
38 4.88622200671648e-06
39 5.0255801995924255e-06
40 4.901404241217622e-06
41 4.820825169399725e-06
42 5.0397685533014406e-06
43 4.82270526299454e-06
44 4.681123394500746e-06
45 4.648943721902202e-06
46 5.124422670544461e-06
47 5.1025464954516164e-06
48 4.691646498736588e-06
49 4.813159348248048e-06
50 5.375961193636709e-06
51 4.790669849968556e-06
52 4.740135328477024e-06
53 5.289369608012345e-06
54 4.7228410340728155e-06
55 4.885247536265769e-06
56 5.133358646573903e-06
57 5.030758225750879e-06
58 4.638542950320765e-06
59 4.935494800088854e-06
60 4.7014826715560205e-06
61 4.890549377875808e-06
62 4.9072582829890495e-06
63 4.600837840747353e-06
64 5.003620941076961e-06
65 4.920129592555926e-06
66 5.1342119707766495e-06
67 4.8721932962986926e-06
68 4.813978683288696e-06
69 5.0876377075291405e-06
70 5.009236976072866e-06
71 5.093881883594187e-06
72 4.8881905791668095e-06
73 4.930109413602631e-06
74 4.9695059054272275e-06
75 4.9389140411970765e-06
76 4.871403985160518e-06
77 5.11494690298351e-06
78 4.966402216557434e-06
79 4.735104824115415e-06
80 4.97873971180106e-06
81 4.9599891510376515e-06
82 4.848713878943964e-06
83 5.059295402453394e-06
84 5.00174550865352e-06
85 4.963106439470718e-06
86 4.626665419745298e-06
87 4.773118232936428e-06
88 4.786606326748784e-06
89 4.964626302178178e-06
90 4.862604150379029e-06
91 5.209168908760856e-06
92 4.912446003927449e-06
93 4.781937637640746e-06
94 4.675312830622612e-06
95 4.800518799447272e-06
96 4.982650306360398e-06
97 5.00889992795468e-06
98 4.7470359414284075e-06
99 4.930032122044816e-06
100 5.021342537552033e-06
101 5.115231776718728e-06
102 5.3338012840371505e-06
103 4.841578946005965e-06
104 4.796941777239745e-06
105 5.003484177557714e-06
106 4.779362523906274e-06
107 4.667927744021898e-06
108 5.047188841275108e-06
109 4.842126712584184e-06
110 5.103020544626456e-06
111 5.052168872848451e-06
112 5.019736582832224e-06
113 4.945814971895078e-06
114 4.904531304963533e-06
115 5.067468146605919e-06
116 4.905675217561442e-06
117 4.575880838127306e-06
118 4.855125075752837e-06
119 5.047514693588419e-06
120 4.603759389490354e-06
121 4.7030705322682055e-06
122 4.643751020774314e-06
123 5.099102405062803e-06
124 4.858332401499622e-06
125 4.695515475593803e-06
126 4.786371315769999e-06
127 4.978615236643844e-06
128 4.557488468271431e-06
129 4.939985606435885e-06
130 5.286425164829322e-06
131 4.733051960795558e-06
132 4.80750653564637e-06
133 4.906921688065303e-06
134 4.711913696612841e-06
135 4.934889467336466e-06
136 5.25184357052499e-06
137 5.04432322394625e-06
138 5.032487257307305e-06
139 4.971048201537815e-06
140 5.155968799075971e-06
141 4.736710551383635e-06
142 4.844361299115224e-06
143 4.7861329366754705e-06
144 4.8097534273609485e-06
145 5.08999770183335e-06
146 4.683942866230735e-06
147 5.021902387522637e-06
148 5.160522369844944e-06
149 4.516536403336947e-06
150 5.091866482547616e-06
151 4.579425594504114e-06
152 4.7720443129277484e-06
153 4.773908126422339e-06
154 4.8833041828093294e-06
155 5.026643035815807e-06
156 4.971950622708948e-06
157 4.874183653820936e-06
158 5.199095525993617e-06
159 4.8399155544221954e-06
160 4.7358621955209465e-06
161 4.839750648628909e-06
162 5.094094834638177e-06
163 4.83118758167802e-06
164 4.6115052427598334e-06
165 4.907609596797552e-06
166 5.06971557527125e-06
167 4.651842375521394e-06
168 4.749512874925591e-06
169 4.979793741542671e-06
170 5.108401030947409e-06
171 4.846601193891079e-06
172 4.860915260117366e-06
173 4.978186997860081e-06
174 4.797165680953689e-06
175 4.704122928167491e-06
176 5.1523593684426865e-06
177 4.870457461752351e-06
178 4.659816329361858e-06
179 5.090613273334191e-06
180 4.9092290721239785e-06
181 4.805503438523398e-06
182 5.0987090517536254e-06
183 5.055717377015334e-06
184 4.697764575803648e-06
185 4.872635641810127e-06
186 4.981470747827097e-06
187 4.781523332862516e-06
188 4.634438037389263e-06
189 5.110706252368051e-06
190 4.695572643701808e-06
191 4.991117894693282e-06
192 4.90865753241482e-06
193 4.852874261587939e-06
194 5.0132029839980115e-06
195 4.836147158124338e-06
196 5.056087911262332e-06
197 4.823942221286326e-06
198 4.73317824394852e-06
199 4.806125293666865e-06
200 4.994380685901972e-06
201 5.078528952690422e-06
202 5.201384838791732e-06
203 4.9161044095965725e-06
204 4.876255403206013e-06
205 5.0586357660465865e-06
206 4.7550430539122015e-06
207 4.941922382154641e-06
208 4.8920102476611375e-06
209 4.892110977902362e-06
210 4.869942441696892e-06
211 4.869921725612359e-06
212 4.788318983236048e-06
213 5.000710404925548e-06
214 4.812829891250673e-06
215 5.087743327309249e-06
216 4.661842908237921e-06
217 4.79140792788634e-06
218 4.9646727220380335e-06
219 4.79061314886284e-06
220 4.934766142179912e-06
221 5.121271733804818e-06
222 5.005286471311587e-06
223 4.478032491895092e-06
224 4.7935988096568024e-06
225 4.928593158075101e-06
226 4.778069969391538e-06
227 5.0376251326312555e-06
228 4.77441729298391e-06
229 4.986125384143537e-06
230 5.021492370845936e-06
231 5.216985205890882e-06
232 5.127902071703258e-06
233 4.762443340497544e-06
234 5.0005568809224344e-06
235 4.889675570643112e-06
236 4.612398666126104e-06
237 4.54899056374694e-06
238 5.021819968006828e-06
239 4.739845471993512e-06
240 5.049002064931794e-06
241 5.189722785361804e-06
242 4.863981020353091e-06
243 5.03042235114907e-06
244 4.769207752997198e-06
245 4.635871729597552e-06
246 4.750717859450762e-06
247 5.092086558414731e-06
248 4.629727464703946e-06
249 5.131961431432461e-06
250 4.608910890075912e-06
251 4.721686802846067e-06
252 4.363811396437897e-06
253 4.756349887418267e-06
254 4.781894054976184e-06
255 5.335126940160498e-06
256 4.788920401510355e-06
257 4.9712666562018474e-06
258 4.889988836232574e-06
259 4.395577595797726e-06
260 4.856290044085604e-06
261 4.809003087419062e-06
262 5.202597580907394e-06
263 4.896319020635228e-06
264 5.007917021564245e-06
265 4.781183772301908e-06
266 4.874657556667369e-06
267 4.8663765284518574e-06
268 4.661281264236777e-06
269 4.81327852427283e-06
270 4.663847405866359e-06
271 4.771032664096998e-06
272 4.755261263092643e-06
273 4.632509951073613e-06
274 4.90502259973662e-06
275 5.1723570393628625e-06
276 4.742963037711437e-06
277 4.4653488445277845e-06
278 4.758819217215648e-06
279 4.926309285017368e-06
280 5.096633005288706e-06
281 4.903931431229517e-06
282 4.790875033247725e-06
283 5.002670457111213e-06
284 4.591210264609604e-06
285 4.67394275154769e-06
286 4.7136561360163016e-06
287 5.092599273306239e-06
288 5.087472442290857e-06
289 4.770838764685995e-06
290 4.9534426454445384e-06
291 5.013735312252545e-06
292 4.608463462978429e-06
293 5.0348314517512804e-06
294 4.9856472140468745e-06
295 5.1558619580569125e-06
296 4.592248754439377e-06
297 4.885645183781017e-06
298 4.629995804948483e-06
299 4.989948128699972e-06
300 4.987476415785985e-06
301 4.983275668640195e-06
302 4.834346300574211e-06
303 4.839518946684517e-06
304 4.776892782458211e-06
305 5.176619289458099e-06
306 5.139277786101231e-06
307 4.696717884942468e-06
308 4.926824056393209e-06
309 4.61724042136658e-06
310 4.831953625071514e-06
311 4.987893784834001e-06
312 5.1271211612298555e-06
313 4.659444971594497e-06
314 4.920531436022325e-06
315 4.698420345197421e-06
316 5.199298214387371e-06
317 4.5188489657954405e-06
318 4.620108744153479e-06
319 4.853424715881541e-06
320 4.921199817568946e-06
321 4.621775655227204e-06
322 4.84214369555559e-06
323 5.107819051199733e-06
324 4.693388396748543e-06
325 4.973359845413049e-06
326 5.136402386722946e-06
327 4.41837599260164e-06
328 4.564068884009065e-06
329 4.851197297614794e-06
330 4.583267927004076e-06
331 4.967361937148301e-06
332 4.594425889364766e-06
333 5.156564956294946e-06
334 5.034521052546118e-06
335 4.761510469129081e-06
336 5.117045633799897e-06
337 5.009466821183148e-06
338 4.946537394076397e-06
339 4.782093654040027e-06
340 4.8780385031542965e-06
341 4.6987734830644705e-06
342 5.114066139011502e-06
343 4.708648614259082e-06
344 5.374833564072674e-06
345 5.026321410855877e-06
346 4.727811283589854e-06
347 4.9113967584908314e-06
348 4.728190776381737e-06
349 4.67138697801346e-06
350 4.896063551643074e-06
351 4.980387318328058e-06
352 4.900987153876764e-06
353 4.980931977807622e-06
354 4.815761694751081e-06
355 5.209691250843916e-06
356 4.3457074676702324e-06
357 4.9558749724500935e-06
358 4.751486111965401e-06
359 4.945808696804188e-06
360 5.0888675449176184e-06
361 4.69571672260793e-06
362 5.0634684800759525e-06
363 4.797685286313623e-06
364 4.8430892612652545e-06
365 4.776188969668393e-06
366 5.072739261052747e-06
367 4.595629712779726e-06
368 5.147628113864358e-06
369 5.07219936404854e-06
370 4.867554244523883e-06
371 4.622325725486807e-06
372 4.821413370606502e-06
373 4.617522459138449e-06
374 4.423867434548232e-06
375 4.5851713396651115e-06
376 4.845155300325324e-06
377 4.991152316564264e-06
378 4.850984330221782e-06
379 5.042019067309128e-06
380 5.030934591010519e-06
381 5.105475547959594e-06
382 4.777509828592235e-06
383 4.8475064787726005e-06
384 5.167150677995182e-06
385 5.168334702652945e-06
386 5.03907282760872e-06
387 5.311329672458548e-06
388 4.79642514860371e-06
389 4.991586992561751e-06
390 5.150177966036792e-06
391 4.628702103041815e-06
392 5.067946606720883e-06
393 4.912767361629179e-06
394 4.782812231614556e-06
395 4.6905471376150895e-06
396 5.1466025365553155e-06
397 5.030948464137062e-06
398 4.735254555638568e-06
399 4.787632879772808e-06
400 4.960706038563804e-06
401 5.1468375660105495e-06
402 5.034826426507051e-06
403 4.957046855054403e-06
404 4.362203966892524e-06
405 4.809784186304983e-06
406 5.175613476892522e-06
407 4.880704424254213e-06
408 4.663251450531324e-06
409 4.7639090072113385e-06
410 4.66495879793411e-06
411 4.848895913929977e-06
412 4.88160692759763e-06
413 4.843335892601086e-06
414 5.067465130291424e-06
415 4.941835212905114e-06
416 4.6992769511842966e-06
417 4.962622526727315e-06
418 5.000764378043035e-06
419 5.012896439517989e-06
420 4.757327770970874e-06
421 5.051034672214892e-06
422 5.2278154058297925e-06
423 4.870301104310797e-06
424 5.13428596918701e-06
425 4.826219074056618e-06
426 4.910542569267497e-06
427 4.762402376135767e-06
428 5.042743315802627e-06
429 4.904283151883937e-06
430 4.7139997576637595e-06
431 4.836352878735482e-06
432 4.76667333454928e-06
433 5.025508816849542e-06
434 4.947516610758974e-06
435 5.224213239753684e-06
436 5.048715594861956e-06
437 5.014214308520041e-06
438 4.72129068744786e-06
439 4.72366847492763e-06
440 4.799157621690112e-06
441 4.810249678600603e-06
442 5.042061842944911e-06
443 5.082820339587144e-06
444 4.814486023558093e-06
445 4.811457466701872e-06
446 4.971341825917505e-06
447 4.3263072940799506e-06
448 4.6490743124278745e-06
449 5.044074838873424e-06
450 5.338582148127964e-06
451 4.909647850014875e-06
452 4.815224083841131e-06
453 4.838122310986054e-06
454 5.022537608537847e-06
455 4.800104972018547e-06
456 4.650639174559567e-06
457 4.442879500452661e-06
458 5.078273071537238e-06
459 5.0971768479218756e-06
460 5.163436801226899e-06
461 5.116338877103397e-06
462 4.8977418646985506e-06
463 4.916836979061891e-06
464 4.841325258042151e-06
465 4.996497244014041e-06
466 4.831256450074641e-06
467 4.733274610006521e-06
468 4.9252338865102215e-06
469 4.801806666017454e-06
470 4.8121724092856284e-06
471 4.902802032971977e-06
472 4.770698330684912e-06
473 4.920107996027811e-06
474 4.847081722234228e-06
475 4.851058753309083e-06
476 4.625446857513133e-06
477 4.645493366607842e-06
478 4.6951789588940455e-06
479 5.052161781901763e-06
480 4.604170402917089e-06
481 5.244003777619419e-06
482 4.964071120467858e-06
483 5.257957143529155e-06
484 4.9724066924626275e-06
485 4.990262216414981e-06
486 4.596289348293463e-06
487 4.935061808060979e-06
488 5.2915113920901115e-06
489 4.870921405713216e-06
490 4.952890243440859e-06
491 5.324451888444722e-06
492 4.779843119325786e-06
493 4.957202961150844e-06
494 4.969707100068366e-06
495 5.179519044292235e-06
496 4.960635675273255e-06
497 4.785217806612394e-06
498 4.886672326770282e-06
499 4.968237811186966e-06
500 4.7246599096162495e-06
501 4.776788414666014e-06
502 4.8602717666759324e-06
503 4.672692648931108e-06
504 4.770335931155973e-06
505 4.933214288041325e-06
506 4.795762001617606e-06
507 5.146504070626071e-06
508 4.667306419238603e-06
509 4.846779807163044e-06
510 4.931578536276547e-06
511 4.646848208228364e-06
512 4.941978627255897e-06
513 5.008012475932507e-06
514 4.964639077409697e-06
515 4.872758483980685e-06
516 4.9709893555056515e-06
517 4.824788366980713e-06
518 4.934461568442128e-06
519 4.8768235068833105e-06
520 5.050841435595859e-06
521 4.822190320245417e-06
522 5.2644096374236444e-06
523 5.415654416478136e-06
524 5.030005093653485e-06
525 4.612543892015571e-06
526 4.903240302953776e-06
527 4.96757789049982e-06
528 4.861029553295679e-06
529 4.497121912683734e-06
530 4.904115856885743e-06
531 4.762304524411163e-06
532 4.443194691927583e-06
533 4.8525219519348044e-06
534 4.978659357654731e-06
535 4.608468261389891e-06
536 5.119965700452813e-06
537 4.5685945077765e-06
538 5.092066371071254e-06
539 5.108465437810561e-06
540 4.715128651977408e-06
541 4.615343545296259e-06
542 5.032381757415754e-06
543 4.960345612153316e-06
544 4.788461493749171e-06
545 4.842632042151221e-06
546 5.10180116533598e-06
547 5.461267506325512e-06
548 5.0021068577794394e-06
549 4.8179963838282944e-06
550 4.86898138083682e-06
551 4.964881275464059e-06
552 5.106369594694982e-06
553 4.895435929363944e-06
554 4.912613236590959e-06
555 5.248057396655398e-06
556 5.086713780579059e-06
557 4.7305568589683535e-06
558 5.092285758071998e-06
559 4.917176890547306e-06
560 4.857226866199674e-06
561 4.736055179692633e-06
562 4.708059783358323e-06
563 4.520342583292e-06
564 4.9860758116349105e-06
565 4.888989240345794e-06
566 4.9738048079620235e-06
567 4.72696045753226e-06
568 4.588707835033449e-06
569 4.909430407531231e-06
570 4.744546702801455e-06
571 4.749091232313976e-06
572 5.075230037310504e-06
573 4.5939666872087194e-06
574 4.719625862332173e-06
575 4.9532992622022255e-06
576 5.02182824756009e-06
577 4.643686390694868e-06
578 4.985121122166657e-06
579 4.969567187793996e-06
580 4.893400751029054e-06
581 4.887733114284187e-06
582 5.000172127255132e-06
583 5.006287392210883e-06
584 4.671595331304093e-06
585 4.954382136369535e-06
586 4.947413600449458e-06
587 5.135234051213239e-06
588 4.917142051825957e-06
589 5.207415260038255e-06
590 4.951760499827148e-06
591 4.969697877440308e-06
592 4.751033064260624e-06
593 4.864711817805212e-06
594 4.599636612769245e-06
595 4.919746144562885e-06
596 4.61162472774399e-06
597 4.865506507494994e-06
598 4.773012875287118e-06
599 4.606165499404703e-06
600 5.0955239796527494e-06
601 4.885850487632077e-06
602 4.794451488766569e-06
603 4.878719363222197e-06
604 4.658167522499582e-06
605 4.923833810293069e-06
606 4.6734191107489144e-06
607 4.814465130901523e-06
608 4.997929027210661e-06
609 4.686452973777614e-06
610 4.871984498794245e-06
611 4.8172713147220816e-06
612 4.8536060558287015e-06
613 5.0549495108236285e-06
614 4.98129994313869e-06
615 4.838743027734305e-06
616 5.0671029681844125e-06
617 4.713820151668311e-06
618 4.817593857157001e-06
619 5.087431061038674e-06
620 4.90723111331511e-06
621 4.942328047009495e-06
622 4.988201275345637e-06
623 4.840635092940173e-06
624 5.064447906062194e-06
625 4.753844909198905e-06
626 5.1168103131677366e-06
627 4.901296538091214e-06
628 5.347826130812912e-06
629 4.95805611022084e-06
630 4.723639128957476e-06
631 4.881087882805291e-06
632 5.197742748408611e-06
633 4.943852311515997e-06
634 4.849775243830202e-06
635 4.863113643891552e-06
636 4.6013809159879886e-06
637 5.012938218513003e-06
638 4.962547548297508e-06
639 5.061712600453875e-06
640 4.925881140600951e-06
641 5.019437633228341e-06
642 4.594111284403116e-06
643 4.8533789204847135e-06
644 5.362821498224675e-06
645 4.880674596873642e-06
646 4.73992183319673e-06
647 5.0807481937360955e-06
648 5.118749290713464e-06
649 4.635336840443273e-06
650 4.7830332264591815e-06
651 4.969971246407768e-06
652 4.696945831296921e-06
653 5.187419468713625e-06
654 4.816978200851272e-06
655 4.9693390856729815e-06
656 4.7676825515091295e-06
657 4.932884903299819e-06
658 4.742880201560758e-06
659 4.522195489251714e-06
660 5.350033785428e-06
661 5.2090006491682975e-06
662 4.725345311051736e-06
663 4.882510626391677e-06
664 5.0317509040883265e-06
665 4.913805003865519e-06
666 4.726805864258754e-06
667 4.963612734632553e-06
668 4.740461825253068e-06
669 4.522851510242675e-06
670 4.606817978471768e-06
671 4.9087618644845054e-06
672 4.543530580978767e-06
673 4.5896719642354114e-06
674 4.709645166605941e-06
675 4.935981744422155e-06
676 4.9395796850034966e-06
677 4.915159352537135e-06
678 5.0909334587917444e-06
679 4.971797769481646e-06
680 4.613855218425999e-06
681 4.9886514653904845e-06
682 5.2189189841936906e-06
683 4.783989361526166e-06
684 4.794654806911023e-06
685 4.957980972253074e-06
686 4.682796248699928e-06
687 4.64677591067856e-06
688 4.828465234733506e-06
689 4.782431611444934e-06
690 5.047413470737771e-06
691 4.900411725538206e-06
692 4.8842523644023444e-06
693 4.828653750144244e-06
694 4.596201942366769e-06
695 4.97364616668368e-06
696 4.720568544908635e-06
697 5.179618390260738e-06
698 4.600904392759019e-06
699 4.898800261287614e-06
700 5.056809444255967e-06
701 4.648062200943463e-06
702 4.74217703769475e-06
703 4.973946298138088e-06
704 4.98812448767785e-06
705 4.7894184770321435e-06
706 4.907121053464583e-06
707 4.753388139115777e-06
708 5.073168970417163e-06
709 4.9215746745020464e-06
710 4.933698824697078e-06
711 5.277229217629818e-06
712 4.629749036779704e-06
713 4.937712723343647e-06
714 4.9772938166369436e-06
715 5.081391694698491e-06
716 4.5139178352243465e-06
717 5.011164670976946e-06
718 4.795708334193257e-06
719 4.815578465510533e-06
720 5.076537086565486e-06
721 5.284966750006472e-06
722 4.88610833724385e-06
723 5.188121571335986e-06
724 5.026160380355244e-06
725 4.980295312295917e-06
726 4.803780571515024e-06
727 5.0002553706064255e-06
728 4.679945515863633e-06
729 4.901927934566971e-06
730 5.071012921304493e-06
731 4.51150959359041e-06
732 4.806038863923717e-06
733 4.726324029196877e-06
734 4.825744980729783e-06
735 5.078991624658869e-06
736 4.962148948502383e-06
737 4.718472027775099e-06
738 4.908986023888974e-06
739 5.006555619681534e-06
740 4.886636101407095e-06
741 4.949302908149309e-06
742 4.850348115001965e-06
743 4.615736048046524e-06
744 4.728264035376279e-06
745 4.8921371118338215e-06
746 4.669924987051318e-06
747 4.943052524670952e-06
748 4.90051926320691e-06
749 4.657783714489091e-06
750 5.276515744871302e-06
751 5.097840140359553e-06
752 4.898654112873453e-06
753 5.016804259221441e-06
754 5.046628532976039e-06
755 4.9622181305632625e-06
756 4.62614247705007e-06
757 4.9052700359941246e-06
758 4.7422345893692396e-06
759 4.871341700825388e-06
760 5.080724677709345e-06
761 4.948062774477214e-06
762 5.021517250467569e-06
763 4.706164541987962e-06
764 4.778874856089805e-06
765 4.825251111670108e-06
766 4.70683341088746e-06
767 4.734337316687395e-06
768 4.9050417114590815e-06
769 5.068636137707151e-06
770 4.391525409129993e-06
771 4.935642632576676e-06
772 5.024050972330453e-06
773 4.884096274057498e-06
774 5.216003195471696e-06
775 5.014030333940599e-06
776 4.642186590581548e-06
777 4.7965071388469415e-06
778 4.883069116250226e-06
779 4.993508582194749e-06
780 4.891439808099226e-06
781 4.754937368820398e-06
782 5.352571924772399e-06
783 4.6042891235962245e-06
784 5.221572475777666e-06
785 5.1081457461221176e-06
786 4.896412835572717e-06
787 5.1593238712153545e-06
788 4.922107094149912e-06
789 4.7320101427192906e-06
790 4.815849152572192e-06
791 5.293118485212639e-06
792 4.859626497697561e-06
793 4.583979977637585e-06
794 4.625156403812495e-06
795 4.760025471007947e-06
796 5.3584767882875276e-06
797 4.908460967584073e-06
798 5.02999894466957e-06
799 4.962737733148278e-06
800 4.856627084995366e-06
801 4.969616908933475e-06
802 4.929064275214955e-06
803 4.898613129042352e-06
804 4.8855038651230646e-06
805 4.610536435748306e-06
806 4.542344997314961e-06
807 4.931600463237818e-06
808 4.874921369098172e-06
809 5.152078144862187e-06
810 4.994368752630907e-06
811 4.8314229043336294e-06
812 4.750756082439621e-06
813 4.554854189815861e-06
814 5.116780806434656e-06
815 4.840265985881373e-06
816 4.916130439407645e-06
817 4.73271494321213e-06
818 5.088505539475353e-06
819 5.1616188056387155e-06
820 4.773896376968964e-06
821 4.871327201141102e-06
822 4.996947671020873e-06
823 4.892103235819358e-06
824 4.658868026677311e-06
825 4.944168871292939e-06
826 4.9493263963159516e-06
827 4.820857407916872e-06
828 4.717931113348033e-06
829 4.819399645256288e-06
830 4.668896639692888e-06
831 4.669346746625177e-06
832 5.0345652824274316e-06
833 5.037401156142849e-06
834 5.052653258649882e-06
835 5.044697093047261e-06
836 4.5508096963049456e-06
837 4.708820060744738e-06
838 4.596118140560142e-06
839 4.9476423783221055e-06
840 4.967478369940933e-06
841 4.761529091034133e-06
842 4.938612803410138e-06
843 5.191000405061024e-06
844 4.869638703749404e-06
845 5.074692369687434e-06
846 4.992360751924127e-06
847 4.6920993158035595e-06
848 4.954925789017423e-06
849 4.83559791074228e-06
850 4.863778549669124e-06
851 5.194136131036542e-06
852 4.7122181884497515e-06
853 4.855228987426886e-06
854 4.505920051910353e-06
855 4.9677802267373195e-06
856 4.935299754447823e-06
857 4.813872561810026e-06
858 4.921774070895045e-06
859 5.043505553190437e-06
860 4.83857181848878e-06
861 4.8662083356880605e-06
862 4.854462832347469e-06
863 5.0168834656185465e-06
864 4.85067560382498e-06
865 4.490908822527938e-06
866 4.873210012536045e-06
867 4.8169699595484045e-06
868 5.241880409911562e-06
869 4.749993793497315e-06
870 4.616589573785139e-06
871 4.880624579273455e-06
872 5.06192241032197e-06
873 5.12453454102318e-06
874 4.7615918691884076e-06
875 4.744226074551818e-06
876 5.184082630817792e-06
877 4.984178454406992e-06
878 5.08365814934915e-06
879 4.5456228566330615e-06
880 4.9153870063213e-06
881 4.810336024536e-06
882 5.028164152017193e-06
883 5.16933629446194e-06
884 4.9768179298311245e-06
885 4.998360452858978e-06
886 4.786763315082876e-06
887 5.027943209190548e-06
888 4.940133770789145e-06
889 5.3151484460174395e-06
890 5.005082454402923e-06
891 4.904836426178286e-06
892 5.1228514764856415e-06
893 4.66351195890672e-06
894 5.159625121479292e-06
895 5.052973764931522e-06
896 4.857055683748985e-06
897 5.107138899239243e-06
898 4.767466526328233e-06
899 5.055211743180312e-06
900 4.822502711284587e-06
901 4.848912320607069e-06
902 4.738415938284061e-06
903 5.044884150500275e-06
904 4.8871027246181175e-06
905 4.879576676821183e-06
906 5.133201350677767e-06
907 5.028715090282267e-06
908 4.759019501355841e-06
909 4.759000877297728e-06
910 4.686692218009419e-06
911 5.109168358253479e-06
912 4.593579827145317e-06
913 4.962103621660367e-06
914 4.800891552494078e-06
915 4.97747118458292e-06
916 5.1495703174469806e-06
917 4.896060050311337e-06
918 4.850064245074626e-06
919 4.949154628473794e-06
920 4.9781755871616e-06
921 4.728864063837279e-06
922 4.903137459061433e-06
923 4.870280636858023e-06
924 4.754710729621268e-06
925 4.649592878919885e-06
926 4.84280765748631e-06
927 4.839686042152631e-06
928 5.400912879449114e-06
929 4.7444249305180685e-06
930 4.845541691830742e-06
931 4.957221932744771e-06
932 4.765521571275459e-06
933 5.140858047467606e-06
934 4.7082120409671225e-06
935 5.5389877693432896e-06
936 5.085049837642343e-06
937 5.17630112115714e-06
938 4.613989462970156e-06
939 4.918079569620708e-06
940 4.788996843405552e-06
941 5.179761754426153e-06
942 4.567199748319199e-06
943 4.522917051491857e-06
944 4.999110766748515e-06
945 5.216721509702198e-06
946 4.890549437642638e-06
947 4.726585445612792e-06
948 4.488803226719085e-06
949 4.83127224355437e-06
950 4.658717338613593e-06
951 5.006717922058982e-06
952 4.884903781672582e-06
953 5.372978454144735e-06
954 5.02356908874104e-06
955 4.4224679646851834e-06
956 4.528380970074307e-06
957 4.914098373824561e-06
958 4.89045827598765e-06
959 4.828830772053468e-06
960 5.112989881629192e-06
961 4.648993926715742e-06
962 4.591138911564645e-06
963 4.6295090957607965e-06
964 4.95505329681362e-06
965 4.913286884264046e-06
966 4.632682280567374e-06
967 4.722598134582946e-06
968 4.9818833616654975e-06
969 5.083380579522964e-06
970 4.723135207150817e-06
971 4.784755273821801e-06
972 4.669171765656e-06
973 4.758071141697316e-06
974 5.172808406010193e-06
975 4.7808288647248354e-06
976 4.939693899088265e-06
977 5.086805931854494e-06
978 4.98298615328289e-06
979 5.159027975162885e-06
980 5.069092340968148e-06
981 4.718738910771465e-06
982 4.970021201590697e-06
983 4.705000666957814e-06
984 4.91657123776396e-06
985 4.9072237376359e-06
986 5.120224112948342e-06
987 5.0109374923641155e-06
988 5.149707854464559e-06
989 5.1070563109357434e-06
990 5.004880238720156e-06
991 4.9325896412496986e-06
992 4.5941430184851065e-06
993 5.056225065204167e-06
994 4.9220758849781e-06
995 4.938411322356274e-06
996 4.8692245965021675e-06
997 4.661340758463989e-06
998 4.9771122241665974e-06
999 5.168522025156608e-06
