0 2.583304276397058e-06
1 2.7380743895021803e-06
2 2.7800146362263787e-06
3 2.4657582660396117e-06
4 2.6181882581934252e-06
5 2.968713947886601e-06
6 2.707664581621973e-06
7 2.7220932527896213e-06
8 2.8325787574006916e-06
9 2.718761063049224e-06
10 2.707850255876168e-06
11 2.569300415590607e-06
12 2.7214676293977047e-06
13 2.53499239562893e-06
14 2.8097969973055025e-06
15 2.4363186578486475e-06
16 2.6681208300236457e-06
17 2.921448051090263e-06
18 2.5868459662931484e-06
19 2.8762544574095813e-06
20 2.6802759173656016e-06
21 2.6719817070393263e-06
22 2.6979198369195745e-06
23 2.914950786892273e-06
24 2.468987974190015e-06
25 2.3361446910898625e-06
26 2.7677857949301886e-06
27 2.939803333632557e-06
28 2.555106900989775e-06
29 2.735675457622595e-06
30 2.7796737064269545e-06
31 2.7030585246425553e-06
32 2.4822933953628666e-06
33 2.6175675882603355e-06
34 2.8831480064087843e-06
35 2.473811552304346e-06
36 2.592372042399574e-06
37 2.7831860967987333e-06
38 2.5881072167790037e-06
39 2.526305317874135e-06
40 2.7434831993798856e-06
41 2.5547386154766033e-06
42 2.8423388517364133e-06
43 2.549586358050391e-06
44 2.892968502263891e-06
45 2.704706711745119e-06
46 2.6602579248793943e-06
47 2.7204441181551967e-06
48 2.65496417230607e-06
49 2.5840788437574363e-06
50 2.8817314125743594e-06
51 2.5317086948036435e-06
52 2.39677225800791e-06
53 2.5189744551876743e-06
54 2.6839184476576677e-06
55 2.464144173257755e-06
56 2.709831328375015e-06
57 2.6092685334302506e-06
58 2.5136875424514153e-06
59 2.8171940218653235e-06
60 2.6466300110788506e-06
61 2.5874973303735734e-06
62 2.8103475814322703e-06
63 2.650422346639979e-06
64 2.6102110210711106e-06
65 2.8410553457246328e-06
66 2.43887693360864e-06
67 2.6738004303833013e-06
68 2.268913270811579e-06
69 2.90213957393718e-06
70 2.596089254698001e-06
71 2.6514568418511177e-06
72 2.821390668867752e-06
73 2.9016169812089753e-06
74 2.7516762266477314e-06
75 2.663420000435507e-06
76 2.8320167712402276e-06
77 2.5704712115089275e-06
78 2.7359778087145135e-06
79 2.46299272810431e-06
80 2.69497674434995e-06
81 2.5168156507378563e-06
82 2.778862873921407e-06
83 2.784994274515579e-06
84 2.4295838744174066e-06
85 2.664485806730704e-06
86 2.5642287605609455e-06
87 2.5102429740276933e-06
88 2.6587247802377284e-06
89 3.1418312927138177e-06
90 2.5986637437366888e-06
91 2.6521429451457123e-06
92 2.6928423124516173e-06
93 2.6517659817091782e-06
94 2.4906784295527243e-06
95 2.5387167901302153e-06
96 2.771869789621114e-06
97 2.9149438898660434e-06
98 2.8603251814689447e-06
99 2.669264865743196e-06
100 2.6133190138280834e-06
101 2.693093501259936e-06
102 2.4014773609524405e-06
103 2.5219067090658492e-06
104 2.6857311770052964e-06
105 2.5257724683061013e-06
106 2.419879623378607e-06
107 2.6680861099967475e-06
108 2.839683658189055e-06
109 2.33923800542876e-06
110 2.9852726028759697e-06
111 2.3007911345181117e-06
112 2.730413597517829e-06
113 2.6973005416315577e-06
114 2.632960545906849e-06
115 2.734160271009514e-06
116 2.6072616545209537e-06
117 2.503190730463478e-06
118 2.7694674375641225e-06
119 2.6656655164754756e-06
120 2.884124083296563e-06
121 2.559079224207411e-06
122 2.8115594573367516e-06
123 2.70674694649028e-06
124 2.6643289561187697e-06
125 2.8031058184276005e-06
126 2.650911382214667e-06
127 2.5446361486047057e-06
128 2.9066723859125147e-06
129 2.3637645820850114e-06
130 2.4110973065538213e-06
131 3.1244315768791837e-06
132 2.5727153177508917e-06
133 2.4264933251804394e-06
134 2.7560263959846255e-06
135 2.3898600132146406e-06
136 2.631326164961511e-06
137 2.6685304690873573e-06
138 2.7351095149975667e-06
139 2.590899552090796e-06
140 2.7215144839113e-06
141 2.8451322685937394e-06
142 2.6811157727966447e-06
143 2.586806699093557e-06
144 2.56646523861388e-06
145 2.782650147872771e-06
146 2.5665900657005348e-06
147 2.631560874024113e-06
148 3.0711653313630464e-06
149 2.6325031460161317e-06
150 2.6328056424979312e-06
151 2.5919050413284778e-06
152 2.8883283692484587e-06
153 2.9235578297350472e-06
154 2.7340312879435253e-06
155 2.332818856536986e-06
156 2.663053880310632e-06
157 2.6062150156477075e-06
158 2.6100056357997183e-06
159 2.7619455254958574e-06
160 2.6692690315895066e-06
161 2.754841134447632e-06
162 2.7331985352430106e-06
163 2.8398054160474657e-06
164 2.6844567459230203e-06
165 2.6406074950007364e-06
166 2.6502214578380932e-06
167 2.6792793810616847e-06
168 2.676369558135101e-06
169 2.4857306097135187e-06
170 2.7598620226765008e-06
171 2.8284326571556636e-06
172 2.5036640896024796e-06
173 2.688393059303702e-06
174 2.5347615169233007e-06
175 2.3356034190846113e-06
176 3.0325693175968588e-06
177 2.5377240533350987e-06
178 2.5635159238453532e-06
179 2.4512090629814312e-06
180 2.6507310291619448e-06
181 2.494843273045462e-06
182 2.729870887938019e-06
183 2.736905432715519e-06
184 2.3854249352832296e-06
185 2.4216730448083046e-06
186 2.689426990715068e-06
187 2.7243274769107222e-06
188 2.6623212837975177e-06
189 2.8506277795435363e-06
190 2.655580142211373e-06
191 2.6428635258532754e-06
192 2.5877373148113896e-06
193 2.7260600201567492e-06
194 2.7282757207770822e-06
195 2.983884797986492e-06
196 2.977933399755855e-06
197 2.7223397906280367e-06
198 2.710209843100749e-06
199 3.0477070688514526e-06
200 2.836619484395349e-06
201 2.866549736802729e-06
202 2.5475690202043376e-06
203 2.637430495955816e-06
204 2.6070905067583732e-06
205 2.7321969016293255e-06
206 2.522495001991116e-06
207 2.478268933790265e-06
208 2.8412994371662804e-06
209 2.8224574403468726e-06
210 2.8414417552893176e-06
211 2.5018068530359643e-06
212 2.5471608958643303e-06
213 2.614367398110381e-06
214 2.789155560038597e-06
215 3.025260004043714e-06
216 2.9826229634428377e-06
217 2.5839608425074526e-06
218 2.5106007989131675e-06
219 2.581841362810078e-06
220 2.682958346797494e-06
221 2.3809227410812387e-06
222 2.60426862270874e-06
223 2.610402486767773e-06
224 2.6976423606320405e-06
225 2.5478914070418676e-06
226 2.606099622609881e-06
227 2.71920638751274e-06
228 2.8063449227491124e-06
229 2.7747715464397067e-06
230 2.2807922881874524e-06
231 2.8483481466523478e-06
232 2.5305124100870268e-06
233 2.8102083412870365e-06
234 2.6118667862591823e-06
235 2.744980626482861e-06
236 2.399793334852759e-06
237 2.7393246005858673e-06
238 2.737828683638137e-06
239 2.8406429981036255e-06
240 2.740876952477109e-06
241 2.7698234726166507e-06
242 2.850749478203405e-06
243 2.7380050740746933e-06
244 2.7637543136776982e-06
245 2.789521158613441e-06
246 2.695616200985263e-06
247 2.7318717212143725e-06
248 2.815721961503953e-06
249 2.6676182484848105e-06
250 2.9912016497998958e-06
251 2.6142198593416e-06
252 2.7734898961629607e-06
253 2.9094600928803166e-06
254 2.4855002053084504e-06
255 2.6988289066178033e-06
256 2.487665379235488e-06
257 2.8117874067612062e-06
258 2.6536585589235055e-06
259 2.761727237331086e-06
260 2.5406222304269735e-06
261 2.7821711409318588e-06
262 2.637634068238905e-06
263 2.5321942985802696e-06
264 2.530713342731549e-06
265 2.7386478252058198e-06
266 2.683650257803559e-06
267 2.6347952029145422e-06
268 2.633957476115216e-06
269 2.5668740852077745e-06
270 2.78616321573691e-06
271 2.6875302206179707e-06
272 2.4892746684931676e-06
273 2.9060079802183536e-06
274 2.7411226646882557e-06
275 2.746298224063686e-06
276 2.4920133057494678e-06
277 2.7512728792594464e-06
278 2.7494812244343252e-06
279 2.586037551363278e-06
280 2.9308753842789528e-06
281 2.6334028202802427e-06
282 2.886526756580383e-06
283 2.975803062927734e-06
284 2.723734323401522e-06
285 2.450735465833389e-06
286 2.7031991520077056e-06
287 2.63676745282482e-06
288 2.6621582941608636e-06
289 2.7909396049861284e-06
290 2.7000140436616854e-06
291 2.835471316349385e-06
292 2.624956508220473e-06
293 2.7815950439943774e-06
294 2.757263923385918e-06
295 2.8341078740090583e-06
296 2.7012806964714955e-06
297 2.5332356473730168e-06
298 3.0970523948844086e-06
299 2.8039476987600536e-06
300 2.40052822011303e-06
301 2.4666474043812773e-06
302 2.6486257435133937e-06
303 2.487245233149499e-06
304 2.4507330155646763e-06
305 2.8420911017551156e-06
306 2.829424945474964e-06
307 2.8140868448623613e-06
308 2.7310462425969977e-06
309 2.917126672536414e-06
310 2.55841794504051e-06
311 2.6782767875264894e-06
312 2.7584101158766216e-06
313 2.7172672888354715e-06
314 2.929762128333812e-06
315 2.496224673196395e-06
316 2.5852440381220826e-06
317 2.768011039700272e-06
318 2.5208407397172393e-06
319 2.713080611325889e-06
320 2.6260583084847202e-06
321 2.6330240281403567e-06
322 2.5651411993632944e-06
323 2.79250525491128e-06
324 2.8541499467849506e-06
325 2.7085095282317133e-06
326 2.7657619871230206e-06
327 2.6750686863681723e-06
328 2.7193234305994334e-06
329 2.7291106624984494e-06
330 2.7111108350122072e-06
331 2.9938879619651653e-06
332 2.7127828190206775e-06
333 2.7365911539077662e-06
334 2.6395610019595668e-06
335 2.6539725731261836e-06
336 2.554391063361285e-06
337 2.672821106568967e-06
338 2.680724892560046e-06
339 2.55806596321974e-06
340 2.2927262946152407e-06
341 2.761524800367324e-06
342 2.592433987232626e-06
343 2.7137381938730588e-06
344 2.405414277311407e-06
345 2.8141513642723053e-06
346 2.85753960300461e-06
347 2.7232639431308696e-06
348 2.7270322585890807e-06
349 2.5986671959003426e-06
350 2.277201748026002e-06
351 2.5106611534616456e-06
352 2.5597686819323726e-06
353 2.649004294744797e-06
354 2.7262881718304455e-06
355 2.6241682817316093e-06
356 2.9483601509388107e-06
357 2.763786531356353e-06
358 2.6379987961016955e-06
359 2.2344972078166614e-06
360 2.639358819568355e-06
361 2.6973160481988352e-06
362 2.612237828618039e-06
363 2.791228255287367e-06
364 2.5219351264047383e-06
365 2.5732331987398622e-06
366 2.4702989653371867e-06
367 2.45062508081261e-06
368 2.4653288634344853e-06
369 2.879026684372208e-06
370 2.403562294306963e-06
371 2.523252906519597e-06
372 2.7672265974507344e-06
373 2.8782994221631015e-06
374 2.66532073653146e-06
375 2.7703061071081227e-06
376 2.633833122495321e-06
377 2.5302627765316697e-06
378 2.7991971069054885e-06
379 2.564573406725289e-06
380 2.5509466918845117e-06
381 2.528663113439052e-06
382 2.774872319438462e-06
383 2.7749967973299814e-06
384 3.035226139241672e-06
385 2.6963478477815085e-06
386 2.632159088949153e-06
387 2.7895052694321123e-06
388 3.0093590188113556e-06
389 2.4870075566088875e-06
390 2.521462397519692e-06
391 2.1651132536884044e-06
392 2.7004946901735124e-06
393 2.8297563114034143e-06
394 2.5241656073416785e-06
395 2.932824672222096e-06
396 2.8706915944370102e-06
397 2.663270202546769e-06
398 2.973088334495832e-06
399 2.8233514140625344e-06
400 2.6764434510833693e-06
401 2.7358145373546517e-06
402 2.54690865209344e-06
403 2.82937269947944e-06
404 2.474088137276406e-06
405 2.5390897528462216e-06
406 2.554965069398654e-06
407 2.54723730395237e-06
408 2.6517318574966533e-06
409 2.6348473613066784e-06
410 2.466293084884708e-06
411 2.310256453523347e-06
412 2.8604611221957694e-06
413 2.6803564936508582e-06
414 2.9265743791560434e-06
415 2.4011320908856067e-06
416 2.643845035604068e-06
417 2.261431610361203e-06
418 2.818967854527601e-06
419 2.458764579451058e-06
420 2.718251165323137e-06
421 2.9168676356970247e-06
422 2.663941846330039e-06
423 2.598944631498144e-06
424 2.850415737507543e-06
425 2.640391254607646e-06
426 2.462744473028387e-06
427 2.521433370655835e-06
428 2.65098014849478e-06
429 2.5598665942847017e-06
430 2.890075781284182e-06
431 2.639037674908498e-06
432 2.7834187237462087e-06
433 2.586855620937802e-06
434 2.5095536202432424e-06
435 2.5560361918693343e-06
436 2.712541991932316e-06
437 2.5685794073374344e-06
438 2.8840591987960293e-06
439 2.698861962058089e-06
440 2.4614129522489542e-06
441 2.798551530830715e-06
442 2.9521487986501828e-06
443 2.8230324356640623e-06
444 2.8055166825880863e-06
445 2.8939456987044505e-06
446 2.4796094265218075e-06
447 2.410633111645957e-06
448 2.6844762850522494e-06
449 2.5127900844058215e-06
450 2.8198178986287932e-06
451 2.8001800785661e-06
452 2.6288564772582323e-06
453 2.5609355300635057e-06
454 2.9559284662768884e-06
455 2.7599824261045262e-06
456 2.626284255419155e-06
457 2.5976475695294667e-06
458 2.4409520678329285e-06
459 2.77442136714276e-06
460 2.406543367009413e-06
461 2.6484648090444644e-06
462 2.418896624020888e-06
463 2.7416296717485093e-06
464 2.8999283364396815e-06
465 2.47626919500415e-06
466 2.5453098982619387e-06
467 2.6537885957434486e-06
468 2.6450781770970596e-06
469 2.358596070427471e-06
470 2.6231285927881856e-06
471 2.915368058783471e-06
472 2.3363127833131954e-06
473 2.5498665515851996e-06
474 2.669436124644426e-06
475 2.6684460921767237e-06
476 2.774022121872327e-06
477 2.5071002711123377e-06
478 3.1030400601347293e-06
479 2.5934259632439542e-06
480 2.8557538426201407e-06
481 2.5199618995878324e-06
482 2.6972850584831927e-06
483 2.813391168776648e-06
484 2.7328388697193662e-06
485 2.6369142429063167e-06
486 2.2826688048092287e-06
487 2.5845036940552596e-06
488 2.597181304631001e-06
489 2.8453716027969115e-06
490 2.7697273365278582e-06
491 2.5530603076461865e-06
492 2.478969646255065e-06
493 2.5292395347586814e-06
494 2.7511493759959374e-06
495 2.558495951252194e-06
496 2.7580539724978405e-06
497 2.5627269118673917e-06
498 2.7954856437696072e-06
499 2.3827235517930643e-06
500 2.543691146701489e-06
501 2.5090927166287357e-06
502 2.515141315435729e-06
503 2.6760360624338846e-06
504 2.5476297202588315e-06
505 2.7572995194759414e-06
506 2.633326629184845e-06
507 2.6403283000963793e-06
508 2.7632957637505507e-06
509 2.4757530964075696e-06
510 2.812432029860573e-06
511 2.7890567266772414e-06
512 2.5796629087926553e-06
513 2.6472481802712925e-06
514 2.595269184915559e-06
515 2.4838434181539885e-06
516 2.7170832833281925e-06
517 2.6553177113143235e-06
518 2.539533563397025e-06
519 2.7200542256898726e-06
520 2.782835094545727e-06
521 2.3269996392559733e-06
522 2.721923961824492e-06
523 2.7963567394106127e-06
524 2.831163637068045e-06
525 2.4644786792198785e-06
526 2.3133723683060308e-06
527 2.9464199915299767e-06
528 2.7366687909046393e-06
529 2.483225520172984e-06
530 2.4822530146743983e-06
531 2.6598282052236786e-06
532 2.7212172452695747e-06
533 2.7620593757715313e-06
534 2.500151143576598e-06
535 2.5624592302165107e-06
536 2.690074580816076e-06
537 2.536391259984234e-06
538 2.755699206426733e-06
539 2.732401885833957e-06
540 2.955551115887974e-06
541 2.7004005949478378e-06
542 2.6998554297505137e-06
543 2.6808001718643574e-06
544 3.053696515423185e-06
545 2.4058879102297154e-06
546 2.41083314489979e-06
547 2.4836894387104616e-06
548 2.423154375152895e-06
549 2.3021351684291162e-06
550 2.5691442871036543e-06
551 2.7962070958597613e-06
552 2.7511579837164312e-06
553 2.435783648338778e-06
554 2.670822781591949e-06
555 2.6462321711741463e-06
556 2.599914427319453e-06
557 2.759275082225244e-06
558 2.7393072318094936e-06
559 2.7833710476074687e-06
560 2.6296027204048452e-06
561 2.795785959212584e-06
562 2.678977633247509e-06
563 2.427509553691679e-06
564 2.627453586964504e-06
565 2.6886006840533892e-06
566 2.9484893090349087e-06
567 2.7619230399471705e-06
568 2.5203791935952933e-06
569 2.825722347451362e-06
570 2.622874961391081e-06
571 2.6204712542398347e-06
572 2.842363120471306e-06
573 2.5144541758604035e-06
574 2.72428360223369e-06
575 2.6829893815168962e-06
576 2.6934794546966566e-06
577 2.661792951655156e-06
578 2.780900864438333e-06
579 2.6283358932424437e-06
580 2.6257553288245926e-06
581 2.814024436063197e-06
582 2.5306797722171725e-06
583 2.8104245122953636e-06
584 2.818322038409411e-06
585 2.7209936818164963e-06
586 2.6019184882911694e-06
587 2.52644780220958e-06
588 2.7835222335048276e-06
589 2.4753771801689177e-06
590 2.5884251126116905e-06
591 2.438229128174114e-06
592 2.807444277311097e-06
593 2.5570541751260723e-06
594 2.6963662425076585e-06
595 2.5890133109160614e-06
596 2.7376302247482513e-06
597 2.4361016050989517e-06
598 2.7176307432251107e-06
599 2.7017914218683284e-06
600 2.980155560149584e-06
601 2.3899764510547245e-06
602 2.763190900720035e-06
603 2.5011503955372247e-06
604 2.662655494321863e-06
605 2.7912647073306053e-06
606 2.454729187089247e-06
607 2.693051804757188e-06
608 2.9186367201644236e-06
609 2.581031880655637e-06
610 2.4184770453821303e-06
611 2.690471034696656e-06
612 2.9166797844187213e-06
613 2.6756439658027966e-06
614 2.6153261584147742e-06
615 2.739039532700994e-06
616 2.600096190291963e-06
617 2.6708317014267564e-06
618 2.8909929252761632e-06
619 2.8033821004907383e-06
620 2.4877773773662805e-06
621 2.427203476858885e-06
622 2.927378591179706e-06
623 2.589467022695039e-06
624 2.7123224694106784e-06
625 2.8222561462577195e-06
626 2.4866379976700743e-06
627 2.769205117126185e-06
628 2.7953147129934516e-06
629 2.877334161124806e-06
630 2.8391323579346564e-06
631 2.3825755212294908e-06
632 2.3659290057503024e-06
633 2.769704865134371e-06
634 2.4334192912284876e-06
635 2.798770628076262e-06
636 2.5124239244304836e-06
637 2.5995113465504453e-06
638 2.431599237532467e-06
639 2.649134201575765e-06
640 2.5550626088497987e-06
641 2.880323219973817e-06
642 3.0072619515733995e-06
643 2.5254768733992723e-06
644 2.7721305340019004e-06
645 2.4894858352007824e-06
646 2.5970845047886086e-06
647 2.591666915965908e-06
648 2.725359509917971e-06
649 2.8899472833016976e-06
650 2.8750507060814383e-06
651 2.42386539333416e-06
652 2.5146236647978922e-06
653 2.9481523860442023e-06
654 2.54576915858929e-06
655 2.7057497078117818e-06
656 2.408530391876093e-06
657 2.6047671428525718e-06
658 2.5640952000743103e-06
659 2.6457992878280897e-06
660 2.164279354358299e-06
661 2.7473218617840145e-06
662 2.932803582708978e-06
663 2.669175352624405e-06
664 2.7352709205696947e-06
665 2.4115032300308745e-06
666 2.444390962131585e-06
667 2.614971466134568e-06
668 2.5682143155904097e-06
669 3.0393649306127078e-06
670 2.6608290529724344e-06
671 2.518365126579514e-06
672 2.3832777919238564e-06
673 2.516447023075676e-06
674 2.7692320718045734e-06
675 2.424377684238819e-06
676 2.842798806824521e-06
677 2.6511025920031594e-06
678 2.7043672968218962e-06
679 2.6990368155412237e-06
680 2.8008995632728026e-06
681 2.5785450514894783e-06
682 2.508012056376479e-06
683 2.8866091342508466e-06
684 2.716296985665445e-06
685 2.7140541976431146e-06
686 2.748183327656217e-06
687 2.721105459554956e-06
688 2.81463478093005e-06
689 2.9079332936960973e-06
690 2.559823864622094e-06
691 2.2781306654299196e-06
692 2.5047229382542415e-06
693 2.5126984867313684e-06
694 2.7826118736015785e-06
695 2.409279896260352e-06
696 2.738140651370797e-06
697 2.613767601630884e-06
698 2.7066368790761263e-06
699 2.584809524182184e-06
700 2.667139694284712e-06
701 2.799596990753639e-06
702 2.449884534896284e-06
703 2.4795655813771236e-06
704 2.7144002178717134e-06
705 2.7266999358871234e-06
706 2.609494730617463e-06
707 2.7530320862952065e-06
708 2.6399305276953503e-06
709 2.6246373448912953e-06
710 2.5162029199128023e-06
711 2.522149751133148e-06
712 2.643597632155677e-06
713 2.562346202559784e-06
714 2.5788063670458695e-06
715 2.7533813905631835e-06
716 2.66428243782471e-06
717 2.962431037464858e-06
718 2.671291372284127e-06
719 2.5388130243727173e-06
720 2.771989470906697e-06
721 2.521168672924147e-06
722 2.4739530650450116e-06
723 2.6283556875539866e-06
724 2.748473564108869e-06
725 2.7268970516642073e-06
726 2.631748015549567e-06
727 2.283203840758311e-06
728 2.872004964845696e-06
729 2.5650977847131274e-06
730 2.6856583564436777e-06
731 2.514410981229732e-06
732 2.604604585517129e-06
733 2.5973045327412072e-06
734 2.535815699142918e-06
735 2.5753455306681107e-06
736 2.7017607449934934e-06
737 2.788392336701916e-06
738 2.539161089546098e-06
739 2.6421313231268266e-06
740 2.585973658960722e-06
741 2.5784693854774917e-06
742 2.7810719943391573e-06
743 3.0478716300551273e-06
744 2.7535536646566918e-06
745 2.448709860120472e-06
746 2.940764750772933e-06
747 2.655915702091798e-06
748 2.6727845109604434e-06
749 2.6932260899409198e-06
750 2.646137962710874e-06
751 2.9144397581432024e-06
752 2.878395980133302e-06
753 2.928372196536405e-06
754 2.683856926214851e-06
755 2.5910990282405776e-06
756 2.574067488786245e-06
757 2.38068172511766e-06
758 2.5647898866918014e-06
759 2.6831046118389113e-06
760 2.6686776228076475e-06
761 2.471365535554195e-06
762 2.675712998885413e-06
763 2.9284620847415423e-06
764 2.6762028217286455e-06
765 2.8600508991872225e-06
766 2.679506924419991e-06
767 2.803623623535667e-06
768 2.7337709864060053e-06
769 2.699475508611635e-06
770 2.480685124564114e-06
771 2.4558254068637346e-06
772 2.6824279096241335e-06
773 2.465916787925025e-06
774 2.8786586137535537e-06
775 2.630482778852809e-06
776 2.696717669426748e-06
777 2.732278321544651e-06
778 2.552402274163453e-06
779 2.8661761492991343e-06
780 2.499086291380709e-06
781 2.6736270943123493e-06
782 2.872495649453003e-06
783 2.4113180931078167e-06
784 2.7937753672649874e-06
785 2.6196392706346147e-06
786 2.814984093048482e-06
787 2.3974317857492685e-06
788 2.5176826743184667e-06
789 2.4753568258957158e-06
790 2.462833836969737e-06
791 2.8459973176710007e-06
792 2.941159718277221e-06
793 2.611258549115659e-06
794 2.842342813709345e-06
795 2.502998646733475e-06
796 2.8077965045214776e-06
797 2.721480549569898e-06
798 2.710168230675057e-06
799 2.7036575042449527e-06
800 2.7876699801859347e-06
801 2.7315794234951808e-06
802 2.4224306993401836e-06
803 2.6787545264775115e-06
804 2.858590837690345e-06
805 2.643018513716411e-06
806 2.783314233334271e-06
807 2.4343112549095885e-06
808 2.64229495876519e-06
809 2.530513259012556e-06
810 2.6184262071738307e-06
811 2.6741212850789917e-06
812 2.745417853289128e-06
813 2.6190775181686934e-06
814 2.656931276098152e-06
815 2.813655455870923e-06
816 2.8022722773403276e-06
817 2.834136667207923e-06
818 2.8210962489553853e-06
819 2.329436553087809e-06
820 2.7241043698588706e-06
821 2.691690220878153e-06
822 2.7968965763919604e-06
823 2.7632277277477403e-06
824 2.6616178023543686e-06
825 2.641812236957475e-06
826 2.698665222169215e-06
827 2.6827497300718525e-06
828 2.8533689608793643e-06
829 2.7079533085251183e-06
830 2.819014627079496e-06
831 2.674789766653695e-06
832 2.726649315433666e-06
833 2.62657055030032e-06
834 2.6011169308038785e-06
835 2.5513652088351112e-06
836 2.503159791012312e-06
837 2.6591947274026883e-06
838 2.708744224623772e-06
839 2.4280149845093197e-06
840 2.6222572172573222e-06
841 2.601278811439801e-06
842 2.6053949026740244e-06
843 2.4457082918352794e-06
844 2.5124641080468413e-06
845 2.723728105363736e-06
846 2.722296187924862e-06
847 2.541417189669417e-06
848 2.705187250473052e-06
849 2.316250023449103e-06
850 2.8640101413161316e-06
851 2.553384529547903e-06
852 2.4376386455314696e-06
853 2.602040900601703e-06
854 2.58737334393739e-06
855 2.496632079374027e-06
856 2.7156834960217725e-06
857 2.4044708652628408e-06
858 2.6845836267928747e-06
859 2.777857941818369e-06
860 2.675782002023424e-06
861 2.876386276714963e-06
862 2.5951130841502996e-06
863 2.600796920772598e-06
864 2.770744356640805e-06
865 2.7651371282462414e-06
866 2.686560050398716e-06
867 2.7786033388603547e-06
868 2.6019006179362675e-06
869 2.6938147910188807e-06
870 2.413517814838186e-06
871 2.6694283439536056e-06
872 2.618882398449725e-06
873 2.629372902230578e-06
874 2.6353561808189717e-06
875 2.6206499968381514e-06
876 2.676734707731449e-06
877 2.8009276072780704e-06
878 2.768305969414172e-06
879 2.784497318051875e-06
880 2.633082287789934e-06
881 2.6181956327908675e-06
882 2.490910172621317e-06
883 2.791746924501316e-06
884 2.7601756863151314e-06
885 2.981673729957248e-06
886 2.9698154510824194e-06
887 2.4261704787632347e-06
888 2.7363237827975235e-06
889 2.739390621643039e-06
890 2.56919234635844e-06
891 2.7184831402877787e-06
892 2.758373786608035e-06
893 2.7956995993440505e-06
894 2.462662026052083e-06
895 2.6983415394673357e-06
896 2.6002781513960476e-06
897 2.7735461622944407e-06
898 2.782430639950509e-06
899 2.6146356282976414e-06
900 2.7120027635581303e-06
901 2.504883748907003e-06
902 3.0948209834530347e-06
903 2.7085043339469205e-06
904 2.3376193630937897e-06
905 2.583381457369487e-06
906 2.9912428849513217e-06
907 2.780164113220299e-06
908 2.765700188347061e-06
909 2.409888493112629e-06
910 3.0002159990329485e-06
911 2.7684980474952983e-06
912 2.433823398697011e-06
913 2.567542987486362e-06
914 2.3020974629157234e-06
915 2.808876937870026e-06
916 2.409705542764655e-06
917 2.714111443459953e-06
918 2.361828912882116e-06
919 2.3988658535273357e-06
920 2.4439111520958763e-06
921 2.5360997389859902e-06
922 2.4994887581800373e-06
923 2.6362387716658916e-06
924 2.3868073955115787e-06
925 2.6264150115834074e-06
926 2.5601809149943333e-06
927 2.640211718891805e-06
928 2.5889045080682697e-06
929 2.512788777341525e-06
930 2.8322928496399404e-06
931 2.575171039829764e-06
932 2.8215077793766145e-06
933 2.751348540156615e-06
934 2.478909900682845e-06
935 2.463357373211733e-06
936 2.6694240682321386e-06
937 2.428904064490436e-06
938 2.86833706663609e-06
939 2.707766673327364e-06
940 2.5392394235767415e-06
941 2.3417254940804845e-06
942 2.6159031179159946e-06
943 2.7108655390741003e-06
944 2.650438502033009e-06
945 2.5206445664329348e-06
946 2.6334770855197865e-06
947 2.6125883131083885e-06
948 2.8411199674139305e-06
949 2.710213362583355e-06
950 2.6477056771305958e-06
951 2.5807100413603596e-06
952 2.6376062197935625e-06
953 2.8515340595002387e-06
954 2.7272623189118564e-06
955 2.632992411145564e-06
956 2.6496003501229094e-06
957 2.488165096879502e-06
958 2.6400583179836465e-06
959 2.5820675600493484e-06
960 2.6327807594265944e-06
961 2.6107360174314756e-06
962 2.654026578371545e-06
963 2.9183746419845556e-06
964 2.786379541203386e-06
965 2.8518184503088153e-06
966 2.6063489282559005e-06
967 2.606108951031439e-06
968 2.5745053519419855e-06
969 2.538199588968251e-06
970 2.651901494610166e-06
971 2.8224718887911696e-06
972 2.5339370351984045e-06
973 2.6520725718777456e-06
974 2.3940263112043455e-06
975 2.4357785128219345e-06
976 3.021897730095599e-06
977 2.6673872388294042e-06
978 2.812633250987335e-06
979 2.4409313284000163e-06
980 2.755601870701509e-06
981 2.3465982376854313e-06
982 2.7179467815873987e-06
983 2.54254397139256e-06
984 2.647996962560997e-06
985 2.7022939323824383e-06
986 2.9101124515716924e-06
987 2.910801426862681e-06
988 2.4431595899958537e-06
989 2.5962601167880276e-06
990 2.8621319560602304e-06
991 2.65179618583894e-06
992 2.939648490170621e-06
993 2.618597214463137e-06
994 2.789348628287289e-06
995 2.4948963734183596e-06
996 2.482561943531617e-06
997 2.5629942447925867e-06
998 2.7371580753680497e-06
999 2.6609944964717914e-06
