0 1.5614556363889541e-06
1 1.0671787304571787e-06
2 8.766022431923853e-07
3 3.0327100576489863e-07
4 5.224669587808958e-07
5 1.7867372909591491e-06
6 2.878917986382506e-07
7 1.5417784298682975e-06
8 7.955174500905654e-07
9 8.770906191616661e-07
10 8.670358942268976e-07
11 6.669359517437771e-07
12 8.745252705097876e-07
13 2.3356108301652407e-07
14 1.253341343834673e-06
15 7.147120047141251e-08
16 1.973293652170765e-06
17 1.247812161809636e-06
18 -6.26768083063315e-08
19 9.149966655874081e-07
20 1.6993052998908178e-06
21 1.9033794198064722e-06
22 -1.88447620975504e-07
23 4.6751031861458664e-07
24 8.11138848488718e-07
25 -3.9057218874322793e-07
26 1.4699803340915525e-06
27 2.062280123331224e-06
28 1.0306348152135007e-06
29 1.4556099685134327e-06
30 2.2760954931954087e-07
31 1.598554617771788e-06
32 1.5541711349330172e-06
33 5.617230716560982e-07
34 1.3615459564549597e-07
35 9.941642622613754e-07
36 1.2986514246924235e-06
37 1.2030127085293815e-06
38 8.765209209734865e-07
39 7.813684268153288e-07
40 5.954298725126921e-07
41 8.711188977433963e-07
42 1.0392740180328009e-06
43 5.018357924511378e-07
44 1.5340962000720158e-06
45 1.2874463753418434e-06
46 1.1300902772619882e-07
47 8.75206266914696e-07
48 1.8140042188496397e-06
49 -4.270522254348747e-08
50 2.283983485576535e-07
51 5.75363691618204e-07
52 6.929744636119674e-07
53 1.6870887933214577e-06
54 1.385333337220186e-06
55 7.190981208538096e-07
56 7.603582945054842e-07
57 6.529235468339894e-07
58 1.7319962565865755e-06
59 1.7160015842966388e-06
60 7.524755263882826e-07
61 8.231858482113093e-07
62 -3.940267512894167e-07
63 1.1706296812027368e-06
64 9.154289479855159e-07
65 1.0045919039932264e-06
66 1.8896674684210042e-06
67 7.222986029301884e-07
68 1.69415398965626e-06
69 1.9527077268314507e-06
70 1.1176824908323741e-06
71 -1.2830747265622486e-08
72 1.3723849848392427e-06
73 2.0729596962432677e-06
74 8.223653848208843e-07
75 4.39671774214294e-07
76 1.310934180546955e-07
77 7.480694284034362e-07
78 1.0578405138045716e-06
79 5.010602456031319e-07
80 1.6736713657383277e-06
81 9.816242294484971e-07
82 1.0844515003499616e-06
83 7.91030029532381e-07
84 1.1907697945901088e-06
85 1.1380835914531627e-06
86 2.8609165233610564e-07
87 5.607319309237582e-07
88 1.0910032583888552e-06
89 8.49802859066731e-07
90 1.3732739328330134e-06
91 5.026411269364331e-07
92 1.553036814519142e-06
93 2.1823418855429223e-06
94 1.5327291643760025e-06
95 2.69235776330978e-06
96 1.1226517583113687e-06
97 2.6577473692740044e-07
98 1.412235249217593e-07
99 8.16544951566775e-07
100 1.338834322653633e-07
101 7.909648492352064e-07
102 2.008135158841806e-06
103 4.4127985089341137e-07
104 1.5498585491316815e-06
105 9.732026983503075e-07
106 7.851623341661116e-07
107 1.3936039891137521e-06
108 1.1001751310988222e-06
109 1.689182648850662e-06
110 9.63316106032061e-07
111 1.053535354922349e-06
112 -4.29539814038749e-08
113 8.645536181585147e-07
114 1.4877433338771182e-06
115 7.008688903406092e-07
116 9.173154104499728e-07
117 1.1455654419272232e-07
118 3.4365688973074214e-08
119 8.484773533251267e-07
120 1.3173988696406001e-06
121 9.443194216164947e-07
122 4.6418748671252413e-07
123 1.352117215840051e-06
124 1.5008706286615832e-06
125 1.0963225515846534e-06
126 -3.851522559743353e-07
127 1.7074107526218198e-06
128 8.467837526568283e-07
129 1.3571444386624913e-06
130 1.273562282946098e-06
131 1.2882807876333497e-06
132 9.180934539683857e-07
133 1.7681762388114445e-06
134 9.65629826651758e-07
135 1.5101246051940327e-06
136 9.518789326437411e-07
137 -2.3359227251439578e-07
138 4.6571504637734184e-07
139 4.0443934292905616e-07
140 1.995753239665223e-06
141 1.0883836373077123e-06
142 6.534470897740216e-07
143 4.610661353581397e-07
144 1.567345464169191e-06
145 1.0544522821915173e-06
146 1.182575658944212e-06
147 9.101249761444625e-07
148 2.204043342847595e-06
149 9.50070048153014e-07
150 6.606943149901329e-07
151 1.60810246246346e-07
152 1.0493564810794513e-06
153 6.158855113057243e-07
154 1.1424679270013846e-06
155 1.0323103670782448e-07
156 2.1485958524850246e-07
157 8.690230953863213e-07
158 2.9675925574931797e-07
159 7.075575598917255e-07
160 3.108651525596275e-07
161 9.145530946896528e-07
162 1.8411315069281922e-06
163 7.434399113407307e-07
164 2.1048225371073143e-07
165 1.504035545877105e-06
166 9.519596767218607e-07
167 3.259223193991542e-07
168 1.7095543064614735e-06
169 1.2686727728762853e-07
170 1.2516905864328615e-06
171 1.4569986439989744e-06
172 2.29693751299861e-07
173 1.5419212778407295e-06
174 9.280780349705193e-07
175 1.623999317301098e-06
176 6.216667839498173e-07
177 4.7232013498959404e-07
178 1.3055652133608618e-06
179 1.3524379578295429e-06
180 5.517877537119114e-07
181 1.5615544355612131e-06
182 1.1322959974773411e-06
183 1.41802999799708e-06
184 1.110145335139431e-06
185 7.324210050073552e-07
186 1.2677331676765075e-06
187 1.1001153516674973e-06
188 9.870601653409952e-07
189 7.425841127806109e-07
190 5.470583241905088e-07
191 2.2889018503658308e-07
192 4.945918575716474e-07
193 7.231710830137273e-07
194 6.486482860157784e-07
195 9.538993695417396e-07
196 3.58300000345671e-07
197 9.830905219072934e-07
198 1.1951494679638614e-06
199 1.6107397887631098e-06
200 1.4680760734063097e-06
201 -2.298210248391578e-07
202 1.3482979112546238e-06
203 1.2109224999075838e-06
204 3.807461050623331e-07
205 9.081223488503106e-07
206 1.0798243586675529e-06
207 1.784653278578997e-06
208 6.82192601336306e-07
209 1.0971926741370433e-06
210 5.447189274673042e-07
211 1.264414861582649e-06
212 2.0087380275822943e-07
213 4.1959014969749253e-07
214 1.3325553475406745e-06
215 1.5764555319520604e-06
216 1.3302127656596166e-06
217 9.928370831154006e-07
218 6.162352157420915e-07
219 2.2431096162995082e-06
220 7.959962147416155e-07
221 8.88465412754795e-07
222 1.6121090858928138e-06
223 1.676971895596571e-06
224 9.203936373864043e-08
225 1.0971511284975872e-07
226 1.2085089508888395e-06
227 7.938245663339725e-07
228 8.874712763600983e-07
229 1.7394639041927419e-06
230 1.1230539770862516e-06
231 1.4379937631744722e-08
232 9.186892898123607e-07
233 1.3877627723747428e-06
234 1.117812669829984e-06
235 3.72162220011889e-07
236 4.620934732276703e-07
237 2.283629827735471e-07
238 7.851113393485519e-08
239 1.2678486052902038e-06
240 2.060287655259331e-06
241 1.1916774911021568e-06
242 1.1694963773052648e-06
243 1.8280100914174218e-06
244 1.0106456126277052e-06
245 9.095488296485404e-07
246 9.563355532497188e-07
247 5.660294180998301e-07
248 1.3374170945850362e-06
249 1.0986508939724572e-06
250 9.465071679705806e-07
251 8.324215803121321e-07
252 1.4327764078039026e-07
253 6.271029340959428e-07
254 1.8894590254875517e-06
255 1.3619883687794818e-06
256 6.145160758233573e-07
257 1.4135171799787608e-06
258 1.500234474133537e-06
259 -1.6396958201107877e-07
260 9.842603070376997e-07
261 4.637802886294717e-07
262 1.1588246903518437e-06
263 8.73906153102544e-07
264 1.0174229882623525e-06
265 1.3995463625490272e-06
266 5.381787560781593e-07
267 8.650238442595484e-07
268 1.2351020037747713e-06
269 1.6860504149410464e-06
270 5.424426801715548e-07
271 1.2053757513226323e-06
272 1.007211959894998e-06
273 1.254298934960145e-06
274 1.92080927261186e-06
275 1.610439092558525e-07
276 1.1040178575205407e-06
277 8.741886985089347e-07
278 6.67940919345938e-07
279 4.976778510177331e-07
280 1.5345125736045247e-06
281 1.5811541101432659e-06
282 4.87579990853514e-07
283 6.743399421539003e-07
284 8.560366109926747e-07
285 3.4903780018858497e-07
286 1.3627782486542177e-06
287 7.968053773940713e-07
288 1.1905974538341924e-06
289 1.0070289469139342e-06
290 1.2217734276280048e-06
291 8.400163491484147e-07
292 -3.2497729699996954e-07
293 6.813725179048444e-07
294 -3.2086895274218175e-07
295 2.2294030910948768e-07
296 8.851434354524106e-07
297 9.167332633750909e-07
298 1.4665153621053668e-06
299 9.248352570942636e-07
300 8.731214603310126e-07
301 1.1412370790035596e-06
302 1.163643629506063e-06
303 1.0128391552061122e-06
304 5.048871763690266e-07
305 8.854533708558059e-07
306 4.381878438559575e-07
307 9.094427277720372e-07
308 1.257771356857508e-06
309 1.118619483756e-06
310 2.95038104254987e-07
311 1.7053052739916318e-06
312 6.408123675355968e-07
313 1.5921670931664807e-06
314 1.522788822012205e-06
315 1.328249634939677e-06
316 1.381234365780526e-06
317 1.796904887160418e-06
318 1.4440519182052697e-06
319 7.605226925540241e-07
320 1.4061814214863329e-06
321 4.335535885414878e-07
322 1.2062316509354497e-06
323 1.1436856238208416e-06
324 1.7332691683362826e-06
325 1.3312123598957984e-06
326 9.486254733068311e-07
327 7.985395473967976e-07
328 1.2188984378698883e-06
329 8.06917577854799e-09
330 3.7580051095118413e-07
331 5.24652783035772e-07
332 3.048277773006609e-07
333 3.766348629231953e-07
334 3.123691672634074e-07
335 6.561522908716412e-07
336 1.921663519596236e-06
337 8.743335854754846e-07
338 9.219855652127379e-07
339 8.162123996603399e-07
340 1.5182535241412812e-06
341 6.857903281910839e-07
342 6.07458969541031e-07
343 1.6816539415395496e-07
344 1.1149196965889822e-06
345 1.2572311486786965e-06
346 1.3665620790268973e-06
347 1.376356917000387e-06
348 1.6853527835787663e-07
349 7.606991544888617e-07
350 1.9683580187004705e-06
351 6.8236264023212e-07
352 6.825266084896284e-07
353 1.6656345520381465e-06
354 1.2341963194947001e-06
355 6.532302662533871e-07
356 1.0682859649339264e-06
357 -7.928576843888123e-08
358 1.6233572363420197e-06
359 1.5055229760487768e-06
360 1.266201325438436e-06
361 1.0560055291772952e-06
362 3.204038975929852e-07
363 1.0993702575808658e-06
364 7.204619067806806e-07
365 8.903799014481419e-07
366 6.342329471133834e-07
367 1.4516873181566174e-06
368 4.5119303997318386e-07
369 1.1231890885100404e-06
370 1.2261074663495171e-06
371 5.451977871947783e-07
372 1.0292356294794859e-06
373 1.5171713170282071e-06
374 1.746471315140899e-06
375 7.553466750468151e-07
376 -8.9890313576091e-07
377 4.187367351218228e-07
378 1.2840306923138501e-06
379 5.321962455416737e-07
380 2.7271000885322813e-07
381 7.083039948541815e-07
382 1.058390371275377e-06
383 1.732466836528029e-06
384 -2.7744951930675313e-07
385 9.636744731177598e-07
386 8.09870090209607e-07
387 1.729323475360094e-06
388 8.564311707065113e-07
389 1.5356078521557502e-06
390 1.6292206051401358e-06
391 1.0117325117584975e-06
392 5.389013212031691e-07
393 1.3376934571556963e-06
394 1.1765482603203182e-06
395 1.357026609753617e-06
396 3.369039672579486e-07
397 1.4647578209616363e-06
398 1.4482628431595013e-06
399 -3.8405149728351095e-08
400 8.695268222758066e-07
401 1.105373640636026e-06
402 1.0160100597920663e-06
403 9.427406002668467e-07
404 9.029572445444375e-07
405 1.765509817437199e-06
406 1.315284759203667e-06
407 9.340731286360586e-07
408 -1.1919729199967516e-07
409 1.83143804369039e-07
410 1.2071158504997701e-06
411 1.9130877059992716e-06
412 9.23520816725307e-07
413 7.425139673455713e-07
414 9.259214123614846e-07
415 9.722240169551127e-07
416 1.8261116314865458e-07
417 1.131405143169404e-06
418 8.182029563400649e-07
419 8.569426684429964e-07
420 1.581536425867848e-06
421 7.54374804433353e-07
422 9.529084599380867e-07
423 9.363178362993525e-07
424 1.7255267806673436e-06
425 3.6570952501793887e-07
426 9.015953309583163e-07
427 5.13744627547958e-07
428 4.5952833527559216e-07
429 8.188332223346954e-07
430 1.0821662087051503e-06
431 7.169974545587145e-07
432 4.699719718491676e-07
433 1.1644294353799334e-06
434 9.116210605624147e-07
435 1.5086451233620205e-06
436 -2.0484931196983822e-07
437 1.08723677264661e-06
438 1.1952016932024772e-06
439 1.183819127286127e-06
440 -2.3773493925296657e-07
441 1.981411361694928e-07
442 1.4897154429967028e-06
443 1.4360403578589245e-06
444 6.851655028102416e-07
445 1.5606077378946823e-06
446 5.005465201256711e-07
447 1.3329108151750111e-06
448 8.569712994872874e-07
449 1.7088957152673948e-06
450 2.2034120491183347e-06
451 9.330014132914752e-07
452 1.0157200574753952e-06
453 1.207341301884093e-06
454 5.28911022189756e-07
455 6.672478798043449e-07
456 9.318368340092866e-07
457 2.0065534838292108e-07
458 8.313690705108985e-07
459 2.140615281321851e-06
460 2.326101188209051e-06
461 2.135147366397417e-06
462 7.937528379760533e-07
463 1.5005170542160206e-06
464 -2.7746909613591545e-07
465 8.228411376740637e-07
466 1.5651435377419176e-06
467 6.469740553075682e-07
468 1.132056526585438e-06
469 1.1420723479765636e-06
470 1.002803247359477e-06
471 1.4307726109902343e-06
472 1.5565282565822213e-06
473 1.166770065271643e-06
474 1.0142174506986084e-06
475 7.582840395584986e-07
476 1.2045836716993342e-06
477 1.1282364745270495e-06
478 1.9445379853145743e-06
479 7.529756806233846e-07
480 1.8104408528675098e-06
481 7.903224039096055e-07
482 3.1155897081244445e-07
483 1.4211824167790702e-06
484 5.696721894967718e-07
485 5.826355017281942e-07
486 1.7980222869299362e-07
487 1.063449024528633e-06
488 7.975105188200627e-07
489 6.765789158714408e-07
490 -1.8528155408562047e-07
491 4.833692564868147e-07
492 1.0655197987652693e-06
493 7.944012454773327e-07
494 3.860297245945031e-07
495 1.4440876684459012e-06
496 7.675853026544191e-07
497 1.3430034404435508e-06
498 8.573249882899681e-07
499 9.967730549130204e-07
500 8.346301863913233e-08
501 1.6018519164915046e-06
502 1.2398398814043158e-06
503 1.1797214509992951e-07
504 1.8558461036923085e-06
505 8.819021358027687e-07
506 2.2450856328741098e-07
507 1.7986019579899113e-06
508 -2.0524126538830406e-07
509 9.962099469818975e-07
510 1.3140319619068384e-06
511 7.223504220572302e-07
512 7.713397565792594e-07
513 1.359884325449189e-06
514 1.5442947498008327e-06
515 1.227066148949728e-06
516 8.41096356800702e-07
517 1.6797141995804123e-06
518 4.0326422581792286e-07
519 3.438349090375458e-07
520 9.787983703935479e-07
521 1.4967077780809766e-06
522 1.368121428894532e-06
523 9.265991120463457e-07
524 1.0377485075226281e-06
525 9.415220728527895e-07
526 9.620111526821136e-07
527 1.942888968499802e-06
528 5.028783595561212e-07
529 5.711472861808444e-07
530 1.3287194037519315e-06
531 -1.3386744444081176e-07
532 6.870097760895342e-07
533 1.499391977757648e-06
534 2.00119397090206e-07
535 1.538414392723608e-06
536 5.793602057231197e-07
537 9.695336931362329e-08
538 4.4481363012726036e-07
539 9.336994734411911e-07
540 5.447134647073434e-07
541 9.901324842758265e-07
542 1.7776463869525039e-06
543 1.1078084283669909e-06
544 1.3809502317132337e-07
545 7.922993813624717e-07
546 4.3858298233444907e-07
547 2.84409266270423e-06
548 1.5457090460243197e-06
549 1.5580244531582887e-06
550 2.5405203387712594e-06
551 2.154369033776367e-07
552 5.481433700503489e-07
553 1.267528816824911e-06
554 2.413876508683253e-06
555 1.1941974103844264e-06
556 2.1030610813915863e-06
557 7.463867572890158e-07
558 1.2680730215537936e-06
559 5.139085443992112e-07
560 2.9072365335140524e-07
561 7.400320771813824e-07
562 1.8916690657852958e-07
563 5.289404787203139e-07
564 9.597337558116747e-07
565 1.0686112429941388e-06
566 1.165885086773006e-06
567 7.685739966315996e-07
568 1.3376221591751303e-06
569 7.805819959084969e-07
570 1.797994111808631e-07
571 1.1792367920353987e-06
572 1.592360348327016e-08
573 1.4245420806043943e-06
574 1.5085860438749555e-06
575 2.0116657661428397e-06
576 8.59176421998894e-07
577 1.178446141524177e-06
578 6.85117670261988e-07
579 1.7601306601044433e-06
580 1.413514305806316e-06
581 9.976401477488638e-07
582 1.2316673489582146e-06
583 9.084933314882858e-07
584 6.926059535203151e-07
585 3.37911688864585e-07
586 5.486718301448075e-07
587 9.961645867153921e-07
588 1.695274230789812e-06
589 1.1067339866916917e-06
590 1.0787956497364343e-06
591 2.3630807432741977e-06
592 1.986554490628496e-06
593 7.695200842826984e-07
594 3.257770662856248e-07
595 8.810033576185923e-07
596 3.417694037655192e-07
597 1.7335722045444761e-06
598 1.39807725372003e-06
599 2.3663458025039153e-07
600 3.7767029258670104e-07
601 7.476141841679829e-07
602 8.490873096330449e-07
603 1.0411368710359361e-06
604 1.6214500252386038e-06
605 5.201188966591726e-07
606 9.010865595442341e-07
607 1.5912783306376859e-06
608 8.815919480309815e-07
609 7.266620112061486e-07
610 1.2377422440135832e-06
611 5.997573230919739e-07
612 5.189151663237977e-07
613 1.5035413032340404e-06
614 1.1675729283683159e-06
615 1.306792763288031e-06
616 1.2586369500852677e-06
617 5.329579669639797e-07
618 2.2717952617935704e-06
619 2.9098717309569186e-07
620 1.3840820666667314e-06
621 1.4291495563164996e-06
622 9.806511560049992e-07
623 7.772230061900172e-07
624 1.3640323466214511e-06
625 1.8398537348411958e-07
626 3.5103289601135957e-07
627 7.381315236780465e-07
628 1.0197992127504164e-06
629 6.085251462600375e-07
630 1.2039014294226597e-06
631 1.3201235280717004e-06
632 7.212410947257892e-07
633 1.2849517026939685e-06
634 2.1006202855909262e-06
635 3.53443918000558e-07
636 3.4886353237529914e-07
637 1.3562561299345082e-06
638 3.870060583849724e-07
639 5.604498005732778e-08
640 4.1766508451679964e-07
641 1.943782140345183e-06
642 1.0124786895274323e-06
643 1.3378097427323088e-06
644 5.549117917069907e-07
645 3.786753345153456e-07
646 8.636384318914927e-07
647 4.2049624298198315e-07
648 1.3028011260059243e-06
649 9.457203941466039e-07
650 2.284989644055647e-06
651 4.887616388645487e-07
652 1.7540555850341354e-06
653 9.57354128377389e-07
654 1.8935710215877206e-06
655 1.1534294946788604e-06
656 4.608675745686041e-07
657 1.1060704538703096e-06
658 1.4732729195067661e-06
659 1.239244167991449e-06
660 4.94703496586619e-07
661 1.4465515045879375e-06
662 1.700286799971474e-06
663 2.2176742735727752e-06
664 1.1585733668618674e-06
665 3.6878142754728454e-07
666 1.8053832037191698e-06
667 1.3518166643189886e-06
668 1.1041224492898328e-06
669 1.5699021338893763e-06
670 1.7631333781479217e-06
671 1.0225105200763554e-06
672 1.874661799146294e-06
673 1.4671107588510087e-06
674 1.3892076919600375e-06
675 1.1911795140070803e-06
676 8.055675021966542e-07
677 4.870218410355901e-07
678 9.993479220933635e-07
679 3.84463478913852e-07
680 1.195237966798646e-06
681 9.109240999351635e-07
682 3.035483470283738e-08
683 1.9594031434792647e-06
684 8.94515605848603e-07
685 1.1058629520402446e-06
686 6.876873371856856e-07
687 8.021688697150623e-07
688 6.071817397749036e-07
689 8.72362267090718e-07
690 1.2500768141747777e-06
691 7.562249253140401e-07
692 1.448011593818826e-06
693 1.7218500685719854e-06
694 1.405667533219866e-06
695 9.225602773765985e-07
696 4.465852501355159e-07
697 7.165827498963981e-07
698 5.647769564987843e-07
699 8.582814505994679e-07
700 2.2384051221600975e-06
701 -9.374422117288927e-08
702 1.5843703060128968e-06
703 1.145102233033219e-06
704 1.3351613768962098e-06
705 1.1970282824034797e-06
706 1.630974833667471e-06
707 1.6677353463654143e-06
708 2.125262335858178e-06
709 1.4755559506341924e-06
710 2.0558463900449265e-07
711 2.8344064033800675e-06
712 9.67668891052936e-07
713 1.7125108398081102e-06
714 1.642109547627389e-06
715 -2.5412928678696257e-08
716 6.648516154341998e-07
717 1.6820967191586781e-07
718 3.5239597475451526e-07
719 1.2001471830706499e-06
720 5.410108446662655e-07
721 1.0296504057580844e-06
722 5.769771704545055e-07
723 9.237076371867571e-07
724 1.2853127096990684e-06
725 8.206949724697635e-07
726 5.801353549204562e-07
727 1.1871211088194787e-06
728 1.5931544788348404e-06
729 7.299312718162493e-07
730 1.0944276549561842e-06
731 7.27149891932979e-07
732 9.291230638139736e-07
733 3.3603384865245288e-09
734 1.6834955698360943e-06
735 8.243933409539778e-07
736 1.68591869264831e-06
737 1.3733691740379865e-06
738 1.8964144867594415e-06
739 4.3000147119435595e-07
740 1.5312887756767735e-06
741 1.1969157290331322e-06
742 1.38334981794267e-06
743 5.879430200322212e-07
744 4.513100894331477e-07
745 1.4526779270208598e-06
746 1.0708932212913815e-06
747 9.682492760761825e-07
748 9.633380600620394e-07
749 1.5165168105473546e-06
750 3.699422348917354e-07
751 7.849259808366638e-07
752 2.1360722588066707e-06
753 1.5795842657991308e-06
754 1.9367937082621896e-06
755 1.923012240220079e-06
756 1.1868873090122416e-06
757 7.739016890216576e-07
758 1.1076352606495275e-06
759 3.833758919617185e-07
760 1.2387966438465306e-06
761 1.3418073809017234e-06
762 6.751679703341394e-07
763 8.729786943555205e-07
764 1.4372030484447493e-06
765 2.508989038963444e-07
766 1.9153308804394897e-06
767 7.435172420226277e-07
768 4.1371555125277166e-07
769 7.275611025184053e-07
770 1.1766145702430855e-06
771 5.420343669765483e-07
772 1.2397221972506459e-06
773 1.1769883733748114e-06
774 1.207821258753647e-06
775 8.234502260615673e-07
776 7.07291587046547e-07
777 1.4151216241024555e-06
778 7.419371115406399e-07
779 -3.8205510676465264e-07
780 1.4466983077025008e-07
781 7.49194853964083e-07
782 1.8958137428424029e-06
783 1.5179150211674701e-06
784 7.151444106567444e-07
785 9.918608763438494e-07
786 9.8758099273257e-07
787 1.3514452600634002e-06
788 7.943062950959278e-07
789 7.087483374204872e-07
790 1.4533983908478622e-06
791 -7.679140368564585e-08
792 9.95586709445965e-07
793 4.5034260862189845e-07
794 1.2309856185356662e-07
795 8.77380943027759e-07
796 6.611099129736445e-07
797 6.143181608199768e-07
798 1.2006031211612405e-06
799 1.92097974823505e-06
800 1.81247117683232e-06
801 1.782208525265799e-06
802 1.363049459068726e-06
803 8.250732065625126e-07
804 9.761643078192874e-07
805 9.652287563114168e-07
806 4.5005605534790796e-07
807 1.2425807724371375e-06
808 1.5265234115527094e-06
809 4.4762231261814686e-07
810 4.855455852456201e-07
811 1.0646329529946175e-06
812 1.189025119154584e-06
813 1.1853269642725698e-06
814 5.444420512647472e-07
815 4.169497702186332e-07
816 1.840762759016012e-06
817 1.7294696563880581e-06
818 8.656486165453618e-07
819 7.859233369058842e-08
820 4.5771981622137547e-07
821 6.592538642209458e-07
822 6.251172266086781e-07
823 7.636626537258753e-07
824 1.740416053441162e-07
825 3.5940739885451627e-07
826 7.49587090212392e-07
827 1.6102866090263676e-06
828 2.9982111050620674e-07
829 1.0930537708554886e-06
830 6.577233342575894e-07
831 1.3513809342120947e-06
832 1.353127582189797e-06
833 1.3452086160067563e-06
834 8.69298835010128e-07
835 1.5377084472850168e-06
836 9.212160059107364e-07
837 1.6201689200804595e-06
838 1.8038527369835065e-06
839 1.3522232411107465e-06
840 1.3395507493407766e-06
841 1.9865950046805993e-06
842 9.698714852678801e-07
843 1.1010015009341031e-06
844 1.2283174537075417e-06
845 1.0812127430787163e-06
846 1.6237098073467403e-07
847 1.1355157091886741e-06
848 1.0114552236482011e-06
849 1.0289131929816818e-06
850 7.476845027788505e-07
851 1.3548256219741686e-06
852 4.3815861099504723e-07
853 1.5958088999817618e-06
854 1.3979302948083826e-06
855 9.921634267889471e-07
856 6.734826364761567e-07
857 6.098895343429892e-07
858 1.3808474052159857e-06
859 8.742668247810703e-07
860 1.1408756298545118e-06
861 5.182697657588081e-07
862 1.986841735663677e-06
863 2.6159290920546925e-07
864 1.278987126551833e-06
865 3.777580895436934e-07
866 1.283834262419345e-06
867 4.271566151188578e-07
868 1.058618326381453e-06
869 -2.2595952672097893e-08
870 1.0556210613733528e-06
871 1.2126541728905917e-06
872 1.3889701843194174e-07
873 8.832914319240099e-07
874 6.575743316190661e-07
875 8.363231759046296e-07
876 3.811213702288915e-07
877 1.2952089610924065e-06
878 1.0851985830028217e-06
879 1.067175082479129e-06
880 5.135340039963835e-07
881 1.1872679969070025e-06
882 1.119739881924367e-06
883 1.1867185940626672e-06
884 9.046784321858128e-07
885 1.3413979805734712e-06
886 4.893322413797625e-07
887 1.7468390062297797e-06
888 5.434655954274385e-07
889 9.789053054295056e-07
890 9.95435208564662e-07
891 1.3768703535745675e-06
892 6.502369292372919e-07
893 1.0806974851409784e-06
894 1.0772839041392614e-06
895 4.6527711916605755e-07
896 1.2292026827280534e-07
897 -2.3019695038719592e-07
898 1.1868446410390423e-06
899 7.819975201155301e-07
900 -9.371798103699768e-09
901 4.634241834076325e-07
902 1.0052675764772133e-06
903 7.745481838754544e-07
904 1.837979221507554e-06
905 -3.2169249084618305e-07
906 6.243019199213196e-07
907 1.0791658554141632e-06
908 4.1903063561473426e-07
909 1.7290635391330234e-06
910 1.4203916627744776e-06
911 1.016887436418042e-06
912 4.5586952504868575e-07
913 1.0598582647067156e-06
914 1.0682566720709868e-06
915 1.1444092948614802e-06
916 8.582387877913004e-07
917 6.332116335963123e-07
918 1.6980596455556286e-06
919 1.0478415725212393e-06
920 1.9686937061051856e-07
921 1.1660117980324623e-06
922 3.7858082778418774e-07
923 6.533241225207349e-07
924 1.1300259012505951e-06
925 1.164674437432896e-06
926 9.996125812364884e-07
927 -1.6061189378010466e-07
928 3.427162730095975e-07
929 1.1718271915146733e-06
930 2.3346332737959865e-06
931 2.0291145560445504e-07
932 5.090407772564562e-07
933 1.503846855728933e-06
934 8.016654783412602e-07
935 5.217931594332189e-07
936 1.6489191643406437e-06
937 1.1513775296686956e-07
938 1.346945014784329e-06
939 3.42634113207996e-07
940 1.525642606711275e-06
941 1.299116280223617e-06
942 1.1864407352165127e-06
943 6.354548612256102e-07
944 4.2105630330311886e-07
945 1.9425861750443546e-06
946 5.373851769639609e-07
947 1.804403419029695e-06
948 1.1523547098938113e-06
949 1.984234092410046e-06
950 7.522528356086106e-07
951 2.616948067501547e-07
952 8.865741816478278e-07
953 7.973488307707383e-07
954 1.368436404024037e-07
955 5.755725375622781e-07
956 8.922563474251474e-07
957 3.985440600416799e-07
958 1.883741431605688e-06
959 2.0343311365370737e-07
960 1.1490601126763216e-06
961 9.498955530086423e-07
962 1.6813163183816692e-06
963 8.520633276531644e-07
964 1.0782562575187833e-06
965 1.4455584376870685e-06
966 1.4317791879118553e-06
967 3.1249730598426043e-07
968 3.7600904968378e-07
969 9.079470445015503e-07
970 4.901029526712498e-07
971 1.3295928307524475e-06
972 6.968090024381043e-07
973 1.6933223999963837e-06
974 1.063041706071465e-06
975 5.859831461264893e-07
976 1.5592893152247108e-06
977 -2.2290849100821175e-07
978 1.7034291562009253e-06
979 1.1613384111212186e-06
980 2.239329355613956e-06
981 8.515038480794718e-07
982 1.3314180067064246e-06
983 1.695149783016248e-06
984 1.4384668494907427e-06
985 1.31170071180637e-06
986 1.4500908143776041e-06
987 7.978116861950496e-07
988 1.007584659090673e-06
989 8.648117717551956e-07
990 5.26357698595223e-07
991 1.7664053963299596e-06
992 1.3690601182258528e-06
993 8.035890706412848e-07
994 5.638128478996692e-07
995 1.0324559078124745e-06
996 7.531204101898717e-07
997 1.116046963054948e-06
998 1.6897838456696688e-06
999 8.261184782087463e-07
