0 9.809056553989407e-08
1 2.3946053871849093e-07
2 -2.027692353198264e-07
3 -2.427593700665885e-07
4 -1.0990429485296941e-07
5 6.07684030491696e-07
6 -2.763764402095375e-07
7 2.003953565863431e-07
8 2.7305322993853414e-07
9 -1.1881804100120935e-07
10 3.602058157166941e-07
11 -2.5139709371775643e-07
12 1.4125097861792747e-07
13 -4.0733599015202897e-07
14 5.170646263224633e-07
15 -3.65660366181565e-07
16 2.921659702681674e-07
17 -6.501136073015184e-08
18 -6.845061083392334e-07
19 2.1984820178994402e-07
20 2.845042637526174e-07
21 6.164023356261187e-07
22 -2.7702289547208814e-07
23 -3.036125729898766e-08
24 -2.101802815253746e-07
25 -3.187639743221758e-07
26 7.918338450756996e-07
27 6.056023194020779e-07
28 -7.881633931288444e-08
29 -1.511165678830077e-07
30 -6.425346054318343e-07
31 1.723693912834905e-08
32 9.694513915897713e-08
33 4.1190663538879417e-07
34 2.6883489134126126e-08
35 5.356381365386322e-07
36 5.262485287513722e-07
37 -1.9921891290329733e-07
38 7.11833177132991e-07
39 2.94758204559254e-07
40 1.100012286499468e-07
41 1.637885153024345e-07
42 2.086404598053374e-07
43 -1.6488951207633405e-07
44 -4.935695709714605e-08
45 -1.416729665360055e-07
46 -1.3884425393498193e-07
47 -2.3299228875044847e-07
48 2.2609787714570422e-07
49 -4.6733779715787784e-07
50 -2.99010821384828e-07
51 4.953428323175999e-07
52 -2.7543377661809536e-07
53 5.648353631775299e-07
54 6.594373512272887e-08
55 3.163280831463615e-08
56 -1.8511153615787435e-07
57 1.487733391210405e-07
58 1.0150269485248817e-06
59 3.9046888266581914e-07
60 -2.0134743030164917e-07
61 3.582089553246788e-07
62 -4.0089366048669646e-08
63 1.8278846576977976e-07
64 1.837364799437313e-07
65 -3.468174116911013e-07
66 6.854599672256803e-08
67 -1.8372068857293953e-07
68 -9.993840327423057e-08
69 4.887849869774914e-07
70 5.170804152939919e-07
71 -5.523405659978423e-07
72 2.5767444088898036e-07
73 9.365981858352904e-07
74 -5.256250641804582e-07
75 -1.9870013479084998e-07
76 -2.896273024175607e-07
77 5.970602502766995e-09
78 -2.5893946839259537e-07
79 -3.2055814911054136e-07
80 1.2718924913655748e-07
81 5.607596992415583e-07
82 3.3501633679993504e-07
83 1.765292815668209e-07
84 -3.811553021182843e-07
85 2.3879378327277425e-07
86 -1.8907656386932487e-07
87 -4.566430715796133e-07
88 -1.3310436041846554e-07
89 2.969532857511248e-08
90 3.9311424841377804e-07
91 7.350049113245643e-08
92 -1.5209350594108276e-07
93 2.8944861257802966e-07
94 -1.6814085760923854e-08
95 5.980832231115241e-07
96 4.052222773491132e-07
97 8.882447197413126e-08
98 6.908236027507548e-08
99 1.3644772654670115e-07
100 -4.918403527758902e-09
101 -3.362699197202447e-07
102 5.431035096438851e-07
103 -9.059796397889472e-07
104 -6.9003503005235315e-09
105 -2.97867864478969e-07
106 2.76494834456729e-07
107 -3.217154879956841e-08
108 -3.924283965917136e-08
109 6.249974652523629e-07
110 3.915662177474478e-07
111 -1.710283803834979e-08
112 -6.561249169818416e-08
113 8.707249618583084e-08
114 4.4885262214535766e-07
115 3.378146655960033e-07
116 1.395465488474797e-07
117 -1.1756883785942028e-07
118 -3.1553284554489414e-07
119 3.2446009683732845e-07
120 -1.6535428894470156e-07
121 -4.858164646645838e-08
122 -3.3460212430594705e-07
123 3.628618917396853e-07
124 6.5254483107662e-08
125 2.51361351119351e-07
126 2.4098028925287535e-07
127 3.3055243299700276e-07
128 3.7696911132042597e-07
129 8.380916243734417e-08
130 6.196802703101617e-07
131 5.035303355364991e-07
132 -6.480926448821345e-08
133 2.5042022649431584e-07
134 -8.651422267995993e-08
135 2.4087277447402686e-07
136 -3.623278100844947e-07
137 -3.2421778210654687e-07
138 -6.877958523301753e-07
139 -4.1163045641655275e-07
140 1.151953386186586e-07
141 6.281356233370368e-07
142 5.157869618980971e-07
143 1.3730220257103458e-07
144 2.697524878459743e-07
145 1.771424237304732e-07
146 1.646775388446884e-07
147 4.0749489318140794e-08
148 7.513769715868363e-07
149 -1.835784198264667e-07
150 -2.674196876664109e-07
151 -3.841738982052324e-08
152 1.4840750631986052e-07
153 -5.59409202358497e-08
154 1.0796585386211071e-07
155 -5.168040902232789e-07
156 -8.398844064852584e-07
157 2.140141000392677e-07
158 -5.544680392786218e-07
159 9.45448187819798e-08
160 -2.4231581464079866e-07
161 -1.3706831215690228e-07
162 4.2536813287287005e-07
163 5.084973366803008e-08
164 3.316967751004583e-07
165 5.690085518215358e-07
166 -3.2840323947855943e-07
167 -6.132287831630445e-07
168 3.3183354251171406e-07
169 2.3746634298325878e-07
170 1.9231450049529055e-07
171 5.400595741879868e-07
172 3.787550023957456e-07
173 1.5401717033526303e-07
174 1.8905143974097092e-07
175 1.9455845931902952e-07
176 -3.920632602437495e-07
177 2.474848376613854e-07
178 2.5087210978476956e-07
179 4.646491223010304e-07
180 1.0262228627012562e-07
181 -9.725743368338362e-08
182 -3.275009338809811e-07
183 2.393767234747592e-07
184 -1.974042896720005e-08
185 3.928505651924165e-07
186 -4.3685467530891293e-07
187 -1.6890234381337865e-07
188 -3.269469324657762e-07
189 -2.973939637827968e-07
190 -9.355856639570408e-08
191 -5.946615472609431e-07
192 2.6044999146752447e-08
193 3.974177336381716e-07
194 -3.052559568743119e-07
195 2.4056414096295397e-07
196 -6.133392738685253e-07
197 5.278887383235623e-07
198 5.651902650218521e-07
199 6.453253830380041e-07
200 5.883527333832632e-07
201 -1.2435047265677817e-07
202 3.455398426975655e-07
203 3.1966847138284445e-07
204 8.61576138319658e-08
205 9.36883966356124e-10
206 -1.3174404136900303e-08
207 3.157701700397172e-07
208 -3.999518432120035e-08
209 5.647204843508168e-08
210 -4.00960124457337e-07
211 1.7611198455688433e-07
212 -4.1194300377428696e-07
213 3.1366205313693023e-07
214 -5.831042952244459e-08
215 -1.7161083002939036e-07
216 -4.7276979136141525e-08
217 -1.1340772876343704e-07
218 -1.9262673768664817e-08
219 3.789720253154593e-07
220 -9.071591749901532e-08
221 3.522480033965819e-07
222 5.286271910628725e-07
223 1.0222896621925533e-07
224 2.5972274810652515e-07
225 -4.306832128629752e-07
226 5.442686666764792e-08
227 2.437514408237581e-07
228 -1.9899021774329873e-07
229 5.455767913496274e-07
230 3.391895551616537e-07
231 -3.232450787356613e-07
232 2.433334590248027e-07
233 2.2674945367730514e-07
234 3.037309139081723e-07
235 -3.12235092390839e-07
236 -2.0955714868549562e-07
237 2.4579457139212537e-07
238 -7.058923000940481e-07
239 3.151621557055179e-07
240 5.264450264075772e-07
241 2.032794713627642e-07
242 -2.926813618954409e-08
243 3.1847231083058413e-07
244 3.01858816498367e-07
245 -1.5991803806552194e-07
246 5.565406623703457e-08
247 -1.919995913494907e-07
248 1.6015604874704892e-07
249 4.0722057836723975e-08
250 3.612812911519467e-07
251 -3.295444070581461e-07
252 -4.2107007688445524e-07
253 9.309943959067301e-08
254 9.478574573511893e-08
255 4.208439160574328e-07
256 -9.109320363826942e-08
257 4.6937697597730537e-07
258 -2.7507865405564333e-07
259 -2.9737779518602705e-07
260 -2.5251142019929536e-07
261 -1.890140042269342e-07
262 5.686542653497893e-07
263 -2.700566018301909e-07
264 -1.7065186572179153e-07
265 -3.2959129187849773e-07
266 2.3829822506946594e-07
267 2.422536834245842e-07
268 1.0113874833357894e-07
269 4.943700248817667e-07
270 1.8186244580152175e-07
271 -1.3029377802515254e-07
272 -2.0594647032973984e-07
273 -2.549101419609714e-07
274 1.9090057930346946e-07
275 -3.7402480827580307e-07
276 -3.6829062185958975e-08
277 -4.0626304152577177e-08
278 -2.0457896303388364e-07
279 -2.629128734746316e-07
280 4.853548650712016e-07
281 4.2277051750887335e-07
282 -2.4559669351763125e-07
283 -5.031987878405488e-08
284 -5.718989332233295e-08
285 -8.384560194274487e-08
286 4.084049261990231e-07
287 -1.41252546346092e-07
288 -3.6224211630445344e-09
289 2.523276620595695e-07
290 1.160447875401266e-07
291 -2.3075273990569915e-07
292 -2.776735475052553e-07
293 4.799816318780052e-07
294 -6.525551653105628e-07
295 -3.637855462988061e-08
296 6.2615172278751355e-09
297 3.773420694306338e-08
298 2.342514090279682e-07
299 -5.762380048409624e-08
300 -2.161672615671647e-07
301 1.6662139295823129e-07
302 3.7700738626946125e-07
303 4.1549324168307837e-07
304 3.841571293655518e-07
305 -1.5203704440577386e-07
306 1.426553502226592e-07
307 -2.2187635450485314e-07
308 -3.504398532566239e-07
309 3.4482332747231726e-07
310 6.777190997864145e-08
311 6.474360795881288e-07
312 -4.950558533077146e-07
313 1.8606550609194537e-07
314 1.1025709625363429e-07
315 -3.8348406082144525e-07
316 2.7294578239911744e-07
317 5.364917341156042e-07
318 1.1366889747529404e-07
319 -1.5496557818110786e-07
320 4.5289799983536097e-07
321 -3.289431767750834e-07
322 9.095538632214157e-07
323 9.270869614687164e-08
324 -6.629825752536567e-08
325 4.894394924537243e-07
326 4.297490530489684e-07
327 5.930314977162433e-08
328 -4.2960858281443116e-07
329 -4.788197473377314e-07
330 9.556071649791897e-08
331 1.9088497723983087e-07
332 -4.4311343281433267e-07
333 -9.928075924980976e-08
334 -8.137720268898022e-08
335 -2.608445562146446e-07
336 9.571448020269563e-08
337 -1.4825386176075427e-07
338 1.5746234792222017e-07
339 -5.625457159126693e-08
340 1.960480972556312e-07
341 -4.165385481100071e-07
342 -4.769359539767629e-07
343 -8.865336263818129e-07
344 -3.127436437675648e-07
345 6.74133500428371e-08
346 6.253074593959267e-07
347 1.428899211191228e-07
348 -3.4084951750205705e-07
349 -2.1199160072332062e-08
350 3.984512761288014e-07
351 2.0207017709619818e-07
352 1.482418981281427e-07
353 6.35549179815033e-07
354 -4.1697435633329005e-08
355 -5.705267902829356e-07
356 -1.7576640320418245e-07
357 -5.672438032770966e-07
358 5.252177861919508e-07
359 -3.4149356500291836e-08
360 -1.7709510168082296e-07
361 -1.607654973016598e-08
362 -6.412702571378695e-07
363 3.3736574799180177e-07
364 -3.5829900429691183e-08
365 4.381596237059126e-07
366 8.670894984134631e-08
367 2.294061664324257e-07
368 4.944020829659426e-07
369 1.2116217778469258e-07
370 -1.5955308928149814e-08
371 -4.386179432980951e-07
372 -3.11311240525146e-07
373 4.651378118571198e-07
374 3.6295443960882395e-07
375 4.530282860983029e-08
376 -3.8611165005466985e-07
377 -2.0361475757284688e-07
378 3.0630791209563075e-07
379 1.2800645838165614e-07
380 2.206827266620122e-07
381 -7.557123788745047e-08
382 3.7591277737081906e-07
383 3.7414287240262565e-07
384 -5.862764076962552e-07
385 6.086297649843255e-07
386 1.389976953978494e-07
387 7.003880221336948e-07
388 -1.9806396677347548e-08
389 2.0008254557680955e-07
390 1.058679805629755e-07
391 2.0617365892573746e-08
392 -7.727427193147604e-07
393 -1.6098755636375138e-07
394 -2.712750343633323e-07
395 2.4246051795661586e-07
396 -4.976208552786137e-07
397 2.4754594648660897e-07
398 2.579537601627948e-07
399 5.590304989723802e-09
400 1.9953476078014339e-07
401 3.002024568198796e-07
402 -5.126508737759356e-07
403 -2.61309575615676e-07
404 2.207638674709602e-07
405 2.9625550335367226e-08
406 1.9528751034220675e-07
407 6.826059570909521e-07
408 6.889589901856219e-08
409 5.835078004253594e-08
410 2.859070325054864e-08
411 4.15208436488325e-07
412 3.280120304149054e-07
413 3.3732674875097933e-07
414 8.952033032541884e-09
415 5.509428840216442e-08
416 -4.138005671454267e-07
417 5.760940035184564e-07
418 -6.716320162361495e-08
419 4.438192765366192e-07
420 3.325659256758733e-07
421 1.9133698228759043e-07
422 2.2844332745483694e-07
423 -6.274147771543496e-08
424 3.4524059418241974e-07
425 -2.3079041986191497e-07
426 3.663724593358323e-07
427 -2.672507409750259e-07
428 -5.4828130111498025e-08
429 -1.2147467147032147e-07
430 -7.108469207134543e-08
431 -5.850431005856473e-08
432 -3.786417701761478e-07
433 -1.2779235956845351e-08
434 -5.311972152740875e-07
435 -3.196811155460041e-07
436 -7.51570056893466e-07
437 3.8448040023979707e-07
438 4.5925284375396497e-07
439 -6.275361527476362e-08
440 -4.473000319647891e-07
441 -1.895192983444326e-07
442 1.9149459418838986e-07
443 9.343010690646424e-08
444 -4.466875165169991e-07
445 1.7151427497663465e-07
446 1.9957843707052218e-07
447 3.1055199485486214e-07
448 -1.4591628916399504e-07
449 -1.2001013980753882e-07
450 5.224639189473881e-07
451 -2.2746171423449644e-07
452 7.709087858207775e-08
453 1.2684605548105707e-07
454 -3.606528173077994e-07
455 -9.687036495754335e-08
456 2.069330081348413e-07
457 -3.36303433704827e-07
458 -2.1595716946157696e-07
459 8.896832730430176e-08
460 7.878573475149461e-07
461 4.97866984056923e-07
462 -1.261828486905519e-08
463 2.7306860455530583e-08
464 -7.025785282212066e-07
465 -2.1425793879186046e-08
466 3.5581113949280034e-07
467 -1.5666027091979006e-07
468 -8.922274168281387e-08
469 6.110659155405701e-08
470 -3.164153102729013e-08
471 2.4453584938486e-07
472 2.781643428954295e-07
473 1.384666981347393e-08
474 2.433318427313558e-07
475 -5.5156363262476413e-08
476 -6.717595122038208e-08
477 -4.993161604786923e-07
478 2.838264498327464e-07
479 6.864867012119042e-08
480 3.5738736740041866e-07
481 -3.217889947951871e-07
482 -3.04663664013621e-07
483 5.241361435294176e-07
484 -7.510169000607863e-08
485 3.9292749648670607e-07
486 3.5179267663538373e-07
487 2.387943198699127e-07
488 3.3161097210063484e-07
489 4.001907673388158e-07
490 -7.585504806253321e-07
491 -2.1388232150119266e-07
492 3.782967546242588e-07
493 3.5202662860189267e-07
494 -1.5580791338346155e-07
495 1.6127136168187646e-08
496 2.7119318495361628e-08
497 -2.3518745236209033e-07
498 7.344904898955658e-08
499 3.4535943257606205e-07
500 -3.2606185214114665e-07
501 3.2172972245229967e-07
502 -1.8830971665185903e-07
503 9.028459357022082e-08
504 7.537640922907573e-07
505 2.5330544692320475e-07
506 8.328975190905839e-08
507 -2.505709210503167e-07
508 -3.40204156725823e-07
509 -2.1776566300707097e-07
510 1.4954185587777366e-07
511 -4.0745083652403544e-07
512 4.0449220323158917e-07
513 8.70610845302077e-08
514 1.6779865259638972e-07
515 1.6268332270434723e-07
516 2.093698135788937e-07
517 5.991621576255759e-07
518 -4.2101051084848585e-07
519 2.3683932183977284e-07
520 -7.813424050881719e-07
521 4.8080708219837566e-08
522 1.6459385292008956e-07
523 2.905926440475812e-07
524 2.2678887746771842e-07
525 -8.572364437044066e-08
526 2.6107056136632446e-07
527 3.2719283959479017e-07
528 1.3237092743003242e-07
529 2.601324319275361e-07
530 4.211394101639177e-08
531 -3.029853725138733e-07
532 7.833354728534142e-08
533 3.213206985519164e-07
534 1.1550772595165131e-07
535 2.631344550369763e-07
536 -3.134959124487083e-07
537 3.5999470017128615e-09
538 -2.1251274400215609e-07
539 1.6757101100867968e-07
540 2.277812083753595e-07
541 1.9191975992979242e-07
542 2.3660965710374692e-07
543 -2.9842419565401985e-09
544 -1.1741265492146407e-06
545 1.5827282083092573e-08
546 1.7420689629055504e-08
547 5.752263108098979e-07
548 -1.5746846913535764e-07
549 6.312055179469493e-08
550 7.245165348989579e-07
551 -5.353297613164374e-07
552 -2.6951379075031335e-07
553 4.988726591969092e-07
554 2.9931414615238986e-07
555 2.004753137211847e-07
556 5.099979889913495e-07
557 -1.7999697147256868e-07
558 4.193685590390643e-07
559 3.709378143632543e-07
560 -2.971251988678027e-07
561 1.5192975092634951e-07
562 1.1740027315958822e-07
563 -5.172995605133275e-08
564 -1.044485140968125e-07
565 1.9371570873598506e-07
566 -2.297755897054171e-07
567 -2.233380968683387e-07
568 1.2354089961367768e-07
569 -1.738867119244629e-07
570 -4.948562310856733e-07
571 -1.3419639439075498e-07
572 -3.368802544436233e-07
573 -3.9759537641279417e-07
574 -3.616199879742997e-08
575 4.7591098771967414e-07
576 4.139617106295244e-07
577 2.825768150140439e-07
578 -3.1147929768646967e-07
579 -5.192569623182297e-09
580 3.1221359074841837e-07
581 5.385839126722006e-08
582 4.6417375411454243e-07
583 5.254110446503891e-07
584 7.37854439577628e-08
585 -3.3055329747113026e-08
586 1.7539824647676058e-07
587 -2.445976359392031e-07
588 3.814870659912904e-07
589 -4.931663591873162e-08
590 9.254925097406586e-08
591 2.557288512454263e-07
592 7.164348305925149e-07
593 -3.414632438866708e-07
594 -5.22937271713221e-07
595 1.7576820277811833e-07
596 -3.967262708935429e-07
597 5.801415484182419e-07
598 -5.210262196515926e-08
599 -2.0492199022771759e-07
600 2.5691335722927746e-07
601 2.658941509299739e-07
602 -1.0076647635501956e-07
603 2.7086185657720658e-08
604 2.2461548734530767e-07
605 1.6387870642466897e-07
606 1.528370003493323e-07
607 1.5799777274927254e-07
608 6.910825473532814e-08
609 1.3240615953276948e-07
610 1.1291438547465978e-07
611 -7.198251440200159e-08
612 -2.3283973277904004e-07
613 -1.984690625086693e-08
614 5.158027649157004e-07
615 2.0970938837559777e-07
616 5.775261368804312e-07
617 -6.572685106347573e-08
618 4.0785130720284435e-07
619 -2.559455668923682e-07
620 2.3188943419380702e-07
621 7.174897788548479e-08
622 1.7667635684146112e-07
623 -2.548219686873343e-07
624 1.226346366678065e-07
625 2.7323214695704577e-07
626 -3.903745347895058e-07
627 -4.5521883653958416e-07
628 -1.9986926956150203e-07
629 1.7576507459964008e-07
630 -2.433311219534248e-07
631 -4.1271621018307656e-07
632 -4.583198281331271e-08
633 2.6801960939990665e-07
634 5.974870282059226e-07
635 -4.088133414721554e-08
636 -1.3373476858464033e-07
637 -2.9035763792980426e-09
638 -1.4272833060783715e-07
639 -2.862423322298258e-07
640 -4.773211710875541e-07
641 4.4844594423364e-07
642 -5.162653025049106e-07
643 4.1206876713723023e-07
644 9.999816381121932e-08
645 3.700835983568529e-08
646 -3.2832340431906416e-07
647 -2.4019687644927463e-07
648 1.6046148843848828e-07
649 3.4776179446251316e-07
650 6.129680624314574e-07
651 -2.3356275248852986e-07
652 3.441819187988039e-07
653 4.46512582116039e-08
654 8.408599361533465e-07
655 5.0724324518870224e-08
656 -3.544053484530183e-07
657 5.100843037016874e-07
658 -1.7234004673154645e-08
659 2.893777662070264e-07
660 -4.3293627878258354e-07
661 4.955960800078974e-07
662 4.285113483627271e-07
663 3.6378226460019786e-07
664 -2.523114797623788e-07
665 -9.668718591267315e-07
666 6.789642434869662e-07
667 4.071318502699786e-07
668 -9.234808436292138e-08
669 4.234163157725254e-07
670 -2.889183560264897e-07
671 6.668208159331876e-08
672 5.190613153303315e-07
673 2.667268997519412e-07
674 2.353364396248715e-07
675 -2.948609666907259e-07
676 -1.0643139070888702e-07
677 2.465683937007723e-07
678 7.903670688576963e-08
679 1.8651028505884507e-07
680 2.3119313448587706e-07
681 1.1974949911389349e-07
682 -3.783715287033685e-08
683 3.458402059220746e-07
684 5.205868861062977e-07
685 2.4041264894051546e-07
686 1.5116631760125176e-07
687 1.7683529752810831e-07
688 3.3611220487355547e-07
689 -4.156843819580702e-07
690 2.3644945393349172e-07
691 1.4695430525993281e-07
692 3.113543761884942e-07
693 4.583996261582285e-07
694 -1.0414820534910128e-07
695 1.747786946370813e-07
696 2.6055929845954932e-09
697 3.4817251969143644e-07
698 -2.7172980481787743e-07
699 -1.859125782901537e-07
700 7.733286204065385e-08
701 3.979833034130413e-08
702 3.5975203768332377e-07
703 1.4431965246118384e-07
704 6.187726236808996e-07
705 1.8950285987436865e-07
706 3.892135653439745e-07
707 4.720490362471949e-07
708 1.2177703250887336e-07
709 -1.788104327147628e-08
710 -2.6334546355806463e-07
711 1.0749798863562076e-06
712 -2.731622151083705e-07
713 3.6485818016240106e-07
714 -1.482931587831353e-07
715 -4.680547250468553e-07
716 -4.22586452662534e-08
717 -2.4328665263660406e-07
718 3.698533105314767e-08
719 2.6685411659445205e-07
720 4.924363483980144e-07
721 4.059913466650262e-07
722 -2.5271629541845943e-07
723 -4.703729437190491e-08
724 2.527466913983489e-07
725 -1.2967379737920715e-07
726 -4.2235996373247026e-07
727 -1.2106232819464346e-07
728 -4.142531726034308e-08
729 9.640900245994872e-08
730 1.7284910545822145e-07
731 4.812354535240656e-07
732 -8.445082837882214e-09
733 -6.41630499807911e-07
734 5.134599152745265e-07
735 2.0426506111611548e-07
736 2.6316964554300453e-07
737 1.2511923440131206e-07
738 6.32207656312109e-07
739 3.1205828193789286e-07
740 3.381929537643856e-08
741 2.1231041728624703e-08
742 -4.449007655272218e-07
743 -6.173241595532295e-07
744 -5.485979785852795e-08
745 4.54667038677767e-07
746 -5.0837076788075396e-08
747 1.1331571886256936e-07
748 -2.556205147870236e-07
749 2.40331321385317e-07
750 -2.4419413311709863e-07
751 4.39276728364183e-07
752 1.7003024141283946e-07
753 -1.7400778512219342e-07
754 3.8769381374734486e-07
755 4.988104287282597e-07
756 9.652879060134633e-08
757 1.3274254312509006e-07
758 -5.81001133333637e-07
759 -7.364399195992617e-07
760 -1.578921904384802e-07
761 1.9180648775582786e-07
762 -1.324433075782331e-07
763 -1.2713215233867662e-07
764 3.035830824867581e-07
765 -9.103586435473885e-08
766 4.746855950456486e-07
767 -2.954072967219602e-07
768 -1.6090640450904825e-09
769 4.3052390398777434e-07
770 2.553161506108626e-07
771 2.5050161012882045e-08
772 4.568458067165972e-07
773 2.4622530606184677e-07
774 -1.0541915181004128e-07
775 -2.022086864388069e-07
776 -5.303623136841609e-09
777 3.5814236852944315e-07
778 -1.542630050529606e-08
779 -7.123848627590347e-07
780 -4.983683344592824e-07
781 4.6468810257627893e-07
782 4.890702640095304e-07
783 4.241700805464896e-07
784 -2.667706735922901e-07
785 4.788097636192863e-08
786 2.703164411891554e-07
787 3.175349754994413e-07
788 3.0221115593396654e-07
789 1.2525797875502902e-07
790 7.434993347191811e-07
791 3.964000092888822e-08
792 -2.093862932016261e-07
793 -5.337502273822791e-09
794 -4.669504002330856e-07
795 2.5910787784770096e-07
796 9.336519057052333e-08
797 -3.7594770178247797e-07
798 5.084330450061765e-08
799 1.1624111498351272e-06
800 3.7360482717149653e-07
801 3.483497441314782e-07
802 5.972342126459493e-07
803 2.4029631923566356e-07
804 3.4872609612484323e-07
805 5.147533471681275e-07
806 -2.113919813582804e-07
807 8.44491015177847e-09
808 3.446979245620861e-07
809 -6.434903434262802e-07
810 -4.613205974218618e-07
811 3.909773748069558e-07
812 4.17423505532634e-08
813 1.43164540113834e-07
814 1.373080561032985e-07
815 -1.4825961097336002e-07
816 6.983292391470867e-07
817 4.921652552615882e-07
818 -2.5319183859875663e-07
819 -4.435405255847246e-07
820 5.789833730067384e-07
821 1.9931633444719155e-07
822 5.412038344696692e-08
823 -6.014225433448651e-08
824 -1.943757392594086e-08
825 -2.2196737201127704e-07
826 -1.1439558206561417e-07
827 1.5710043905114295e-07
828 6.851746056724867e-08
829 5.191575404541654e-07
830 -6.403420835510207e-07
831 2.225019421219189e-07
832 4.7920201839039295e-08
833 3.2353495385121184e-07
834 6.555495322670164e-08
835 3.916415308398008e-07
836 1.381549028751622e-07
837 2.889267271645317e-07
838 3.356581768250752e-07
839 -1.8199366840185808e-08
840 6.000128787898008e-07
841 5.796186850554428e-07
842 -7.700539102959544e-07
843 -1.4169446792863962e-07
844 -4.789401967220562e-07
845 5.265876874342375e-07
846 -3.6253691641022615e-07
847 6.458375254177353e-08
848 2.9836633302247994e-08
849 1.711369413873045e-08
850 5.587447830523788e-07
851 7.529294370081381e-07
852 -1.9439099965175513e-08
853 -8.217993104495315e-09
854 5.02734175969972e-07
855 -8.280282995551975e-08
856 -4.1486693599151634e-07
857 -4.199094809393457e-07
858 2.5432724873389534e-07
859 2.996976383567707e-07
860 -7.097352981158746e-08
861 -1.7981440143083108e-07
862 4.250128472687178e-07
863 -6.249287635541091e-07
864 1.0650321605663827e-07
865 -1.2106215497390774e-07
866 5.958763496426826e-07
867 2.890709465439293e-08
868 2.7175246488131167e-08
869 -5.295149596443778e-07
870 1.7628552242986433e-07
871 5.42481903237029e-07
872 -3.0109168920120494e-07
873 5.919907162400848e-07
874 1.3547949321004366e-07
875 -2.660140052987054e-07
876 1.5045104259470095e-07
877 -3.3445907292228353e-07
878 4.964601591080024e-08
879 -2.071790001640092e-07
880 5.786139586504723e-08
881 -1.1735078373582527e-07
882 -1.2585299660722389e-07
883 -5.133102238903751e-07
884 2.257658045720805e-07
885 -3.646932516916134e-08
886 4.369641928408006e-07
887 4.5178204082908504e-07
888 1.3131614294458387e-07
889 -1.46017334645824e-08
890 -3.610732182781126e-07
891 3.404096948245222e-07
892 -1.2590083830203806e-07
893 -1.7022242955729068e-07
894 1.8374731041553078e-08
895 8.250156376822817e-08
896 2.508227016791248e-07
897 1.4738969236259021e-08
898 3.297483404421194e-07
899 -1.7954771503443645e-07
900 -4.853618444526592e-07
901 -2.780923934095369e-07
902 5.034153513267992e-07
903 -1.5549571911193522e-08
904 -2.0557861955385365e-08
905 -1.6744178675178818e-07
906 -5.765119410764483e-07
907 -6.95463428332063e-08
908 -4.798004651152624e-07
909 9.981357911577099e-08
910 9.183528404377024e-08
911 1.0242589407539672e-07
912 -3.0361260940695623e-07
913 4.538620273540428e-07
914 2.435432027510558e-08
915 2.9320781840308572e-08
916 -4.5229820270474304e-07
917 -2.0878904380665666e-08
918 3.595390583444058e-07
919 -7.076343312680985e-08
920 -4.6248607753870487e-07
921 -3.0228430265380786e-07
922 2.070844391828517e-07
923 2.862857224995662e-07
924 5.881448884061271e-07
925 8.150989705358846e-07
926 -2.859418254520594e-07
927 -3.2060395593169834e-07
928 1.3096990637714705e-07
929 -8.83151598344771e-08
930 2.5111007337539365e-07
931 -6.414122201546641e-08
932 -2.118493615776127e-07
933 -1.5305310817448942e-08
934 1.725774132299458e-07
935 -6.48226768880416e-08
936 5.973296293302806e-08
937 -1.489670461236155e-07
938 2.3762933559398878e-07
939 -3.9348350223290055e-07
940 4.6064470247118144e-07
941 3.6077274588456897e-07
942 -4.896708438955112e-07
943 2.409590143638229e-07
944 -2.0155996902950605e-07
945 1.8401993668156695e-07
946 -3.340075501213355e-07
947 -2.7798474906228325e-08
948 -9.800064446972604e-08
949 2.3559244260838912e-07
950 6.908092492606886e-07
951 -6.464547561088868e-07
952 -2.650543511402338e-07
953 -1.1260590939245859e-07
954 -6.671229128431326e-07
955 -2.2430469160733256e-07
956 -1.1517062997795132e-07
957 -8.044195983518059e-07
958 6.652292661347154e-07
959 3.351380531077839e-07
960 2.302138788270898e-07
961 -2.8780522917392025e-08
962 2.475562584882875e-07
963 -2.8355508846137234e-07
964 9.033530344260784e-08
965 6.024097452204114e-08
966 -7.108816061557105e-08
967 3.0764482830881573e-07
968 -3.4535157414698975e-07
969 1.161886860946115e-07
970 -2.9401682820232506e-07
971 1.6334041950568652e-07
972 -1.0867238378855985e-07
973 4.975548519660646e-07
974 1.9744426438851817e-07
975 8.441528433016745e-08
976 5.202968066976985e-07
977 -9.699479813447341e-08
978 5.188689910075613e-07
979 -5.551291699703941e-07
980 3.2794480010150483e-07
981 2.175619938385484e-07
982 3.9597367890468187e-07
983 3.837984283062479e-07
984 3.6158044771682235e-07
985 5.645910093849133e-08
986 -1.9378046638061614e-07
987 1.2910282595706953e-07
988 -9.863175739789636e-08
989 8.696074112256296e-08
990 3.392793206265892e-07
991 7.453982063051205e-07
992 3.671839213008194e-07
993 -5.5428129152870504e-08
994 1.594310464403765e-07
995 9.997253603472708e-08
996 -4.5353840267290113e-07
997 -1.0894815611379925e-07
998 2.4544741833364116e-07
999 -2.1398246184736008e-07
