0 1.4877457303673968e-06
1 1.0156323237940459e-06
2 1.4047187380053559e-06
3 1.0945019868624215e-06
4 9.427045317731206e-07
5 9.827147493763852e-07
6 9.928531228462857e-07
7 1.2862022379447922e-06
8 8.022694131327857e-07
9 1.4569898328879518e-06
10 7.173023924499932e-07
11 1.1957230029963175e-06
12 1.007243143544341e-06
13 1.3489900105704236e-06
14 7.804244159374491e-07
15 9.847133895810538e-07
16 1.3752659394857124e-06
17 1.4249681097189634e-06
18 1.252288786596343e-06
19 8.253536153709352e-07
20 1.3806156629774096e-06
21 1.0887105089789222e-06
22 7.967161326213544e-07
23 8.395912295928795e-07
24 1.3001945780658012e-06
25 5.898211910715929e-07
26 4.6540868182344574e-07
27 9.852845392922414e-07
28 1.4244834970107622e-06
29 1.7943862678366157e-06
30 1.6005317895388309e-06
31 1.4681810793352536e-06
32 1.281582154334388e-06
33 4.5227696687522075e-07
34 5.939316455427797e-07
35 7.250226455188827e-07
36 6.693213020490042e-07
37 1.5555475724092056e-06
38 2.021981514596067e-07
39 5.360428717285978e-07
40 8.679122999451717e-07
41 9.830604588602552e-07
42 1.1112021816880394e-06
43 1.0959833298677416e-06
44 1.6937044328614306e-06
45 1.5482651978163576e-06
46 7.390395690905348e-07
47 1.2983935173954371e-06
48 1.4199490508468769e-06
49 1.122385702306872e-06
50 1.07274869058199e-06
51 4.704333470588932e-07
52 1.3124660302474282e-06
53 1.1508901718255838e-06
54 1.3741243339778394e-06
55 1.014464773137518e-06
56 1.2567405488735687e-06
57 8.142374009820008e-07
58 4.723100098163297e-07
59 1.1179946541817906e-06
60 1.315712196580292e-06
61 6.912931725677504e-07
62 2.8851490962138517e-07
63 1.2638217178810265e-06
64 8.865309351869049e-07
65 1.6886696944837282e-06
66 1.6970770521606673e-06
67 1.134276653854687e-06
68 1.7806982211720232e-06
69 1.1784632167164099e-06
70 5.611250947126641e-07
71 1.2576669103248722e-06
72 1.075246965179807e-06
73 6.427862994436693e-07
74 1.7249428073377099e-06
75 8.92813745516651e-07
76 1.0272264386399947e-06
77 1.01803651645195e-06
78 1.425374383817251e-06
79 1.2766863842825094e-06
80 1.4465064852534561e-06
81 5.459192049768177e-07
82 7.018877525615521e-07
83 7.462641908503576e-07
84 1.770096200477894e-06
85 1.0683356708240712e-06
86 9.887164160559857e-07
87 1.4069086878905828e-06
88 1.2352782333725793e-06
89 1.133057599324397e-06
90 9.83032368239448e-07
91 7.888143541854258e-07
92 1.7270530805098355e-06
93 1.5092289949598374e-06
94 1.6489286294342393e-06
95 1.6274416144398429e-06
96 7.426325525841535e-07
97 6.177093881342873e-07
98 4.669263313995358e-07
99 9.052520625507455e-07
100 4.7227951871723165e-07
101 1.2281273041859812e-06
102 1.2904374385212512e-06
103 1.912399748972087e-06
104 1.500706230512851e-06
105 1.6443542116161238e-06
106 7.700641830663524e-07
107 1.6288217716098786e-06
108 1.2127796307705032e-06
109 8.232656029122234e-07
110 6.420998577265394e-07
111 1.1811211246887055e-06
112 6.521708990698175e-07
113 9.416988198872596e-07
114 1.0083272884525636e-06
115 5.49043078299808e-07
116 9.870571268305117e-07
117 6.282822428649815e-07
118 8.982470083965589e-07
119 5.909496944436263e-07
120 1.6311486780644506e-06
121 1.3059798380530478e-06
122 1.2918814362501778e-06
123 1.1086812347903933e-06
124 1.4760524091697306e-06
125 9.205333319389135e-07
126 -1.149031984550686e-07
127 1.2849205897430434e-06
128 6.470352859018753e-07
129 1.404433926550286e-06
130 5.911484456794933e-07
131 9.144891682505334e-07
132 1.0987715174594748e-06
133 1.3280039019804884e-06
134 1.4105726674617392e-06
135 1.1367655153429965e-06
136 1.5295826697941917e-06
137 7.881440656839308e-07
138 1.6967506069400481e-06
139 1.2327210972534355e-06
140 1.6316870054108596e-06
141 4.196344498804838e-07
142 1.4905943761198706e-07
143 6.732227799061337e-07
144 1.2218738778293517e-06
145 9.203900360291963e-07
146 1.0630457464927317e-06
147 1.0375952109519166e-06
148 1.0910448262279702e-06
149 1.2607843222957781e-06
150 1.25679689088696e-06
151 7.431452677270351e-07
152 1.0227666701738603e-06
153 9.783598984299974e-07
154 1.034327912860121e-06
155 1.1926568181028947e-06
156 1.3818915276320146e-06
157 8.594593329491949e-07
158 1.1718913824730463e-06
159 9.04170270227325e-07
160 1.0325182429720651e-06
161 1.2913633057355016e-06
162 1.3243347739855368e-06
163 8.681057043429864e-07
164 1.2969847673959294e-07
165 9.245271819867394e-07
166 1.5314994912385554e-06
167 1.321619860651127e-06
168 1.2121586765699255e-06
169 3.638735959530027e-07
170 1.199416351287624e-06
171 9.345205712910345e-07
172 1.3402285280822444e-07
173 1.3184564594086067e-06
174 9.331219144638445e-07
175 1.1690410436353173e-06
176 1.5104302676177369e-06
177 6.765245436307738e-07
178 9.834984915739488e-07
179 9.42932042657224e-07
180 7.79734093960999e-07
181 1.6876279758020992e-06
182 1.697030524218221e-06
183 1.2085085516994622e-06
184 1.25115551218789e-06
185 7.039166514345473e-07
186 1.7626313504549123e-06
187 1.394678896888176e-06
188 1.6236718214349258e-06
189 1.3558385929989117e-06
190 1.1459098901998824e-06
191 1.240331053945191e-06
192 8.634288693448076e-07
193 2.70541229407666e-07
194 1.2881667581157216e-06
195 9.823061915549696e-07
196 1.4410524938225586e-06
197 6.906212985708698e-07
198 4.700026230634424e-07
199 9.010506472194614e-07
200 6.859759261084725e-07
201 5.123958155775937e-07
202 1.064185162065263e-06
203 7.703378948515054e-07
204 6.558050424685121e-07
205 1.304431154236662e-06
206 1.3523856397206627e-06
207 1.2949341006008827e-06
208 9.753075745754388e-07
209 1.0682253572030789e-06
210 1.4932926999690394e-06
211 1.0411127609319706e-06
212 1.4214332001807494e-06
213 5.859097759067179e-07
214 1.5675520134496355e-06
215 1.6842897117450254e-06
216 1.4066149906705578e-06
217 1.1982075761046875e-06
218 8.480653778180617e-07
219 1.4798883254218717e-06
220 1.1504406235415174e-06
221 7.592518652872576e-07
222 9.512368113458446e-07
223 1.5048502527860336e-06
224 2.32630655314218e-07
225 1.1442291204453506e-06
226 1.2030411512202303e-06
227 7.118303373220931e-07
228 1.4195319479142752e-06
229 1.0398398968977548e-06
230 9.22632823689212e-07
231 9.210676703328026e-07
232 8.624447138148299e-07
233 1.1039896137871283e-06
234 9.282154940208418e-07
235 1.2629691678856723e-06
236 1.1011120249157647e-06
237 4.6480556601982295e-07
238 1.4147825586445282e-06
239 9.15120957929928e-07
240 1.1565719736851234e-06
241 1.0066233084180547e-06
242 1.3117767720442148e-06
243 1.2507816511139395e-06
244 6.234560826152056e-07
245 1.3307155740508315e-06
246 9.891205046744464e-07
247 1.1548095951166647e-06
248 1.3530346709098737e-06
249 1.1739752718568768e-06
250 6.486666043111035e-07
251 1.4020131204982202e-06
252 1.0168311994963744e-06
253 6.892139271912073e-07
254 1.5419988853581144e-06
255 9.405741664707637e-07
256 1.0319144850955897e-06
257 8.772046796179844e-07
258 1.8114674930968966e-06
259 8.030007457054014e-07
260 1.6018126700966336e-06
261 9.141197996906981e-07
262 5.785780228260818e-07
263 1.4646915089168514e-06
264 1.508730986678052e-06
265 1.913598610722574e-06
266 5.157137474735339e-07
267 8.197733099823388e-07
268 1.2940794409303393e-06
269 1.0762971961769252e-06
270 5.296089863584772e-07
271 1.5042543710900433e-06
272 1.3740790123274612e-06
273 1.7952416222173628e-06
274 1.6388273265277088e-06
275 9.62017204367287e-07
276 1.3400593074234864e-06
277 1.0783626810194002e-06
278 1.190128509357429e-06
279 1.0315159964784847e-06
280 1.0565990823699019e-06
281 1.0696884379960625e-06
282 9.501254640038589e-07
283 1.062214217315535e-06
284 1.0886765483816268e-06
285 8.74335158968506e-07
286 9.740289002832342e-07
287 1.3396520541472903e-06
288 1.3924718225170514e-06
289 8.672769515290151e-07
290 1.1017467740712935e-06
291 1.1703184677694566e-06
292 4.85742169036491e-07
293 3.6110133123621185e-07
294 9.151035769791114e-07
295 5.872234391410801e-07
296 1.0768727146377202e-06
297 1.0119326820765595e-06
298 1.2607586226585794e-06
299 1.125221365350884e-06
300 1.2416676155189596e-06
301 9.877864770555053e-07
302 6.830633979361165e-07
303 6.864661876430187e-07
304 4.805038224460277e-07
305 1.1953223929239365e-06
306 5.487247329412835e-07
307 1.5245079081794664e-06
308 1.6879174186263504e-06
309 7.748836602484366e-07
310 7.767291075299572e-07
311 8.01136339826157e-07
312 1.614801782573273e-06
313 1.2156904435598085e-06
314 1.1406331401739828e-06
315 1.9299396247810615e-06
316 1.0869866853745442e-06
317 8.88837109379885e-07
318 1.2750477158446312e-06
319 1.1898561678293706e-06
320 8.281372938651278e-07
321 1.4233782165864496e-06
322 3.054326250902111e-07
323 1.2283090267882464e-06
324 1.7176620373372685e-06
325 7.983949091101506e-07
326 7.805396968192498e-07
327 6.978327138174461e-07
328 1.8070399277706807e-06
329 1.0540837402570623e-06
330 6.14127685918145e-07
331 7.459616157067824e-07
332 1.0280134000759548e-06
333 7.40711301373824e-07
334 9.130019739814339e-07
335 1.3884079387169356e-06
336 1.7833905499616724e-06
337 1.4180559350601122e-06
338 9.000959361937579e-07
339 1.1346011976897374e-06
340 1.3271482620664954e-06
341 1.47087063117409e-06
342 1.379212587366098e-06
343 1.6794647235715262e-06
344 1.6512292522757513e-06
345 1.2829580455166124e-06
346 6.99987566448821e-07
347 1.261602556435455e-06
348 9.964733585738623e-07
349 1.0768436438622226e-06
350 1.3173531689079734e-06
351 7.320152749537058e-07
352 7.933855913001367e-07
353 9.377397844213877e-07
354 1.2957515789666078e-06
355 1.6576679550011828e-06
356 1.3727654136157404e-06
357 1.1327478544828631e-06
358 1.1367403429944201e-06
359 1.5762681390193187e-06
360 1.7355730201778197e-06
361 1.2965031323543142e-06
362 1.4287915405239117e-06
363 8.601758983482532e-07
364 1.0916965566943496e-06
365 5.381769681374578e-07
366 7.579657477640196e-07
367 1.093570556299313e-06
368 2.494195838521095e-07
369 1.1411605700513726e-06
370 1.30628313227431e-06
371 1.3571329333910618e-06
372 1.492224425836671e-06
373 7.511328218690638e-07
374 1.2792280753751634e-06
375 9.540120692253725e-07
376 2.8141731339380423e-07
377 9.088560104456299e-07
378 1.0227723494564181e-06
379 7.43553664403018e-07
380 4.405855754033096e-07
381 1.133507961498463e-06
382 7.059620905727721e-07
383 1.2871906328961552e-06
384 9.74912824933316e-07
385 4.559053184469412e-07
386 8.847756397772804e-07
387 8.225844647192987e-07
388 1.0563459665262898e-06
389 1.4553930561752984e-06
390 1.4085032677445426e-06
391 1.100408623342404e-06
392 1.6627733402411321e-06
393 1.6518321807465685e-06
394 1.569692190191716e-06
395 1.0996910705973656e-06
396 1.4674453868191999e-06
397 1.2987603122396866e-06
398 1.250823849112987e-06
399 5.063064554598199e-07
400 8.671789332111555e-07
401 8.373952899358748e-07
402 1.7176281533900314e-06
403 1.401866435470407e-06
404 9.687925709957983e-07
405 1.6267616495818533e-06
406 1.3376586073489676e-06
407 3.03713461563985e-07
408 3.5614825808281526e-07
409 5.684903311071784e-07
410 1.222095721734218e-06
411 1.4139935982335221e-06
412 6.269026675232292e-07
413 6.082741183302524e-07
414 1.1401939725329206e-06
415 1.0539719265119673e-06
416 1.2675314442914484e-06
417 5.104798106999189e-07
418 9.431817048759471e-07
419 6.845260017333637e-07
420 1.1127313872901598e-06
421 8.87499193804498e-07
422 8.013804917887792e-07
423 1.2406935523998941e-06
424 1.1428360019780634e-06
425 9.345896669548757e-07
426 7.10606578661712e-07
427 1.0221191692310286e-06
428 9.72674152320899e-07
429 1.0649288566615865e-06
430 1.3678873904106823e-06
431 9.823834912805022e-07
432 1.381932216257751e-06
433 1.2541720335747138e-06
434 1.7324758426593732e-06
435 2.073603096363556e-06
436 1.2872481385099258e-06
437 9.572058378633955e-07
438 6.928180432853068e-07
439 1.367511180063121e-06
440 9.501981301839429e-07
441 9.650833208794037e-07
442 1.1836767843616198e-06
443 1.3353014594404735e-06
444 1.6732251544875072e-06
445 1.482339402222743e-06
446 5.62535856347153e-07
447 1.0831959677663426e-06
448 1.2864028967960812e-06
449 1.8125164547973485e-06
450 1.4176203496025615e-06
451 1.4830755615940422e-06
452 1.1080815089623985e-06
453 1.074185266569616e-06
454 1.3216926102810219e-06
455 9.717649442028352e-07
456 8.482553157774188e-07
457 1.1786010631399116e-06
458 1.3169263291095266e-06
459 1.8573110176778712e-06
460 1.1495574345558774e-06
461 1.2707262407484649e-06
462 9.656899085256184e-07
463 1.5589098507305288e-06
464 1.2139458960545688e-06
465 1.2547222618376142e-06
466 1.0768230065403586e-06
467 1.1665594570506278e-06
468 1.3123373845312656e-06
469 1.1722347817478232e-06
470 1.130392838031915e-06
471 1.307347212154857e-06
472 1.2253985191536066e-06
473 1.3036519603743273e-06
474 7.701078810711466e-07
475 1.1895812473555074e-06
476 1.3608910127973796e-06
477 1.8977918245567053e-06
478 1.4027643687270919e-06
479 1.0361655574189686e-06
480 1.3460770039896176e-06
481 1.4314657082507625e-06
482 9.968343238548714e-07
483 7.68952081739399e-07
484 1.1451765498966943e-06
485 4.2057018523883777e-07
486 1.706874007286371e-07
487 8.307844281141225e-07
488 6.250731236664243e-07
489 4.357954669228196e-07
490 1.35514659603934e-06
491 1.3305419671922929e-06
492 8.022070444198511e-07
493 6.520828826384293e-07
494 9.599475495936396e-07
495 1.3750318909911791e-06
496 9.771078321574138e-07
497 1.5704764570729358e-06
498 1.2408475668663724e-06
499 8.651989630384165e-07
500 9.127528540620614e-07
501 1.0236176915311154e-06
502 1.5368715765182013e-06
503 3.672177129014957e-07
504 9.378329810019054e-07
505 8.197791212455954e-07
506 5.925123458118429e-07
507 2.0671729455719487e-06
508 7.268316954547176e-07
509 1.3285351573091114e-06
510 1.0985582848979748e-06
511 1.5042128539620728e-06
512 7.707873741134834e-07
513 1.3822637885687846e-06
514 1.1927095409638626e-06
515 1.059336691762784e-06
516 7.616926620013674e-07
517 7.612621388916851e-07
518 1.3922604223030118e-06
519 5.530522097743039e-07
520 2.0380371758736265e-06
521 1.4086713381686125e-06
522 1.1308731796034155e-06
523 8.313645637841514e-07
524 8.983440299030048e-07
525 1.180402066942648e-06
526 8.038827814583183e-07
527 1.3245663575519942e-06
528 7.141574397703743e-07
529 4.928335125340056e-07
530 1.0738177632870872e-06
531 7.270719981972646e-07
532 9.507788029310955e-07
533 1.1720082116416683e-06
534 6.066160249159012e-07
535 1.2150961738057418e-06
536 1.2100958141394563e-06
537 6.277032355985707e-07
538 9.184787094342686e-07
539 9.364816392149491e-07
540 7.26554332155548e-07
541 9.635234653402634e-07
542 1.2442844953548766e-06
543 9.893658959593284e-07
544 2.0639357548232785e-06
545 1.0355303462549091e-06
546 7.621949774865149e-07
547 1.7376431360764124e-06
548 1.6860533885520405e-06
549 1.5281509563529294e-06
550 1.1885694471047117e-06
551 1.1506242357294298e-06
552 9.511195862761959e-07
553 6.286485602335832e-07
554 1.7576273756203004e-06
555 1.1320195580791397e-06
556 1.5271313293447896e-06
557 1.2572539289916564e-06
558 7.92478806420504e-07
559 4.1162418753035583e-07
560 1.1376562140168398e-06
561 8.28235991030893e-07
562 4.7484120372112574e-07
563 9.014154553314788e-07
564 1.2727910663856663e-06
565 1.0761107013976262e-06
566 1.4561928352906237e-06
567 1.0442789168410752e-06
568 1.2486667973875893e-06
569 1.1681411467735482e-06
570 1.3222250034320319e-06
571 1.4185423638682576e-06
572 8.670449080795344e-07
573 1.9061077199110957e-06
574 1.5530307982450669e-06
575 1.3959140947442994e-06
576 6.848123671040067e-07
577 9.411106722927002e-07
578 1.3335439494095734e-06
579 1.627310279744598e-06
580 1.0262092122972825e-06
581 1.1160708604323643e-06
582 8.046913239085364e-07
583 5.95006148186935e-07
584 9.104792335796144e-07
585 8.209341944530493e-07
586 7.24391682457804e-07
587 1.5145663805798047e-06
588 1.1588205071477577e-06
589 1.391476617021165e-06
590 1.0023097730424968e-06
591 1.7294311984587749e-06
592 1.152419154313718e-06
593 1.3955516367035493e-06
594 1.2669880827234975e-06
595 9.161900580924373e-07
596 1.1973337447312293e-06
597 9.894835960965514e-07
598 1.5425644072287955e-06
599 8.198236795182535e-07
600 5.393901785290165e-07
601 5.764993352084609e-07
602 1.1103249709464415e-06
603 1.2132016398831341e-06
604 1.1921737967833776e-06
605 7.208288398531336e-07
606 1.132068270746659e-06
607 1.3023070104449536e-06
608 9.615555011693182e-07
609 6.41484124087938e-07
610 1.128494392212423e-06
611 1.0960873398568436e-06
612 9.655660179913589e-07
613 1.4881173120171042e-06
614 7.235138279577e-07
615 1.2195541255675954e-06
616 6.927497009630839e-07
617 8.648590270387331e-07
618 1.5292644855214931e-06
619 9.518832747350983e-07
620 1.0809512126926497e-06
621 1.3868287996407624e-06
622 1.016584740332239e-06
623 1.3010342130114068e-06
624 1.2421255529033715e-06
625 4.63463986047011e-07
626 1.1129534643060052e-06
627 1.535744963050773e-06
628 1.4407755175924566e-06
629 7.121285975775388e-07
630 1.3617431450066805e-06
631 1.8094735175728452e-06
632 1.0224204441925266e-06
633 1.063746252023982e-06
634 1.3017979803091622e-06
635 6.616033087216868e-07
636 8.032593972749912e-07
637 1.3679960940386703e-06
638 9.880944484782089e-07
639 7.59158484271165e-07
640 1.2078613955664198e-06
641 1.1542463480243163e-06
642 1.7210661213248837e-06
643 8.495600305014955e-07
644 7.029504387660788e-07
645 6.540160442944312e-07
646 1.4363006715360125e-06
647 1.1804044609370495e-06
648 1.3776936932880503e-06
649 6.175152478103788e-07
650 1.3313811189977146e-06
651 1.131111221995241e-06
652 1.255748470570199e-06
653 1.1207235611918332e-06
654 6.580571507476931e-07
655 1.1002105501667418e-06
656 1.2662952301924864e-06
657 6.090939324701774e-07
658 1.504340583990278e-06
659 9.294448000323221e-07
660 1.3837245137775947e-06
661 9.930887738054901e-07
662 1.1355165937576038e-06
663 1.5177630653857154e-06
664 1.5273050496352946e-06
665 1.9067806378746088e-06
666 1.0672700931580034e-06
667 9.491923757764834e-07
668 1.324483230375839e-06
669 1.0310413363229349e-06
670 1.9529246932003602e-06
671 1.1904432135857565e-06
672 1.1080146820782613e-06
673 1.233117653194385e-06
674 1.1699737044517237e-06
675 1.5832423388840553e-06
676 1.0781643239176268e-06
677 4.961572617947455e-07
678 1.1458736492863142e-06
679 5.014516215068982e-07
680 9.431328888815728e-07
681 1.0456052210142657e-06
682 4.882971570039741e-07
683 1.4646495678886204e-06
684 3.5881541119862145e-07
685 8.345638146629894e-07
686 7.683521905545365e-07
687 7.958846355440374e-07
688 5.736049444503176e-07
689 1.6116667110425325e-06
690 1.0361787473368125e-06
691 7.381341516172952e-07
692 9.426387019193324e-07
693 1.147740204298506e-06
694 1.5465183468461815e-06
695 8.324632281705978e-07
696 7.203351558521212e-07
697 6.27647804642019e-07
698 1.3442775313776593e-06
699 1.493814205526797e-06
700 1.9785527200820114e-06
701 3.297652576141046e-07
702 1.1650872998476005e-06
703 1.175998234921743e-06
704 6.262959372175605e-07
705 1.0599794062734735e-06
706 1.0289349071787253e-06
707 1.1026952220017678e-06
708 1.851861750244926e-06
709 1.4700577532046301e-06
710 9.484967025400181e-07
711 1.1340955542578428e-06
712 1.4016072032093531e-06
713 1.0726443134258499e-06
714 1.7880140970682997e-06
715 1.1683022874268583e-06
716 9.787315379433253e-07
717 1.0527041647748007e-06
718 7.703137291122057e-07
719 9.155618180313889e-07
720 3.2564815128697653e-07
721 8.495690327386134e-07
722 1.0304153986939646e-06
723 1.2200825673925879e-06
724 1.1260110155608027e-06
725 1.2723693460445908e-06
726 1.322239679996028e-06
727 1.3757744802619235e-06
728 1.5139916416669172e-06
729 7.726196276973917e-07
730 8.806446293771812e-07
731 4.144783055681611e-07
732 1.0407821938777651e-06
733 1.2627446440718008e-06
734 9.760702051432291e-07
735 7.825814366033793e-07
736 1.4604461705237459e-06
737 1.1929703002106547e-06
738 1.0275142412566025e-06
739 4.041496499694793e-07
740 1.4634826602934019e-06
741 1.2186740612359918e-06
742 1.909714316411549e-06
743 1.6992620004649338e-06
744 8.07212031340897e-07
745 8.630588296645436e-07
746 1.1071481416050748e-06
747 9.637417383319876e-07
748 1.4279423553880274e-06
749 1.2824992966119472e-06
750 1.1601579747943487e-06
751 3.9951159156322186e-07
752 1.685007191116299e-06
753 1.8436737845334967e-06
754 1.423388122498201e-06
755 1.2568005881454853e-06
756 1.190960031573256e-06
757 9.091459653479191e-07
758 1.7912102910890056e-06
759 1.540189803486511e-06
760 1.4104578673394498e-06
761 1.273445737876735e-06
762 1.1838485867938586e-06
763 1.2495030710169185e-06
764 9.7948465092251e-07
765 8.744807791812581e-07
766 1.030006906419861e-06
767 1.42989445019923e-06
768 7.918546240847721e-07
769 4.846738110599572e-07
770 1.0217294194671236e-06
771 8.092689301269775e-07
772 9.264108984578081e-07
773 1.0192415762784027e-06
774 1.3908662381710816e-06
775 1.1319155725164231e-06
776 9.279230624964927e-07
777 1.1655578413811688e-06
778 1.0806276625732497e-06
779 1.018586363961483e-06
780 1.2306878040508452e-06
781 4.111644963709547e-07
782 1.2158136388148086e-06
783 1.0803256843633412e-06
784 1.4334538777672776e-06
785 1.162676219213106e-06
786 7.358511768102871e-07
787 1.0193764159201823e-06
788 7.321689405612204e-07
789 8.340099596538362e-07
790 7.071572317632678e-07
791 4.17255292101829e-07
792 1.4391064875609292e-06
793 8.342213453557909e-07
794 1.3612410421753813e-06
795 8.209032329482579e-07
796 9.390083202769461e-07
797 1.3316177525402462e-06
798 1.087759288669287e-06
799 5.478380335552641e-07
800 1.4088752970675028e-06
801 1.4046976563290488e-06
802 7.794018783067045e-07
803 8.283444030035171e-07
804 7.988592516740604e-07
805 5.277793719616163e-07
806 9.599571976880544e-07
807 1.379055541722492e-06
808 1.0612863849556565e-06
809 1.6571752668204078e-06
810 1.371266728180559e-06
811 6.785200955935392e-07
812 1.1087503984869776e-06
813 1.13927431974564e-06
814 6.742535259040531e-07
815 8.620125895577641e-07
816 9.249683444365773e-07
817 1.2209322991641965e-06
818 1.4192235095560756e-06
819 1.0132894016812518e-06
820 1.094956975966526e-07
821 7.55936872443156e-07
822 1.0002285711806166e-06
823 9.585240662274367e-07
824 8.356433665990561e-07
825 9.570923863241405e-07
826 1.0895145014287243e-06
827 1.3074162724235198e-06
828 6.758414177873817e-07
829 5.317264452379422e-07
830 1.7561858106544522e-06
831 1.0952375263098206e-06
832 1.413347464652343e-06
833 1.10081731931859e-06
834 8.294985182045427e-07
835 9.64674439691495e-07
836 9.541138919212385e-07
837 1.4201243779572419e-06
838 1.4355839974284097e-06
839 1.4830062530250734e-06
840 5.280430895489204e-07
841 1.0479238940975947e-06
842 1.8949813554589037e-06
843 1.3823090264488671e-06
844 1.660371212532602e-06
845 6.428832897626854e-07
846 1.0649156386515572e-06
847 1.2307160350706218e-06
848 1.1706983034616166e-06
849 1.2726293586057665e-06
850 2.53165094764482e-07
851 5.036685725489496e-07
852 7.406148126909524e-07
853 1.4142243813047444e-06
854 8.461910952531141e-07
855 1.385381829258602e-06
856 1.3301672623530474e-06
857 1.510770683968307e-06
858 1.1770086299057082e-06
859 7.422417125237617e-07
860 1.4381042971719956e-06
861 1.2215258380462355e-06
862 1.4010978371220379e-06
863 1.5332860300287868e-06
864 1.188947499819563e-06
865 8.733957415965778e-07
866 6.43807161470335e-07
867 7.316872285334752e-07
868 1.2043259909192346e-06
869 1.0788884211320372e-06
870 9.464402268455256e-07
871 7.034059103640806e-07
872 1.0494610772050902e-06
873 3.34666506337972e-07
874 9.239472187330219e-07
875 1.4753431851076788e-06
876 5.237451333605809e-07
877 1.792143327072213e-06
878 1.2702299001145847e-06
879 1.5811228489118018e-06
880 8.096292802158634e-07
881 1.360160325032173e-06
882 1.481182341719919e-06
883 1.9897711867011623e-06
884 8.285031045836334e-07
885 1.6402055927898692e-06
886 3.1155840445732743e-07
887 1.121807712545416e-06
888 7.395316828800203e-07
889 1.2062729295102225e-06
890 1.7205519265353663e-06
891 9.243333303010225e-07
892 1.2824225681371413e-06
893 1.4912487953079732e-06
894 1.0029001869659742e-06
895 6.543229220595327e-07
896 4.5282485180265554e-07
897 3.037186588814385e-07
898 9.139078159724916e-07
899 1.3594689346014728e-06
900 9.677630347470759e-07
901 1.0488828595258584e-06
902 4.5826191083733624e-07
903 1.17197182348325e-06
904 1.9400539882452595e-06
905 5.310057091747953e-07
906 1.7600884377304115e-06
907 1.2752213190202314e-06
908 1.3937587982852065e-06
909 1.516970033005356e-06
910 1.1506267330757907e-06
911 1.1664579455014983e-06
912 1.2696271128443878e-06
913 6.713835180030921e-07
914 1.1676485809282353e-06
915 1.3258216640845602e-06
916 1.677461209952736e-06
917 9.303429355406912e-07
918 1.0074146118069004e-06
919 1.4230761534309098e-06
920 1.030914173132013e-06
921 1.5741862395924693e-06
922 4.895230687990052e-07
923 6.163540087683005e-07
924 4.934628541560845e-07
925 5.17870066797287e-07
926 1.5915566089430112e-06
927 5.658116994115414e-07
928 6.131778689311882e-07
929 1.2279317351744195e-06
930 1.810454215847519e-06
931 9.12907745818565e-07
932 1.0592291972817673e-06
933 1.492674632073789e-06
934 7.265260975097339e-07
935 8.051526672354803e-07
936 1.4732705722994335e-06
937 6.127242721740759e-07
938 1.1509825365934733e-06
939 1.2277470021325623e-06
940 1.2440456010732415e-06
941 9.565115811191077e-07
942 1.7429138980970804e-06
943 6.834689937914874e-07
944 9.993488748073183e-07
945 1.7082330540320024e-06
946 1.3410946379848277e-06
947 1.6942304108242528e-06
948 1.4472589925157929e-06
949 1.514151955249077e-06
950 1.251397383250358e-07
951 1.5751608081137814e-06
952 1.4741310705855666e-06
953 1.1263939075502334e-06
954 1.2375637157568074e-06
955 1.2713129855986731e-06
956 1.0995780703392821e-06
957 1.5725975117473795e-06
958 9.362803980259306e-07
959 2.2149655382117402e-07
960 1.0778510016037404e-06
961 1.1439375261208645e-06
962 1.3130616208168331e-06
963 1.2891301454986848e-06
964 1.0798810929403765e-06
965 1.4858738659983725e-06
966 1.4282106869946904e-06
967 4.1524664158453236e-07
968 1.0588799214228558e-06
969 9.680720114601582e-07
970 1.0214164220164762e-06
971 9.766839997647413e-07
972 1.160949010371888e-06
973 9.822653306768207e-07
974 9.209465180890233e-07
975 8.43469513694078e-07
976 8.473546802466779e-07
977 3.8964696402966404e-07
978 1.0144173068661959e-06
979 1.9726020443509768e-06
980 1.4698615822992907e-06
981 7.301903871682698e-07
982 9.166732646917664e-07
983 1.0698171433265042e-06
984 1.0962689367795638e-06
985 1.2688244169548726e-06
986 1.7596571237070407e-06
987 8.664642964248364e-07
988 1.2554993264954556e-06
989 9.053196715069505e-07
990 4.254823235512844e-07
991 9.766730958129937e-07
992 1.0042038593078677e-06
993 1.011354371261507e-06
994 6.773874326382713e-07
995 9.451224708898511e-07
996 1.6075689324409516e-06
997 1.2737716041609516e-06
998 1.361990483001108e-06
999 1.3772411222074043e-06
