0 9.929268668990832e-07
1 8.482722788586528e-07
2 1.0972387654657374e-06
3 9.906031558228773e-07
4 9.524147716253526e-07
5 8.379857471124373e-07
6 1.0806731105834924e-06
7 1.1209940389835051e-06
8 9.29358432284625e-07
9 8.53675592179413e-07
10 7.995685746037297e-07
11 1.0592889972887052e-06
12 9.64089821129782e-07
13 1.1836263368649395e-06
14 9.580983753116625e-07
15 1.135718266825738e-06
16 9.793166011561783e-07
17 1.1295983819527574e-06
18 1.1643369173196228e-06
19 9.821042986049535e-07
20 7.985477520341916e-07
21 8.796652500765172e-07
22 9.64910656575635e-07
23 1.0788867750028187e-06
24 1.2014843373521485e-06
25 1.0854143738189754e-06
26 7.942125005634032e-07
27 9.56020865878147e-07
28 9.981757342803803e-07
29 1.1305046618949971e-06
30 1.2454873935733486e-06
31 1.0469579214939395e-06
32 1.154573783917089e-06
33 7.106124747847206e-07
34 1.0982681631461553e-06
35 7.664755408531086e-07
36 1.0254681165754233e-06
37 1.1066761532147139e-06
38 7.846517873018994e-07
39 1.162155985925386e-06
40 9.820236853616032e-07
41 1.0678872752212622e-06
42 8.145119095202757e-07
43 1.1182745319925144e-06
44 1.0191536399202594e-06
45 1.0334813227147666e-06
46 1.067629852677154e-06
47 1.1639631877704527e-06
48 1.0073197586917775e-06
49 1.215492217746323e-06
50 9.791195239133902e-07
51 8.141929574299645e-07
52 1.1238109219777831e-06
53 8.58202287417871e-07
54 1.0996758820686704e-06
55 9.85327277361737e-07
56 1.1915245360564065e-06
57 9.562430943289602e-07
58 7.101417088359843e-07
59 8.659854065122839e-07
60 1.0461590128824023e-06
61 9.513541122124863e-07
62 9.005494231492324e-07
63 8.922306236937151e-07
64 1.0881027312398108e-06
65 1.1459239018707942e-06
66 1.1819721462513137e-06
67 1.1679810471383163e-06
68 1.1107832843700892e-06
69 9.396736557924467e-07
70 9.668907631420217e-07
71 1.0819442775591205e-06
72 1.0069993091806016e-06
73 6.856192971020837e-07
74 1.2839036627058047e-06
75 1.146737164990949e-06
76 1.1135659886656359e-06
77 1.178070191936765e-06
78 1.1871318830064097e-06
79 1.1668673404166143e-06
80 9.394886817313192e-07
81 8.036349578263088e-07
82 8.188006839018152e-07
83 9.38936853358339e-07
84 1.3310764879444422e-06
85 7.770909807678033e-07
86 1.043643909266487e-06
87 1.0736336311834372e-06
88 1.169237772220543e-06
89 1.0028375489045295e-06
90 8.217862114173537e-07
91 1.0700345396042455e-06
92 1.0356777657334749e-06
93 9.378354157144083e-07
94 1.00606278130041e-06
95 7.963281462318745e-07
96 9.065076856817288e-07
97 1.0379930528866214e-06
98 9.023688234442898e-07
99 9.169542764520479e-07
100 1.0573115295054295e-06
101 1.1826339771579621e-06
102 7.508506158760493e-07
103 1.2841029191207177e-06
104 1.1756559272250807e-06
105 1.142047832321309e-06
106 7.937435165232819e-07
107 1.0167539790880372e-06
108 1.0558633378289363e-06
109 7.614110435956737e-07
110 8.224036547208373e-07
111 1.094626195888057e-06
112 1.0098274764787193e-06
113 1.1665295985692669e-06
114 9.069035555540317e-07
115 8.493636561432169e-07
116 9.718846479483737e-07
117 1.0238911468401314e-06
118 1.1323875544863086e-06
119 1.0061789873855604e-06
120 1.0699481453401263e-06
121 9.288866173439306e-07
122 1.0943535432444272e-06
123 8.340944251924546e-07
124 1.0764944767184708e-06
125 8.759915183430783e-07
126 1.0062473849889228e-06
127 9.499338486765884e-07
128 8.340023703546613e-07
129 1.0869341114183776e-06
130 7.90441923512293e-07
131 8.93133886228768e-07
132 1.006859682668715e-06
133 1.118569929758767e-06
134 9.464887949497441e-07
135 1.0069873273086274e-06
136 1.1908885984450144e-06
137 1.1843880296388622e-06
138 1.2949133961468969e-06
139 1.3323629268888162e-06
140 1.0696792514933356e-06
141 8.1044120769349e-07
142 9.78851595951672e-07
143 1.024201340504368e-06
144 1.0526085119841898e-06
145 9.898725965845268e-07
146 1.1050087655436416e-06
147 1.1064472582153611e-06
148 7.967665049832223e-07
149 1.1795528811881544e-06
150 1.1277227845919099e-06
151 9.782060170553008e-07
152 9.5713140000858e-07
153 1.0408984464936776e-06
154 1.100254537114929e-06
155 1.1648386426170074e-06
156 1.382063332656577e-06
157 1.0006402890983275e-06
158 1.2454760750421152e-06
159 9.554169296344115e-07
160 1.0506739248964957e-06
161 1.0233466000771082e-06
162 9.824057949264994e-07
163 1.1008958513038932e-06
164 9.410826945511701e-07
165 9.050668845996884e-07
166 1.2333563185583394e-06
167 1.1616647987899417e-06
168 1.054119618549098e-06
169 9.488185387892364e-07
170 9.26503511596322e-07
171 7.465172075001024e-07
172 8.368774634163075e-07
173 9.728138365970354e-07
174 8.817395506912972e-07
175 1.088300972206547e-06
176 1.1219963197781161e-06
177 9.574417746359204e-07
178 9.86529010233529e-07
179 9.536176828599866e-07
180 9.307763952395094e-07
181 1.0104766897855722e-06
182 1.1589336302825317e-06
183 9.598940165622893e-07
184 1.0019501134748269e-06
185 8.54311480947311e-07
186 1.320527174094496e-06
187 1.1941592860774451e-06
188 1.1719305787091143e-06
189 1.1058140725485268e-06
190 1.1129329310625855e-06
191 1.189090721121257e-06
192 9.499438796138692e-07
193 9.31676845212882e-07
194 1.2217199634162843e-06
195 9.080134508970735e-07
196 1.1738289026701088e-06
197 7.21643420176607e-07
198 1.0022934863125808e-06
199 7.560966785304348e-07
200 9.247985332459561e-07
201 1.0350053671493308e-06
202 9.302560780974637e-07
203 1.1903914647699168e-06
204 9.18569669899288e-07
205 8.680198647566092e-07
206 8.981023158888783e-07
207 9.125771382013895e-07
208 9.608133509293166e-07
209 9.943822699853957e-07
210 1.156061903722605e-06
211 1.075729327538692e-06
212 9.97603695342409e-07
213 8.412159667510587e-07
214 1.1309356132485984e-06
215 1.1528170976557275e-06
216 1.1044261076173463e-06
217 1.1694055365284915e-06
218 1.0302277320497406e-06
219 8.929730237031693e-07
220 9.784881131313183e-07
221 7.960595712981079e-07
222 9.095835109500106e-07
223 1.0380398492685707e-06
224 1.062008518584046e-06
225 1.1279906427484112e-06
226 1.057343022057927e-06
227 9.85403049697919e-07
228 1.0320598458325925e-06
229 8.442809728587177e-07
230 8.054553302332248e-07
231 1.235100477885507e-06
232 1.0569089324467396e-06
233 8.807175919819459e-07
234 8.928287098762554e-07
235 1.0814205591539356e-06
236 1.1526248447135887e-06
237 9.143716581544817e-07
238 1.3129634407577389e-06
239 9.483156117169567e-07
240 1.0608727750285807e-06
241 1.0415409137462692e-06
242 1.1856245065807972e-06
243 9.3213569639702e-07
244 1.1787841575507943e-06
245 8.549172131653309e-07
246 1.0715706990070735e-06
247 1.218070133363577e-06
248 8.135614898156021e-07
249 1.0832666842266825e-06
250 1.0055284211637768e-06
251 9.928020222092823e-07
252 1.1846285316354203e-06
253 1.0237175498511932e-06
254 1.0881336273314788e-06
255 8.349296843682714e-07
256 1.0337979062500219e-06
257 9.68047325752335e-07
258 1.1131428116569888e-06
259 1.157799632956867e-06
260 1.102792209444224e-06
261 1.131213153310331e-06
262 7.295449899067277e-07
263 1.1583723855281726e-06
264 1.0262432278767867e-06
265 1.060385199857374e-06
266 9.135480885006195e-07
267 9.258571515780316e-07
268 1.0035080916511689e-06
269 9.742829964488926e-07
270 8.546242379057545e-07
271 1.0005335410460227e-06
272 1.0526432862490493e-06
273 1.0663440109126747e-06
274 8.795494376620958e-07
275 1.2502506749787505e-06
276 1.1214783041098166e-06
277 1.1147021153466707e-06
278 1.1166557145255462e-06
279 1.167610795072881e-06
280 8.540059001611932e-07
281 9.732131042082756e-07
282 1.1831016777644756e-06
283 1.0336825493079317e-06
284 1.1157091153539387e-06
285 1.0085904123273068e-06
286 8.229078045736074e-07
287 9.330665530112227e-07
288 1.1236808303657696e-06
289 8.764255041526566e-07
290 1.1389950822125565e-06
291 1.2787665997930011e-06
292 1.2629254110156932e-06
293 9.254051365622462e-07
294 1.3019233948381509e-06
295 1.0709998075808304e-06
296 1.0199065371239636e-06
297 9.938157245076705e-07
298 9.72546349808711e-07
299 1.053536174114492e-06
300 1.1459005618779807e-06
301 9.85767394077838e-07
302 9.161509597387392e-07
303 8.209500976916794e-07
304 9.078544196263506e-07
305 1.0267116154446293e-06
306 1.0681459093722589e-06
307 1.091302508522234e-06
308 1.1314133380502093e-06
309 8.977300543455598e-07
310 9.89479202578343e-07
311 8.221506963494026e-07
312 1.234471606049142e-06
313 1.0568614775620639e-06
314 1.0588273939913846e-06
315 1.2086906327039325e-06
316 9.917292559042251e-07
317 8.712116291738727e-07
318 1.0432532495530225e-06
319 1.1244875434207816e-06
320 8.882106726578278e-07
321 1.2128101650623348e-06
322 6.921563111303221e-07
323 9.366049392345004e-07
324 1.0399178806118308e-06
325 7.86603249661178e-07
326 8.533606739172152e-07
327 1.211648195770345e-06
328 1.1966540109963061e-06
329 1.2144365254832298e-06
330 1.014873557825864e-06
331 8.712599511872069e-07
332 1.3025898812005995e-06
333 1.0560946909443125e-06
334 9.560534964310192e-07
335 9.55428177125885e-07
336 1.0423210035261758e-06
337 1.0307703898811961e-06
338 1.0358674655151616e-06
339 8.931675676936584e-07
340 1.128033277944687e-06
341 1.2660182402271862e-06
342 1.3260212459178317e-06
343 1.30547174822722e-06
344 1.2197661195779346e-06
345 1.2045726148675104e-06
346 8.510375141707026e-07
347 1.0575415290358913e-06
348 1.2745620743492072e-06
349 1.117502782423238e-06
350 8.236538386171148e-07
351 9.32955407998183e-07
352 1.018595009441733e-06
353 8.549247216019929e-07
354 1.137834344896692e-06
355 1.172327862733326e-06
356 1.0076360089146934e-06
357 1.1245541601149063e-06
358 7.263309344563397e-07
359 1.243120181765147e-06
360 1.096760899637843e-06
361 9.984255169899825e-07
362 1.3564066071900005e-06
363 6.493836134536544e-07
364 9.905100506387786e-07
365 8.829668342071415e-07
366 1.0999411512247034e-06
367 1.0844621498241361e-06
368 8.621545499119418e-07
369 1.0080890087657039e-06
370 1.1995169395705394e-06
371 1.230155808354317e-06
372 1.2374896783283526e-06
373 9.145308129371435e-07
374 8.843390911519971e-07
375 1.0808020931921998e-06
376 1.116823735052966e-06
377 1.2293931620578994e-06
378 1.0557223544363754e-06
379 1.0733383515876052e-06
380 8.79458184546004e-07
381 1.1250084233000963e-06
382 1.0187267533597536e-06
383 8.614845629781827e-07
384 1.1804474423387226e-06
385 7.632437972137963e-07
386 9.551597335952811e-07
387 6.576485050754601e-07
388 1.0447414167556402e-06
389 9.70523129873708e-07
390 1.1450685520741155e-06
391 1.0719354670252853e-06
392 1.3673478322435824e-06
393 1.0954017897006957e-06
394 1.1666912904825993e-06
395 8.999951498521514e-07
396 1.2081484253407996e-06
397 8.894453829718737e-07
398 9.107342314834491e-07
399 9.472983748718411e-07
400 9.436789903459913e-07
401 9.339883274639494e-07
402 1.3306795978631088e-06
403 1.1016823450891066e-06
404 8.153837799448378e-07
405 1.037036409993334e-06
406 9.593308803384304e-07
407 7.259231087662233e-07
408 1.0443881340930864e-06
409 1.0301747101278891e-06
410 1.0550998656081412e-06
411 9.013008549036472e-07
412 7.968435587512133e-07
413 9.54894446513032e-07
414 1.0447720221584293e-06
415 1.1893607108887112e-06
416 1.186624293905931e-06
417 8.648373372040909e-07
418 1.1637251880852177e-06
419 9.287241974504244e-07
420 1.158619865061768e-06
421 9.939060426219249e-07
422 8.949198582348217e-07
423 1.1908126181082948e-06
424 1.0772417952499392e-06
425 1.1081565219820178e-06
426 8.040815363078642e-07
427 1.0458127127575477e-06
428 1.006740658497227e-06
429 9.752779000345777e-07
430 1.1348025952524386e-06
431 1.0239908381814358e-06
432 1.0979583527441778e-06
433 1.0592672587696306e-06
434 1.240844326623908e-06
435 1.0996461115960619e-06
436 1.4188705251369828e-06
437 8.792575183488193e-07
438 9.345354650404553e-07
439 1.0161153124430024e-06
440 1.1956220346223195e-06
441 1.0287363069817876e-06
442 1.1122476592970334e-06
443 1.0202846304169422e-06
444 1.0353679338092833e-06
445 9.6893276318666e-07
446 9.944520402167463e-07
447 9.776471364506898e-07
448 1.0651847557804537e-06
449 1.1042152847425073e-06
450 8.827154128056138e-07
451 1.1871139491499735e-06
452 1.121838598197922e-06
453 1.0450217313491126e-06
454 1.169795485479717e-06
455 1.2199850612872052e-06
456 1.0990958370789249e-06
457 1.0366942935292454e-06
458 1.168147891007605e-06
459 9.594172451468584e-07
460 8.313209451088663e-07
461 9.09750571915923e-07
462 1.1045478174339205e-06
463 8.875084672721878e-07
464 1.32367495213221e-06
465 8.98536699244232e-07
466 9.611800832451841e-07
467 1.0350709444243808e-06
468 1.1246869734621374e-06
469 1.088530372270194e-06
470 1.1572077215827928e-06
471 9.524507759925559e-07
472 8.943075264994646e-07
473 1.0688508194405842e-06
474 1.0411311143731486e-06
475 9.388284035835306e-07
476 1.08606850738737e-06
477 1.2421107330494187e-06
478 1.0555374107297236e-06
479 8.508520924796489e-07
480 9.980750129879392e-07
481 1.1911450012344987e-06
482 1.197788405244108e-06
483 9.38717121725866e-07
484 9.994785993088709e-07
485 1.0334717111763352e-06
486 9.014150701712548e-07
487 1.0537617437215645e-06
488 8.928268707725306e-07
489 8.413389785018817e-07
490 1.2022621369487264e-06
491 1.0408548301230704e-06
492 8.996123984312798e-07
493 9.014720678085175e-07
494 9.429036451083243e-07
495 1.1413275618328927e-06
496 1.0636481491288745e-06
497 1.2287860348925374e-06
498 8.910919723404978e-07
499 8.640491962866209e-07
500 1.0966963405863622e-06
501 1.011869001057015e-06
502 1.1357996069092656e-06
503 1.193791862477994e-06
504 8.614399211342048e-07
505 8.609162686524644e-07
506 9.840465255728307e-07
507 1.2122513047453824e-06
508 1.1098421495283369e-06
509 1.0996107223556543e-06
510 1.1182698499136614e-06
511 1.1493976321807596e-06
512 8.749960291126167e-07
513 1.032731583638185e-06
514 1.0088994790252987e-06
515 1.0230026239469967e-06
516 9.432248381000411e-07
517 1.035126915607785e-06
518 1.097238205665442e-06
519 8.708776560925722e-07
520 1.3449578317530875e-06
521 1.1008778083669206e-06
522 1.0149164525532963e-06
523 8.71580374592681e-07
524 9.822417494251977e-07
525 1.0470349157614636e-06
526 9.709129738947406e-07
527 1.0957909956931027e-06
528 9.015070926589953e-07
529 1.0633652518551063e-06
530 1.1782721454878792e-06
531 1.2522561352491967e-06
532 8.265055782782093e-07
533 9.904438455375377e-07
534 9.229428124815206e-07
535 9.033648839451228e-07
536 1.16944572375452e-06
537 9.107677989546347e-07
538 1.1591658089218297e-06
539 9.432297953118085e-07
540 9.565322072093833e-07
541 9.568478180734938e-07
542 9.872780171675453e-07
543 1.1393209642429325e-06
544 1.4137886633261917e-06
545 1.0346875847083043e-06
546 1.0576776233217695e-06
547 9.011860607703851e-07
548 1.0310020383505759e-06
549 1.02156212052553e-06
550 8.528643443011113e-07
551 1.2845683486300141e-06
552 1.2242675110594165e-06
553 9.033209204388758e-07
554 9.676285045883287e-07
555 8.393063957607506e-07
556 8.974878635374736e-07
557 9.61288062304413e-07
558 8.293116381035278e-07
559 7.96446952702792e-07
560 9.530008186695673e-07
561 9.334757914664892e-07
562 9.676550655580414e-07
563 1.145368244180525e-06
564 1.0921329455843027e-06
565 8.167925995718214e-07
566 1.1051022051271793e-06
567 1.1841910007898e-06
568 8.975469038214737e-07
569 1.180582617074346e-06
570 1.145866267666909e-06
571 1.0952191916577204e-06
572 1.06974757172258e-06
573 1.2301187261888185e-06
574 9.687483510829424e-07
575 7.887782172599073e-07
576 7.698624851856783e-07
577 9.904725031684683e-07
578 1.1318314566908768e-06
579 1.122061558006509e-06
580 9.788095762269166e-07
581 9.705855527100923e-07
582 9.125998781403848e-07
583 8.298982678456358e-07
584 1.0542333881288458e-06
585 1.0333422871797365e-06
586 8.973902279427205e-07
587 1.052347768164746e-06
588 9.691727631748858e-07
589 1.1245172522844156e-06
590 9.627154693170658e-07
591 1.0455395399473758e-06
592 8.041628127625317e-07
593 1.2026256474226928e-06
594 1.0215874315469827e-06
595 9.825313288499682e-07
596 1.086353032779678e-06
597 7.320373507999621e-07
598 1.160089806411879e-06
599 1.0121876939710207e-06
600 9.607789819945063e-07
601 9.414910017615507e-07
602 1.0221005916237979e-06
603 9.833833760199318e-07
604 1.0807226864293972e-06
605 9.091124169427569e-07
606 7.684459510435797e-07
607 1.0833269280950082e-06
608 1.1192930859924397e-06
609 9.342170698573197e-07
610 1.0617890088288671e-06
611 1.1462452967161307e-06
612 1.0654666192654313e-06
613 1.1229262445392258e-06
614 8.999316688735031e-07
615 1.083690882179106e-06
616 8.263104547967136e-07
617 1.140910937835338e-06
618 1.030342148516219e-06
619 1.197733907708875e-06
620 1.0850253277929663e-06
621 1.0366297065163247e-06
622 8.926158614213709e-07
623 1.2282675087827542e-06
624 1.2107749077650783e-06
625 8.455113061286019e-07
626 1.2952541584728795e-06
627 1.1875928988245298e-06
628 1.107829766186049e-06
629 1.1050264524794895e-06
630 1.294586091252248e-06
631 1.2459435771688448e-06
632 1.0502934251225662e-06
633 8.390790631346965e-07
634 7.024325382820961e-07
635 1.0018371826264775e-06
636 1.0153357826726884e-06
637 1.1094454731348112e-06
638 1.0023667705788535e-06
639 1.162479315864249e-06
640 1.0852347996358316e-06
641 1.031665466864879e-06
642 1.374095094479896e-06
643 8.507113383305963e-07
644 1.0120361610428592e-06
645 1.0341662735286228e-06
646 1.1754691861631011e-06
647 1.0374078985480867e-06
648 9.175308337438391e-07
649 9.305062004592849e-07
650 8.6465841456313e-07
651 1.0733666534402782e-06
652 9.319977465875573e-07
653 9.91436279972631e-07
654 7.771853989885424e-07
655 1.1179968494469207e-06
656 1.0932686133992466e-06
657 8.484067829756265e-07
658 9.130598546403722e-07
659 1.1400303630674344e-06
660 1.1055686508779944e-06
661 7.381975616055924e-07
662 9.673021993537797e-07
663 1.0425113575016902e-06
664 1.159067213617823e-06
665 1.4110104240883909e-06
666 8.073212349052982e-07
667 8.963068874028989e-07
668 1.148341821274727e-06
669 9.07800915823661e-07
670 1.276513849353967e-06
671 1.0372718417692919e-06
672 8.875127552534891e-07
673 9.956414671119109e-07
674 8.880111890248065e-07
675 1.22398489344403e-06
676 1.1060421932222525e-06
677 9.80353566472527e-07
678 1.019730874845817e-06
679 1.0260204305025144e-06
680 1.0258467125211546e-06
681 9.256732669925276e-07
682 1.1468580442408187e-06
683 9.194912096761776e-07
684 9.596952535796582e-07
685 9.339697545244746e-07
686 1.0292353272396584e-06
687 1.0763337310815265e-06
688 8.096195343349779e-07
689 1.0784536566553133e-06
690 9.59035541835597e-07
691 1.0244617788988639e-06
692 9.170294092958145e-07
693 8.574624885640959e-07
694 1.0885465339378331e-06
695 9.616089332191125e-07
696 1.1568115807322436e-06
697 8.397378197288543e-07
698 1.0838204164018736e-06
699 1.1059581068199111e-06
700 1.0831622732561213e-06
701 9.261767130331989e-07
702 8.555088466289512e-07
703 9.233294103353394e-07
704 8.856521975007438e-07
705 9.784395786300737e-07
706 9.645472611658813e-07
707 8.456656132135992e-07
708 1.087339097078397e-06
709 1.1319650859601483e-06
710 1.156516688238311e-06
711 7.105527450936135e-07
712 1.2321111175899718e-06
713 8.821423977185674e-07
714 1.0173718643492831e-06
715 1.0879800020941251e-06
716 1.0938742578141193e-06
717 1.143983083633351e-06
718 9.624351527333708e-07
719 1.0466857783354385e-06
720 8.219592828530155e-07
721 9.195990982236191e-07
722 1.2025882212510388e-06
723 1.0030564791899518e-06
724 8.290923851690444e-07
725 1.071597950343551e-06
726 1.2167301818723493e-06
727 1.1028621097824523e-06
728 1.1295834740964103e-06
729 9.961360283246524e-07
730 9.683708553861746e-07
731 9.070509451699095e-07
732 9.590862512958337e-07
733 1.2204666115860838e-06
734 1.002804615558027e-06
735 9.801023303020267e-07
736 8.371720459653308e-07
737 1.1091329158007072e-06
738 8.241057711122053e-07
739 8.756694907356537e-07
740 8.69101746882342e-07
741 1.0802124433307553e-06
742 1.280058778928164e-06
743 1.2084344663953389e-06
744 1.1912624376646783e-06
745 9.205675607091787e-07
746 1.0908637861541671e-06
747 1.034334765589894e-06
748 1.216770258717304e-06
749 9.83912997661256e-07
750 1.048746912818302e-06
751 8.697812617400119e-07
752 1.0782309922371293e-06
753 1.152260620871695e-06
754 8.92424421030967e-07
755 8.493246913741453e-07
756 1.02376570851082e-06
757 8.979336560931182e-07
758 1.3823112727470952e-06
759 1.2621576261095436e-06
760 1.1634219436424317e-06
761 9.262815720759854e-07
762 1.1434617657626575e-06
763 1.0964839058301604e-06
764 8.107614881599732e-07
765 9.992709083500893e-07
766 9.503128228072227e-07
767 1.0346549937425808e-06
768 1.1649575862678792e-06
769 7.801311626801287e-07
770 1.136171910438871e-06
771 1.076702492257586e-06
772 7.985922058805459e-07
773 9.325737248887269e-07
774 1.0187790886050418e-06
775 1.1248259465797645e-06
776 1.1134031235580655e-06
777 8.849888092952585e-07
778 1.0351687922418401e-06
779 1.3120639213990622e-06
780 1.1256174414506678e-06
781 8.695627605755e-07
782 7.450143046658322e-07
783 8.952670360545695e-07
784 1.0293311479733104e-06
785 9.891126983575371e-07
786 1.103107717907682e-06
787 1.0126337274765184e-06
788 8.992613725536914e-07
789 1.007240069009076e-06
790 8.019991302832007e-07
791 9.99369487775178e-07
792 1.0546952199126271e-06
793 1.0724678435839558e-06
794 1.060797662890803e-06
795 9.313203027419594e-07
796 9.094702366308652e-07
797 1.1399249679743034e-06
798 1.038194157480548e-06
799 5.839621090184059e-07
800 8.364419316514713e-07
801 7.50472548077619e-07
802 8.354489037689158e-07
803 9.282314534453846e-07
804 9.008693457788523e-07
805 9.623880399534646e-07
806 1.0999933654052085e-06
807 9.550791276787226e-07
808 9.768620429804113e-07
809 1.2759873105458971e-06
810 1.2922128090790386e-06
811 9.662877994206047e-07
812 9.89518758399328e-07
813 9.184800600008802e-07
814 1.0992278203789343e-06
815 1.0868723588534664e-06
816 9.307461078795171e-07
817 8.384047793778143e-07
818 1.1781671022480232e-06
819 1.1592983372611257e-06
820 8.173412041951286e-07
821 8.58907077959394e-07
822 9.963593423796226e-07
823 1.1480130926548292e-06
824 8.163137961809932e-07
825 1.1240894015275295e-06
826 1.0502541177968285e-06
827 9.8207017374747e-07
828 8.801161642899651e-07
829 8.886218693424191e-07
830 1.2438525946824765e-06
831 8.887613232297997e-07
832 1.0381023436728412e-06
833 9.14278823993605e-07
834 1.0479452662459403e-06
835 1.0131868385298462e-06
836 9.739614353720515e-07
837 8.694388884967474e-07
838 9.257852384674598e-07
839 1.1683879602873488e-06
840 7.504176648529971e-07
841 9.264419476907509e-07
842 1.399588408583373e-06
843 1.087582958334489e-06
844 1.319740323025359e-06
845 7.318188375590833e-07
846 1.1337270750920876e-06
847 8.989736848761612e-07
848 1.0071587908396558e-06
849 1.0559087592628117e-06
850 9.165275464395831e-07
851 8.32769106308491e-07
852 1.04464730756318e-06
853 1.102279362018768e-06
854 9.417741368477399e-07
855 9.487043763236154e-07
856 1.2708179767221485e-06
857 1.2021229340838222e-06
858 9.720992248796112e-07
859 9.366919471977853e-07
860 1.0508579493562494e-06
861 1.0365121495713073e-06
862 7.862733560023571e-07
863 1.1990600424336133e-06
864 9.788899461018824e-07
865 1.0617500746048e-06
866 8.10693004245819e-07
867 9.80848254010621e-07
868 1.0605343825629733e-06
869 1.218225320606186e-06
870 8.908923998586806e-07
871 7.289647151771083e-07
872 1.091504880382405e-06
873 8.275007249013998e-07
874 8.637411961643334e-07
875 1.0090237113952403e-06
876 1.052017159096257e-06
877 1.3125962945503978e-06
878 1.0298966974124213e-06
879 1.079052230626926e-06
880 9.63293211086934e-07
881 1.0891890926622573e-06
882 1.154519849127633e-06
883 1.2413580577031723e-06
884 9.517057954241586e-07
885 9.723923902690561e-07
886 8.557636074941414e-07
887 8.575511018825424e-07
888 8.496438598876115e-07
889 1.228216199933387e-06
890 1.097537871300936e-06
891 1.0461986329827411e-06
892 1.060762932589369e-06
893 1.0706971283801557e-06
894 1.1476654178498956e-06
895 1.0315424910883172e-06
896 8.602257898498283e-07
897 9.190270299346279e-07
898 9.634239281361992e-07
899 1.0090965242511881e-06
900 1.2563396768724366e-06
901 1.0890158988118713e-06
902 9.21113557339293e-07
903 1.0811480392133248e-06
904 9.761268059563093e-07
905 1.1182425980934535e-06
906 1.0873527141280976e-06
907 1.0877002153099057e-06
908 1.2620019281602736e-06
909 1.1047940448445496e-06
910 1.128628159639619e-06
911 9.90421181173197e-07
912 1.1129075416689812e-06
913 8.879198700236907e-07
914 1.0761365652696596e-06
915 9.92445909251621e-07
916 1.1815922899062227e-06
917 1.006776845435349e-06
918 1.018546766120689e-06
919 1.010458105481755e-06
920 1.2300299857209662e-06
921 1.1770978448986797e-06
922 9.880420363549825e-07
923 9.964900008136891e-07
924 7.905349776544518e-07
925 8.013144435090275e-07
926 1.0486069753690027e-06
927 1.224310215124907e-06
928 8.978063407816977e-07
929 1.1440475867269684e-06
930 1.033434682727581e-06
931 1.0342493963125836e-06
932 1.1200815002004841e-06
933 1.0209795244826816e-06
934 9.163135231645174e-07
935 1.0766470573266419e-06
936 1.059916279923229e-06
937 1.2000912973862102e-06
938 8.562077589755063e-07
939 1.1949762737802808e-06
940 7.891324174094523e-07
941 9.290241731917333e-07
942 1.3288713515695454e-06
943 1.1120741558263728e-06
944 1.2488428733465286e-06
945 1.003566366399572e-06
946 1.1352589081462339e-06
947 1.2299360041077534e-06
948 1.0743377199658987e-06
949 1.0001379588503057e-06
950 7.685364406437829e-07
951 1.3609102886215524e-06
952 1.1037691606187166e-06
953 1.0362152222138875e-06
954 1.3417857685835515e-06
955 8.658698378517922e-07
956 1.0884236592645786e-06
957 1.4105231538621621e-06
958 8.05163149932218e-07
959 7.946944435228275e-07
960 7.241152254465184e-07
961 1.130581806287284e-06
962 9.560675582242682e-07
963 1.1569296717499872e-06
964 1.071473405478303e-06
965 9.749099848111427e-07
966 1.13134862700686e-06
967 7.655532312146075e-07
968 1.3254226816666537e-06
969 9.84872751882683e-07
970 1.1208592387811e-06
971 9.92971985693102e-07
972 1.0810150875027722e-06
973 9.8870643345636e-07
974 9.376374248478256e-07
975 9.90481709034494e-07
976 9.736665650397947e-07
977 1.0543850619271588e-06
978 8.54141327714732e-07
979 1.3538653431292202e-06
980 1.0213621246725663e-06
981 1.0940710392014858e-06
982 9.700659298998666e-07
983 1.0544258962990477e-06
984 9.272681907519731e-07
985 1.1213886740853855e-06
986 1.0259425253189807e-06
987 1.0062329376439913e-06
988 1.2477033589450144e-06
989 1.0455428399272352e-06
990 9.75513185735398e-07
991 7.181710664411751e-07
992 8.343970241561066e-07
993 1.0450999671314595e-06
994 1.0363151968182484e-06
995 1.0376870621481235e-06
996 1.0074294628319655e-06
997 1.075512487754085e-06
998 8.192552631237629e-07
999 1.1030406974190568e-06
