0 1.3874696221581734e-06
1 1.490841103778467e-06
2 1.4243058309922945e-06
3 1.4684526212583666e-06
4 1.5192619056512764e-06
5 1.4259670185567082e-06
6 1.456399384898769e-06
7 1.3412123480539093e-06
8 1.4468743108150463e-06
9 1.4819394111857707e-06
10 1.5076487828374446e-06
11 1.544307436891396e-06
12 1.4367323263392806e-06
13 1.3451882979603878e-06
14 1.3591077775771204e-06
15 1.4725385933722356e-06
16 1.4372066195813153e-06
17 1.3833224225066618e-06
18 1.5096025500975666e-06
19 1.446198709799432e-06
20 1.4757298382908708e-06
21 1.3865419063487355e-06
22 1.500706488305794e-06
23 1.4262237952796028e-06
24 1.4077243156052513e-06
25 1.5087987028723764e-06
26 1.4755174863178049e-06
27 1.4434409034269606e-06
28 1.4046848173284812e-06
29 1.3330984551356549e-06
30 1.3971703911408821e-06
31 1.4526113420394643e-06
32 1.4427761586334867e-06
33 1.521703549761071e-06
34 1.409685377067709e-06
35 1.4617950763853655e-06
36 1.3693899879780138e-06
37 1.3466494762789282e-06
38 1.4930251071741206e-06
39 1.4496832752350756e-06
40 1.4497909371776716e-06
41 1.3956080009428237e-06
42 1.4081773851407893e-06
43 1.3756300852704606e-06
44 1.3925526313625738e-06
45 1.391435485011289e-06
46 1.4617065044556724e-06
47 1.4758882592670708e-06
48 1.4276461570189957e-06
49 1.4452606121182763e-06
50 1.4919450558916952e-06
51 1.4061970804257139e-06
52 1.4267052939153649e-06
53 1.3715255659733889e-06
54 1.3829649665279312e-06
55 1.4788374030408996e-06
56 1.3213507206979106e-06
57 1.4315581314262761e-06
58 1.4394086649756196e-06
59 1.4403175987778686e-06
60 1.4804362040472497e-06
61 1.4128248553586627e-06
62 1.5109304263774273e-06
63 1.4339398308860818e-06
64 1.4014701618727244e-06
65 1.4046240136427547e-06
66 1.3552666508278196e-06
67 1.4652410502714012e-06
68 1.3791152232294525e-06
69 1.4256765164110832e-06
70 1.4308861305128122e-06
71 1.4946050287490493e-06
72 1.4000547417542106e-06
73 1.519031280127843e-06
74 1.3754144528723502e-06
75 1.4479167075682277e-06
76 1.4676216217384597e-06
77 1.38579238889861e-06
78 1.4221121361630702e-06
79 1.391067509009346e-06
80 1.4922183759769682e-06
81 1.4252792951640342e-06
82 1.5593256648949652e-06
83 1.55070221256897e-06
84 1.331464411120903e-06
85 1.5150290093327253e-06
86 1.4068355799910773e-06
87 1.5365289639764396e-06
88 1.4463437729073597e-06
89 1.403756612192529e-06
90 1.488893329767571e-06
91 1.3689399306202917e-06
92 1.4271988963828948e-06
93 1.4444196734554892e-06
94 1.3938789792202923e-06
95 1.4455207426870204e-06
96 1.4500848164628928e-06
97 1.4000809111572623e-06
98 1.5302529789408811e-06
99 1.480708199243983e-06
100 1.5143135835244179e-06
101 1.488613920560763e-06
102 1.463879750309282e-06
103 1.4508700751276251e-06
104 1.3793545994303116e-06
105 1.3636385567347929e-06
106 1.4792514939364905e-06
107 1.3665674548044243e-06
108 1.4622439225209535e-06
109 1.4905165845938594e-06
110 1.5297589054075053e-06
111 1.4330253598110163e-06
112 1.4180653877916393e-06
113 1.3651649066079922e-06
114 1.4086791389614697e-06
115 1.522483774129589e-06
116 1.4550006262474437e-06
117 1.6098660277410136e-06
118 1.482786551072013e-06
119 1.4652471887188576e-06
120 1.3904283150133492e-06
121 1.4401085053284485e-06
122 1.3431413031192209e-06
123 1.4282243256025832e-06
124 1.351799264529682e-06
125 1.4998489345057956e-06
126 1.5216961027934848e-06
127 1.3982016066375428e-06
128 1.5088201460637556e-06
129 1.3322140203975585e-06
130 1.49873580898937e-06
131 1.3828557670023036e-06
132 1.4894242269134264e-06
133 1.350378868231514e-06
134 1.4180785427498356e-06
135 1.4277475353661504e-06
136 1.4469139706728732e-06
137 1.4178614328755164e-06
138 1.3663025738527918e-06
139 1.3532672814418389e-06
140 1.403531576968214e-06
141 1.5014685826397395e-06
142 1.4852927207645017e-06
143 1.4229104450979092e-06
144 1.3695803116146031e-06
145 1.5090869734777545e-06
146 1.4075478271509102e-06
147 1.4263145487103608e-06
148 1.4218973759812125e-06
149 1.431838722269801e-06
150 1.4257138508994285e-06
151 1.4529050453166094e-06
152 1.449149799965773e-06
153 1.458580986809626e-06
154 1.4492996877617273e-06
155 1.4078649826995348e-06
156 1.529472692104912e-06
157 1.4307849191969866e-06
158 1.4675527471098447e-06
159 1.4906544194651461e-06
160 1.4560018125915258e-06
161 1.4301825925264787e-06
162 1.3367281978570503e-06
163 1.4299029639838708e-06
164 1.5440300732301159e-06
165 1.4354282160342099e-06
166 1.4208203733849232e-06
167 1.5179008164767905e-06
168 1.357089081154735e-06
169 1.4492913072207719e-06
170 1.433135523884098e-06
171 1.3955675413398206e-06
172 1.5918185859752917e-06
173 1.4414324553173845e-06
174 1.4345615751738423e-06
175 1.4629906546719826e-06
176 1.3589632157242141e-06
177 1.4213747388437963e-06
178 1.4676425512420975e-06
179 1.3542230690146884e-06
180 1.4618951118462641e-06
181 1.3994494534412028e-06
182 1.4190943634810242e-06
183 1.4311632396111545e-06
184 1.3948837668082219e-06
185 1.4126815802056328e-06
186 1.3584555719346745e-06
187 1.3778098414245204e-06
188 1.3786126804768017e-06
189 1.4530270925308967e-06
190 1.377708499182332e-06
191 1.5166329229582933e-06
192 1.4607438410289841e-06
193 1.524462736530255e-06
194 1.3709357802040423e-06
195 1.4492901363586512e-06
196 1.4868461883915418e-06
197 1.4904959468031866e-06
198 1.3984850802812337e-06
199 1.4462153067158556e-06
200 1.4425264833098747e-06
201 1.5375607326697974e-06
202 1.444185698342511e-06
203 1.3732161007555004e-06
204 1.5091416188528297e-06
205 1.4312263667781155e-06
206 1.4609516669062906e-06
207 1.4758216877179243e-06
208 1.4927137923901944e-06
209 1.4643972041886968e-06
210 1.404944313971075e-06
211 1.3901355407271892e-06
212 1.4155651237716602e-06
213 1.452439113408913e-06
214 1.3116605490155257e-06
215 1.4077720541267684e-06
216 1.451017206452679e-06
217 1.4075668010472427e-06
218 1.4612052298177808e-06
219 1.451348522621371e-06
220 1.477374568916971e-06
221 1.5059528046201026e-06
222 1.4260017930891176e-06
223 1.345445814247766e-06
224 1.4010027549306491e-06
225 1.478419647471115e-06
226 1.4653940650173307e-06
227 1.469961896746511e-06
228 1.4512923871192203e-06
229 1.4196606690264688e-06
230 1.5062700812246629e-06
231 1.3602511359451202e-06
232 1.4005935168038992e-06
233 1.5004569630154053e-06
234 1.4240689512972084e-06
235 1.3986654884278245e-06
236 1.421373459598877e-06
237 1.4440449305206546e-06
238 1.3710753962196913e-06
239 1.4416094705648832e-06
240 1.3483514925712302e-06
241 1.4149080599378284e-06
242 1.3572337433159975e-06
243 1.4570044864239357e-06
244 1.4008905813121363e-06
245 1.5863111686158705e-06
246 1.4237967304143724e-06
247 1.3438623290588379e-06
248 1.4906184921093703e-06
249 1.4030316000152714e-06
250 1.4598548021836305e-06
251 1.5618730417974965e-06
252 1.5260171261215543e-06
253 1.5285449240627981e-06
254 1.4361308412072548e-06
255 1.4428640641055374e-06
256 1.4536616528639405e-06
257 1.4162329419446387e-06
258 1.4738393869500132e-06
259 1.3793387485545762e-06
260 1.3794676897341703e-06
261 1.4797582011103376e-06
262 1.528624846854936e-06
263 1.3970331742241747e-06
264 1.4299091839245335e-06
265 1.4156268605307255e-06
266 1.4867849989385687e-06
267 1.407372942415094e-06
268 1.4125679025115057e-06
269 1.3542045907928826e-06
270 1.6026514725834768e-06
271 1.4386182126752272e-06
272 1.4978638509003355e-06
273 1.4126041148145367e-06
274 1.4847818241919253e-06
275 1.440280292846565e-06
276 1.343751648315698e-06
277 1.4287512735691646e-06
278 1.445748200715771e-06
279 1.4879955166337596e-06
280 1.397965778651096e-06
281 1.398448051385865e-06
282 1.480589072123862e-06
283 1.3969979262511656e-06
284 1.4428455395793924e-06
285 1.4662123326834365e-06
286 1.501090230745733e-06
287 1.4216365154667034e-06
288 1.3125312311102704e-06
289 1.497471284339264e-06
290 1.337392926773362e-06
291 1.3919619036490629e-06
292 1.4595834444462657e-06
293 1.430457323718707e-06
294 1.5064148045664067e-06
295 1.4805665596431699e-06
296 1.4453159840899243e-06
297 1.4670072697337517e-06
298 1.3988145651478537e-06
299 1.459426777640959e-06
300 1.4525590788265473e-06
301 1.4524956928340967e-06
302 1.5254728165164285e-06
303 1.464599992683532e-06
304 1.4435953064962774e-06
305 1.4916338563352997e-06
306 1.4527978036148388e-06
307 1.3543761435955295e-06
308 1.468967607546837e-06
309 1.4983587911794607e-06
310 1.4104192570377692e-06
311 1.4790096292349458e-06
312 1.3870852033723902e-06
313 1.4368245903744093e-06
314 1.4544661556400678e-06
315 1.3471701547647227e-06
316 1.4277413821380972e-06
317 1.537656804760102e-06
318 1.4628698635676186e-06
319 1.4371476363041394e-06
320 1.4243878161287123e-06
321 1.272722594109139e-06
322 1.4402772899660806e-06
323 1.4386523551497732e-06
324 1.4470962729678286e-06
325 1.5208149389928097e-06
326 1.4296996777572744e-06
327 1.4939757247439703e-06
328 1.4362940599657815e-06
329 1.3989938603115887e-06
330 1.4753450315885268e-06
331 1.4956410088363515e-06
332 1.4850186536404503e-06
333 1.4920573520146665e-06
334 1.4668789089280218e-06
335 1.468800648098263e-06
336 1.3579764140413326e-06
337 1.4342203800587676e-06
338 1.3920668242136229e-06
339 1.548305365851321e-06
340 1.3489913148735247e-06
341 1.3858792578554122e-06
342 1.396443660982252e-06
343 1.4004057250643922e-06
344 1.355404165600324e-06
345 1.275458800723232e-06
346 1.4933300949805813e-06
347 1.3965400685865131e-06
348 1.3919305022919944e-06
349 1.3752715254055822e-06
350 1.444930863934791e-06
351 1.4461123354479358e-06
352 1.4376168623459295e-06
353 1.3929267798080928e-06
354 1.4228604319553732e-06
355 1.4619502944747315e-06
356 1.5043462324882579e-06
357 1.4851356263235152e-06
358 1.436285619848874e-06
359 1.332210490023102e-06
360 1.3298162593185415e-06
361 1.4408334628194136e-06
362 1.3695985929785653e-06
363 1.6309132192365984e-06
364 1.4515310596024415e-06
365 1.4422139082738072e-06
366 1.4344773479511925e-06
367 1.3843511919657039e-06
368 1.48766239581739e-06
369 1.3816731130668618e-06
370 1.3801423989621055e-06
371 1.3900025922582823e-06
372 1.3448261413058548e-06
373 1.514581395746919e-06
374 1.4371593817484139e-06
375 1.4361008033080345e-06
376 1.5520019989126587e-06
377 1.3713737707084605e-06
378 1.365917026624038e-06
379 1.391090127312585e-06
380 1.5111602452206594e-06
381 1.3623322557262878e-06
382 1.3714788026342277e-06
383 1.4291888800120742e-06
384 1.4831408116288315e-06
385 1.5111171597465815e-06
386 1.5046920003787304e-06
387 1.5603893917834988e-06
388 1.4129667452793305e-06
389 1.3400175969393144e-06
390 1.3426667424114383e-06
391 1.472683538879673e-06
392 1.4157580406904855e-06
393 1.414437182396149e-06
394 1.374350872867962e-06
395 1.4536558672043595e-06
396 1.339647989246969e-06
397 1.4326493114689313e-06
398 1.4264302702503911e-06
399 1.4863364577925057e-06
400 1.4369052450647644e-06
401 1.4925795818391808e-06
402 1.3878230229452472e-06
403 1.4639746307706595e-06
404 1.4887883335527627e-06
405 1.4375794835666835e-06
406 1.3835914311975642e-06
407 1.4925217707336717e-06
408 1.4693377920087635e-06
409 1.4775070377751305e-06
410 1.4488781599831807e-06
411 1.3734877335872265e-06
412 1.5565263575629659e-06
413 1.4666008425876729e-06
414 1.3749194280311078e-06
415 1.3937208636409762e-06
416 1.4238715627776576e-06
417 1.5066821230608667e-06
418 1.5103135819597523e-06
419 1.4233660790849086e-06
420 1.301732748996848e-06
421 1.3935451729724597e-06
422 1.5329504618693454e-06
423 1.3953318447588086e-06
424 1.4206804081593804e-06
425 1.4692169444919016e-06
426 1.4971638410623512e-06
427 1.5583192637663368e-06
428 1.4876846596601403e-06
429 1.5511948443846527e-06
430 1.3447092793853239e-06
431 1.4965246702578556e-06
432 1.3812134537485872e-06
433 1.4224729288715196e-06
434 1.4241841322477316e-06
435 1.394795030696721e-06
436 1.358725753840042e-06
437 1.3905240889732601e-06
438 1.434292749151256e-06
439 1.4278336190510985e-06
440 1.4143471704441563e-06
441 1.5008701648233447e-06
442 1.369701214108465e-06
443 1.4280174947598824e-06
444 1.403424116610039e-06
445 1.348100294258321e-06
446 1.4551184432641798e-06
447 1.3725076313678213e-06
448 1.410855696493584e-06
449 1.4218751893380915e-06
450 1.4178207400603596e-06
451 1.3530231441717811e-06
452 1.3710526008502588e-06
453 1.4431003326037898e-06
454 1.3763819561339545e-06
455 1.4258084935882682e-06
456 1.376794949503517e-06
457 1.4622367763824588e-06
458 1.4006026467137083e-06
459 1.4447608389353981e-06
460 1.3857771853388215e-06
461 1.3885619304986863e-06
462 1.4506565574437254e-06
463 1.4718047775433764e-06
464 1.4401966440409639e-06
465 1.4507223677850514e-06
466 1.4448124547404533e-06
467 1.4808629918096872e-06
468 1.4312441243709457e-06
469 1.4278011103026873e-06
470 1.4087939061969151e-06
471 1.3744001420484365e-06
472 1.4496498107082692e-06
473 1.4328478492875015e-06
474 1.4559134823221426e-06
475 1.4622938062801353e-06
476 1.4054044085754094e-06
477 1.3849472000061285e-06
478 1.3586410915556238e-06
479 1.4943098141159724e-06
480 1.3895103155101756e-06
481 1.3647332349436543e-06
482 1.455046657914368e-06
483 1.4584423918708765e-06
484 1.416018165990749e-06
485 1.3849287424620587e-06
486 1.516915483139134e-06
487 1.434408537288809e-06
488 1.510582585830379e-06
489 1.513678632312369e-06
490 1.4413235246400052e-06
491 1.4066382519657378e-06
492 1.4732092823553692e-06
493 1.4702668448005037e-06
494 1.514606143357117e-06
495 1.362238505647937e-06
496 1.4351253031935712e-06
497 1.3768433804614613e-06
498 1.4101550066464394e-06
499 1.4372683238916982e-06
500 1.4832859500026626e-06
501 1.4398184095297612e-06
502 1.4086987115408249e-06
503 1.390288285713405e-06
504 1.3749608321863826e-06
505 1.4760416822558047e-06
506 1.4833978195926311e-06
507 1.3350476191720828e-06
508 1.4835587210998408e-06
509 1.476932420430686e-06
510 1.4115525746738927e-06
511 1.3808583254732878e-06
512 1.3622243376971595e-06
513 1.3919826313928812e-06
514 1.4590924878867786e-06
515 1.4117697330382852e-06
516 1.5198484750884406e-06
517 1.4139341750586328e-06
518 1.429541626674357e-06
519 1.510327239323942e-06
520 1.3613643133749544e-06
521 1.393856709744338e-06
522 1.4404357869123606e-06
523 1.4555660898521103e-06
524 1.4170381578772354e-06
525 1.4282472757028353e-06
526 1.4641659501014763e-06
527 1.35920412326919e-06
528 1.48562339830693e-06
529 1.4016502757455184e-06
530 1.4452701449244503e-06
531 1.4057513745244122e-06
532 1.4992384737652598e-06
533 1.3841957704090088e-06
534 1.4491914921156914e-06
535 1.438909195115172e-06
536 1.4441161674216718e-06
537 1.5067369844716716e-06
538 1.4755118095844282e-06
539 1.5001722882691266e-06
540 1.4268264646053688e-06
541 1.4033886784600433e-06
542 1.4474940315263873e-06
543 1.4620850723101318e-06
544 1.3912679056645518e-06
545 1.470275680523461e-06
546 1.4047421606889854e-06
547 1.3829023361151142e-06
548 1.469726200494485e-06
549 1.413813931024199e-06
550 1.4852340996204134e-06
551 1.4586854671261543e-06
552 1.490363886556448e-06
553 1.5036925743847078e-06
554 1.3955248033777416e-06
555 1.5053988203934049e-06
556 1.3416574244608083e-06
557 1.4802301370134259e-06
558 1.4829731104046527e-06
559 1.5223318980792047e-06
560 1.499068858398505e-06
561 1.4607811850924933e-06
562 1.524899027944884e-06
563 1.4613852465012632e-06
564 1.4643342633241593e-06
565 1.5067007018301387e-06
566 1.45954874246946e-06
567 1.518090115513617e-06
568 1.5372464628257913e-06
569 1.4149216258208094e-06
570 1.390771510676965e-06
571 1.4464915563689819e-06
572 1.5197930142162667e-06
573 1.3700337709652344e-06
574 1.4707314882059667e-06
575 1.4207733903150315e-06
576 1.47011421752254e-06
577 1.3802093990072034e-06
578 1.44892042873006e-06
579 1.356804817544435e-06
580 1.42362084719006e-06
581 1.4360308019771316e-06
582 1.4250734681041076e-06
583 1.4199690487680102e-06
584 1.4315582308072502e-06
585 1.4487425503499876e-06
586 1.4730048075487195e-06
587 1.4730594985654508e-06
588 1.437739521104139e-06
589 1.3278244921067206e-06
590 1.4968704265231874e-06
591 1.3441746645648594e-06
592 1.3684527552182865e-06
593 1.4038006495085625e-06
594 1.5690096331527895e-06
595 1.4693128705118488e-06
596 1.5096195929626504e-06
597 1.5070585351468988e-06
598 1.3518745284939842e-06
599 1.4764044245639695e-06
600 1.4345389469048735e-06
601 1.5231140812741092e-06
602 1.515191400038864e-06
603 1.4326847735723541e-06
604 1.4068338410671859e-06
605 1.5209060868425386e-06
606 1.4767890462186174e-06
607 1.445076616165533e-06
608 1.3871069472425232e-06
609 1.5400499263054898e-06
610 1.4259735341282502e-06
611 1.408078879861495e-06
612 1.5201256768587686e-06
613 1.4101926579648538e-06
614 1.3992977586179942e-06
615 1.3647129601537086e-06
616 1.4500194810559784e-06
617 1.4515472202924438e-06
618 1.3245088736542259e-06
619 1.4605196112713293e-06
620 1.398476420978885e-06
621 1.393158736697089e-06
622 1.4282298891139387e-06
623 1.3992730553537056e-06
624 1.3136891923037344e-06
625 1.4421973427177014e-06
626 1.4228838512600598e-06
627 1.449939657731093e-06
628 1.3938693765023742e-06
629 1.3930002735195296e-06
630 1.4590204708301165e-06
631 1.4074895574194558e-06
632 1.4407399228338432e-06
633 1.4885255096815357e-06
634 1.4606295857280368e-06
635 1.5113314096722214e-06
636 1.5261502732206172e-06
637 1.434608595600007e-06
638 1.5044378354863996e-06
639 1.49646728413918e-06
640 1.531944397002244e-06
641 1.3930291435319837e-06
642 1.332241682650568e-06
643 1.5096819288753635e-06
644 1.5324163978686713e-06
645 1.46672285541079e-06
646 1.4425602057530152e-06
647 1.4454617688111482e-06
648 1.3968016151270644e-06
649 1.4763983594200881e-06
650 1.4464536423866555e-06
651 1.4388518739332231e-06
652 1.4166727040038527e-06
653 1.4297957099490075e-06
654 1.502123507524609e-06
655 1.4271619302192467e-06
656 1.4626648510780154e-06
657 1.4829635856183046e-06
658 1.5063076832088981e-06
659 1.335206106457899e-06
660 1.4347575627125197e-06
661 1.4755458764784312e-06
662 1.4012306566282433e-06
663 1.4076165045060613e-06
664 1.4234195244383462e-06
665 1.3914569744261064e-06
666 1.4052147531617824e-06
667 1.4444274008471765e-06
668 1.398283410229135e-06
669 1.434591300100931e-06
670 1.4221569179219973e-06
671 1.3717561129142676e-06
672 1.421753009788023e-06
673 1.365500483998915e-06
674 1.4206342393705526e-06
675 1.3884553991222927e-06
676 1.4624161371487466e-06
677 1.4320661591632347e-06
678 1.3885574573811655e-06
679 1.431147752064414e-06
680 1.411208480076773e-06
681 1.4530419603150758e-06
682 1.432149063062876e-06
683 1.439427826239201e-06
684 1.4781584297883064e-06
685 1.5064151291901265e-06
686 1.3798917959570059e-06
687 1.4103227326665878e-06
688 1.506421559436082e-06
689 1.456706105911709e-06
690 1.4044640558126853e-06
691 1.4654558286543017e-06
692 1.465075351642007e-06
693 1.4236281225773344e-06
694 1.4020783793119437e-06
695 1.5035516915202416e-06
696 1.436706587663419e-06
697 1.4720665530893833e-06
698 1.3721585807107164e-06
699 1.3936540787797999e-06
700 1.3519365453805808e-06
701 1.50250125715253e-06
702 1.4888181191219234e-06
703 1.4699493962171004e-06
704 1.4612068175060937e-06
705 1.4746532566151362e-06
706 1.5033127745930463e-06
707 1.4673127502803366e-06
708 1.3079117759261277e-06
709 1.3750290698036205e-06
710 1.4480568545744655e-06
711 1.4149450914735382e-06
712 1.3756561212104877e-06
713 1.4866268256958372e-06
714 1.3632106054144623e-06
715 1.4607273031569674e-06
716 1.428438867334176e-06
717 1.3875332873345808e-06
718 1.4409790934824303e-06
719 1.4176485957583573e-06
720 1.4633765397166042e-06
721 1.3367614951032813e-06
722 1.4411005223940053e-06
723 1.4752722477300775e-06
724 1.4999099201693499e-06
725 1.3832204034294213e-06
726 1.4177573492339191e-06
727 1.4390969425213295e-06
728 1.4431086395719451e-06
729 1.5136198652488807e-06
730 1.4906020403230755e-06
731 1.4405527772526032e-06
732 1.5192147538552806e-06
733 1.4255985458527717e-06
734 1.3714023745195313e-06
735 1.4700414632697265e-06
736 1.4351264676569778e-06
737 1.43924641832846e-06
738 1.430316351139334e-06
739 1.5052428515039803e-06
740 1.4928405645319237e-06
741 1.4079896656466192e-06
742 1.3938643391574325e-06
743 1.4436658498141695e-06
744 1.4007187785557296e-06
745 1.41786529507553e-06
746 1.473609987701838e-06
747 1.4723157979044e-06
748 1.4215960666130456e-06
749 1.37551686096854e-06
750 1.3923147159188568e-06
751 1.549556802474983e-06
752 1.3538856988861257e-06
753 1.35771216597462e-06
754 1.4149936569889246e-06
755 1.4791367021393194e-06
756 1.4242632519560699e-06
757 1.4646854773937217e-06
758 1.3537537021745488e-06
759 1.4891428387256172e-06
760 1.4132994492488738e-06
761 1.4332462805302478e-06
762 1.34705469868234e-06
763 1.3973538612342675e-06
764 1.5520645373029853e-06
765 1.4623560597109672e-06
766 1.460522085157008e-06
767 1.4352798143148676e-06
768 1.3559341896045952e-06
769 1.4741854251851745e-06
770 1.2679052765692903e-06
771 1.4805869125050887e-06
772 1.4609375272196311e-06
773 1.4432580972694826e-06
774 1.4830261979345927e-06
775 1.5230474480905891e-06
776 1.421295461665367e-06
777 1.4121614524368036e-06
778 1.4597922097098765e-06
779 1.4614125052335774e-06
780 1.4345122345668475e-06
781 1.4770290156629273e-06
782 1.542057253300089e-06
783 1.4040510027842095e-06
784 1.455985441311449e-06
785 1.4474109824675782e-06
786 1.4045702164148874e-06
787 1.410870884492387e-06
788 1.4255244134094946e-06
789 1.4503286001627045e-06
790 1.43750292326709e-06
791 1.5141595678574756e-06
792 1.433670668365459e-06
793 1.4033939594384437e-06
794 1.4039268146292052e-06
795 1.4613094573138344e-06
796 1.4412292483003721e-06
797 1.4760798028015498e-06
798 1.524283353860456e-06
799 1.413893767168303e-06
800 1.4347870579528589e-06
801 1.4749674679172186e-06
802 1.4254459076475318e-06
803 1.466143553150946e-06
804 1.4603199094629314e-06
805 1.4119800210940453e-06
806 1.535977392274865e-06
807 1.4454404337811215e-06
808 1.4069928049648772e-06
809 1.3690364280266556e-06
810 1.336951672461755e-06
811 1.465509114981643e-06
812 1.4962515347414256e-06
813 1.436232728736505e-06
814 1.393493586176411e-06
815 1.4830046743530878e-06
816 1.3665416641070532e-06
817 1.3980208531846222e-06
818 1.3669645738510366e-06
819 1.4255299517345924e-06
820 1.4862126889260557e-06
821 1.5059350036687298e-06
822 1.4007835661690452e-06
823 1.4450539450883765e-06
824 1.4951647341996546e-06
825 1.451189145826639e-06
826 1.5077351144148737e-06
827 1.44587362889232e-06
828 1.4868523596174531e-06
829 1.4799394261783814e-06
830 1.4402441299014704e-06
831 1.4839592318807041e-06
832 1.3692447630567752e-06
833 1.3924402130084929e-06
834 1.4790272245101542e-06
835 1.4367780392657498e-06
836 1.4523821104283477e-06
837 1.375019619740881e-06
838 1.339241123807158e-06
839 1.3205839630495538e-06
840 1.5978454579974173e-06
841 1.4327920439353066e-06
842 1.3968892722960604e-06
843 1.4661400558913363e-06
844 1.3984042282293923e-06
845 1.5056849335987048e-06
846 1.4089174202910366e-06
847 1.4680898150448377e-06
848 1.440318184006767e-06
849 1.4033364932961425e-06
850 1.4872078973496707e-06
851 1.4358157710495229e-06
852 1.4853453130680605e-06
853 1.496733419048744e-06
854 1.40117009500212e-06
855 1.4492477941138518e-06
856 1.4207794211358931e-06
857 1.3707493401997982e-06
858 1.4092702602308545e-06
859 1.4580537430593688e-06
860 1.386979811481268e-06
861 1.4032645899052228e-06
862 1.4701123946148758e-06
863 1.4073295402799887e-06
864 1.4796387741970673e-06
865 1.4427651266835944e-06
866 1.438680584345948e-06
867 1.5044457044397032e-06
868 1.4333206222769448e-06
869 1.466001779254535e-06
870 1.495240820900798e-06
871 1.5340103530658346e-06
872 1.4395988775071152e-06
873 1.5043155107163543e-06
874 1.4687965887601036e-06
875 1.4493767706156998e-06
876 1.448471738493174e-06
877 1.2916659458655077e-06
878 1.3778441088438298e-06
879 1.3832647039583366e-06
880 1.4354669195302407e-06
881 1.4267378044794166e-06
882 1.4046391967332626e-06
883 1.3373233003168563e-06
884 1.4850594173797063e-06
885 1.3958832128004522e-06
886 1.4926208552266957e-06
887 1.459601650063821e-06
888 1.574285501823457e-06
889 1.337007414688448e-06
890 1.4379215789614501e-06
891 1.4592513120545374e-06
892 1.3923487798076343e-06
893 1.3951120811273932e-06
894 1.4363522910715137e-06
895 1.464503918449393e-06
896 1.4313897923278432e-06
897 1.5421544878512016e-06
898 1.4237176589902168e-06
899 1.471739124297097e-06
900 1.4602849894974081e-06
901 1.5194700847024424e-06
902 1.4980710432070233e-06
903 1.377544594449016e-06
904 1.3426671442590834e-06
905 1.414237816421138e-06
906 1.4372532356164393e-06
907 1.3995605622750062e-06
908 1.3597263544210863e-06
909 1.3720290142303662e-06
910 1.4430604422540242e-06
911 1.4034811733450503e-06
912 1.4355704043507613e-06
913 1.4152807747757076e-06
914 1.42827366886807e-06
915 1.4212007194536639e-06
916 1.4058079043528676e-06
917 1.4997087983873695e-06
918 1.4443481493117407e-06
919 1.3974542645282683e-06
920 1.437839497713063e-06
921 1.4003407186643034e-06
922 1.4397273241578983e-06
923 1.4441393331612744e-06
924 1.4840351789220775e-06
925 1.3490557018420486e-06
926 1.448535152700655e-06
927 1.5129156088673097e-06
928 1.54437837535326e-06
929 1.4325497488371217e-06
930 1.3309255929747053e-06
931 1.397901454497635e-06
932 1.4262558893777638e-06
933 1.4384283563004674e-06
934 1.5688820832055711e-06
935 1.5421031833307276e-06
936 1.4131987214180082e-06
937 1.4399020508990556e-06
938 1.4902804864406432e-06
939 1.4381780265594432e-06
940 1.3624337009439982e-06
941 1.4642264883945795e-06
942 1.4131750036338332e-06
943 1.375652523673689e-06
944 1.3551162460794972e-06
945 1.3745020849909e-06
946 1.4424474407774885e-06
947 1.2946752590298463e-06
948 1.4466557563867153e-06
949 1.3747068070821683e-06
950 1.5505148802864318e-06
951 1.306349606741986e-06
952 1.4076612382581294e-06
953 1.475596980352301e-06
954 1.4308501916130011e-06
955 1.5214925861510132e-06
956 1.48320667731473e-06
957 1.3855667578697863e-06
958 1.447272609009147e-06
959 1.5390946816342834e-06
960 1.5518064865530042e-06
961 1.4099563534595232e-06
962 1.4302948521921076e-06
963 1.447110056736595e-06
964 1.4601082069826028e-06
965 1.4529776193562567e-06
966 1.4321903623824475e-06
967 1.524364413447597e-06
968 1.384363200988307e-06
969 1.4258100338826116e-06
970 1.5087674656091153e-06
971 1.515645184983958e-06
972 1.4372668270975388e-06
973 1.4227231493447157e-06
974 1.4646463390428872e-06
975 1.430186584211571e-06
976 1.4172074398388774e-06
977 1.512107837365639e-06
978 1.4445042514315006e-06
979 1.305771989502167e-06
980 1.4261848517643558e-06
981 1.406739890591385e-06
982 1.4142968419411614e-06
983 1.40102775304544e-06
984 1.426035552409111e-06
985 1.3968533841193448e-06
986 1.4411951317312932e-06
987 1.4343747300330502e-06
988 1.3595777007223851e-06
989 1.4613106580162863e-06
990 1.4709461800340405e-06
991 1.4307511751342496e-06
992 1.4411561376879437e-06
993 1.4927060552186215e-06
994 1.4855642756318145e-06
995 1.479100336849763e-06
996 1.507685891381012e-06
997 1.4737509095471942e-06
998 1.4743180333731312e-06
999 1.3592076939599241e-06
