0 1.9861890339166316e-06
1 1.285901062307931e-06
2 1.5237582978635018e-06
3 9.334688818159817e-07
4 9.467320826981541e-07
5 1.6541870247430424e-06
6 8.475055040166161e-07
7 1.7747926491211016e-06
8 9.194328667904959e-07
9 1.5741553120301889e-06
10 9.051427607056042e-07
11 1.2512103943018387e-06
12 1.1551940707715207e-06
13 1.081082160088978e-06
14 1.1435513984957926e-06
15 7.071503217290635e-07
16 2.1370422472903354e-06
17 1.7494956225693554e-06
18 8.997100919074933e-07
19 1.0295269342057355e-06
20 1.9823254713647754e-06
21 1.7983051847699535e-06
22 3.9395040921621935e-07
23 7.872300781272642e-07
24 1.3884124466575707e-06
25 9.894101444042056e-08
26 1.0146967267704169e-06
27 1.8303941072667063e-06
28 1.6218586180951693e-06
29 2.1812331583087755e-06
30 1.3192819525384893e-06
31 2.0154059179108382e-06
32 1.8070705187350414e-06
33 5.038356696258856e-07
34 3.576263606372254e-07
35 9.510387117404029e-07
36 1.085424313261192e-06
37 1.8570822021240499e-06
38 4.3974972512926635e-07
39 6.760732532587404e-07
40 8.681196643924132e-07
41 1.1106205382555517e-06
42 1.3498367269971609e-06
43 1.0263898401701967e-06
44 2.1538204711110247e-06
45 1.9050265326675666e-06
46 5.046685824060293e-07
47 1.4450902329311178e-06
48 2.0726709743962103e-06
49 7.419186798052245e-07
50 8.838168945820765e-07
51 4.795903909151168e-07
52 1.3496563813336681e-06
53 1.7121350049872377e-06
54 1.7730086165066455e-06
55 1.0818269709974037e-06
56 1.3154057954411734e-06
57 8.63624687957703e-07
58 1.1473756065915306e-06
59 1.7637421934302171e-06
60 1.3801352648955725e-06
61 8.286432401709714e-07
62 -1.7094671333818168e-07
63 1.5450824447815644e-06
64 1.0650193373450741e-06
65 1.849777231318269e-06
66 2.3401281217233095e-06
67 1.2051916524210193e-06
68 2.3284128909886865e-06
69 1.930031354526299e-06
70 8.936070241987693e-07
71 9.076801156608573e-07
72 1.5105667223533535e-06
73 1.5370078436742666e-06
74 1.780377161083197e-06
75 8.474013457898511e-07
76 7.569948686493163e-07
77 1.0814113494785322e-06
78 1.6686781158506114e-06
79 1.1934558088910368e-06
80 2.0362577973055244e-06
81 7.993488450064648e-07
82 1.0532951769163855e-06
83 9.065924581615402e-07
84 2.018433830632151e-06
85 1.3848661762971305e-06
86 8.210336163282271e-07
87 1.387767687594603e-06
88 1.5240269684992716e-06
89 1.252553318237933e-06
90 1.4305077777710116e-06
91 7.430598232034159e-07
92 2.22191348025719e-06
93 2.3857054375685493e-06
94 2.113030076302976e-06
95 2.7535973831045143e-06
96 1.0698988597662763e-06
97 4.5842838867594006e-07
98 2.920119563178369e-07
99 1.052126541168666e-06
100 2.9145405697307677e-07
101 1.3671452071472192e-06
102 2.0625508107854033e-06
103 1.768442695588201e-06
104 1.98904764566441e-06
105 1.7823104816658406e-06
106 9.090346526726341e-07
107 2.004726683253922e-06
108 1.5015803816061466e-06
109 1.4812054232530583e-06
110 9.067174766781334e-07
111 1.432219416181466e-06
112 3.1769064840245326e-07
113 1.084078119362592e-06
114 1.4992956494077676e-06
115 6.684916782788282e-07
116 1.1690776728785488e-06
117 4.249162860648688e-07
118 6.055279616663238e-07
119 7.792964143861371e-07
120 1.987133911015493e-06
121 1.4834300763433403e-06
122 1.1961590654155376e-06
123 1.5135917014236993e-06
124 1.9315061982297004e-06
125 1.2308191106395884e-06
126 -5.57856189236371e-07
127 1.8791275721003819e-06
128 8.312726842244994e-07
129 1.7709769493436101e-06
130 1.022734100628935e-06
131 1.2784291900457308e-06
132 1.3095740116583451e-06
133 1.9491404577854107e-06
134 1.5786144884408733e-06
135 1.656210587294981e-06
136 1.6995091658240228e-06
137 3.332529782639771e-07
138 1.558886561935567e-06
139 1.0943442996256625e-06
140 2.374769851714452e-06
141 7.609469047664527e-07
142 2.7338596771304093e-07
143 6.22629697643582e-07
144 1.7387003857639481e-06
145 1.2080615350517643e-06
146 1.3790019304110306e-06
147 1.2113430032188007e-06
148 1.9832930567439325e-06
149 1.454024190278025e-06
150 1.2831181905896264e-06
151 5.218249340306041e-07
152 1.2894231321278625e-06
153 1.0050923052107645e-06
154 1.3502660111173275e-06
155 9.200296868874801e-07
156 1.1973161535288393e-06
157 1.017547481749218e-06
158 1.0393619737091897e-06
159 9.821640154086999e-07
160 8.847716365026786e-07
161 1.4620708506140911e-06
162 1.964823055592848e-06
163 9.715979526146854e-07
164 1.49981145162328e-08
165 1.4154778446639315e-06
166 1.6820585224112058e-06
167 1.1985733596987506e-06
168 1.8129561997536512e-06
169 1.4858413782763345e-07
170 1.5463901460928371e-06
171 1.4254483692683978e-06
172 3.3971241411738726e-08
173 1.8403362417254901e-06
174 1.1409889606372508e-06
175 1.7579456913446246e-06
176 1.4739511733125278e-06
177 6.051072145676964e-07
178 1.4045453458541107e-06
179 1.3455717539209196e-06
180 7.879028446808011e-07
181 2.1840503380102347e-06
182 1.9395494663160715e-06
183 1.6487836849782291e-06
184 1.5393620629400218e-06
185 7.80161092496676e-07
186 2.085238758639654e-06
187 1.6449926944944196e-06
188 1.7820818079756958e-06
189 1.424336432059438e-06
190 1.0698613735828697e-06
191 1.0610978826077237e-06
192 8.274709931552182e-07
193 4.557670725718673e-07
194 1.290074561279263e-06
195 1.1689896342134797e-06
196 1.3026600049694838e-06
197 9.281640252412533e-07
198 8.62745853797241e-07
199 1.4740935462615395e-06
200 1.2112554163468212e-06
201 1.0286142650545689e-07
202 1.4704136609573329e-06
203 1.1297822603103e-06
204 5.886977616725747e-07
205 1.4494649089527166e-06
206 1.6031984832609821e-06
207 1.9532085931994605e-06
208 1.0548429515015656e-06
209 1.3794663030390725e-06
210 1.405820886078758e-06
211 1.420689187936581e-06
212 1.1437120970770204e-06
213 5.058305496063987e-07
214 1.90870941396698e-06
215 2.193665365479861e-06
216 1.791946708354548e-06
217 1.4180743066218094e-06
218 9.027724670694709e-07
219 2.391151002174052e-06
220 1.2743687096148709e-06
221 9.52042612972249e-07
222 1.5220182155179425e-06
223 2.070083792221962e-06
224 5.530888400379427e-09
225 8.685833886414766e-07
226 1.5417206117500624e-06
227 8.545202377500619e-07
228 1.5533087248741013e-06
229 1.6801418325289781e-06
230 1.2373630946659184e-06
231 5.906067861222937e-07
232 1.0358971329424121e-06
233 1.5746058324980102e-06
234 1.233713550854418e-06
235 1.1073893991670423e-06
236 1.0100873709439702e-06
237 2.9460443313779303e-07
238 1.0903348368928415e-06
239 1.317756897847593e-06
240 1.9558787260322286e-06
241 1.3446012356978105e-06
242 1.5935488638702764e-06
243 1.9472953737963126e-06
244 8.928993333156469e-07
245 1.5237235665038957e-06
246 1.2094262148370827e-06
247 1.104871961937019e-06
248 1.7444749848285791e-06
249 1.4419171333462793e-06
250 8.789652968705017e-07
251 1.5483928349956884e-06
252 7.891685749443815e-07
253 7.63012064153428e-07
254 2.2403362709609225e-06
255 1.3843241440058362e-06
256 1.0519994559143897e-06
257 1.3377797391190033e-06
258 2.2682661210433056e-06
259 3.883292051197256e-07
260 1.7533077606553843e-06
261 8.805910412171306e-07
262 9.602141432968034e-07
263 1.5726533631690647e-06
264 1.6971851771286018e-06
265 2.29744073893271e-06
266 5.512679274925732e-07
267 9.905924058908065e-07
268 1.6188742434542315e-06
269 1.6598463646186013e-06
270 5.920580835321775e-07
271 1.8193612554494967e-06
272 1.603956547804397e-06
273 2.0860395180447e-06
274 2.336837371062201e-06
275 7.370265558913127e-07
276 1.5829154285287815e-06
277 1.2367027393641793e-06
278 1.2209264777065738e-06
279 1.0016868293435069e-06
280 1.5630478073812078e-06
281 1.6048829729152114e-06
282 9.304713005136567e-07
283 1.101503878026196e-06
284 1.2365040293930218e-06
285 7.548089149251906e-07
286 1.4140232789553935e-06
287 1.428816258776161e-06
288 1.667227212537456e-06
289 1.1303368002643491e-06
290 1.4434683448392307e-06
291 1.3119918288237017e-06
292 2.426085365544482e-08
293 4.6329116700201484e-07
294 4.451658580380648e-07
295 4.401429814495644e-07
296 1.2445165088434592e-06
297 1.2159023857518126e-06
298 1.7190636548951974e-06
299 1.3222683766873735e-06
300 1.4013299615222458e-06
301 1.3182514779054276e-06
302 1.0633670635043748e-06
303 9.661590289162664e-07
304 4.574257081653863e-07
305 1.378843557527971e-06
306 5.062398456889818e-07
307 1.640342182153408e-06
308 2.031756857105438e-06
309 1.1106197765489254e-06
310 6.060927064466376e-07
311 1.458534819103317e-06
312 1.5734681283065364e-06
313 1.778437425793565e-06
314 1.6995795044975895e-06
315 2.250521596047689e-06
316 1.5240448389687238e-06
317 1.6142815199657566e-06
318 1.7380398597322962e-06
319 1.2704908122881708e-06
320 1.3192791848548202e-06
321 1.2436983746153098e-06
322 6.967008476293454e-07
323 1.5216982349120797e-06
324 2.3113474463319096e-06
325 1.251693085459935e-06
326 9.72852098315684e-07
327 8.678095110317514e-07
328 2.102070210802411e-06
329 7.33703370909899e-07
330 5.3240831676286e-07
331 7.242212680758379e-07
332 8.983980887485708e-07
333 6.778797044705852e-07
334 7.645292469022199e-07
335 1.4015469280184071e-06
336 2.4393201571153064e-06
337 1.5257853356774905e-06
338 1.0952139081471865e-06
339 1.2829413543919494e-06
340 1.7868950392156807e-06
341 1.4748768675811596e-06
342 1.3660768691567303e-06
343 1.4023776210318812e-06
344 1.8780540997456684e-06
345 1.59874214535027e-06
346 1.148604564092189e-06
347 1.670223319347192e-06
348 7.516735676665658e-07
349 1.1480302470975657e-06
350 2.0876605254266816e-06
351 8.106979364330334e-07
352 8.578428056094188e-07
353 1.5235734971998672e-06
354 1.6385075556391785e-06
355 1.648692786742441e-06
356 1.643039647550434e-06
357 7.713133794406442e-07
358 1.6930935045607374e-06
359 2.0088223149233184e-06
360 2.021298050052949e-06
361 1.5297522371952737e-06
362 1.2441117641780527e-06
363 1.2013053909204562e-06
364 1.1570400812240492e-06
365 7.555839182728607e-07
366 8.057800698086238e-07
367 1.574778846453884e-06
368 2.296897886042243e-07
369 1.4264271643908753e-06
370 1.624232481026004e-06
371 1.3096858643190243e-06
372 1.7024249401160442e-06
373 1.3323262860469061e-06
374 1.9047255220993519e-06
375 1.0451045673492964e-06
376 -4.6142903593977894e-07
377 8.304583305479457e-07
378 1.3865572826959858e-06
379 7.151432437592083e-07
380 3.208949939641284e-07
381 1.1696867412906207e-06
382 9.895868362407163e-07
383 1.8980106930629917e-06
384 5.177288011770074e-07
385 7.142629121247367e-07
386 1.026395450250034e-06
387 1.503036720146908e-06
388 1.2154589473369852e-06
389 1.9159436257943372e-06
390 1.9501208242121076e-06
391 1.33768412621541e-06
392 1.603673128190357e-06
393 2.0093912079662183e-06
394 1.8600676763835095e-06
395 1.5399358891930601e-06
396 1.261749682221009e-06
397 1.7549767981191653e-06
398 1.7033317835311223e-06
399 2.055907919361177e-07
400 1.0391573942841622e-06
401 1.1531460258105112e-06
402 1.8987737968495617e-06
403 1.586179919169472e-06
404 1.1483372385953446e-06
405 2.242215713321323e-06
406 1.681787361948366e-06
407 5.72819662029857e-07
408 7.084649653610405e-09
409 3.7592104333396166e-07
410 1.559689767091561e-06
411 2.0956949535048417e-06
412 8.90855722334429e-07
413 7.199255956840113e-07
414 1.31390653595974e-06
415 1.246082379389061e-06
416 9.895457882537339e-07
417 8.639431636473957e-07
418 1.1032194080961626e-06
419 8.247414834752962e-07
420 1.6332502117732608e-06
421 9.660137403766415e-07
422 1.0515017060992645e-06
423 1.3873874758318105e-06
424 1.7668407467075812e-06
425 8.410933249193114e-07
426 9.231324980323726e-07
427 1.0300263574185665e-06
428 8.943248349334478e-07
429 1.2383378402213237e-06
430 1.5938691026285718e-06
431 1.0802449266315977e-06
432 1.2753978573374756e-06
433 1.5677705128759481e-06
434 1.8575587351112916e-06
435 2.4754323066577432e-06
436 7.985159504145236e-07
437 1.2070762303845475e-06
438 1.0638381858137418e-06
439 1.683005601479374e-06
440 4.803382573375319e-07
441 7.442014433064161e-07
442 1.6726114377085473e-06
443 1.7853225775764952e-06
444 1.6671201357319747e-06
445 1.9630057747719524e-06
446 5.564697643674547e-07
447 1.4731302878836906e-06
448 1.414202627365181e-06
449 2.368548677962433e-06
450 2.2709906192310773e-06
451 1.6098047582068312e-06
452 1.318845611102732e-06
453 1.4277481570499762e-06
454 1.2581580945481573e-06
455 1.0161832943067819e-06
456 1.040495101182239e-06
457 9.405708385553054e-07
458 1.420545778098687e-06
459 2.6635955323606676e-06
460 2.0936024275588907e-06
461 2.126012903395703e-06
462 1.0934307810611805e-06
463 2.0349964013990884e-06
464 6.965393859532098e-07
465 1.3559801378726047e-06
466 1.6213570528184809e-06
467 1.1881596602911806e-06
468 1.5996221561349315e-06
469 1.46312332833663e-06
470 1.3535011154546447e-06
471 1.726711911579553e-06
472 1.7571613820384028e-06
473 1.5924852329340696e-06
474 1.0413080118398264e-06
475 1.2680194495550417e-06
476 1.681550858849494e-06
477 2.1157406120783347e-06
478 2.1278711740735663e-06
479 1.1330525957038768e-06
480 1.978508034066873e-06
481 1.5050734365474783e-06
482 8.533980696623581e-07
483 1.2531296914752727e-06
484 1.1005497478860429e-06
485 4.462027188449795e-07
486 1.9791608458105418e-08
487 1.117475988686257e-06
488 7.828450871663628e-07
489 5.532829800477507e-07
490 8.988387310976925e-07
491 1.2051670417400585e-06
492 1.0825958187688136e-06
493 7.908660863962185e-07
494 8.778581624326284e-07
495 1.8277638713240725e-06
496 1.079670820938134e-06
497 1.954623490921551e-06
498 1.3427592599831778e-06
499 1.0953216225688688e-06
500 6.592739447244536e-07
501 1.6149659215214243e-06
502 1.860138330988776e-06
503 1.4714127516973807e-07
504 1.618616779786788e-06
505 1.0100723185476911e-06
506 4.1878539858124114e-07
507 2.6326850576191605e-06
508 3.26941544332302e-07
509 1.558091223266267e-06
510 1.5008507707116517e-06
511 1.5422675313971563e-06
512 8.483520326058493e-07
513 1.7667433883581084e-06
514 1.7414038821074142e-06
515 1.4252502586432092e-06
516 9.414024772390135e-07
517 1.390607384441171e-06
518 1.251704991497923e-06
519 4.494816234509837e-07
520 2.180497774256777e-06
521 1.880863472290588e-06
522 1.5729541551181239e-06
523 1.0366214874191831e-06
524 1.1634788869465056e-06
525 1.3824074034650534e-06
526 1.0366125043417907e-06
527 2.0484494059044915e-06
528 7.005250765223431e-07
529 5.254913025907251e-07
530 1.518416354526449e-06
531 3.4061179494433154e-07
532 1.0274480827369443e-06
533 1.649655052715108e-06
534 4.1517941040439393e-07
535 1.7411736242092106e-06
536 1.2003036507741304e-06
537 3.949947741219298e-07
538 8.700469996581116e-07
539 1.1411797146800748e-06
540 6.973983009980868e-07
541 1.191569259372601e-06
542 1.9245247952196816e-06
543 1.3231164482771244e-06
544 1.7217914211474245e-06
545 1.1473955630035496e-06
546 6.995636354411694e-07
547 2.9267280357135008e-06
548 2.189029509768879e-06
549 2.0166939005359465e-06
550 2.2921621415053704e-06
551 9.524562608684442e-07
552 9.713019170501105e-07
553 1.062424506867614e-06
554 2.7172328330087697e-06
555 1.4722120737101327e-06
556 2.2811676814564604e-06
557 1.3453537105208802e-06
558 1.2165160787263043e-06
559 4.417288901931891e-07
560 9.792074281673425e-07
561 9.364120235240312e-07
562 3.045767362606735e-07
563 8.680921309405816e-07
564 1.4599863033677813e-06
565 1.3489658153972459e-06
566 1.7723298113019105e-06
567 1.1853835872135425e-06
568 1.6711754105754504e-06
569 1.2645225655178973e-06
570 1.0604232862936661e-06
571 1.7256387921931753e-06
572 5.847022476219706e-07
573 2.3017432825426068e-06
574 2.041830475833898e-06
575 2.15526347073973e-06
576 8.661103697038239e-07
577 1.2719801800242478e-06
578 1.3684693578606632e-06
579 2.235578720506703e-06
580 1.4894907760461488e-06
581 1.347154339308765e-06
582 1.1685064697399146e-06
583 7.912223851660223e-07
584 9.654177873027736e-07
585 6.907884793664057e-07
586 7.28959249713067e-07
587 1.705739179990889e-06
588 1.7637131545705686e-06
589 1.620163123669388e-06
590 1.3118396070133965e-06
591 2.6609318069299496e-06
592 1.8845674176979274e-06
593 1.4675292463867325e-06
594 1.1546699620941003e-06
595 1.0821236933412792e-06
596 1.0669897707111395e-06
597 1.6497683887338411e-06
598 1.9294145829469704e-06
599 6.759324172457617e-07
600 4.3888780915827147e-07
601 7.290206842794861e-07
602 1.2803073683597121e-06
603 1.4519326387013353e-06
604 1.7654868421049321e-06
605 7.051549898893598e-07
606 1.2936006757193919e-06
607 1.8408862569309474e-06
608 1.1254104251529804e-06
609 8.037610642241922e-07
610 1.488648991709082e-06
611 1.061498100483342e-06
612 9.780373769091845e-07
613 1.9575733248385744e-06
614 1.054566018412217e-06
615 1.567368090371165e-06
616 1.088537414047559e-06
617 8.518542377635191e-07
618 2.4122489399840157e-06
619 7.897651410965375e-07
620 1.5162975046797772e-06
621 1.8231383625530149e-06
622 1.2341029490665065e-06
623 1.374758074746665e-06
624 1.6285452089108957e-06
625 2.6521107670601786e-07
626 9.741642137071565e-07
627 1.5816971572563261e-06
628 1.6473375368366897e-06
629 7.270062719230516e-07
630 1.7017450653452263e-06
631 2.161940526649145e-06
632 1.1046241327895968e-06
633 1.4677080182814985e-06
634 2.1259999454450283e-06
635 5.987371762001842e-07
636 7.222563275906387e-07
637 1.7688535506426458e-06
638 8.840108709031164e-07
639 5.070130081721396e-07
640 1.1527572870187086e-06
641 1.901984067213151e-06
642 1.8929890674173733e-06
643 1.3044384575445643e-06
644 7.210357579535338e-07
645 5.783183205122695e-07
646 1.5617041874976914e-06
647 1.067153245263743e-06
648 1.7195747612878356e-06
649 8.698651560373083e-07
650 2.2442509048036683e-06
651 1.0723362612518098e-06
652 1.8926483402737317e-06
653 1.319166620230384e-06
654 1.4366715525361696e-06
655 1.4191627127565295e-06
656 1.1825303925812317e-06
657 9.427255760906877e-07
658 1.9872369402842604e-06
659 1.2783258730200281e-06
660 1.3093518066051407e-06
661 1.4755700292942695e-06
662 1.7343572692007932e-06
663 2.376493829944425e-06
664 1.8119570257942057e-06
665 1.709096967182386e-06
666 1.708759587815991e-06
667 1.3772990337387355e-06
668 1.5831287919217377e-06
669 1.5829520633915744e-06
670 2.5314724977273445e-06
671 1.4019651509951077e-06
672 1.825041569022692e-06
673 1.687350404766353e-06
674 1.6168230710561639e-06
675 1.8761364142527596e-06
676 1.210466498299207e-06
677 4.864925032147705e-07
678 1.352530862572523e-06
679 4.2777778969767415e-07
680 1.2971610279383141e-06
681 1.22069518238715e-06
682 2.2364732171035295e-07
683 2.1832297319497184e-06
684 5.942461137053773e-07
685 1.1713474176739221e-06
686 8.413917220516094e-07
687 9.242501451172743e-07
688 6.248406337146654e-07
689 1.7395394026837947e-06
690 1.4107847180932257e-06
691 8.705340240103524e-07
692 1.4685634351221136e-06
693 1.7676476705560985e-06
694 1.9671478087577387e-06
695 1.055330121027437e-06
696 6.625229815645787e-07
697 7.326034110300764e-07
698 1.286467124315992e-06
699 1.565262140833547e-06
700 2.7986356558827346e-06
701 3.80775706261997e-08
702 1.7149530408450365e-06
703 1.4696478024765135e-06
704 1.0748988696776106e-06
705 1.4021390812592678e-06
706 1.624393574480364e-06
707 1.6973416401954013e-06
708 2.614082174786243e-06
709 1.9279593993194545e-06
710 7.40588816832952e-07
711 2.3698058649039894e-06
712 1.586620784021543e-06
713 1.735019220375778e-06
714 2.3292678646160794e-06
715 8.084049911265967e-07
716 1.025210133495713e-06
717 7.805827085543598e-07
718 6.55496616107929e-07
719 1.266177680641388e-06
720 3.5389515455508045e-07
721 1.0773757073223654e-06
722 1.0471882874005575e-06
723 1.3918706745290092e-06
724 1.5156645792107751e-06
725 1.3731320250829242e-06
726 1.304320801595804e-06
727 1.6951026508805466e-06
728 2.04579860613018e-06
729 8.992052805806721e-07
730 1.2120568755978663e-06
731 5.397369327448737e-07
732 1.2662508251711353e-06
733 9.275299784972203e-07
734 1.5781539476177304e-06
735 9.384125842194546e-07
736 2.028551810121492e-06
737 1.6172270943310495e-06
738 1.759532706435556e-06
739 3.798717692391067e-07
740 1.991868216322098e-06
741 1.548246691457642e-06
742 2.280076112664749e-06
743 1.6394631104291202e-06
744 7.400633582058869e-07
745 1.371138730930595e-06
746 1.402904379717878e-06
747 1.1863315784447698e-06
748 1.5977910044142882e-06
749 1.765496242107939e-06
750 1.0162383116915777e-06
751 5.841054222802911e-07
752 2.491164289217792e-06
753 2.309736776175526e-06
754 2.128860918770833e-06
755 1.9763250873187094e-06
756 1.5094438389227663e-06
757 1.0320419368323025e-06
758 2.0295050217371945e-06
759 1.4141853813620784e-06
760 1.758363780844277e-06
761 1.6625450702708555e-06
762 1.1957271486552097e-06
763 1.3882712855516764e-06
764 1.5081766879344718e-06
765 6.921348976980727e-07
766 1.8016743472280353e-06
767 1.4873357146951065e-06
768 6.904772025599401e-07
769 6.253527612612272e-07
770 1.3123724713341868e-06
771 7.988809043184692e-07
772 1.2837378414705806e-06
773 1.348785625144258e-06
774 1.728607253610776e-06
775 1.2907537652485829e-06
776 1.001690056729893e-06
777 1.5918205610831576e-06
778 1.1513743138321883e-06
779 4.926593520159432e-07
780 9.758044188092821e-07
781 5.608625093322309e-07
782 1.947592288811248e-06
783 1.5789910120313733e-06
784 1.4631234157834633e-06
785 1.3727027981214779e-06
786 9.78939272428018e-07
787 1.4327859180269117e-06
788 8.66262468641011e-07
789 9.145175315635166e-07
790 1.1870509607609867e-06
791 9.809418736192873e-08
792 1.642988521975713e-06
793 7.622538150459211e-07
794 1.0527484727113594e-06
795 9.9302340010298e-07
796 9.817789823746033e-07
797 1.3346008495224695e-06
798 1.4590903466345923e-06
799 1.3076741431215913e-06
800 2.0459417924035097e-06
801 2.045361657791009e-06
802 1.214295295120128e-06
803 9.68007091565701e-07
804 1.025913271065664e-06
805 7.64703652291116e-07
806 9.118147762297031e-07
807 1.7222660349750108e-06
808 1.5864078185727835e-06
809 1.507078093500459e-06
810 1.2728274632540475e-06
811 9.79871967237697e-07
812 1.4756754309217715e-06
813 1.475142793958338e-06
814 6.668606651006701e-07
815 8.033230766913743e-07
816 1.6063464309804043e-06
817 1.8173228311399591e-06
818 1.5285253669231793e-06
819 7.540473444469618e-07
820 1.1810925747589381e-07
821 8.280995429273992e-07
822 9.971308620887325e-07
823 1.0773220729651818e-06
824 6.161790923627357e-07
825 8.466925754149615e-07
826 1.1888614368309476e-06
827 1.8776856503250428e-06
828 5.554827627701583e-07
829 8.687633710122137e-07
830 1.728481939703173e-06
831 1.543708732709992e-06
832 1.7950805558259931e-06
833 1.503204537430892e-06
834 1.0373925957757383e-06
835 1.5038539295622416e-06
836 1.1509368933828125e-06
837 1.9414899164780656e-06
838 2.0563442058227564e-06
839 1.8411363506219648e-06
840 1.0370238932992268e-06
841 1.8322790024149683e-06
842 2.0632119857921314e-06
843 1.6467965482339046e-06
844 2.003101457492592e-06
845 9.59110055631828e-07
846 8.269728833962893e-07
847 1.5332540865617803e-06
848 1.3957201386001366e-06
849 1.4736790800116241e-06
850 4.1292797433906574e-07
851 9.679741894071626e-07
852 7.000683088800527e-07
853 1.974103419247817e-06
854 1.2987636348101052e-06
855 1.5790184860065634e-06
856 1.36758486998655e-06
857 1.4610714703093417e-06
858 1.5935728356982236e-06
859 9.245176939225169e-07
860 1.699277222677527e-06
861 1.144592248393669e-06
862 2.1568110593259627e-06
863 1.2971195685840437e-06
864 1.577758097333309e-06
865 7.783887109274359e-07
866 1.0678503814345604e-06
867 6.802829755090962e-07
868 1.442905921033113e-06
869 7.441669520774791e-07
870 1.2414996320076883e-06
871 1.0927435761875166e-06
872 7.86677679988932e-07
873 5.689542429200824e-07
874 9.636597222666781e-07
875 1.5821538140720554e-06
876 4.5045638341898425e-07
877 2.0965946795083937e-06
878 1.5061050973697837e-06
879 1.7865490677946825e-06
880 7.887471424948275e-07
881 1.6877790994252248e-06
882 1.7133190864801908e-06
883 2.2279942302176296e-06
884 1.025311435268236e-06
885 1.986320977361386e-06
886 3.186215715028585e-07
887 1.770070871627844e-06
888 7.571913593137826e-07
889 1.3728766984969146e-06
890 1.8821529668039541e-06
891 1.3727321525238657e-06
892 1.2599754734585475e-06
893 1.7225280416599007e-06
894 1.3038705827383865e-06
895 6.277436854324064e-07
896 2.2069697455641189e-07
897 -6.774528776956003e-08
898 1.2508722836765304e-06
899 1.4337502120555437e-06
900 6.556082664974135e-07
901 1.0087132079488475e-06
902 7.554070908746021e-07
903 1.228496523316151e-06
904 2.5394728025084606e-06
905 5.084798662265039e-08
906 1.7172050140907348e-06
907 1.5344808614776396e-06
908 1.2544437162537209e-06
909 2.1058782882378316e-06
910 1.6287533856418428e-06
911 1.374670478051223e-06
912 1.1613717030240502e-06
913 9.63714813407845e-07
914 1.4252223267391934e-06
915 1.6031766181601772e-06
916 1.7665455337959736e-06
917 9.753335166404815e-07
918 1.6575861297862145e-06
919 1.6298283157434535e-06
920 8.423509763119335e-07
921 1.8631952690012347e-06
922 4.177978758445991e-07
923 6.740176144188739e-07
924 8.605690942193305e-07
925 8.301212748891452e-07
926 1.7773129896521033e-06
927 2.1800197710654938e-07
928 5.233029542829039e-07
929 1.5634195906315175e-06
930 2.7015099470716125e-06
931 6.692422516402097e-07
932 1.022225094459662e-06
933 1.9805031905283684e-06
934 9.077967599350433e-07
935 8.122765302209951e-07
936 2.037832093529169e-06
937 3.965743520619043e-07
938 1.5799941526271736e-06
939 1.06788726823381e-06
940 1.708489282740533e-06
941 1.353620062444931e-06
942 2.0309137611828805e-06
943 7.011636533321762e-07
944 8.91013516667578e-07
945 2.379138721762138e-06
946 1.2753683127063428e-06
947 2.3036534186959137e-06
948 1.7176209380299958e-06
949 2.2592272119882588e-06
950 3.080983425943663e-07
951 1.3052914418299078e-06
952 1.5996068093982642e-06
953 1.2542727996844686e-06
954 9.903378735518457e-07
955 1.2653868629726536e-06
956 1.2920825609577962e-06
957 1.4436575773076997e-06
958 1.6791290387488979e-06
959 9.812768484437694e-08
960 1.4141815079700618e-06
961 1.328601311608725e-06
962 1.908090817170368e-06
963 1.4381589949624735e-06
964 1.3478311363924095e-06
965 1.918470207428335e-06
966 1.8823135020817734e-06
967 3.2558306313401594e-07
968 9.33388513541765e-07
969 1.1563505534440885e-06
970 1.0094001192081333e-06
971 1.4433115519847106e-06
972 1.1978167166108768e-06
973 1.5973571123532244e-06
974 1.2138900143338427e-06
975 8.504404833491036e-07
976 1.4022147907710128e-06
977 1.132394133631988e-08
978 1.6458150083389468e-06
979 2.190204353678848e-06
980 2.3742577441009137e-06
981 8.995900663378724e-07
982 1.3299806605815003e-06
983 1.684949205120787e-06
984 1.5530263601162503e-06
985 1.649566840068504e-06
986 2.187562346861399e-06
987 1.0011201232412785e-06
988 1.4523483805952082e-06
989 1.081224202792254e-06
990 4.364179844649911e-07
991 1.6116037530487723e-06
992 1.4516601246270614e-06
993 1.159927872033345e-06
994 6.855663095222645e-07
995 1.2244485048790676e-06
996 1.6741585692284886e-06
997 1.5768208699731643e-06
998 1.969648794788512e-06
999 1.4729206257077209e-06
