0 3.250562741068638e-08
1 -4.988991861139166e-08
2 9.208429138710911e-08
3 -2.7792256767922363e-07
4 2.0076580759117751e-07
5 -6.248849515116141e-09
6 -1.6093867449102878e-07
7 -3.626606876868836e-08
8 1.8336000577527228e-07
9 1.997871852998499e-07
10 -3.056506022255508e-07
11 9.874216261353002e-08
12 1.6162100572057705e-07
13 2.0798391051178343e-07
14 2.2584077267905126e-07
15 -1.7541373003614487e-07
16 -1.137916689795805e-08
17 -2.79788551465497e-07
18 5.514069783837419e-07
19 6.31077316078077e-08
20 3.803373744575221e-07
21 3.395487109254308e-07
22 1.8937836071247083e-07
23 2.3647900687269543e-07
24 8.551081694681778e-08
25 3.3950796416993453e-07
26 8.638280740346783e-08
27 -3.370646831413855e-07
28 -3.788429398192744e-07
29 -2.6803419140161433e-07
30 4.317222347637027e-07
31 -2.1239481392300243e-07
32 5.323526333452536e-07
33 5.246676357810506e-07
34 1.8226923596071844e-07
35 2.416385523962086e-07
36 2.584810495396286e-07
37 -6.67282488044861e-08
38 3.215176876752953e-07
39 -1.0969159667042277e-07
40 2.692194864900587e-07
41 2.661106926592954e-07
42 -1.5422815182337986e-08
43 1.3489563303913897e-07
44 6.022601954047979e-08
45 5.257035556258187e-07
46 4.1050674461862314e-07
47 -8.408017542899894e-08
48 -5.018244491266757e-07
49 3.109889073347225e-07
50 1.9483613906564043e-07
51 3.8936388304034406e-08
52 2.228360829054813e-07
53 7.470254800092942e-07
54 -2.1287637811860418e-07
55 4.859099208331281e-07
56 4.886715083009549e-07
57 3.452620313060982e-07
58 3.34089067895206e-07
59 2.6752271625628004e-07
60 7.545189373144413e-07
61 -3.0636039921784514e-07
62 -3.283137884598072e-07
63 3.5046570257892745e-07
64 -1.0639204425066618e-07
65 3.8730003480181044e-07
66 5.68784667436034e-07
67 2.2945233384383325e-07
68 -1.195117907358619e-07
69 1.3497017395969615e-07
70 -2.0317180589260816e-07
71 9.884221774844558e-08
72 1.4320124469945162e-08
73 5.92240709104388e-07
74 1.060848244611685e-08
75 2.338212039182737e-07
76 -3.705307259048556e-07
77 -1.6802923965448565e-07
78 1.0156791129345596e-07
79 3.9891442342929347e-07
80 -1.5470027696150714e-07
81 -1.3536809151752512e-07
82 3.739947205576841e-07
83 1.4001287347365123e-07
84 9.920139117387538e-08
85 2.7726423466683854e-07
86 3.5119504699792376e-07
87 2.1357471420827953e-07
88 -4.138284350520747e-07
89 3.5429019474425005e-07
90 3.0422515503270036e-07
91 3.261285776283306e-07
92 -8.693336418786405e-09
93 2.565552467329651e-07
94 3.911648848425651e-07
95 1.8334827508085205e-07
96 4.6034052830085574e-07
97 3.2816737041095486e-07
98 -1.5960314154598472e-07
99 5.769705594548462e-07
100 5.285273598167381e-07
101 2.392744693318053e-07
102 -6.846601967125084e-08
103 3.033687215614404e-08
104 -2.453330129680651e-07
105 7.255714431959341e-07
106 1.0334728396595288e-07
107 -1.6851796023811995e-07
108 3.6599001130362706e-07
109 1.847287025887017e-07
110 -1.0695906067417202e-07
111 -1.584545713788136e-07
112 6.149366577151006e-08
113 -1.5180275398829568e-07
114 5.534348367379597e-07
115 7.87069129828378e-08
116 -1.3197613770447893e-07
117 -2.8955415512279424e-07
118 2.485724194883018e-07
119 6.619051896472399e-07
120 -1.5037521766487163e-08
121 1.596038503705654e-08
122 4.355410288233012e-07
123 -1.0842686342024616e-07
124 1.3465362329934273e-07
125 2.8129449776401726e-08
126 6.375592280319079e-07
127 3.2515702484716793e-07
128 -8.518398206575225e-08
129 -7.027662063834508e-08
130 2.341660986519703e-07
131 1.2244212071010752e-07
132 5.488613478720702e-07
133 2.148206018317889e-07
134 -2.2512301750107328e-07
135 4.6077246349390184e-07
136 -1.5813820058536691e-07
137 4.6049636081500346e-07
138 -1.4373788851577165e-07
139 3.3365833597749183e-07
140 -1.3094736955779142e-07
141 -1.4648780934547666e-07
142 4.88590986356912e-07
143 -3.7035729456212704e-08
144 5.6910817075118704e-08
145 3.923164711078359e-07
146 -2.305678382862477e-07
147 2.0762983616779508e-07
148 1.3575386617283657e-07
149 -5.166007531558317e-07
150 -1.0830449400005236e-07
151 -1.3335252557936364e-07
152 5.505109425262823e-07
153 -3.817240727419551e-08
154 4.295106478883892e-10
155 -7.02554120903831e-08
156 2.2154369064259353e-07
157 2.804976883476354e-07
158 6.356103469356002e-07
159 1.8211532164237328e-07
160 5.610026846862373e-07
161 4.553798066445982e-07
162 2.4370612255223797e-07
163 -5.477892706815523e-08
164 -6.602164830254172e-08
165 -5.599233481282993e-08
166 -1.8856407302976733e-07
167 3.7057952177490977e-07
168 -1.0591224041560362e-07
169 -1.524175880901174e-07
170 -2.575676229004768e-07
171 8.21212695406344e-07
172 -1.6342134277839087e-07
173 5.263648750916157e-07
174 1.3166683701399426e-07
175 -2.5428994034205846e-07
176 3.030487885965737e-07
177 3.658055753767705e-08
178 -3.3840955268846307e-07
179 5.392899437505149e-07
180 -7.255690545037232e-08
181 2.61269242686983e-07
182 5.090272748932613e-08
183 7.911385596545475e-08
184 2.1278632188334216e-07
185 2.492953600881342e-07
186 4.84028133282513e-07
187 5.27698090261678e-07
188 6.449624154716108e-07
189 2.985180140891692e-07
190 3.256253095076664e-08
191 3.33984833611535e-07
192 3.445226702730491e-07
193 1.4347495157870227e-07
194 1.8944785230308462e-07
195 4.1057240930792126e-07
196 2.582825771717451e-08
197 -1.0982425004292326e-07
198 1.8410241131155335e-07
199 4.412269471825855e-07
200 8.799941078098564e-08
201 1.222520541473378e-07
202 -1.4342740896309194e-08
203 4.5657064190471654e-07
204 1.7979356831130525e-08
205 2.041855937142168e-07
206 2.5953741573557977e-07
207 -3.6867018803406187e-07
208 7.270586243119739e-08
209 -8.529583581052143e-07
210 -2.83277516220487e-09
211 2.3835821474710697e-07
212 2.3008208909284793e-07
213 4.4299763889766513e-07
214 -4.20499860690512e-08
215 -3.537913798821787e-07
216 -1.195220842910061e-08
217 -1.1668145817290929e-07
218 2.1649234238679484e-07
219 -2.0365361742341903e-07
220 -2.1759780257417434e-07
221 4.3107101320302e-08
222 5.143752276724886e-07
223 1.1455442114767552e-07
224 6.848253203710521e-07
225 -1.981562288570366e-07
226 7.647434541761821e-08
227 6.04218560042048e-07
228 -7.011108889368789e-08
229 1.3768114462208206e-07
230 9.32329174785532e-08
231 -5.481690763865662e-08
232 3.2217848083253654e-07
233 2.0028104396032952e-07
234 7.048196584631157e-08
235 1.254817949815162e-07
236 -2.1058674410105455e-07
237 -1.5307463442205318e-07
238 6.401497367456484e-07
239 4.604142947119317e-09
240 -1.2836330735714437e-07
241 7.756135776261873e-08
242 -1.3740168328448636e-07
243 4.011700567294011e-07
244 5.384629949232241e-07
245 -1.748848190635402e-08
246 1.1375724733702994e-07
247 3.9711923374834977e-07
248 4.795587053102822e-07
249 2.9259952283658747e-07
250 1.1996888371116392e-07
251 3.656837007209016e-07
252 -1.577087166259504e-07
253 2.639734366673144e-07
254 3.560919069783806e-07
255 1.144033108912821e-07
256 1.7291372233373138e-07
257 3.2758698179832696e-07
258 1.6562046932261317e-07
259 3.115571186462109e-07
260 4.1211252031455213e-07
261 4.000254483973241e-09
262 4.189810585977751e-07
263 8.958915278890021e-08
264 -2.3727369634972594e-08
265 -1.503255751622068e-07
266 2.87545469948878e-07
267 3.6041606468036096e-07
268 8.456704718849398e-08
269 -4.34048952972493e-09
270 -2.5554625113353187e-07
271 -9.424884995121672e-08
272 1.338907173614357e-07
273 -1.1120107251664767e-07
274 3.9524267137874426e-07
275 -1.9448449545497134e-07
276 3.764948708501883e-07
277 1.2915692777186708e-07
278 1.5902230775109573e-07
279 1.5155011989685771e-07
280 4.7407655731775385e-07
281 -8.336762448235489e-07
282 6.152719152838645e-07
283 1.023754354488221e-07
284 2.8897317467319685e-07
285 -3.219650289823338e-08
286 1.1945340421054623e-07
287 -5.012352020915694e-07
288 9.615599633426544e-09
289 3.300015941196931e-07
290 2.6394959011821417e-07
291 3.241439877233012e-07
292 2.709644789332257e-07
293 7.840106840129513e-08
294 7.580918327197263e-07
295 -3.2432137137525183e-07
296 6.868490258034155e-08
297 -3.555275816583754e-07
298 2.9920824838196764e-07
299 1.2675041636767505e-07
300 3.897626231397774e-07
301 1.1560616113779575e-07
302 6.53911358214101e-08
303 -7.466787114508588e-08
304 -5.867223831282599e-07
305 3.2575276240392617e-07
306 4.386280299272189e-07
307 5.5035409423300464e-08
308 -3.782504542911095e-07
309 2.694447132078062e-07
310 1.318503733698988e-07
311 5.481370265336597e-07
312 -7.5439168839034e-09
313 1.519635355828746e-07
314 5.385867571196546e-07
315 1.7064449275544318e-07
316 -2.63843840463049e-07
317 4.2571529973610624e-08
318 -2.4214879119005894e-07
319 3.97016607045187e-07
320 -1.2161300273405686e-07
321 7.035967106947068e-07
322 4.69194723878222e-09
323 -5.02413870329674e-07
324 -2.237751246864907e-09
325 1.702812207235728e-07
326 3.457997783743358e-07
327 1.138755771711779e-07
328 -1.238189991166512e-07
329 -5.321418000337723e-08
330 3.820232131309162e-08
331 1.2056131282385155e-07
332 -1.4310577564846798e-07
333 4.556545518919729e-07
334 1.34032305041826e-07
335 3.361298346816868e-08
336 2.680913862069509e-07
337 -2.5852148936565604e-07
338 6.099763929089478e-08
339 4.939417703164559e-07
340 4.422378187903881e-07
341 4.931503673029531e-07
342 1.6103583738887847e-07
343 -6.590656633054075e-08
344 4.988087496494759e-08
345 1.6207393981940058e-07
346 -5.2293851001405645e-08
347 3.297003862273743e-08
348 3.475558005577762e-08
349 -7.09717321519798e-08
350 1.1342307211129593e-07
351 4.108312710134954e-07
352 1.352776861245153e-07
353 -1.8008317791563821e-07
354 4.6205208586132886e-08
355 -2.4752040835791153e-07
356 2.6075598641367634e-07
357 4.6749050040378947e-07
358 7.00915083888445e-08
359 3.2312628162871615e-07
360 -2.724028741304822e-08
361 -6.869775209600384e-08
362 -1.303756156789469e-07
363 -6.065461041015555e-07
364 4.3169745455688696e-07
365 -5.331728809878891e-08
366 -9.122642225499999e-08
367 2.4750549513656134e-07
368 1.3329254524700954e-07
369 4.5922500549465496e-07
370 -3.898905477734505e-08
371 1.7254587089420312e-07
372 -6.29272836550212e-08
373 1.4293779978543578e-07
374 -1.1427202021141463e-08
375 1.4498091457933647e-07
376 -3.8099992985656153e-07
377 5.840871979847407e-08
378 -8.8206172357694e-09
379 8.0486992548118e-08
380 -2.587938519491545e-07
381 -6.7519207998657364e-09
382 -1.3103865711212997e-07
383 1.3218508366028434e-07
384 8.200851748636045e-08
385 2.7195534016959817e-07
386 2.3223909970981634e-07
387 2.4522700205808614e-07
388 -3.0496710750836434e-07
389 2.2183275139658733e-07
390 9.838322041448708e-08
391 2.1557864684567903e-07
392 4.4235440484542753e-07
393 4.2447682510197035e-07
394 2.9490653030532684e-07
395 -2.010292646883774e-08
396 -3.7749943079460207e-07
397 1.4041681336706585e-07
398 4.395007066250476e-07
399 2.7063375033471717e-07
400 -3.1900387637423204e-07
401 3.2748597810135845e-07
402 -1.159689260164626e-07
403 -7.177441138670577e-07
404 1.330749207747548e-07
405 6.438081509113102e-07
406 -4.305128795263133e-07
407 3.8274994599839733e-07
408 -3.7017625677795034e-08
409 8.938121697735487e-07
410 -4.0596390031089744e-07
411 -9.519479868209388e-08
412 1.0696458194367367e-07
413 -1.8000607059179812e-07
414 -7.591694514034913e-08
415 2.3089838639917942e-07
416 -2.4749391724541014e-07
417 8.006104359814046e-08
418 -1.7086191962231612e-07
419 2.0640086816305524e-07
420 6.820528278018737e-08
421 -1.7533620181046455e-08
422 1.8762329696939819e-07
423 2.6426183056785436e-07
424 2.861834405621554e-07
425 1.2650585102388216e-08
426 -2.63680340956499e-07
427 -2.473586815754536e-07
428 5.757121937595248e-08
429 -7.148577835522085e-08
430 4.958179640624729e-08
431 1.6738986733786282e-07
432 -2.619619222980691e-07
433 -6.385196991769328e-08
434 -2.5565713304764036e-08
435 2.253364218817877e-07
436 -2.7974543806526687e-08
437 1.6362017836209149e-07
438 1.55722473685384e-07
439 -2.0199903680808656e-07
440 -2.657401573302865e-09
441 4.2764207637745916e-07
442 -1.5242915400027306e-07
443 -8.550076306720732e-09
444 6.711976183534985e-08
445 2.4827265673506164e-07
446 1.1102617539735413e-07
447 4.1218367355510337e-07
448 1.0171700630055155e-07
449 -1.2591826553682785e-08
450 -3.7591873775653713e-07
451 1.770428316691281e-07
452 1.161954792732085e-09
453 2.1683814647682142e-07
454 9.502381684137434e-08
455 6.015386216226817e-08
456 1.1028422726466875e-08
457 -3.921030477336821e-07
458 3.035742737189561e-07
459 -1.7801973135188986e-07
460 2.988529553291617e-07
461 9.999278003345773e-08
462 -1.2343600990785465e-07
463 2.3834218108845414e-07
464 -2.532090680458491e-07
465 -1.60470795881923e-07
466 -1.1709743228930135e-08
467 -2.992676336477653e-07
468 -8.568274035892063e-08
469 2.1611254441102193e-07
470 4.22704781097425e-07
471 8.450241281833612e-08
472 -2.916730044724499e-07
473 2.844327243729011e-07
474 2.619102006534927e-07
475 6.210418657871584e-07
476 4.4245772255111495e-07
477 4.785677515538315e-07
478 -5.4293710392163665e-08
479 7.47499229806569e-08
480 2.832719421590297e-07
481 7.555149829163103e-07
482 3.846097358242396e-07
483 4.321920853813983e-07
484 3.6921344297123837e-07
485 2.7451130056981975e-07
486 2.772014777419752e-07
487 2.9083000448666615e-08
488 2.213606468474363e-07
489 3.512211438809404e-07
490 -2.9662290469486534e-08
491 3.351167102505062e-07
492 3.9702428742289065e-07
493 2.8783048089370015e-08
494 4.1493435426154474e-08
495 3.1920438926239724e-07
496 -5.374151681857365e-07
497 -5.180852413618152e-07
498 -1.0521489803465248e-07
499 -2.705363094694507e-07
500 -2.1555197291133686e-07
501 2.2332598008427232e-07
502 3.1658477233286764e-07
503 4.0328770925890034e-07
504 2.1367002340342748e-07
505 -4.5375309009381973e-07
506 1.9968620186698213e-07
507 7.182414979819807e-07
508 4.4341908089100214e-07
509 -1.9695807662547858e-07
510 -3.665356754222581e-07
511 6.325666447601225e-07
512 2.8455958938996777e-07
513 2.1633019559635137e-07
514 6.35217071748234e-07
515 -5.3451128414467417e-08
516 4.073675680872406e-07
517 2.6122159101371543e-07
518 -2.923748844153161e-07
519 3.084832436863037e-07
520 2.4962994150320246e-07
521 -1.160619619191233e-07
522 5.0183230865548956e-08
523 5.122208322520557e-07
524 1.5588360661320047e-07
525 1.726896541042986e-07
526 3.829958399992759e-07
527 8.432048920363799e-08
528 2.8790188643861255e-07
529 -1.6184880395595803e-07
530 7.375059169195508e-08
531 2.5862111545324965e-07
532 -1.1691450364236615e-07
533 4.0807588325857103e-07
534 2.706847955111868e-07
535 -2.5065030573187197e-07
536 2.919770348860961e-07
537 3.903672415743021e-07
538 -1.617450584352037e-07
539 -4.243106869006242e-08
540 4.810731189041783e-07
541 -3.973835112557761e-08
542 1.6543251023669917e-07
543 3.1792979822610755e-07
544 5.863806029754285e-07
545 -5.218733357981825e-08
546 2.6175608757991927e-08
547 1.0418126570945875e-07
548 4.0808320721145667e-07
549 2.1738858732239935e-07
550 1.514658370563844e-07
551 3.059703222913082e-07
552 4.146696318973159e-07
553 -1.9799944916380337e-07
554 -1.8811319935177047e-07
555 -1.8654685022559195e-07
556 -9.728348935913702e-08
557 3.508620710448454e-07
558 3.811504032000199e-07
559 -1.6000852664440563e-07
560 -2.9157473300540484e-07
561 2.9357069349641295e-07
562 2.2518149225419988e-07
563 4.4702672137393356e-07
564 4.94013623925994e-07
565 4.1569763352624737e-07
566 -1.5290957557137455e-07
567 -4.612568649319608e-07
568 4.635570842933602e-07
569 5.932793558897819e-08
570 -8.025087903396175e-08
571 2.479556998856526e-07
572 1.9458090636580795e-07
573 5.287706293549757e-08
574 1.6646047750053202e-07
575 -1.373720412073242e-07
576 2.631051766774254e-07
577 1.9966187065405794e-07
578 7.409458743374998e-07
579 2.256240766473848e-07
580 5.431213323533339e-07
581 2.3211739343017527e-07
582 -2.6113869086139405e-07
583 2.2937117187245196e-08
584 7.388139047826725e-08
585 3.135408645352884e-07
586 2.7006431908730783e-08
587 1.290555530760633e-07
588 5.374957360444318e-07
589 -3.6651210193003637e-07
590 -6.729125922700921e-08
591 -1.8832621833812993e-07
592 3.056502556342264e-07
593 -2.4027853031588494e-07
594 -1.0143659949119586e-07
595 -1.6496306353140257e-07
596 -1.9021837645881546e-07
597 2.4028240700058046e-07
598 2.2326952711582476e-07
599 2.672448083822083e-07
600 2.495788247306191e-07
601 1.5005508585419323e-07
602 2.0190539227962024e-07
603 5.0943119948856376e-08
604 -3.304195639090463e-08
605 -1.9482139986240285e-07
606 8.429029112295663e-08
607 -7.872515790709157e-09
608 -3.1445378937909414e-07
609 1.1515096479841544e-07
610 4.575077434356711e-07
611 2.0357038973929602e-07
612 3.354184293812007e-07
613 -1.8628558080923494e-07
614 -5.808014497486647e-08
615 -2.5410805240517055e-07
616 -2.1137989057150703e-07
617 1.916491054850787e-07
618 2.75711580677841e-07
619 5.21279051100948e-08
620 6.582921993448658e-09
621 2.2303803485197438e-07
622 3.501288147598472e-07
623 -3.570088258522025e-07
624 5.711788351492044e-07
625 -3.3654988261845924e-08
626 2.5863111340010845e-07
627 2.1712792349331498e-07
628 3.4360892712036996e-08
629 -1.1752315426132407e-07
630 2.0159495608010563e-07
631 2.947009905703872e-07
632 2.789647302495972e-07
633 1.6540015324198263e-07
634 2.5110581399595794e-07
635 -2.5064509853985385e-07
636 -3.2776303940929773e-07
637 2.1861747055110787e-07
638 -5.4855453577911375e-08
639 2.8055376788100687e-07
640 -8.783559362364021e-09
641 3.132572639919604e-07
642 2.0509435634397634e-07
643 -2.454652168689534e-07
644 6.376486480286961e-08
645 -6.184203249754937e-08
646 1.193199439521282e-07
647 2.5418383197139093e-07
648 -5.327678065198724e-07
649 -1.097698876262184e-07
650 -5.943750845090152e-08
651 4.919188220525873e-07
652 -6.898312800570002e-08
653 2.9244619323871025e-07
654 1.4537341052862e-07
655 4.196254694514067e-07
656 4.726096874599234e-08
657 -2.945253589044599e-07
658 1.3305411265922177e-07
659 -2.1251023755084292e-07
660 2.1508255606169268e-10
661 2.0349985432334598e-07
662 1.31992334839678e-07
663 -1.483789836980942e-07
664 -2.057001279545837e-07
665 -1.7545951616131176e-07
666 -3.026669295062502e-07
667 5.98186614810903e-07
668 3.1611920258770774e-07
669 -1.9424926576841957e-07
670 -9.615760628188533e-08
671 5.479074699695347e-09
672 1.0557594574850622e-07
673 6.859570412205284e-07
674 2.602332405401386e-07
675 2.938693056582677e-07
676 5.260906464617344e-07
677 -1.0053088723125655e-07
678 3.707812322403145e-07
679 3.152232589485771e-08
680 -1.1828155771886328e-07
681 5.598802825257518e-07
682 -1.384449622398115e-07
683 -2.0834981590419264e-07
684 5.242900416397632e-07
685 1.7011207569411548e-07
686 -1.507224345703929e-07
687 1.7743386409434304e-07
688 3.133996211462404e-07
689 -3.0392869989367576e-07
690 4.6831227923242203e-07
691 -1.597743952506259e-08
692 -1.5967687933351318e-07
693 2.926745319580148e-08
694 -2.059540552250884e-07
695 -2.9242557799993735e-07
696 2.873958436194565e-07
697 6.348999427245078e-07
698 3.3788422393974565e-07
699 -4.1028038093352596e-07
700 -6.60243453684948e-08
701 -8.427611675480014e-08
702 -7.473122907163742e-08
703 -1.2853986332599245e-07
704 8.714937464253384e-08
705 6.108343726318174e-08
706 -1.7556656488121632e-07
707 2.156498615446305e-07
708 -5.5362537674798994e-08
709 2.0862428387732302e-08
710 3.635214610227692e-07
711 5.835985734088678e-07
712 -4.480380450712975e-08
713 2.2303932292664946e-07
714 -5.293411150529991e-08
715 3.685378455584111e-07
716 5.069021437462611e-08
717 2.1397395255373566e-07
718 -8.63689220179737e-08
719 -3.3573070036395486e-07
720 -8.35206113978878e-08
721 4.6476598528393874e-08
722 2.211201927743601e-07
723 -4.946467977886132e-08
724 -1.5171024099526522e-07
725 2.5562515773566905e-07
726 7.843565123491953e-07
727 -5.7395118150207254e-08
728 4.56606373459274e-07
729 3.35975690568249e-07
730 1.4699424934249785e-07
731 5.007022610047903e-07
732 5.022162471650562e-07
733 5.307812498639878e-08
734 1.5258806615217923e-07
735 2.0797609481439585e-07
736 4.969473464002658e-07
737 2.2632615538478578e-07
738 1.5189194036357853e-07
739 6.033323835451548e-07
740 3.258963180711262e-07
741 4.231531489373667e-07
742 -1.0754266716100697e-07
743 -5.660214612149053e-08
744 5.541290334023457e-07
745 -1.1418626941202532e-07
746 -4.042059633010719e-07
747 4.7610175910249465e-07
748 1.3118763120142574e-07
749 -3.107496449746886e-07
750 2.4100718809601465e-07
751 2.808264606004272e-07
752 -2.023214528322847e-07
753 2.6228027254337713e-08
754 -3.2558825744127433e-07
755 -1.5368177525725898e-07
756 5.193116975077401e-07
757 4.0219128167472216e-07
758 1.115404388216835e-07
759 5.94842659874235e-07
760 9.315528521236509e-08
761 -1.80991572534837e-08
762 -1.7008761282593204e-07
763 -1.0080522255801478e-08
764 3.456781280530095e-07
765 -2.0204653236423833e-07
766 3.708713901601993e-07
767 2.913417855959635e-07
768 3.8478895648173037e-07
769 -4.599491429764165e-07
770 -7.120519257576407e-08
771 1.2118684300186477e-07
772 1.8393284003905392e-07
773 -1.987255347556849e-08
774 -3.23816086004089e-07
775 5.901548757539706e-07
776 3.379249706121862e-07
777 -9.04167137340402e-08
778 4.5838725510426586e-08
779 1.187489716035476e-07
780 4.904958478017674e-07
781 -4.659250741844452e-08
782 3.7075858872993443e-07
783 1.2453856521193048e-09
784 5.939604924012859e-07
785 2.950109281618121e-07
786 8.730806128937022e-08
787 -2.87611973530599e-07
788 2.429970474335885e-07
789 4.145265231822821e-07
790 2.89740769294691e-07
791 4.995307646049671e-07
792 4.261529283446907e-07
793 -3.009776012309187e-07
794 2.704134203382182e-07
795 1.6488838031537603e-07
796 2.398907464547322e-07
797 6.818451732693453e-07
798 2.055722553240679e-07
799 2.885354495642267e-07
800 2.4632720411824996e-07
801 4.7104361646806734e-07
802 4.5138333947207676e-07
803 -1.4612164446666824e-07
804 -4.660070981513429e-08
805 -2.2979294291586364e-07
806 4.630773683612709e-07
807 4.2761647533219085e-07
808 9.8168018407497e-08
809 2.2714047608210805e-07
810 6.211573155051472e-07
811 3.9317526167426713e-10
812 -2.9679024213409815e-09
813 -1.7016945014329099e-07
814 -9.563710788753807e-08
815 2.7930553005822067e-07
816 -1.4712770647930936e-08
817 -1.9950700034207896e-07
818 6.065613378215827e-08
819 1.5448942285008975e-07
820 8.511413391216222e-08
821 7.553622774893484e-08
822 5.393494385578393e-07
823 3.315788755037068e-07
824 2.022504907488023e-07
825 -2.7026537143890795e-07
826 4.672734978183254e-07
827 3.221805687285934e-07
828 4.759766977811048e-07
829 -2.7200569280959176e-07
830 -3.697497139822484e-08
831 2.577530368432167e-08
832 3.9961255594552765e-07
833 -2.906313683830219e-07
834 -5.579982955413524e-07
835 2.406271021855744e-07
836 -2.1627354759337468e-07
837 1.068190004305308e-07
838 -8.576231079478992e-08
839 5.403550230637969e-07
840 8.639586634510731e-08
841 -1.2192587960967556e-07
842 8.009408550078386e-08
843 6.7094743166277e-08
844 2.8547439457267255e-07
845 -5.0674794817112246e-08
846 4.549059811525394e-07
847 6.247566584188483e-08
848 4.489374965598588e-07
849 -1.282857412933715e-07
850 -2.9417727081554053e-07
851 1.834766256622648e-07
852 2.8451574608129355e-07
853 -6.48748158840604e-08
854 3.425564916849963e-07
855 2.6893392597652264e-08
856 6.033311457264319e-07
857 -2.0086620216958256e-08
858 1.3269317411318057e-07
859 1.6607613444292445e-07
860 5.29312794359352e-08
861 2.2242427038813163e-07
862 7.688935310876506e-07
863 -3.97028467913579e-07
864 7.027669171742253e-08
865 2.507003384853706e-07
866 -1.265697199443273e-07
867 4.368247582914112e-07
868 -1.0949017715455775e-07
869 1.5695977811001665e-07
870 9.345015116682196e-08
871 1.5550184827783646e-07
872 1.2935402132647943e-07
873 4.5590250069123e-07
874 2.950161966408725e-07
875 1.7473194910384288e-08
876 5.2664321836003024e-08
877 -2.7993878655677556e-07
878 1.0232309675059642e-08
879 1.1591106385735933e-07
880 6.406433944803773e-08
881 2.601752107493776e-07
882 1.5687412584837635e-07
883 -1.1560967196656493e-07
884 -1.4711524304064187e-08
885 5.09638827300333e-07
886 5.810289333645641e-07
887 -9.233062163941078e-08
888 -9.234287685397177e-08
889 -5.496969890468859e-08
890 -1.6919643406453664e-08
891 3.3320136128741687e-07
892 -4.3047659901064454e-08
893 4.168237665211976e-07
894 -8.588104320650732e-08
895 1.0700469865916252e-07
896 -2.5180499559610704e-07
897 -9.144919543959687e-08
898 7.59174569876121e-08
899 8.426082776861355e-08
900 5.420818263223801e-07
901 6.09435411118187e-07
902 2.3185622730783987e-07
903 1.351688689310163e-07
904 -2.7199593643087404e-07
905 2.224619089683987e-07
906 -1.0558677024634903e-07
907 2.8305892562368604e-08
908 -2.1370985847985846e-09
909 2.1957782436703312e-07
910 1.5238184682704976e-07
911 5.989878065521932e-07
912 -2.49202846134838e-07
913 1.3502610223576488e-07
914 3.924673919907403e-07
915 2.6011663784814347e-07
916 1.462537238988633e-07
917 -5.0034294514004505e-08
918 3.396383246259996e-07
919 -9.728735318266426e-08
920 -1.8416002641649104e-07
921 8.414313977981076e-08
922 2.799128065526232e-08
923 2.2733002086595394e-08
924 2.8902530166798536e-07
925 1.4982745233818318e-07
926 3.016915529378174e-07
927 1.9486397139865877e-07
928 -5.772749237578587e-08
929 4.1737908298630655e-07
930 -1.1912434524326803e-07
931 3.1044456496630504e-07
932 1.8424320783109928e-07
933 5.256963242582924e-07
934 -3.854089896430624e-08
935 3.789480934678295e-07
936 4.0195640357433377e-07
937 6.684545522638192e-07
938 6.660203771768657e-07
939 2.0476380347312647e-07
940 3.835619057310796e-07
941 2.6117553431350485e-07
942 3.268560329222657e-07
943 -7.395227482488919e-08
944 1.1847383530111504e-07
945 2.1578573572212086e-07
946 2.409651330969464e-07
947 4.539106251581734e-07
948 1.1076353998275161e-07
949 -3.2846047269221267e-07
950 3.035260315228005e-07
951 4.228677062630336e-07
952 2.559452875321962e-07
953 2.195611821469207e-07
954 -1.0689153945537187e-07
955 2.2204293647629796e-07
956 5.500985499158956e-07
957 -3.6250875086578313e-07
958 -1.8756041618607407e-07
959 -8.229204709101923e-08
960 3.918224379603853e-07
961 1.8832176001016938e-07
962 -3.0813411047401496e-07
963 1.3100002675620326e-07
964 -2.306959935905274e-08
965 -3.5666333157935484e-07
966 3.1754980488785984e-07
967 -2.4593183761238325e-07
968 -3.9222325866896625e-07
969 7.499182727222617e-07
970 3.2772425776281316e-07
971 -7.21747558868515e-08
972 -4.3470722555205346e-07
973 3.652304200785348e-07
974 1.7821691365267215e-07
975 1.224852413855499e-07
976 -8.609756484676026e-08
977 7.05769162476229e-08
978 5.577841331469265e-07
979 1.3776460920355422e-07
980 -6.092360105764507e-08
981 1.1336645946225298e-07
982 1.890126361863108e-07
983 -1.481439396917491e-07
984 3.832156688177815e-07
985 5.903899709647383e-07
986 6.276962876163719e-07
987 4.890162993762306e-08
988 -1.931133769699153e-07
989 -2.3437763890825635e-07
990 -3.019535725024491e-07
991 -8.169867761731702e-08
992 5.686342387700092e-07
993 -2.805929566623363e-07
994 9.16885952581654e-09
995 -3.0368656239864347e-07
996 3.2414010079556647e-07
997 8.598132835878744e-09
998 3.7916018559142847e-07
999 3.1146294655120435e-08
