0 2.108087627480222e-07
1 2.640694689833794e-07
2 1.2224590462868002e-07
3 2.6159256498442787e-07
4 2.745096651756802e-07
5 1.858407611771989e-07
6 2.2586027325945701e-07
7 3.305803576684691e-07
8 2.3135574156963374e-07
9 3.4399969517823375e-07
10 2.5901401590471117e-07
11 2.945747172409231e-07
12 2.3123341393214042e-07
13 3.0474061815092696e-07
14 2.907441904739275e-07
15 3.713799323842996e-07
16 4.2006855182826504e-07
17 3.088519496977326e-07
18 2.114112993135474e-07
19 3.2711929391314933e-07
20 2.61257847914903e-07
21 3.558021407377351e-07
22 1.9001150150327049e-07
23 1.9979094767507034e-07
24 2.993506174774997e-07
25 3.0437523036698045e-07
26 2.809389017723045e-07
27 3.3599912583230584e-07
28 3.700048500400575e-07
29 1.6217737274774283e-07
30 2.5192410505169083e-07
31 3.8868678063037324e-07
32 2.742387977792973e-07
33 2.766433628365247e-07
34 2.880714448102585e-07
35 2.211414701515859e-07
36 3.6535019409356145e-07
37 3.2415870200750573e-07
38 2.8154579229261204e-07
39 3.523782033717816e-07
40 2.6866386229551e-07
41 2.0496049134031366e-07
42 3.221280866114391e-07
43 2.571724311474959e-07
44 2.99890177492599e-07
45 3.1073382826370957e-07
46 3.0099090208111514e-07
47 2.7885661306759894e-07
48 2.743400861672509e-07
49 3.1806364174066224e-07
50 2.5056845738461396e-07
51 2.7261958777228494e-07
52 3.6718406240747907e-07
53 1.5115101155463759e-07
54 3.25215572575638e-07
55 2.9132493520832336e-07
56 3.0965190710696163e-07
57 3.405364631388792e-07
58 2.2066913235540434e-07
59 2.7117445636544954e-07
60 2.9356059151991567e-07
61 2.665032323650246e-07
62 2.9094053117888664e-07
63 2.2441766537418805e-07
64 3.7672191525947156e-07
65 3.123066636175635e-07
66 2.367888907644342e-07
67 3.2778491678532806e-07
68 2.961361405436304e-07
69 2.1143761704849987e-07
70 2.830944722420969e-07
71 2.48629421128451e-07
72 3.0936827673197275e-07
73 3.4204326875849567e-07
74 2.854311229676785e-07
75 2.4283965621942287e-07
76 3.2988354143539e-07
77 3.5163506789537586e-07
78 3.648974444603561e-07
79 2.494002551606684e-07
80 3.2848143752114995e-07
81 2.9473970176073906e-07
82 2.764515300202349e-07
83 1.6504077734299126e-07
84 2.774052875904663e-07
85 3.634559248731621e-07
86 2.6869280621637316e-07
87 3.351581836405699e-07
88 3.149575242676921e-07
89 2.2701543981054817e-07
90 2.767991060777721e-07
91 3.3336752928149023e-07
92 2.3098855731705834e-07
93 3.356388604582466e-07
94 3.152646582596848e-07
95 3.09641663069202e-07
96 2.2933437914063932e-07
97 2.3031417727900965e-07
98 2.5040438728968564e-07
99 3.460124511925296e-07
100 2.3990296564622174e-07
101 2.2920110306488227e-07
102 2.6005810920519986e-07
103 3.5190933341499754e-07
104 2.3352873225672566e-07
105 3.070287487536386e-07
106 2.8544712212418466e-07
107 3.356541115412232e-07
108 3.00909932823047e-07
109 3.0678736657091385e-07
110 2.6733937314554314e-07
111 2.4242919138539587e-07
112 2.8613157329310233e-07
113 3.226658052764467e-07
114 3.290456515921749e-07
115 2.842265096918599e-07
116 3.2792160080608184e-07
117 3.20714311800908e-07
118 2.646217041089739e-07
119 2.3740496726105536e-07
120 3.2269549708656414e-07
121 2.6655113090043825e-07
122 2.812634980883565e-07
123 3.0219073754523575e-07
124 3.5027977197320057e-07
125 2.2762931692851528e-07
126 2.65576910990766e-07
127 3.2818683268498546e-07
128 2.2276451240029178e-07
129 3.1400196504115083e-07
130 3.4597189264042414e-07
131 3.325128265766586e-07
132 4.4767209963937284e-07
133 4.410640658242818e-07
134 3.3861817085783116e-07
135 3.04269303608649e-07
136 2.666162711699937e-07
137 3.5145587389382597e-07
138 3.0712588897636216e-07
139 2.955941258187664e-07
140 3.308443585626494e-07
141 3.273900813623749e-07
142 3.3645612191666847e-07
143 3.144868384956334e-07
144 2.0386700501812846e-07
145 4.0515412727487817e-07
146 3.273604840248606e-07
147 2.6962252277029377e-07
148 3.428600517131138e-07
149 3.3695863317968066e-07
150 3.527779684024367e-07
151 2.635258865313163e-07
152 3.879184265632013e-07
153 2.584991612076174e-07
154 2.343515441452222e-07
155 3.0826568201174904e-07
156 3.0661953209269523e-07
157 2.42908077196867e-07
158 3.1795584475745184e-07
159 2.495089519203515e-07
160 3.2917270086590635e-07
161 2.980789522320222e-07
162 3.6944275602671743e-07
163 2.5688844314245684e-07
164 3.7798894555607554e-07
165 2.623171614777682e-07
166 2.663793513210855e-07
167 2.1212483664546448e-07
168 3.79061266147146e-07
169 2.736952123813932e-07
170 4.3694562879919176e-07
171 2.2722179285369492e-07
172 3.0950750485820015e-07
173 3.1850062724831983e-07
174 3.031664341318457e-07
175 3.311464510083813e-07
176 3.449850092383413e-07
177 2.5890893837903824e-07
178 3.309975038177972e-07
179 3.2036870209749006e-07
180 2.842197718558266e-07
181 2.9133939933291995e-07
182 2.696399473581048e-07
183 3.6085399185541776e-07
184 2.694779685825758e-07
185 2.974062469550463e-07
186 3.2923118975657726e-07
187 2.610115854187418e-07
188 2.5003603598548344e-07
189 3.2851555292980034e-07
190 2.5575708405079627e-07
191 4.0523702678938447e-07
192 2.964385126939345e-07
193 2.6923853500065325e-07
194 2.673690800545567e-07
195 2.2213740109039533e-07
196 1.893061398926212e-07
197 2.6160496355732313e-07
198 2.9649318548868765e-07
199 3.0067000459817305e-07
200 2.837658523407627e-07
201 3.7458499020852274e-07
202 3.0619810059221433e-07
203 3.242579863906923e-07
204 2.82974657819885e-07
205 2.8672971635657896e-07
206 2.8522784416643274e-07
207 3.17713923907179e-07
208 3.0265238258501573e-07
209 3.1513469380355487e-07
210 2.3283544552854777e-07
211 3.125103205776252e-07
212 3.163872575319086e-07
213 2.2788576914008415e-07
214 2.486525093049155e-07
215 3.193656901139064e-07
216 3.5571051927125524e-07
217 2.6718725505782635e-07
218 3.6683418047306544e-07
219 4.0241784840108477e-07
220 2.734052721219153e-07
221 2.5362380258123924e-07
222 2.476450888285358e-07
223 2.3351761918993624e-07
224 2.9368854557260565e-07
225 2.8627816011367197e-07
226 3.4053671337343787e-07
227 2.6054091084327783e-07
228 2.5982798520678807e-07
229 2.7475657530252626e-07
230 3.5294188131875213e-07
231 3.1768910501367965e-07
232 3.460420593432413e-07
233 3.009415437213898e-07
234 2.2697415778471567e-07
235 2.6027476590652744e-07
236 3.740464533092624e-07
237 2.773937538486663e-07
238 2.827838402707114e-07
239 2.9155764801555273e-07
240 2.270740131883502e-07
241 3.3839113363691555e-07
242 3.40626211453423e-07
243 2.904378092945265e-07
244 3.1693019654553463e-07
245 2.848998292360032e-07
246 3.7096970755766414e-07
247 3.3547676345226106e-07
248 2.105479651427747e-07
249 1.9798160474213242e-07
250 3.2760732788783923e-07
251 2.3502589370091718e-07
252 3.333655994014434e-07
253 2.6764738791188347e-07
254 2.7217566775932485e-07
255 3.2562028254385015e-07
256 2.1275265757271534e-07
257 3.866549615508224e-07
258 2.4858639350951146e-07
259 2.1688599971643063e-07
260 2.73580327492415e-07
261 4.299394247517277e-07
262 3.07160848644256e-07
263 2.271658430886206e-07
264 2.2423669093797076e-07
265 2.6297728838964553e-07
266 3.4699640945996e-07
267 1.5987415103015642e-07
268 4.595180904149955e-07
269 2.253497337976657e-07
270 2.769350601864224e-07
271 2.9788917682023135e-07
272 2.929121030414317e-07
273 2.9946708954390664e-07
274 3.1211793699231974e-07
275 2.8437065446680196e-07
276 2.4976141297603725e-07
277 2.731836383037103e-07
278 4.084164316569141e-07
279 3.561807409552244e-07
280 3.1455634131999803e-07
281 3.210204139711133e-07
282 3.822988787741583e-07
283 2.2292657187992048e-07
284 2.990828190262456e-07
285 3.3751244381379593e-07
286 1.1553520387239693e-07
287 3.3967713655978774e-07
288 3.0075788322016594e-07
289 2.2823034018462405e-07
290 2.973245031495462e-07
291 2.122728272305507e-07
292 1.5930452986002246e-07
293 3.618669683150398e-07
294 2.9078939947606975e-07
295 2.694280138419944e-07
296 2.4577948779088325e-07
297 3.3188175696782667e-07
298 3.19722753700543e-07
299 2.8878395502018964e-07
300 3.509702367632119e-07
301 3.1530023136982667e-07
302 2.6252678027618984e-07
303 2.3189643365420675e-07
304 3.127416411563815e-07
305 3.2178595852586884e-07
306 3.35035944393828e-07
307 3.503258020932004e-07
308 4.085432747611089e-07
309 3.6293654918685136e-07
310 3.742420816515881e-07
311 2.1432270105354594e-07
312 3.745114845070946e-07
313 3.22416903705174e-07
314 2.886369951727888e-07
315 1.931204602633534e-07
316 3.418152060194249e-07
317 3.531728182243803e-07
318 3.3350320019508776e-07
319 2.0248379418563846e-07
320 3.69139860344877e-07
321 3.020834277604036e-07
322 3.340323465482618e-07
323 3.1384865618868947e-07
324 2.69051645076904e-07
325 3.040136728273596e-07
326 2.8563942290185136e-07
327 3.0268006055920164e-07
328 2.3760095059465476e-07
329 3.1478261383465e-07
330 3.4287051932540457e-07
331 2.865096186520741e-07
332 2.3537923235558872e-07
333 3.226394997152528e-07
334 2.5922276138597594e-07
335 2.695763771506354e-07
336 2.6377293708810773e-07
337 3.0815521031216326e-07
338 3.4648951196998216e-07
339 2.9072465942946456e-07
340 3.072657798888389e-07
341 2.482259798820987e-07
342 3.0206856904220543e-07
343 3.533438217181122e-07
344 3.0051108791846886e-07
345 3.244657239671359e-07
346 3.082004749641133e-07
347 4.027900851302606e-07
348 2.945462619746983e-07
349 2.570379128897182e-07
350 3.685568674531748e-07
351 2.80890436861652e-07
352 3.779517711564675e-07
353 4.368173778334424e-07
354 2.4925521811200567e-07
355 3.158680039911052e-07
356 2.0300849556301172e-07
357 2.2111285785673151e-07
358 2.3257914269657061e-07
359 3.061179593074321e-07
360 2.625956233158409e-07
361 3.021115091764302e-07
362 2.86869057969962e-07
363 3.6920179960135825e-07
364 3.006795915009419e-07
365 3.199383165493427e-07
366 2.9424626656018475e-07
367 2.137266703859989e-07
368 2.784688966629564e-07
369 3.2821966117973123e-07
370 2.9118731577683764e-07
371 3.0338779196287196e-07
372 3.190032314100911e-07
373 3.412729093335368e-07
374 2.4094403706947567e-07
375 3.115227841009425e-07
376 3.1928271327583176e-07
377 2.716161876051315e-07
378 3.4642291219942033e-07
379 3.0506860324705307e-07
380 3.6230908552750627e-07
381 3.46054222913132e-07
382 3.1097868822786695e-07
383 2.2339232223066814e-07
384 3.2444168477109383e-07
385 2.8328389866269193e-07
386 2.6077726366927256e-07
387 3.7794572065088564e-07
388 2.680815881603843e-07
389 3.210368727405842e-07
390 3.0932269611837704e-07
391 3.5410318715232114e-07
392 2.0208416619238433e-07
393 2.0516905165870682e-07
394 2.7704584070099134e-07
395 2.769181589027967e-07
396 2.739373356744934e-07
397 2.5052184277213126e-07
398 2.8066296542689066e-07
399 2.881474620433388e-07
400 2.9527885001797075e-07
401 2.55729388393687e-07
402 2.935067755395417e-07
403 2.490776739196478e-07
404 2.277658105291045e-07
405 2.606016558164836e-07
406 3.8704912186003443e-07
407 1.9685016570989906e-07
408 3.9630904641658114e-07
409 2.3529085513379554e-07
410 4.098142208430061e-07
411 3.668170343606891e-07
412 3.166428733580906e-07
413 2.484751877983626e-07
414 2.832132235127398e-07
415 3.478754960920198e-07
416 4.5543080747367206e-07
417 3.4836608757242585e-07
418 2.5833679425675944e-07
419 2.1504572755746954e-07
420 1.8787215233695918e-07
421 3.514152865866198e-07
422 2.4082831364058914e-07
423 2.7914581534658743e-07
424 3.3016477947002225e-07
425 3.586599725826594e-07
426 3.2684921725962164e-07
427 4.0405472933792996e-07
428 2.1557585833229765e-07
429 4.020504976659952e-07
430 3.6176726537650775e-07
431 2.432706160000949e-07
432 2.764395508623793e-07
433 2.999428716584154e-07
434 3.53000401109877e-07
435 1.9303619396602924e-07
436 3.620038226629182e-07
437 2.518073152934843e-07
438 3.4065225600320697e-07
439 2.392941126990377e-07
440 3.5600512991445045e-07
441 3.2742619798545156e-07
442 2.1412373513523763e-07
443 2.661628239420497e-07
444 3.574483407452331e-07
445 2.9813195117523176e-07
446 2.4945483141828774e-07
447 2.6482353245645606e-07
448 3.0928680509458324e-07
449 2.2326636474420342e-07
450 3.231678389459613e-07
451 2.928754934549223e-07
452 2.702283872402075e-07
453 2.0455973843227615e-07
454 2.389172760101147e-07
455 3.1096234871788347e-07
456 3.3032417943903997e-07
457 3.577004587586996e-07
458 3.4337390692769867e-07
459 4.1508588786220114e-07
460 2.6568682730067846e-07
461 1.709670718947957e-07
462 3.5791818649961275e-07
463 2.562124467104673e-07
464 2.9673119836539984e-07
465 1.8010984750486035e-07
466 3.260823936355735e-07
467 3.0055859770585837e-07
468 3.173196572823091e-07
469 4.049100620274922e-07
470 3.39162467261103e-07
471 3.7058469307675014e-07
472 2.787541447810476e-07
473 3.11124648852954e-07
474 2.524125119439954e-07
475 1.8857565766589866e-07
476 2.962009034641684e-07
477 3.017752907260846e-07
478 3.0708685526384293e-07
479 2.12770907971867e-07
480 2.317692313189609e-07
481 2.7708246368483623e-07
482 3.058505612322947e-07
483 2.096322123494348e-07
484 3.5945197629463345e-07
485 1.8867087176024023e-07
486 2.5727308418264094e-07
487 3.8554426082564043e-07
488 3.326270410187618e-07
489 3.100605197974261e-07
490 2.821469537616945e-07
491 2.673672796005902e-07
492 3.150228985339051e-07
493 2.4223216342674603e-07
494 2.9508416974234524e-07
495 3.06678259822296e-07
496 2.950672193764403e-07
497 3.567465477135143e-07
498 3.741127287555392e-07
499 3.8901758768025434e-07
500 4.1327790462885036e-07
501 3.432516325655707e-07
502 2.8829118741155977e-07
503 2.1671947576425946e-07
504 2.6259097614591897e-07
505 3.652602617955115e-07
506 2.1865638357370752e-07
507 3.387854332880729e-07
508 1.8838481069972643e-07
509 2.559456355245119e-07
510 3.041743071672753e-07
511 2.76841571329361e-07
512 3.252616427730803e-07
513 2.571946393441789e-07
514 2.822476376737917e-07
515 2.686001924012878e-07
516 2.6035761520860644e-07
517 3.825722610295934e-07
518 2.551910966769415e-07
519 3.160988974523755e-07
520 2.8410330124476215e-07
521 3.561539038658414e-07
522 2.34012102264891e-07
523 3.0431746986471216e-07
524 4.0474287334243276e-07
525 2.5712538550367397e-07
526 2.9873026154453845e-07
527 2.622899440543077e-07
528 2.922964949921342e-07
529 1.726577341972368e-07
530 3.2466568571905916e-07
531 3.414852503290597e-07
532 2.8731975713628286e-07
533 1.7980128983658532e-07
534 2.555896636405087e-07
535 4.3258310937766407e-07
536 3.494938412343186e-07
537 2.5647084406248505e-07
538 1.7797162016974537e-07
539 3.18217961660757e-07
540 3.7008588749866143e-07
541 2.1130503470215404e-07
542 2.5339324672253037e-07
543 3.737575713065609e-07
544 2.592319839976472e-07
545 2.9755132997390066e-07
546 2.929836912419992e-07
547 2.862955469035871e-07
548 2.400764325951885e-07
549 2.9749249814174525e-07
550 2.9928363918249964e-07
551 2.633578583748087e-07
552 2.443791851367702e-07
553 2.822685936201172e-07
554 2.4803312211175687e-07
555 3.42298772138151e-07
556 3.330503007751308e-07
557 2.2227081568958383e-07
558 2.7026388440644457e-07
559 3.0424421424293685e-07
560 3.4888037504429873e-07
561 1.6350186194035224e-07
562 2.390797811807769e-07
563 3.297774777381145e-07
564 3.0000674227791896e-07
565 3.6881384614565473e-07
566 3.3490718753503936e-07
567 2.705481326465719e-07
568 3.172642728224823e-07
569 3.4647673102687224e-07
570 2.7092955502619e-07
571 3.6844768128156026e-07
572 2.5480512047760294e-07
573 2.9677390109433103e-07
574 3.0799604503880375e-07
575 3.1192234471717833e-07
576 2.8790892172338333e-07
577 2.7456934218702826e-07
578 2.8658744514520233e-07
579 1.8794686152392157e-07
580 2.3033896346114708e-07
581 2.5049714310516654e-07
582 5.161298601918224e-07
583 3.0521561215026973e-07
584 3.170100969585921e-07
585 2.6741530777803514e-07
586 2.600916096664451e-07
587 3.4516673700091287e-07
588 1.6906901861642918e-07
589 4.2117936941595475e-07
590 2.8397779604101294e-07
591 2.409157496755585e-07
592 3.142241201075819e-07
593 2.3155852219391546e-07
594 3.425127471511479e-07
595 2.9083631775895635e-07
596 2.3601808890671597e-07
597 3.1074959083871736e-07
598 2.8964566622945027e-07
599 2.5374113670191856e-07
600 2.864249034029252e-07
601 2.86230842513601e-07
602 2.930962365945822e-07
603 3.077628427437236e-07
604 3.2384445945205296e-07
605 3.1475256677972477e-07
606 2.2164675379401247e-07
607 2.8582151299037896e-07
608 2.429575711814922e-07
609 2.7423594679708893e-07
610 2.0759605874970547e-07
611 2.3529706205620305e-07
612 2.744402768292631e-07
613 3.620316014203852e-07
614 3.629892355792971e-07
615 2.0637791019533171e-07
616 4.383365659086719e-07
617 2.4848516904803145e-07
618 2.3474582075293464e-07
619 2.0959398972464212e-07
620 3.154488322906008e-07
621 3.378705751581076e-07
622 3.7100594801392263e-07
623 2.916385319756571e-07
624 2.612173059086432e-07
625 2.2279125308978067e-07
626 3.2785462603993343e-07
627 2.3453066332003585e-07
628 3.0690501826509783e-07
629 4.2993346038159294e-07
630 3.395008166214422e-07
631 2.611549528743926e-07
632 2.643938351725672e-07
633 2.122974719472542e-07
634 2.415574132518948e-07
635 3.639035490951474e-07
636 2.9327697329211304e-07
637 2.6462501551300516e-07
638 2.1570925223586956e-07
639 1.7469850194649535e-07
640 2.6452276741194655e-07
641 3.0798985994949737e-07
642 2.363676652230721e-07
643 2.758130582427984e-07
644 2.407517490472306e-07
645 3.475403844745856e-07
646 3.8000471983410895e-07
647 1.691390146651117e-07
648 3.5360314295281143e-07
649 3.145731775454077e-07
650 2.9216496120650053e-07
651 2.2175874584788988e-07
652 2.362200764949231e-07
653 2.615135802981965e-07
654 3.1470165689331245e-07
655 3.09295656977138e-07
656 2.788368378023789e-07
657 2.806522269622231e-07
658 3.091282177998681e-07
659 3.072545536299856e-07
660 2.543679019410417e-07
661 3.274088292134033e-07
662 2.0708441458060924e-07
663 2.5966191125631813e-07
664 2.9914448705237235e-07
665 2.257662418110647e-07
666 3.234301893569061e-07
667 3.4829490364288536e-07
668 2.732844299577409e-07
669 3.6160705828082714e-07
670 3.4737639001830577e-07
671 3.3321175802748545e-07
672 2.833347442029881e-07
673 2.1486823001240483e-07
674 2.7226286408754535e-07
675 3.029861914003984e-07
676 2.6505508034966744e-07
677 3.00421276023374e-07
678 3.0029919791459855e-07
679 2.320886614448165e-07
680 3.0341357432007346e-07
681 3.174124212888542e-07
682 2.847664334318125e-07
683 2.8673512144816277e-07
684 2.3241248197248022e-07
685 2.1808071814403204e-07
686 3.097548455439311e-07
687 3.2428955337258716e-07
688 3.720512121384013e-07
689 2.6879510370006156e-07
690 3.134627519005411e-07
691 3.177559658638869e-07
692 2.530703668956352e-07
693 2.3820068483865703e-07
694 3.303036532158258e-07
695 2.813585380678113e-07
696 3.010653202984313e-07
697 2.277511678588664e-07
698 2.1496844273099905e-07
699 2.607438180944759e-07
700 2.297814712041444e-07
701 3.299949167118703e-07
702 2.3478476769866716e-07
703 2.816898783335515e-07
704 3.589991300062998e-07
705 2.2507980048097486e-07
706 2.2936654201129672e-07
707 4.1839536697535903e-07
708 2.872051911811067e-07
709 2.072702294670638e-07
710 2.324195713995045e-07
711 2.4791334946560567e-07
712 2.658890712099683e-07
713 3.202784574017818e-07
714 3.6510329914265333e-07
715 3.9339700130357024e-07
716 2.3036421064042888e-07
717 3.4410351691346957e-07
718 3.566367622596511e-07
719 2.7098755560901705e-07
720 3.9830732245266505e-07
721 2.6448691537133516e-07
722 3.4382580397203134e-07
723 2.5925124720637917e-07
724 3.4320895663634206e-07
725 3.956973758986893e-07
726 3.044334558781755e-07
727 2.4073072990125503e-07
728 2.717673812993808e-07
729 3.207184488342704e-07
730 1.9178110593950856e-07
731 2.835217595294906e-07
732 3.1342203067419997e-07
733 2.1351985221248154e-07
734 2.693944086343036e-07
735 1.5665869784382305e-07
736 2.7569917668992675e-07
737 2.5250263049556883e-07
738 2.610924399664447e-07
739 3.0803336207823197e-07
740 3.4360131753099637e-07
741 1.633668574153665e-07
742 3.0168225352175144e-07
743 2.2768755699562277e-07
744 2.426168863110869e-07
745 2.993687855364929e-07
746 3.2966873536321194e-07
747 2.455112393144971e-07
748 2.7797719915689857e-07
749 2.4467248441082166e-07
750 3.270712783855418e-07
751 2.067587675404381e-07
752 2.910525363304317e-07
753 3.8692971564969175e-07
754 2.3432590660381705e-07
755 2.626861440454507e-07
756 3.7089168759599815e-07
757 2.1882496009040143e-07
758 2.8152616207065e-07
759 3.482674598635879e-07
760 2.1300257338074976e-07
761 3.171448778937534e-07
762 2.939843048070324e-07
763 2.967547666543423e-07
764 3.075289600411619e-07
765 3.3678855694462537e-07
766 3.105835034561613e-07
767 3.352065429023296e-07
768 2.9879456514311456e-07
769 3.06760401586025e-07
770 2.313828076660899e-07
771 3.0182939693118755e-07
772 2.762612869577899e-07
773 3.513365137572068e-07
774 1.9907197273801676e-07
775 3.6050405076866525e-07
776 2.972252162463781e-07
777 3.8213508452944177e-07
778 2.797132130250305e-07
779 2.927434693193158e-07
780 2.63773955863139e-07
781 1.8023042869117876e-07
782 2.4299430886746634e-07
783 3.269765294597858e-07
784 3.6998377265094996e-07
785 2.1418821126396414e-07
786 2.341854197410532e-07
787 3.2019095476721743e-07
788 2.670925027145042e-07
789 2.961147741693708e-07
790 3.7489354712387994e-07
791 3.2622917967097616e-07
792 2.9815378419523535e-07
793 2.9031209332259147e-07
794 3.133079362840155e-07
795 3.2586488220633993e-07
796 2.4366890813410847e-07
797 3.006699671581811e-07
798 2.869780987811934e-07
799 2.612105093494173e-07
800 3.5256969938855467e-07
801 2.2586145335333377e-07
802 2.9714915128455164e-07
803 3.4060679046546894e-07
804 2.565409257349352e-07
805 2.4770882181850657e-07
806 2.0503666407672036e-07
807 4.31706016442072e-07
808 2.9633516199552877e-07
809 2.977125526428727e-07
810 2.635823937584757e-07
811 3.3662956135569805e-07
812 2.317301012421633e-07
813 3.9086226607581825e-07
814 3.648506058962153e-07
815 2.691077644690844e-07
816 2.4559069085371983e-07
817 2.776471814589857e-07
818 2.7826446860236347e-07
819 2.2667077675988526e-07
820 2.859083086275462e-07
821 2.3419342238333183e-07
822 2.565849366875959e-07
823 3.441897674873913e-07
824 2.3301536753281952e-07
825 3.203517271959051e-07
826 3.75947177772763e-07
827 2.066086042739106e-07
828 2.665819882901036e-07
829 2.8874154638549245e-07
830 3.98014464721551e-07
831 2.3032496154324875e-07
832 3.254798949130927e-07
833 1.395736246821714e-07
834 2.924290753550718e-07
835 3.6521322443634174e-07
836 3.143779452652567e-07
837 2.248809711828469e-07
838 3.199635278907165e-07
839 2.951207115095093e-07
840 1.8535105225484668e-07
841 2.718297643800303e-07
842 3.20188168023344e-07
843 2.507396156948018e-07
844 1.9572269299273006e-07
845 2.7504258835259914e-07
846 2.774305048534633e-07
847 3.7700322975851823e-07
848 2.5475868256966647e-07
849 3.9428199381886723e-07
850 2.7320857794927916e-07
851 2.435087957257698e-07
852 2.558270345667865e-07
853 2.3640290085361088e-07
854 3.14352400787485e-07
855 2.7376783048767563e-07
856 2.6853340675463484e-07
857 4.6606825846314033e-07
858 2.545808946381756e-07
859 3.4918596387611216e-07
860 3.688576376120359e-07
861 3.8243512706861277e-07
862 2.806580469118076e-07
863 3.7380868178570894e-07
864 1.7246982663846126e-07
865 3.302858679151991e-07
866 3.1425759818821785e-07
867 3.2355010617670147e-07
868 3.9368134862998296e-07
869 2.946691566978033e-07
870 3.1186866611074853e-07
871 3.336241793832997e-07
872 1.2154855630527626e-07
873 2.3838105729456832e-07
874 2.2768031293606514e-07
875 2.694124735991586e-07
876 2.4450675919626755e-07
877 3.337851366647491e-07
878 2.1145313987467635e-07
879 2.947092801615156e-07
880 3.4947529332742906e-07
881 2.00880126661787e-07
882 3.056145470180743e-07
883 3.3348032087822964e-07
884 2.619896328321221e-07
885 3.8222861511042383e-07
886 3.815516917780035e-07
887 2.6796020682955885e-07
888 3.766393234280136e-07
889 2.1214025946085602e-07
890 3.961253866609426e-07
891 2.9564987185163555e-07
892 2.8587638369182276e-07
893 2.74869324787072e-07
894 3.5416005663013124e-07
895 2.627843011222283e-07
896 3.0661645096328924e-07
897 2.3210965576594455e-07
898 2.2889228634833175e-07
899 3.3107268950023487e-07
900 2.6972141841432004e-07
901 3.8626930062213874e-07
902 2.721821623964079e-07
903 3.937349107466977e-07
904 3.4469685894113666e-07
905 2.96269838138808e-07
906 2.8506344042188495e-07
907 2.0003810025767978e-07
908 3.285835474379734e-07
909 2.468147769541341e-07
910 2.658874012412103e-07
911 3.078387374031872e-07
912 3.288544804050783e-07
913 3.772479419080588e-07
914 3.436488336719898e-07
915 3.0406369963487026e-07
916 2.649967726863589e-07
917 2.9346438135623584e-07
918 2.723039141617254e-07
919 3.349281874242587e-07
920 3.44416175380719e-07
921 2.1476714703205092e-07
922 2.1505040749880675e-07
923 2.8443804772522885e-07
924 3.7033744513331315e-07
925 2.917670880791177e-07
926 3.4792560283925607e-07
927 3.1030330295072146e-07
928 4.034377320269544e-07
929 3.1494186520593327e-07
930 3.4459448884447456e-07
931 2.885829910664163e-07
932 2.692581710732384e-07
933 3.747771075770675e-07
934 3.1149344387610877e-07
935 2.8469239901233715e-07
936 3.136303639812769e-07
937 2.463683831436654e-07
938 2.719750283538599e-07
939 2.107533793818352e-07
940 3.9565071260543084e-07
941 3.5316802733408834e-07
942 2.8856292618560076e-07
943 3.199982410455272e-07
944 2.9427868428762995e-07
945 2.5199128336258274e-07
946 3.0070933784280194e-07
947 2.4309423032066257e-07
948 2.900262139601265e-07
949 2.942664487982222e-07
950 3.3197985753175293e-07
951 1.9521594327511934e-07
952 2.3434929064294448e-07
953 2.1891669278978543e-07
954 3.148653377665135e-07
955 3.0449428202953653e-07
956 2.1240395007274264e-07
957 3.595411724994114e-07
958 2.9353593586899354e-07
959 2.4755718451981123e-07
960 2.6138746021344763e-07
961 2.2782055387646385e-07
962 2.4815349934879143e-07
963 2.9900740344946933e-07
964 2.9409202806683006e-07
965 3.0952280156043737e-07
966 2.821805625236607e-07
967 3.469880968163116e-07
968 2.0022609976609447e-07
969 3.2817297105135464e-07
970 4.0916038203165616e-07
971 3.054371204865164e-07
972 2.6779976789604704e-07
973 3.354686480193401e-07
974 3.2294403424251684e-07
975 3.479893650421655e-07
976 3.5653582750991986e-07
977 2.688779960527701e-07
978 1.6563027768947485e-07
979 2.3032571783244333e-07
980 2.92653032107339e-07
981 2.2750157634857986e-07
982 3.4500518856010213e-07
983 1.8275461520191045e-07
984 2.9389661513970623e-07
985 2.1023614471774033e-07
986 2.0953774455311826e-07
987 2.2557949189114766e-07
988 3.5225071615093905e-07
989 3.4106329184406916e-07
990 2.9014215810094634e-07
991 4.1006965871082406e-07
992 3.1872940124669617e-07
993 3.0895492232072605e-07
994 3.0934585202824367e-07
995 2.5335009614351084e-07
996 3.551968205929928e-07
997 4.021488282826388e-07
998 2.701537407866207e-07
999 2.7677837875523666e-07
