0 1.8714978625350164e-06
1 1.596734135880043e-06
2 2.0548007313723608e-06
3 1.5471562485969351e-06
4 1.5554771524297416e-06
5 1.9635408193978614e-06
6 1.7401110606247857e-06
7 1.5778274074692789e-06
8 1.7460080740719768e-06
9 1.6341525614875337e-06
10 1.6712435926291076e-06
11 1.5264214771450885e-06
12 1.8168529163870799e-06
13 1.4675248708338789e-06
14 1.5178629517482533e-06
15 1.5651238242783618e-06
16 1.6074722496447243e-06
17 1.6943237833088937e-06
18 1.8528458943149138e-06
19 1.5444627523110055e-06
20 1.8978543857531225e-06
21 1.758243933072341e-06
22 1.730500061651038e-06
23 1.9795749959875855e-06
24 1.7537424182940299e-06
25 1.5051570816543785e-06
26 1.627742400077027e-06
27 1.3742250784468019e-06
28 1.3164768138963278e-06
29 1.66545804958058e-06
30 1.6676771906061412e-06
31 1.3569421439173045e-06
32 1.586127023392645e-06
33 1.795639718470894e-06
34 1.647817052051618e-06
35 1.762986356715703e-06
36 1.5031127409260417e-06
37 1.5675562695677765e-06
38 1.735140777198209e-06
39 1.4788749053488792e-06
40 1.5264488728050114e-06
41 1.7449765233959118e-06
42 1.6556950883487775e-06
43 1.6862870718998354e-06
44 1.6030783247433185e-06
45 1.5333857950930043e-06
46 1.6991972035920234e-06
47 1.5731544381814407e-06
48 1.620832993559555e-06
49 1.701870736011952e-06
50 1.6564517919409813e-06
51 1.6892389320404808e-06
52 1.411084649647706e-06
53 1.9826575825745896e-06
54 1.6727799145501319e-06
55 1.8434117226508541e-06
56 1.5467868385248005e-06
57 1.7259908823208085e-06
58 1.7233651071689658e-06
59 1.8065118445686767e-06
60 1.719126971357831e-06
61 1.6065121318092198e-06
62 1.4181449974948065e-06
63 1.7537895007535312e-06
64 1.6929411707825174e-06
65 1.5891036102536715e-06
66 1.607689902274261e-06
67 1.6755060674887543e-06
68 1.6452252236091876e-06
69 1.7443674341621058e-06
70 1.7354250593853001e-06
71 1.6381229762597775e-06
72 1.4408551177337253e-06
73 1.6611704944139823e-06
74 1.602860469804468e-06
75 1.8158863286689062e-06
76 1.6685271921894617e-06
77 1.646301917808649e-06
78 1.3194832571294355e-06
79 1.8218789550860715e-06
80 1.730823594245201e-06
81 1.6597163009919567e-06
82 1.6209905102419216e-06
83 1.7146276529849657e-06
84 1.5507926138833404e-06
85 1.4754930980979215e-06
86 1.9638193662522023e-06
87 1.4430507945180481e-06
88 1.689824728867735e-06
89 1.8644177577685113e-06
90 1.6359975962331438e-06
91 1.4984375054785301e-06
92 1.7380089737178843e-06
93 1.4029485036666313e-06
94 1.7399980190959498e-06
95 1.4578316192107076e-06
96 1.8195865597387395e-06
97 1.6270901126029724e-06
98 1.5722662992576842e-06
99 1.689490885775641e-06
100 1.7899710168371014e-06
101 1.7333935352678182e-06
102 1.6952189485149041e-06
103 1.44916455633611e-06
104 1.6247429529076683e-06
105 1.5763997603383387e-06
106 1.4934460706154774e-06
107 1.5351182433375942e-06
108 1.6764122816331566e-06
109 1.5572129478733375e-06
110 1.6998572045564505e-06
111 1.8628483355301392e-06
112 1.839858648783373e-06
113 1.3440932156508032e-06
114 1.7820299923583898e-06
115 1.7455285439263935e-06
116 1.4506348457599487e-06
117 1.5598393980688418e-06
118 1.733364301301478e-06
119 1.9327647343895646e-06
120 1.5873591091869373e-06
121 1.55229132672842e-06
122 1.6727081783048568e-06
123 1.5498847592509012e-06
124 1.553290873743295e-06
125 1.8997027417210712e-06
126 1.5871676107723052e-06
127 1.5013370866513624e-06
128 1.9112012233948884e-06
129 1.654618850670586e-06
130 1.5711944700541563e-06
131 1.5893349595407927e-06
132 1.3155859103773463e-06
133 1.3345228776358092e-06
134 1.6212932351038032e-06
135 1.5123782261548096e-06
136 1.6780253210862954e-06
137 1.5496496554956297e-06
138 1.5630467694058125e-06
139 1.75276039333266e-06
140 1.416045436927838e-06
141 1.5628535892638277e-06
142 1.5847018344040772e-06
143 1.5758540887013807e-06
144 1.7226403027628939e-06
145 1.4151552159863464e-06
146 1.4878983578771565e-06
147 1.6729225141401175e-06
148 1.4308619446707512e-06
149 1.5460810552692348e-06
150 1.7079058105834205e-06
151 1.6687964919782634e-06
152 1.4415106442516786e-06
153 1.6065200649337646e-06
154 1.673148982077943e-06
155 1.5389209888751357e-06
156 1.612779905207607e-06
157 1.7735740976976894e-06
158 1.4839451094518234e-06
159 1.6099717678164576e-06
160 1.5498520485174644e-06
161 1.7944931157051287e-06
162 1.4209392227636946e-06
163 1.8658006716113198e-06
164 1.409636838760232e-06
165 1.7133059343880966e-06
166 1.6903430010592855e-06
167 1.9793150520205963e-06
168 1.4632341273945353e-06
169 1.6604569928373728e-06
170 1.23997735668479e-06
171 1.9835325976104953e-06
172 1.5531981361009774e-06
173 1.7118033049648395e-06
174 1.588963150776182e-06
175 1.57232691350537e-06
176 1.7193944534474e-06
177 1.76673998040954e-06
178 1.4274247535864972e-06
179 1.7389180751818652e-06
180 1.5647229081291345e-06
181 1.5505632620045896e-06
182 1.802878465423394e-06
183 1.5907338289327942e-06
184 1.6989435563546815e-06
185 1.50544203938483e-06
186 1.5606151145930524e-06
187 1.8943845058736813e-06
188 1.8969399607754276e-06
189 1.5995559085556018e-06
190 1.5498639275206278e-06
191 1.564633493193228e-06
192 1.7191116166256069e-06
193 1.6906218677839343e-06
194 1.7616381961807016e-06
195 1.6797097418390078e-06
196 1.8611070643874757e-06
197 1.608909443542132e-06
198 1.4555951476071955e-06
199 1.6864079114744374e-06
200 1.5870480571847611e-06
201 1.407959688544112e-06
202 1.6106139492651365e-06
203 1.663093977492761e-06
204 1.6433416787650228e-06
205 1.72664469441635e-06
206 1.6884718772649e-06
207 1.6238818845821174e-06
208 1.547538537349751e-06
209 1.6620561403734762e-06
210 1.8679187850304623e-06
211 1.6840574800780312e-06
212 1.3949415240778843e-06
213 1.7744098756088242e-06
214 1.7620350434748685e-06
215 1.4814546718700129e-06
216 1.4090666003388589e-06
217 1.6294405122425216e-06
218 1.468378744835391e-06
219 1.404399083305765e-06
220 1.6634653435292975e-06
221 1.8132243362440688e-06
222 1.8203983955474907e-06
223 1.8266016869281075e-06
224 1.756512807643175e-06
225 1.631006847963723e-06
226 1.4371689636158448e-06
227 1.8003762527968365e-06
228 1.6944155412390422e-06
229 1.5871561036375515e-06
230 1.5762680163657358e-06
231 1.6778561590904211e-06
232 1.5375229143770902e-06
233 1.6320134642599499e-06
234 1.6542697670934613e-06
235 1.828717277955224e-06
236 1.4299610443725636e-06
237 1.7412424573078902e-06
238 1.64848871592402e-06
239 1.608633239229328e-06
240 1.7057096527216112e-06
241 1.501206542242362e-06
242 1.6291363074008294e-06
243 1.6686286126796535e-06
244 1.5902588821794939e-06
245 1.748917863332677e-06
246 1.536140430107616e-06
247 1.5008081021652066e-06
248 1.7636807122046991e-06
249 1.8990972726381902e-06
250 1.5828590790734073e-06
251 1.6787383400165524e-06
252 1.7856727757161978e-06
253 1.6555126572531402e-06
254 1.85565371933427e-06
255 1.3962291008261055e-06
256 1.820873567523706e-06
257 1.4650355840695127e-06
258 1.6978548909302219e-06
259 1.8404878382936006e-06
260 1.567979852020785e-06
261 1.4093610762429185e-06
262 1.5562011272588926e-06
263 1.8121527486358766e-06
264 1.7614857249750633e-06
265 1.593267513862137e-06
266 1.7431786819523574e-06
267 1.7450445757207575e-06
268 1.2965253198113365e-06
269 1.842659757834437e-06
270 1.590395499821512e-06
271 1.575417866590301e-06
272 1.5735821012199023e-06
273 1.5862833041378965e-06
274 1.6186204695888385e-06
275 1.5171270964124249e-06
276 1.692250304250435e-06
277 1.8174822631218951e-06
278 1.4267138310995888e-06
279 1.3737429007253199e-06
280 1.638320992345971e-06
281 1.524322540986168e-06
282 1.6767408308628327e-06
283 1.602858091922663e-06
284 1.650038636398539e-06
285 1.4794743937328448e-06
286 1.9494019995988143e-06
287 1.4259784220834707e-06
288 1.6723010661227835e-06
289 1.7649850364239205e-06
290 1.7435624096112944e-06
291 1.8186430492197875e-06
292 1.8539442986679311e-06
293 1.5365382287064606e-06
294 1.555974952217824e-06
295 1.6568010933681601e-06
296 1.7229328543996645e-06
297 1.6218720503103568e-06
298 1.6387095144433617e-06
299 1.549392346853643e-06
300 1.3420151994753816e-06
301 1.687544235044e-06
302 1.7671626380886187e-06
303 1.8031840561200001e-06
304 1.546860093147438e-06
305 1.4306292391859726e-06
306 1.500932024249998e-06
307 1.684909349673323e-06
308 1.277281179358198e-06
309 1.409635406438947e-06
310 1.334785498713884e-06
311 1.780454392772995e-06
312 1.6255371085770652e-06
313 1.4829710243660647e-06
314 1.588898164229457e-06
315 1.960102752657035e-06
316 1.4697623761946649e-06
317 1.440530211691502e-06
318 1.5420150733595498e-06
319 1.8739758579562792e-06
320 1.4742589846661146e-06
321 1.6983066717539483e-06
322 1.7230154542577576e-06
323 1.5583546841125518e-06
324 1.7487709588920985e-06
325 1.593449957838754e-06
326 1.710402210533804e-06
327 1.6188617808984668e-06
328 1.650122184911853e-06
329 1.4545640811358485e-06
330 1.5779866146716128e-06
331 1.6523853583016266e-06
332 1.7871684927661412e-06
333 1.6091475762416218e-06
334 1.6214072056372583e-06
335 1.7903307541911595e-06
336 1.6561889932083162e-06
337 1.4678241535084688e-06
338 1.7166618968216944e-06
339 1.585945438290801e-06
340 1.6996125484963761e-06
341 1.812883386983777e-06
342 1.6758320491634217e-06
343 1.4818353664640446e-06
344 1.6876653807856668e-06
345 1.5108182219738295e-06
346 1.6751848415076705e-06
347 1.2907906717779755e-06
348 1.6864219760920824e-06
349 1.5516995867472909e-06
350 1.4764385161496632e-06
351 1.5473369813134367e-06
352 1.4011247232200664e-06
353 1.2948665124371437e-06
354 1.7362420016598734e-06
355 1.6364552263202616e-06
356 1.993756793819264e-06
357 1.8816207124632312e-06
358 1.7172793281119475e-06
359 1.7472017779656057e-06
360 1.7248647506352874e-06
361 1.5305181915705337e-06
362 1.5674653587594783e-06
363 1.2512982206892984e-06
364 1.6408697512159401e-06
365 1.5415057782341722e-06
366 1.5891780915695693e-06
367 1.8235987004555112e-06
368 1.638829067821893e-06
369 1.5954550500361503e-06
370 1.875437890222261e-06
371 1.6572219665814484e-06
372 1.605582544189137e-06
373 1.4713096957964142e-06
374 1.7231398481645935e-06
375 1.700368523927717e-06
376 1.5127959181924962e-06
377 1.7490519081357859e-06
378 1.6683902016192956e-06
379 1.5460039089968905e-06
380 1.4130578265312514e-06
381 1.4382220561196659e-06
382 1.4317913475660453e-06
383 1.9464355021817423e-06
384 1.8057513700297011e-06
385 1.5247206338249313e-06
386 1.6372460623638633e-06
387 1.3678331111617634e-06
388 1.7797940159806095e-06
389 1.771469451031075e-06
390 1.6020721096123623e-06
391 1.4561096804940473e-06
392 1.936797560642171e-06
393 1.9379944960881353e-06
394 1.722744936783523e-06
395 1.67428033552161e-06
396 1.6532533111827658e-06
397 1.611306842927068e-06
398 1.7490327995666553e-06
399 1.5303506085364793e-06
400 1.7917189604321415e-06
401 1.7331248481665442e-06
402 1.5481125003395205e-06
403 1.5698469392937628e-06
404 1.7012080009338243e-06
405 1.7309608897986658e-06
406 1.5167943374688e-06
407 1.68939777611908e-06
408 1.5639882257785511e-06
409 1.7183736605693458e-06
410 1.4060818359369271e-06
411 1.690965418575115e-06
412 1.5920673734699113e-06
413 1.639847060574593e-06
414 1.371587516294525e-06
415 1.5220193322624007e-06
416 1.2434402575384623e-06
417 1.4800959342849816e-06
418 1.7502113229541432e-06
419 1.8075991472308923e-06
420 1.9594137556504195e-06
421 1.4175381786709593e-06
422 1.5514939823281167e-06
423 1.625588773923133e-06
424 1.7072980151401438e-06
425 1.5051916961510717e-06
426 1.3553467843277338e-06
427 1.259010948065705e-06
428 1.7851154817885193e-06
429 1.4213870288513348e-06
430 1.2003695994497581e-06
431 1.6856121146151536e-06
432 1.6931730902553725e-06
433 1.603619602045136e-06
434 1.5693385055634164e-06
435 1.830254975085105e-06
436 1.3596466610216517e-06
437 1.853179788777824e-06
438 1.5459355188739089e-06
439 1.7112238442909678e-06
440 1.4614563339941533e-06
441 1.5043818501111845e-06
442 1.745903751226595e-06
443 1.694086534729315e-06
444 1.3137222672896118e-06
445 1.7131293778345501e-06
446 1.6738564728664838e-06
447 1.7829669593991778e-06
448 1.6786308078652754e-06
449 1.8556184156861014e-06
450 1.317349409775133e-06
451 1.614691577723537e-06
452 1.7619927650850952e-06
453 1.6424070580439889e-06
454 1.7762330766124537e-06
455 1.5817049435548895e-06
456 1.5666647318929246e-06
457 1.3532988458505475e-06
458 1.638225912509849e-06
459 1.3997489081690617e-06
460 1.6438647775696992e-06
461 1.6796631191971206e-06
462 1.5665133408732595e-06
463 1.8220106403630376e-06
464 1.5310932341724166e-06
465 1.7216860317176296e-06
466 1.6372938314907217e-06
467 1.552856215217602e-06
468 1.6532400811928975e-06
469 1.6266724154589174e-06
470 1.6403307018044057e-06
471 1.5679396910328076e-06
472 1.619188463278239e-06
473 1.6487258894966374e-06
474 1.930239343434581e-06
475 1.8069196076366514e-06
476 1.6331295346482795e-06
477 1.8473246772573033e-06
478 1.5224547223251983e-06
479 1.744243370726665e-06
480 1.6274676920106743e-06
481 1.6834285802831563e-06
482 1.571660297294372e-06
483 1.973867616865237e-06
484 1.5463725824823236e-06
485 1.962158399737278e-06
486 1.7422499748051023e-06
487 1.3754976623752663e-06
488 1.3106394362929933e-06
489 1.6491759877246145e-06
490 1.6713271775314132e-06
491 1.7231018259669457e-06
492 1.7517532180819543e-06
493 1.835491755098535e-06
494 1.5677310671658816e-06
495 1.6859030904043865e-06
496 1.5894467521232843e-06
497 1.319070712603201e-06
498 1.434075326089853e-06
499 1.2982389037545178e-06
500 1.2147710439949498e-06
501 1.4864232120839691e-06
502 1.8420615331756658e-06
503 1.7496510797029548e-06
504 1.76939161674215e-06
505 1.4209635955913842e-06
506 1.7128351464881882e-06
507 1.6677363886157483e-06
508 1.9490115811313226e-06
509 1.6219440719664237e-06
510 1.6451158881254358e-06
511 1.5501074161064238e-06
512 1.746605526943256e-06
513 1.7648838228027954e-06
514 1.8303112127282797e-06
515 1.6649070069025665e-06
516 1.881366963817615e-06
517 1.5571067070860913e-06
518 1.6166518849922454e-06
519 1.5493433193594349e-06
520 1.7242254857339496e-06
521 1.5193842601039738e-06
522 1.6625505509535907e-06
523 1.6579945734434719e-06
524 1.2011764896336255e-06
525 1.7737333701590353e-06
526 1.6430083909022126e-06
527 1.7146471006648347e-06
528 1.6400419937867726e-06
529 1.8901769203512437e-06
530 1.333016588556207e-06
531 1.5654461348955198e-06
532 1.5925387117260194e-06
533 1.953236243632102e-06
534 1.69559220692543e-06
535 1.2617131204852225e-06
536 1.6199855888427027e-06
537 1.7368429043751037e-06
538 1.78896850661347e-06
539 1.574297405098085e-06
540 1.6058570148937602e-06
541 1.7841110522941045e-06
542 1.755675123123951e-06
543 1.3916021475376902e-06
544 1.7590732400630097e-06
545 1.5449045810525618e-06
546 1.645098339465745e-06
547 1.6754605280172611e-06
548 2.0675015433862266e-06
549 1.7957528877547158e-06
550 1.6591323404800273e-06
551 1.6419666264881683e-06
552 1.6847032967186925e-06
553 1.6161989591752928e-06
554 1.8057634910409125e-06
555 1.5290997345835665e-06
556 1.5727920265468467e-06
557 1.8179268450211164e-06
558 1.4865414240571334e-06
559 1.6782038882734032e-06
560 1.3462244894934125e-06
561 1.9646954738749685e-06
562 1.7086490123951146e-06
563 1.58506469044302e-06
564 1.6184392867648687e-06
565 1.436913219011713e-06
566 1.424218417684472e-06
567 1.5697262541505952e-06
568 1.6364518160134505e-06
569 1.579349776131457e-06
570 1.7003790804412588e-06
571 1.6148464182408873e-06
572 1.7055920038203958e-06
573 1.4654677957327732e-06
574 1.6320961453289254e-06
575 1.5982177442800719e-06
576 1.631273200531833e-06
577 1.8955457301601263e-06
578 1.5850007842728528e-06
579 1.831823817508919e-06
580 1.975262506799517e-06
581 1.917007729027891e-06
582 1.0137448731301017e-06
583 1.6679121579571977e-06
584 1.5438698784380187e-06
585 1.6487771837923291e-06
586 1.67787620537896e-06
587 1.4142133082696556e-06
588 1.8763273054679624e-06
589 1.2927108097750083e-06
590 1.725458293157545e-06
591 1.7887195848890469e-06
592 1.5674490102234002e-06
593 1.6110341826764878e-06
594 1.3670648152457793e-06
595 1.7449974847674504e-06
596 1.6013879069659536e-06
597 1.5576518155663757e-06
598 1.7068886852488062e-06
599 1.9095407432014924e-06
600 1.6726649882059075e-06
601 1.763432451507818e-06
602 1.5443500795096397e-06
603 1.6313357210112283e-06
604 1.5815418578221686e-06
605 1.4500807929166814e-06
606 1.810793745586512e-06
607 1.6107106602321e-06
608 1.5517259068763694e-06
609 1.5805303184118592e-06
610 1.7726769360788644e-06
611 1.6447882830451325e-06
612 1.6834969990378838e-06
613 1.401553293369173e-06
614 1.5150503289184962e-06
615 1.7310378953649272e-06
616 1.2704109966404094e-06
617 1.9508606287173185e-06
618 1.8394945578638501e-06
619 1.8413659481907298e-06
620 1.6312551250374904e-06
621 1.6416121775257992e-06
622 1.666346963941499e-06
623 1.6143745924943694e-06
624 1.7891700644637425e-06
625 1.7407279793944792e-06
626 1.6298703442976351e-06
627 1.8247471131818012e-06
628 1.5470042688915818e-06
629 1.2496681075469947e-06
630 1.489275448298372e-06
631 1.6833284907326368e-06
632 1.738306984431163e-06
633 1.7937770036017032e-06
634 1.7476379055238873e-06
635 1.319617617715204e-06
636 1.4334118848291983e-06
637 1.808464717961934e-06
638 1.9491350543573492e-06
639 1.8300288742317368e-06
640 1.6994687115521387e-06
641 1.5971843918096802e-06
642 1.8542240174487254e-06
643 1.7898417531516216e-06
644 1.778938011429757e-06
645 1.5394629277798985e-06
646 1.4150659063660273e-06
647 1.8788341314520447e-06
648 1.5431056875896318e-06
649 1.4626586112798274e-06
650 1.5260186463777735e-06
651 1.7841096640116633e-06
652 1.700286509117846e-06
653 1.7099358813079026e-06
654 1.6805269904274443e-06
655 1.6377529672781559e-06
656 1.7872882112239146e-06
657 1.580862570558236e-06
658 1.6000627502941442e-06
659 1.6255285497153264e-06
660 1.7163501651494979e-06
661 1.7733999247788944e-06
662 1.9968994272370037e-06
663 1.634652830570479e-06
664 1.605769738194159e-06
665 1.8267209139079562e-06
666 1.7074961027440642e-06
667 1.4551896088610404e-06
668 1.6451036239336027e-06
669 1.4713456025227604e-06
670 1.3561940010160455e-06
671 1.4407624247190887e-06
672 1.796253046274693e-06
673 1.6615215731314548e-06
674 1.8156272412006613e-06
675 1.7699466405648585e-06
676 1.671325849769305e-06
677 1.5832861512216431e-06
678 1.8396575613009464e-06
679 1.871159772899871e-06
680 1.4125718422805288e-06
681 1.6201975915628454e-06
682 1.6632257257504933e-06
683 1.5914697587181026e-06
684 1.8584662389907353e-06
685 1.7501050527997203e-06
686 1.5426552303252993e-06
687 1.6093218697875249e-06
688 1.4278901782484986e-06
689 1.8162835789355335e-06
690 1.4023702470940298e-06
691 1.556102519188365e-06
692 1.6343604568495009e-06
693 1.703883255814857e-06
694 1.5549488532423785e-06
695 1.574267325279293e-06
696 1.6704043381618028e-06
697 1.7433253042577176e-06
698 1.969729475105317e-06
699 1.683364645106599e-06
700 1.8004584622611422e-06
701 1.3915090764424214e-06
702 1.5370449754654618e-06
703 1.5930388287583413e-06
704 1.3180820705922568e-06
705 1.8264914360121537e-06
706 1.7894528554458188e-06
707 1.497169407182409e-06
708 1.505599140785863e-06
709 1.9120055396581983e-06
710 1.746401919079068e-06
711 2.0752731170819467e-06
712 1.6685659786245371e-06
713 1.4473649081520414e-06
714 1.4604970931851525e-06
715 1.397340353343079e-06
716 1.730870784766791e-06
717 1.5288848109774466e-06
718 1.485753209718162e-06
719 1.5393026462617532e-06
720 1.3980872458380968e-06
721 1.994923388019045e-06
722 1.3843443147819546e-06
723 1.4184645554855664e-06
724 1.5858266377822306e-06
725 1.310106555328083e-06
726 1.7155896226747848e-06
727 1.698009482283386e-06
728 1.711606053084771e-06
729 1.6763942525716677e-06
730 1.8059426652999077e-06
731 1.7318278128641466e-06
732 1.6349313059497117e-06
733 1.8441671761747622e-06
734 1.5238496059691717e-06
735 1.8762914187551586e-06
736 1.8743745686090149e-06
737 1.7672812528156002e-06
738 1.7136322421019235e-06
739 1.7092507261876566e-06
740 1.696592057011769e-06
741 1.8089905496865978e-06
742 1.6115615557506393e-06
743 1.7275406465433499e-06
744 1.6859301797870248e-06
745 1.6248590143247777e-06
746 1.3538498473712185e-06
747 1.6031755459709232e-06
748 1.7058718762359593e-06
749 1.587633286405242e-06
750 1.6249753780315104e-06
751 1.8423840128862632e-06
752 1.6664721232242283e-06
753 1.3670795135462557e-06
754 1.6582147909850901e-06
755 1.6753995661792379e-06
756 1.5257688157648086e-06
757 1.9411651737603865e-06
758 1.9124281844935075e-06
759 1.3796680356127232e-06
760 1.6672271485342818e-06
761 1.6187052079012244e-06
762 1.5634790112712002e-06
763 1.5997784629596586e-06
764 1.6114103353200595e-06
765 1.5652157907612371e-06
766 1.6529402632948388e-06
767 1.4801989644507637e-06
768 1.5106359731116914e-06
769 1.600287351283607e-06
770 1.709332358433185e-06
771 1.6944464379732214e-06
772 1.7986295002277903e-06
773 1.4717958979384846e-06
774 1.9529442839385457e-06
775 1.5155846773148641e-06
776 1.4751278025129917e-06
777 1.4084182644710008e-06
778 1.686245432622936e-06
779 1.608102148815279e-06
780 1.6573049030322727e-06
781 1.8204240407056703e-06
782 1.7926687031736505e-06
783 1.6002269081650735e-06
784 1.6843624474578172e-06
785 1.747364823438495e-06
786 1.9334457170259456e-06
787 1.4258991202227122e-06
788 1.6325921905236988e-06
789 1.5736673827968337e-06
790 1.4276308128672616e-06
791 1.5650007065790604e-06
792 1.5135386786299802e-06
793 1.693737729893424e-06
794 1.6037104061880306e-06
795 1.666167562135576e-06
796 1.7701697109787316e-06
797 1.704582194068735e-06
798 1.78941601988439e-06
799 1.7457550920982478e-06
800 1.502777899557206e-06
801 1.8061356651178312e-06
802 1.547005815763863e-06
803 1.523618261245242e-06
804 1.6115286276063908e-06
805 1.6750315526114398e-06
806 1.8795550282633714e-06
807 1.4001479482294748e-06
808 1.5069311975305015e-06
809 1.7691177713972567e-06
810 2.0353341222798547e-06
811 1.375202282541722e-06
812 1.7841192994957974e-06
813 1.3598784718663602e-06
814 1.573687005609624e-06
815 1.615830592811764e-06
816 1.791579679246523e-06
817 1.6722650724353366e-06
818 1.7409889618851602e-06
819 1.908451378970813e-06
820 1.7705564389228852e-06
821 1.9019179942552788e-06
822 1.5462211768150823e-06
823 1.5538675319005298e-06
824 1.6365430355185109e-06
825 1.362861449569039e-06
826 1.4732522646259872e-06
827 1.8502028271340032e-06
828 1.6943903367091772e-06
829 1.7640300183717856e-06
830 1.3329474621225102e-06
831 1.6561750749017048e-06
832 1.5156612944992196e-06
833 1.9045424695010405e-06
834 1.4582733517884772e-06
835 1.6893390501638677e-06
836 1.5789002080203738e-06
837 1.6975812137530116e-06
838 1.5514413381417668e-06
839 1.7309319325886399e-06
840 1.7292489350245706e-06
841 1.6219992488267047e-06
842 1.807470864562977e-06
843 1.6912734987573775e-06
844 1.810927506147004e-06
845 1.7053805756329832e-06
846 1.6852016734502404e-06
847 1.4745062658770412e-06
848 1.5927793317132955e-06
849 1.3272205475017345e-06
850 1.5792732194162523e-06
851 1.7904395681391737e-06
852 1.7937850443683582e-06
853 1.6679782498863884e-06
854 1.7769856391242637e-06
855 1.7074688879198152e-06
856 1.795015791179237e-06
857 1.1929585681277666e-06
858 1.6585513850265552e-06
859 1.5842626509229445e-06
860 1.5162959571989276e-06
861 1.4281937369574542e-06
862 1.7629377083796722e-06
863 1.3675231881558e-06
864 1.893559134335291e-06
865 1.6210646057412104e-06
866 1.4989551688882667e-06
867 1.545508619631291e-06
868 1.1607653154456925e-06
869 1.6701258292159533e-06
870 1.5142596494658617e-06
871 1.6581016857311698e-06
872 2.131179147936807e-06
873 1.7092917324533792e-06
874 1.6197400073650474e-06
875 1.7313951639801886e-06
876 1.5886458247230488e-06
877 1.5535921366593814e-06
878 1.6890115728302658e-06
879 1.6545595432770775e-06
880 1.6815342154295533e-06
881 1.7425560322187278e-06
882 1.7178674412470321e-06
883 1.4320946563250412e-06
884 1.6497829506171362e-06
885 1.5201502001803958e-06
886 1.3821758674493625e-06
887 1.7410417513977416e-06
888 1.492508533222067e-06
889 1.9196806405830023e-06
890 1.4634954517192368e-06
891 1.5945469132839131e-06
892 1.6678484082456506e-06
893 1.811016971723313e-06
894 1.3216776124895021e-06
895 1.6626549182316838e-06
896 1.6313595228546292e-06
897 1.7425231801308823e-06
898 1.778773537111306e-06
899 1.8007958754177316e-06
900 1.6991950881343887e-06
901 1.4668505336790467e-06
902 1.6911115826033057e-06
903 1.6214523016381001e-06
904 1.56183616705626e-06
905 1.487755091445306e-06
906 1.6145471206888498e-06
907 1.8390209037460916e-06
908 1.586642732860441e-06
909 1.574068042427254e-06
910 1.8196259234396023e-06
911 1.675535362200542e-06
912 1.3420150470413715e-06
913 1.3113848978910024e-06
914 1.588642626760981e-06
915 1.6039658271157467e-06
916 1.7539037977530686e-06
917 1.6044110491864637e-06
918 1.7771061446606109e-06
919 1.542585905292272e-06
920 1.4952850268934002e-06
921 1.67875631857084e-06
922 1.727213556897415e-06
923 1.500975761620877e-06
924 1.5326838931513852e-06
925 1.5426702257373457e-06
926 1.6815500278141746e-06
927 1.4230834850397982e-06
928 1.391168518234329e-06
929 1.7583646345698363e-06
930 1.7609147224966143e-06
931 1.6938226662977802e-06
932 1.8152532284984492e-06
933 1.5494493038313933e-06
934 1.4960132546892726e-06
935 1.5765137152323665e-06
936 1.52750897331931e-06
937 1.7991048953581013e-06
938 1.8802388398446602e-06
939 1.8337160865419258e-06
940 1.381174870579914e-06
941 1.4963912397117362e-06
942 1.7084359977796272e-06
943 1.6510811875934188e-06
944 1.7634554700472877e-06
945 1.8428397169050145e-06
946 1.726904172023877e-06
947 1.984966393737846e-06
948 1.692727334959585e-06
949 1.6918034245326837e-06
950 1.5352851159869997e-06
951 1.8938420816879543e-06
952 1.8397700596539993e-06
953 1.8068125109369083e-06
954 1.461312796695975e-06
955 1.6448398392532884e-06
956 1.768195556581277e-06
957 1.404565783843933e-06
958 1.628939676663789e-06
959 1.8076251729423082e-06
960 1.6358391482433833e-06
961 1.8070438570666469e-06
962 1.7719069663180107e-06
963 1.6380279500676716e-06
964 1.746393415004792e-06
965 1.5461211964932048e-06
966 1.73221031696845e-06
967 1.3274117142082915e-06
968 1.8177461771122857e-06
969 1.4758275618292764e-06
970 1.5472543293031874e-06
971 1.614005259974926e-06
972 1.6262028297176923e-06
973 1.5080906398794561e-06
974 1.7155152943543443e-06
975 1.5336491389553708e-06
976 1.607388239882962e-06
977 1.8125366864979737e-06
978 2.0220729941314813e-06
979 1.6448140619612763e-06
980 1.6698406139971805e-06
981 1.7114276336172818e-06
982 1.5052537597526139e-06
983 1.8287504668520938e-06
984 1.55871433513593e-06
985 1.6361447442536633e-06
986 1.7784058686008444e-06
987 1.6675986328240528e-06
988 1.2081894063319643e-06
989 1.4070789904208058e-06
990 1.4736253202322667e-06
991 1.4233471908100475e-06
992 1.6559001243647215e-06
993 1.6353380571854957e-06
994 1.6348970979414519e-06
995 1.7001040772031836e-06
996 1.7001525395310322e-06
997 1.3550540453119559e-06
998 1.782200919810412e-06
999 1.4816579809047688e-06
