0 2.0587560087520456e-06
1 1.9389457207576803e-06
2 2.125939732820717e-06
3 2.039409095658986e-06
4 1.8128599304088007e-06
5 2.18662883171107e-06
6 2.074497151608943e-06
7 1.955421281164495e-06
8 1.8874767266553307e-06
9 1.8983266890362558e-06
10 2.052960227247139e-06
11 1.8212606536741566e-06
12 1.956651961889565e-06
13 1.8048828588209667e-06
14 1.7915005741295044e-06
15 1.9960829729419103e-06
16 1.9920285998093394e-06
17 2.068482710192903e-06
18 1.7825936318251926e-06
19 1.8749107558247335e-06
20 1.9835802216479845e-06
21 1.8733902788400106e-06
22 1.922947741949486e-06
23 2.052276321276826e-06
24 1.951895964710553e-06
25 1.7200143755548782e-06
26 1.8703223698167842e-06
27 1.9057845034459004e-06
28 1.8902986257606529e-06
29 2.0613259066864527e-06
30 1.764900005603293e-06
31 1.948517997971314e-06
32 1.6660927372024007e-06
33 1.828802537811988e-06
34 1.8896741300869692e-06
35 1.9016543262861612e-06
36 1.7478118024556866e-06
37 1.9507867304778972e-06
38 1.818272075443213e-06
39 1.904734771469816e-06
40 1.7618104803625506e-06
41 1.8827421789598182e-06
42 1.96535540623066e-06
43 1.931140409342136e-06
44 1.8737575319631643e-06
45 1.6824232266843782e-06
46 1.8085725687083757e-06
47 1.9902520960300926e-06
48 2.1730792396987422e-06
49 1.911755223587824e-06
50 1.8606935727238566e-06
51 1.9759954638233164e-06
52 1.6762018340905853e-06
53 1.8845710548474609e-06
54 2.0645996945728654e-06
55 1.8979364674600985e-06
56 1.7015330406336452e-06
57 1.8768011397216883e-06
58 1.8015844410771493e-06
59 1.9491030298957987e-06
60 1.6888725098088692e-06
61 2.055055644822797e-06
62 1.943362504383235e-06
63 1.8498681713107143e-06
64 2.0157510956787626e-06
65 1.7628844365446896e-06
66 1.6314406639329492e-06
67 1.9169249961508734e-06
68 1.9868256762300446e-06
69 1.961029508686879e-06
70 2.115203560809231e-06
71 1.950696971502596e-06
72 1.8086169123812939e-06
73 1.6931811247837027e-06
74 1.943498543238555e-06
75 1.9120013537669644e-06
76 2.0904249668436402e-06
77 1.9963779911161333e-06
78 1.6829244305053203e-06
79 1.8868535967382073e-06
80 2.0404886652331366e-06
81 2.0093563659145167e-06
82 1.8091636703028042e-06
83 1.8961522665269667e-06
84 1.8417416655661777e-06
85 1.7227245394736426e-06
86 2.0113577727791086e-06
87 1.7336396947609204e-06
88 2.132553487866117e-06
89 1.955839645771649e-06
90 1.7844170913039703e-06
91 1.686328091367158e-06
92 1.94804289424239e-06
93 1.6827327872946597e-06
94 1.9035383268287582e-06
95 1.8100575875869011e-06
96 1.8253976772689407e-06
97 1.7952979648707279e-06
98 1.9928225820764894e-06
99 1.758052689294948e-06
100 1.8265380105517395e-06
101 1.8783543822119497e-06
102 2.047204029695302e-06
103 1.8558130104396449e-06
104 2.1052019201104043e-06
105 1.6088253484586586e-06
106 1.7709378862157599e-06
107 1.9178624854089264e-06
108 1.7717976301831546e-06
109 1.7690230023300165e-06
110 2.004462841009792e-06
111 2.1230249215280466e-06
112 2.041360909902225e-06
113 1.8447203860710967e-06
114 1.8155105443304904e-06
115 2.015779947427092e-06
116 1.9468996953983755e-06
117 1.970839731380002e-06
118 1.8790308898739034e-06
119 1.8608043962164774e-06
120 1.9179046773819456e-06
121 1.856392486762184e-06
122 1.8056686057413002e-06
123 1.9038730185343823e-06
124 1.7926466715219362e-06
125 2.117724551236953e-06
126 1.633295543839524e-06
127 1.731263580908889e-06
128 2.048461840257816e-06
129 1.9484144141097702e-06
130 1.7762260072086192e-06
131 1.8793466628220514e-06
132 1.51572381130389e-06
133 1.6959657889968804e-06
134 2.0484583850159662e-06
135 1.665980904985743e-06
136 2.05349387638533e-06
137 1.7035322130319979e-06
138 1.96353173605273e-06
139 1.8528589931717125e-06
140 1.8481464341087548e-06
141 1.9321923834082397e-06
142 1.7859581272111767e-06
143 1.8943631869671694e-06
144 1.912390322647596e-06
145 1.6519293177704275e-06
146 1.977186557158231e-06
147 1.8934034311380859e-06
148 1.7249528333636902e-06
149 2.0551531935528785e-06
150 2.1352563045818426e-06
151 1.9694062792852737e-06
152 1.6491932270767502e-06
153 1.8777556253470234e-06
154 1.960539880328118e-06
155 1.9044109827517368e-06
156 1.825970125334361e-06
157 1.8874976652045867e-06
158 1.6057455309163083e-06
159 1.808635727846422e-06
160 1.6686787937666979e-06
161 1.885435798789964e-06
162 1.7563647406824183e-06
163 2.0856639262840097e-06
164 1.8272482628173834e-06
165 2.0442608838439774e-06
166 2.054962792205453e-06
167 1.9540054096589877e-06
168 1.8634387235513763e-06
169 1.974318054440657e-06
170 1.7886538735038486e-06
171 1.7585966833507544e-06
172 1.9475764470364516e-06
173 1.7720349618010994e-06
174 1.833129667390703e-06
175 2.0196399157746597e-06
176 1.9019895885814152e-06
177 2.033014009699385e-06
178 1.984905476790479e-06
179 1.713999118077367e-06
180 1.925542563422038e-06
181 1.7854260073293921e-06
182 2.0670346973258644e-06
183 1.8560240605863839e-06
184 1.8757013417336726e-06
185 1.7767768144016152e-06
186 1.741813324273163e-06
187 1.907813658134806e-06
188 1.7990682417542298e-06
189 1.7998772031378444e-06
190 1.827745239620992e-06
191 1.7864361380504183e-06
192 1.8292243460409799e-06
193 1.9044894714338771e-06
194 1.9182747465918655e-06
195 1.7208249445738838e-06
196 2.007067212784379e-06
197 2.014961213707416e-06
198 1.7484642037539139e-06
199 1.7496276494208707e-06
200 1.8633868473394875e-06
201 1.751321436315854e-06
202 1.9339122475611427e-06
203 1.7370009355696893e-06
204 1.915582788938541e-06
205 1.9416883853764334e-06
206 1.8615208504061823e-06
207 2.0760632429436546e-06
208 1.8550744079477789e-06
209 2.303937004894864e-06
210 2.042323432124006e-06
211 1.894037491933367e-06
212 1.6487569246844827e-06
213 1.871819746436564e-06
214 2.042577935113271e-06
215 1.962296927719133e-06
216 1.8175868991013445e-06
217 2.0216835397857228e-06
218 1.777085124237334e-06
219 1.9105661564034596e-06
220 2.0353124926682593e-06
221 2.0069151731659864e-06
222 1.784744361389806e-06
223 1.9760173844849714e-06
224 1.7322523585282454e-06
225 1.991951188261585e-06
226 1.8400072473109988e-06
227 1.722483504050161e-06
228 2.0161753288965756e-06
229 1.8666754707890658e-06
230 1.8782200712593654e-06
231 1.954094420045577e-06
232 1.7676792072998392e-06
233 1.843707945313386e-06
234 1.9131044032341783e-06
235 2.039529969106745e-06
236 1.886367442407349e-06
237 2.0356440396754514e-06
238 1.7050011027924825e-06
239 1.9025331437287883e-06
240 2.04210261763276e-06
241 1.8005396964954484e-06
242 2.022718352936963e-06
243 1.8020132188605854e-06
244 1.6833865916013305e-06
245 2.0148647727321703e-06
246 1.8249622831749851e-06
247 1.7226750412787761e-06
248 1.7650614229921988e-06
249 1.9902420962831007e-06
250 1.8966707378482817e-06
251 1.8060599500979095e-06
252 2.0928770863544244e-06
253 1.803965427672588e-06
254 1.8882989621780491e-06
255 1.7596837154122255e-06
256 1.988932607231334e-06
257 1.7111888043188495e-06
258 1.8968578348434978e-06
259 1.934798326277526e-06
260 1.7234587660581234e-06
261 1.8242205589788146e-06
262 1.6880958904710025e-06
263 2.0021684820826025e-06
264 2.0196313281186145e-06
265 1.99238712326866e-06
266 1.9310928676887344e-06
267 1.888884907909622e-06
268 1.769932854852396e-06
269 2.0667210262079926e-06
270 1.9894584928245798e-06
271 1.910535329719597e-06
272 1.7990310927382339e-06
273 1.997476680803539e-06
274 1.7768637013176147e-06
275 1.966537027222244e-06
276 1.8019828447964008e-06
277 2.02487872234729e-06
278 1.7697051367086421e-06
279 1.7260892179914432e-06
280 1.759861692905288e-06
281 2.248488303031094e-06
282 1.6978860389461198e-06
283 1.8857109741450252e-06
284 1.8306610472308823e-06
285 1.8922974991392164e-06
286 2.0843625981050172e-06
287 2.0605405972660046e-06
288 1.9494521013089086e-06
289 1.8122277219204716e-06
290 1.8445680229587919e-06
291 1.8679373565429997e-06
292 1.9657935066349882e-06
293 1.7756541018044687e-06
294 1.5594677374270327e-06
295 2.0639203445322314e-06
296 1.927508788446861e-06
297 2.0591911527368558e-06
298 1.816795718354436e-06
299 1.856981611499828e-06
300 1.5993415035530898e-06
301 1.9131020203600014e-06
302 1.9724637395009027e-06
303 2.036554924156009e-06
304 2.14616900799862e-06
305 1.632087429952325e-06
306 1.6720141705709472e-06
307 1.9351427794262157e-06
308 1.8572552521867298e-06
309 1.7147057559690411e-06
310 1.7158362730350114e-06
311 1.816972028398212e-06
312 1.9899359141423624e-06
313 1.8196250199039058e-06
314 1.681374950271852e-06
315 2.083215670278999e-06
316 1.95150003758741e-06
317 1.838524954196176e-06
318 2.0230984366772587e-06
319 1.9177187923524973e-06
320 1.8951143567723793e-06
321 1.6365019485166244e-06
322 2.0161708888134736e-06
323 2.1583688562736425e-06
324 2.0255238167930646e-06
325 1.8698915646408712e-06
326 1.8864103179796807e-06
327 1.9207282802707445e-06
328 1.9864954441684697e-06
329 1.907597562267776e-06
330 1.849892387213272e-06
331 1.867633714900185e-06
332 2.07542966499105e-06
333 1.759035955213662e-06
334 1.9450756294545787e-06
335 2.0598427330064866e-06
336 1.8097359788734192e-06
337 1.949227723872236e-06
338 1.9672997687474297e-06
339 1.67503737598764e-06
340 1.7869722260854644e-06
341 1.7631240557710113e-06
342 1.8999578323093897e-06
343 1.8402203150930841e-06
344 1.981614435534068e-06
345 1.7778738366964905e-06
346 1.9648764536053067e-06
347 1.7170242842959743e-06
348 1.9518010989448026e-06
349 1.9228716257752127e-06
350 1.7896983138807602e-06
351 1.668372203199676e-06
352 1.7692166982223414e-06
353 1.8040611784559883e-06
354 1.930264357078548e-06
355 1.990980188049956e-06
356 2.046643865695472e-06
357 1.9031540439939014e-06
358 1.9883187872872498e-06
359 1.91985057690792e-06
360 1.991779648221569e-06
361 1.8834494609961399e-06
362 1.948760496444693e-06
363 2.0032664199660527e-06
364 1.7679955743476597e-06
365 1.8826793012002284e-06
366 1.9500235635989133e-06
367 1.9093901515071604e-06
368 1.8722637859833234e-06
369 1.745611411582117e-06
370 2.1051957634410655e-06
371 1.9056357013033223e-06
372 1.9399078661839864e-06
373 1.7957404600580114e-06
374 1.978591574245942e-06
375 1.8994594546654554e-06
376 1.9956698151991236e-06
377 1.9880064440823383e-06
378 2.0348963880151257e-06
379 1.8505733022649547e-06
380 1.901710228158848e-06
381 1.9036955462573015e-06
382 1.86729350303259e-06
383 2.0353232879269942e-06
384 2.012389756296821e-06
385 1.7782720885914742e-06
386 1.8043350904225179e-06
387 1.6691211825976508e-06
388 2.1671582096587643e-06
389 1.9641772637056877e-06
390 1.8381972685151223e-06
391 1.7899065686339621e-06
392 1.9037243729690088e-06
393 1.978372993742897e-06
394 1.929944777869359e-06
395 2.01554482870266e-06
396 2.0560716797651494e-06
397 1.8392052823334178e-06
398 1.8293732199094004e-06
399 1.7411525874705067e-06
400 2.12279588751005e-06
401 1.8467046569981248e-06
402 1.9014982967509306e-06
403 2.2286229024432125e-06
404 1.9055435824200442e-06
405 1.7484918182222105e-06
406 2.073897666567013e-06
407 1.8552412886712104e-06
408 1.9559341939570088e-06
409 1.6000931919849908e-06
410 1.995569281399434e-06
411 2.04155576402324e-06
412 1.8787264555782199e-06
413 1.9763691044849784e-06
414 1.8028447744570386e-06
415 1.7883088222030043e-06
416 1.8311656606563843e-06
417 1.8413066085170531e-06
418 2.0874396603993536e-06
419 1.9611704247010187e-06
420 2.07470792391796e-06
421 1.8671475782123788e-06
422 1.7868335551122705e-06
423 1.8058443465490494e-06
424 1.911806029892015e-06
425 1.884347324550166e-06
426 1.9270009309299106e-06
427 1.8074902114229378e-06
428 2.033055589631232e-06
429 1.830398296518489e-06
430 1.7031500852832636e-06
431 1.8928184397227882e-06
432 2.0825779888215914e-06
433 1.939997290590853e-06
434 1.9231868522379004e-06
435 1.95910406164615e-06
436 1.8268556645653821e-06
437 1.9590967534440003e-06
438 1.8619638489183767e-06
439 2.03152839234077e-06
440 1.8157842597749318e-06
441 1.7219648471503728e-06
442 2.1508633720356607e-06
443 1.969815537217462e-06
444 1.7178381375382999e-06
445 1.8953394402615574e-06
446 1.906260619075479e-06
447 1.8649621287172798e-06
448 1.9017377841105998e-06
449 2.075665695007291e-06
450 1.9383665513972147e-06
451 1.8341074401771299e-06
452 2.0373458469119915e-06
453 1.8159274089940873e-06
454 1.9760980253502896e-06
455 1.8440874787593379e-06
456 1.8842295600562413e-06
457 1.9600909005006398e-06
458 1.8156066504273607e-06
459 1.8714054900729353e-06
460 1.8336408919728858e-06
461 1.883452039763801e-06
462 2.056081617331021e-06
463 1.8675782776771766e-06
464 2.020929821508116e-06
465 2.0431252290783593e-06
466 1.8801903904485856e-06
467 1.9643299566604958e-06
468 1.958152553120187e-06
469 1.8926193815658728e-06
470 1.817840128903818e-06
471 1.920219393293034e-06
472 2.01914532391205e-06
473 1.8367784792178167e-06
474 2.000078576460895e-06
475 1.8022207378248708e-06
476 1.7645569173576301e-06
477 1.892347981727276e-06
478 1.8321365595074119e-06
479 1.975748968565307e-06
480 1.7938060730472231e-06
481 1.6270382831366858e-06
482 1.7621909177871412e-06
483 1.975965332034342e-06
484 1.8110172179722388e-06
485 2.0221906041738553e-06
486 1.8879570938637899e-06
487 1.7643500585327034e-06
488 1.6618365788853534e-06
489 1.760378917095564e-06
490 1.9502754254824826e-06
491 1.8423877111029297e-06
492 1.8439941513300319e-06
493 2.033221127616156e-06
494 1.8836854204329822e-06
495 1.844999085094793e-06
496 2.1112251323806624e-06
497 1.941398110861805e-06
498 1.8661881729617023e-06
499 1.8383217097450653e-06
500 1.7575033314965172e-06
501 1.6933246400077103e-06
502 1.961465747214428e-06
503 1.8280231826311346e-06
504 1.9354563286242475e-06
505 1.9889501018288845e-06
506 1.8507173229206739e-06
507 1.6230514620376304e-06
508 1.9245170397335577e-06
509 1.9932417071493815e-06
510 2.109197506749233e-06
511 1.606473275176718e-06
512 1.8752099874341086e-06
513 1.921241616970076e-06
514 1.7965599322138784e-06
515 2.002410506628893e-06
516 1.9420903961244722e-06
517 1.8346700167257398e-06
518 2.0005737637130766e-06
519 1.7629241503145608e-06
520 1.8940354192714218e-06
521 1.9120282349401454e-06
522 1.939864817107029e-06
523 1.775338847907906e-06
524 1.6392830485234446e-06
525 1.955244757061906e-06
526 1.7797287376952021e-06
527 1.9292324155663843e-06
528 1.8241240456895972e-06
529 2.1271273434512273e-06
530 1.7034870887789159e-06
531 1.8038483589889077e-06
532 1.9611553771007382e-06
533 1.9500145611673375e-06
534 1.90175094146153e-06
535 1.8810729429586274e-06
536 1.8166424586617904e-06
537 1.843632544969817e-06
538 2.0967049426560513e-06
539 1.9460893507096027e-06
540 1.7507069743123933e-06
541 2.0421270644223635e-06
542 1.963162010535486e-06
543 1.6791411044389312e-06
544 1.770673599580961e-06
545 1.9750230588153054e-06
546 1.9238798061738426e-06
547 1.920165928871626e-06
548 2.021458866313546e-06
549 1.9255024209422313e-06
550 1.8986128361455515e-06
551 1.800621462866395e-06
552 1.7370329761863682e-06
553 1.990967510373124e-06
554 2.1621891031267777e-06
555 1.967251556128024e-06
556 1.9609421754966056e-06
557 1.864932809271415e-06
558 1.7305404460359826e-06
559 2.034896080305785e-06
560 1.9192528744539503e-06
561 2.006696208196275e-06
562 1.8424088332143077e-06
563 1.720739505859053e-06
564 1.7234754857424326e-06
565 1.6288585949241273e-06
566 1.8641843187344038e-06
567 2.042894143131938e-06
568 1.7222635224432547e-06
569 1.8904867939449652e-06
570 2.0542733263327243e-06
571 1.8370009008593251e-06
572 1.8901564431387143e-06
573 1.7773005786198793e-06
574 1.843568555003308e-06
575 1.9588161136037643e-06
576 1.8120079673813744e-06
577 2.009177880917644e-06
578 1.6152497008360582e-06
579 1.970669565108384e-06
580 1.923730751520194e-06
581 2.0070248449923723e-06
582 1.748660450000848e-06
583 1.9827422929316674e-06
584 1.843642346877924e-06
585 1.8889775602676221e-06
586 1.9733653597297234e-06
587 1.7718515395868992e-06
588 1.8390662644847382e-06
589 1.8585158503009324e-06
590 1.9796695962371655e-06
591 2.0702002778446385e-06
592 1.741944437864936e-06
593 1.9871858286816464e-06
594 1.8560833716441605e-06
595 2.082780896286039e-06
596 2.0126612964483274e-06
597 1.7862719534523043e-06
598 1.863354503007404e-06
599 2.018435138911045e-06
600 1.8116395515733131e-06
601 1.9195132359978805e-06
602 1.80242752220132e-06
603 1.9222571350933268e-06
604 1.8690382445570178e-06
605 1.904336580682803e-06
606 2.032862341369352e-06
607 1.8827438750972961e-06
608 1.989718217247311e-06
609 1.8638616553741228e-06
610 1.8293697668299354e-06
611 1.8436092035420006e-06
612 1.8075009153121048e-06
613 1.882247656434218e-06
614 1.9340610060164054e-06
615 2.0502338323883525e-06
616 1.811292849194783e-06
617 2.015438276094732e-06
618 1.9236484478452103e-06
619 1.9783299182077976e-06
620 1.946924336521306e-06
621 1.8109211990824576e-06
622 1.8363906454641679e-06
623 2.075632548206334e-06
624 1.7618090200402992e-06
625 2.0052560858480506e-06
626 1.8443497257235706e-06
627 1.8854848885312652e-06
628 1.8687687878003663e-06
629 1.7479027243369298e-06
630 1.7830320216861815e-06
631 1.8431562950624483e-06
632 1.876327232691408e-06
633 1.999591296587718e-06
634 1.9101362171022417e-06
635 1.822825349297671e-06
636 1.9499472644698264e-06
637 2.007353309148429e-06
638 2.17881307681699e-06
639 1.9067097857464854e-06
640 1.973016359252326e-06
641 1.8114999008033745e-06
642 1.9947761609761782e-06
643 2.109216061769856e-06
644 1.994911605576175e-06
645 1.966463640509352e-06
646 1.7636102249371913e-06
647 1.9610570258475793e-06
648 2.108500835609795e-06
649 1.8962454387389183e-06
650 1.8731465638852724e-06
651 1.8185898471059966e-06
652 1.9382552336070277e-06
653 1.7937218248192967e-06
654 1.8922802813246978e-06
655 1.740061806772505e-06
656 2.013982522133706e-06
657 2.0095256144110574e-06
658 1.8881855323736845e-06
659 2.045178376104324e-06
660 1.952569919633358e-06
661 1.9288581581251177e-06
662 2.0764052117920598e-06
663 1.9687850120152156e-06
664 1.9489081600622277e-06
665 2.1447839066316033e-06
666 2.130946588502194e-06
667 1.6142380339131262e-06
668 1.8377304624273107e-06
669 1.9520716096833173e-06
670 1.828439755981789e-06
671 1.8434928568164944e-06
672 2.027594216741475e-06
673 1.6569522470048104e-06
674 1.9467459646744964e-06
675 1.8701376118423855e-06
676 1.7243833144162078e-06
677 1.960406133919506e-06
678 1.9118925474126707e-06
679 1.9975606378940115e-06
680 1.8485001162705645e-06
681 1.6926642304909799e-06
682 2.0224234122583935e-06
683 2.0233668015474714e-06
684 1.8059638293740912e-06
685 1.9118541153437107e-06
686 1.928486974973565e-06
687 1.8572233188204978e-06
688 1.653026490579072e-06
689 2.1915117907309868e-06
690 1.6615503186271846e-06
691 1.9405053760949896e-06
692 2.074777307666812e-06
693 1.965514758889532e-06
694 2.002580461472567e-06
695 2.071984442270473e-06
696 1.9188585353390148e-06
697 1.681061854649653e-06
698 1.9798858674890984e-06
699 2.1703743546738917e-06
700 2.0871496207083104e-06
701 1.8747240700663937e-06
702 1.9358504561446027e-06
703 2.023118318993756e-06
704 1.7116140364900523e-06
705 2.026489226687307e-06
706 2.1245386603122276e-06
707 1.8472269139484005e-06
708 1.882936685303023e-06
709 2.109555943051879e-06
710 1.88514133230508e-06
711 1.9007291220076958e-06
712 1.9637955040123963e-06
713 1.7863267943164146e-06
714 1.8653398367325038e-06
715 1.6871133021926048e-06
716 1.923421600112474e-06
717 1.832279948718246e-06
718 1.851625381370139e-06
719 2.0156501958883892e-06
720 1.8497180402380352e-06
721 2.085325703102848e-06
722 1.6873117050848578e-06
723 1.8123716309537837e-06
724 1.9372889426531657e-06
725 1.6690814352230644e-06
726 1.6598658879848336e-06
727 1.9838895919577717e-06
728 1.726036660363061e-06
729 1.8211206214324304e-06
730 1.9677137825068984e-06
731 1.8308744110638935e-06
732 1.6957520440195671e-06
733 2.060797766118218e-06
734 1.8274740001070946e-06
735 1.9879801304002955e-06
736 1.9060924373476008e-06
737 1.9111312736536236e-06
738 1.8609298977226008e-06
739 1.7152232655410674e-06
740 1.8407985904580405e-06
741 1.908357904024145e-06
742 1.9740727710374015e-06
743 2.0360412663187894e-06
744 1.7394156449352233e-06
745 1.9343602987970544e-06
746 1.959967731286216e-06
747 1.686652851608343e-06
748 1.9448073683499614e-06
749 2.048882596766697e-06
750 1.840731199152092e-06
751 1.9434067937257284e-06
752 2.126765018329609e-06
753 1.7773572394830376e-06
754 2.094756206774945e-06
755 1.9932875331441134e-06
756 1.6253147264341177e-06
757 1.9668109467496094e-06
758 2.045232553904562e-06
759 1.5516137998355115e-06
760 1.8711498194927792e-06
761 1.9658216740803457e-06
762 1.9549642516366655e-06
763 1.9142249241798425e-06
764 1.7598349367053334e-06
765 2.004509970237703e-06
766 1.80212348366623e-06
767 1.7229304084251648e-06
768 1.7033048359435112e-06
769 2.0796545685133275e-06
770 2.050822348725781e-06
771 1.894715088247574e-06
772 1.944530121474197e-06
773 1.837156178497266e-06
774 2.256756314663751e-06
775 1.6670443947540414e-06
776 1.7308091453860218e-06
777 1.802035958202547e-06
778 1.9398270653986826e-06
779 1.9033612493472301e-06
780 1.7622690983232388e-06
781 2.060739868089697e-06
782 1.8293516401739991e-06
783 1.926190008358481e-06
784 1.7135157843181342e-06
785 1.911861212301207e-06
786 2.1087454653189675e-06
787 1.890598111248162e-06
788 1.8203625264319239e-06
789 1.6852880823702935e-06
790 1.7484633137590803e-06
791 1.653835454938823e-06
792 1.719242456984412e-06
793 2.1122602633594207e-06
794 1.8121056793329648e-06
795 1.8804156716375405e-06
796 1.8860744479371712e-06
797 1.729668216732725e-06
798 1.9216003403356947e-06
799 1.8508487840799894e-06
800 1.7449479444009518e-06
801 1.8077360776156767e-06
802 1.6752568342332676e-06
803 1.9151683519406847e-06
804 1.944258858143515e-06
805 2.078406102705883e-06
806 1.85952979017829e-06
807 1.6178018368951506e-06
808 1.812750706920431e-06
809 1.975071340998826e-06
810 1.9177370801463805e-06
811 1.781425094817321e-06
812 2.052806745997293e-06
813 1.8770594149669656e-06
814 1.9388947779308415e-06
815 1.763123221172352e-06
816 2.0733041653652227e-06
817 2.049223924369255e-06
818 1.9864618688461886e-06
819 1.9996553540742735e-06
820 1.978235574966488e-06
821 2.098749583176759e-06
822 1.6781932827159091e-06
823 1.7199922388025701e-06
824 1.8082903511422225e-06
825 1.9080654822870048e-06
826 1.6480214212860407e-06
827 1.9048342323090627e-06
828 1.7817158045647139e-06
829 2.118566856221607e-06
830 1.8011017851294957e-06
831 1.9330087711032488e-06
832 1.713688328766584e-06
833 2.1754952926253035e-06
834 2.0542234427180665e-06
835 1.9473043204289087e-06
836 2.0031581745773553e-06
837 1.9042464768206207e-06
838 1.9199366226561554e-06
839 1.8057206093289355e-06
840 1.9167504161725255e-06
841 1.9333760822912678e-06
842 2.027795275815572e-06
843 1.893244827611459e-06
844 1.8733392547140664e-06
845 2.035738029436627e-06
846 1.7400715460832682e-06
847 1.8017681776915856e-06
848 1.738674509109415e-06
849 1.7966012376691776e-06
850 2.078199154386926e-06
851 1.9233050832444564e-06
852 1.9308290949086623e-06
853 1.962436929701757e-06
854 1.8444275722388778e-06
855 1.981987764367934e-06
856 1.7638553117703938e-06
857 1.6976422071603274e-06
858 1.8975539235218418e-06
859 1.8356730095821987e-06
860 1.8695086760939954e-06
861 1.7605336844041716e-06
862 1.7022065063575503e-06
863 1.9598659751965222e-06
864 2.040290482852753e-06
865 1.8051114303682298e-06
866 1.875337417776654e-06
867 1.669600413216628e-06
868 1.6912223014436728e-06
869 1.8835365212897154e-06
870 1.7913523544759807e-06
871 1.8998021629599651e-06
872 2.1564592677868404e-06
873 1.8046772846518768e-06
874 1.767948079147404e-06
875 2.0409707848618513e-06
876 1.8802420340654378e-06
877 1.9660506587527803e-06
878 1.9486675244054357e-06
879 1.8530949051512057e-06
880 1.95608196324275e-06
881 1.8892832937639233e-06
882 1.950196773118832e-06
883 1.9131298698401527e-06
884 1.95849812181237e-06
885 1.7457872217510967e-06
886 1.5728515225978288e-06
887 2.0159916340606795e-06
888 1.8903899341330914e-06
889 2.149731219402309e-06
890 1.8360241185082711e-06
891 1.7611770289648024e-06
892 1.9388072620640648e-06
893 1.8484465673278771e-06
894 1.7606530883840428e-06
895 1.9241224443827103e-06
896 2.0710651310345604e-06
897 1.993191057524303e-06
898 2.0123956052339865e-06
899 1.998230033164815e-06
900 1.6919031548822099e-06
901 1.628768574223251e-06
902 1.876680260067977e-06
903 1.8311519633195231e-06
904 1.98860508158503e-06
905 1.7155765108578733e-06
906 1.9649852342511883e-06
907 2.0498086941973424e-06
908 1.949210075719e-06
909 1.8009637992792044e-06
910 2.0153081693935966e-06
911 1.7342837386034033e-06
912 1.891639621972567e-06
913 1.7178971607135475e-06
914 1.7370057547541206e-06
915 1.8352276153761012e-06
916 1.9986925204288985e-06
917 1.964463280550119e-06
918 1.8727402149725216e-06
919 1.8859044764765144e-06
920 1.9441089289806117e-06
921 1.8895375480616775e-06
922 1.9934062708633543e-06
923 1.8242043342249062e-06
924 1.798444295804148e-06
925 1.865776881125582e-06
926 1.935428648258127e-06
927 1.7292327375135245e-06
928 1.7785227205591396e-06
929 1.881037688058674e-06
930 2.1082201769159983e-06
931 1.8467168785309896e-06
932 1.9609331118200648e-06
933 1.6986403787834746e-06
934 1.8638229828753037e-06
935 1.7398955773706047e-06
936 1.7485282585956737e-06
937 1.7455261859554765e-06
938 1.758432441804549e-06
939 1.9509229114440194e-06
940 1.6178356919675386e-06
941 1.7651727662186623e-06
942 1.8466865093356174e-06
943 1.9972246343872867e-06
944 1.951581862080677e-06
945 1.9867012357232707e-06
946 1.8647974721009295e-06
947 1.970439964933355e-06
948 1.9282791672971855e-06
949 2.0875347819346384e-06
950 1.7321469874220456e-06
951 1.8814968135474447e-06
952 1.9256530687497635e-06
953 1.965970928719902e-06
954 1.8780818747273897e-06
955 1.857324816140941e-06
956 1.7527065060505802e-06
957 1.9513763748627227e-06
958 2.0254399720867627e-06
959 2.130218488498009e-06
960 1.7578325717030664e-06
961 1.9472306055480444e-06
962 2.2083849343364683e-06
963 1.9010768351122239e-06
964 2.0504570553989392e-06
965 2.0375858175559766e-06
966 1.8250877996234834e-06
967 1.8458884125745182e-06
968 2.1901790977049636e-06
969 1.5178015766261554e-06
970 1.7751302108475097e-06
971 2.0151265206850875e-06
972 2.1043827741638413e-06
973 1.7154711073370236e-06
974 1.9441562536615924e-06
975 1.9016862302561262e-06
976 1.992540477178896e-06
977 2.0345404719588965e-06
978 1.914811798235444e-06
979 1.8703316618064635e-06
980 2.0131082512399935e-06
981 1.938044549081732e-06
982 1.7378698503737317e-06
983 2.0149902721989575e-06
984 1.6982806327778407e-06
985 1.659676211769665e-06
986 1.7411287750584343e-06
987 1.949289131079405e-06
988 1.7296805026144349e-06
989 1.9030079593886674e-06
990 1.946723390576948e-06
991 1.816043046011963e-06
992 1.726956201229458e-06
993 2.0323399613757227e-06
994 1.972260032703514e-06
995 2.1087233449285567e-06
996 1.8264087561193702e-06
997 1.7371355846836678e-06
998 1.7928067511648149e-06
999 1.8062487843786408e-06
