0 5.817334858884217e-07
1 5.913052831255062e-07
2 5.932906525020212e-07
3 6.043670093244209e-07
4 5.837261098844098e-07
5 6.114649882819544e-07
6 5.922919915590539e-07
7 6.039744657791008e-07
8 5.748068782366702e-07
9 6.074518849578478e-07
10 5.927309926012186e-07
11 5.916418852439026e-07
12 6.02042212021525e-07
13 5.945654150287734e-07
14 5.930949794797445e-07
15 5.98289315695211e-07
16 5.96708985440013e-07
17 5.871290836405589e-07
18 5.761520726548706e-07
19 5.935829556618935e-07
20 5.888415440203327e-07
21 5.639632931912549e-07
22 5.906034181002439e-07
23 5.906975712405365e-07
24 5.884234034129895e-07
25 5.806529836717341e-07
26 5.881085520728182e-07
27 5.998874147325112e-07
28 5.818589104268963e-07
29 6.143352391854962e-07
30 5.650180211485138e-07
31 6.074797096989446e-07
32 5.675849317398093e-07
33 5.755524052545019e-07
34 5.885121506823598e-07
35 5.703657408508866e-07
36 5.857541389711597e-07
37 6.06364430914814e-07
38 5.592971790578372e-07
39 5.879652925602049e-07
40 6.051008172338448e-07
41 5.828206424245558e-07
42 5.946439991381717e-07
43 5.94981204865431e-07
44 5.776672188443902e-07
45 5.835943859968396e-07
46 5.818206237837971e-07
47 6.103216435596058e-07
48 6.050996735564171e-07
49 5.963891851967133e-07
50 5.800464909597106e-07
51 5.800957186129208e-07
52 5.705745391555328e-07
53 5.75636184800582e-07
54 5.927860106997207e-07
55 5.833004916312261e-07
56 5.947442910182011e-07
57 5.829298644711707e-07
58 5.746672050003848e-07
59 6.013266034126816e-07
60 5.786076028575021e-07
61 5.991557007594756e-07
62 5.989040777122858e-07
63 5.769791465475218e-07
64 5.766931950236116e-07
65 5.932308398872887e-07
66 5.730385963886451e-07
67 5.805541052193478e-07
68 6.005819225834915e-07
69 5.956376225552806e-07
70 6.12303436131352e-07
71 6.12120307415569e-07
72 5.982140683052141e-07
73 5.740472709160245e-07
74 6.125613856699036e-07
75 5.909155344488559e-07
76 5.996150662539122e-07
77 5.848918824790564e-07
78 5.929092100829694e-07
79 5.911486277862606e-07
80 5.982674594764129e-07
81 5.8341031826748e-07
82 5.885072031017581e-07
83 5.832236298009663e-07
84 6.00441547013852e-07
85 5.79437521722388e-07
86 5.775778713575495e-07
87 5.863417643396741e-07
88 5.862988256306801e-07
89 5.850107218049846e-07
90 5.859165964014718e-07
91 5.724785500881967e-07
92 5.680076775851566e-07
93 5.953326693326461e-07
94 5.7966999513929e-07
95 6.014607081770157e-07
96 5.653863980244798e-07
97 5.710117345142893e-07
98 6.066995498273699e-07
99 5.797390353015831e-07
100 5.91965581456775e-07
101 5.801008921839567e-07
102 6.039147014083291e-07
103 5.861384209027335e-07
104 6.041135889358375e-07
105 5.879570402611112e-07
106 5.858340338718763e-07
107 5.919894506832302e-07
108 5.792933839294283e-07
109 5.824194127643292e-07
110 5.760087346032079e-07
111 5.812347822270901e-07
112 5.854477591603556e-07
113 6.144902448361982e-07
114 5.862306049949777e-07
115 6.044201756837013e-07
116 6.088460293223767e-07
117 5.860636300300158e-07
118 5.982505693662635e-07
119 5.755702210207163e-07
120 5.841878087062034e-07
121 5.602710326984655e-07
122 5.993647799213769e-07
123 5.837095675807034e-07
124 5.724174788184164e-07
125 6.036405043368977e-07
126 5.840768465776461e-07
127 5.554265159407922e-07
128 5.769301585470168e-07
129 5.843123797100517e-07
130 5.707073407692843e-07
131 5.773880635265842e-07
132 5.760189352298742e-07
133 5.851125259309425e-07
134 6.037184357598224e-07
135 5.570702247665809e-07
136 5.893985638681894e-07
137 5.860108551099379e-07
138 5.938232110449342e-07
139 5.740962206041736e-07
140 5.796371446770597e-07
141 5.85968194254722e-07
142 6.084217632335272e-07
143 5.864262842739196e-07
144 5.928175452994495e-07
145 5.454686666300484e-07
146 6.158728861826017e-07
147 5.841571945730811e-07
148 5.858493117309513e-07
149 5.951976796532456e-07
150 6.011139646758584e-07
151 5.895067908945756e-07
152 5.702331664606287e-07
153 5.821603006094959e-07
154 6.060530254672777e-07
155 6.068568846471132e-07
156 5.791555492753837e-07
157 5.69964789741022e-07
158 5.802338552976025e-07
159 5.815143413313582e-07
160 5.821639398633062e-07
161 5.806021583117597e-07
162 5.952969278428806e-07
163 5.66135916071301e-07
164 5.967428687566813e-07
165 5.934785109256425e-07
166 6.082618767579421e-07
167 5.681803953937932e-07
168 5.888939654652228e-07
169 5.703500769465301e-07
170 5.885925080709711e-07
171 5.406279334261602e-07
172 5.987904235717037e-07
173 5.691955903332494e-07
174 5.701600977027696e-07
175 5.997389696460468e-07
176 5.979444815777773e-07
177 6.063791645884854e-07
178 6.133103606659604e-07
179 5.593609615777318e-07
180 6.045034618703006e-07
181 5.917137278646589e-07
182 6.192964505116807e-07
183 5.693470087178264e-07
184 5.777221346290534e-07
185 5.970870940755127e-07
186 5.830629854827289e-07
187 5.871728350810516e-07
188 5.817821794261716e-07
189 5.704937461778337e-07
190 5.791904430482081e-07
191 5.869868749555388e-07
192 5.772454595991188e-07
193 5.923682960645837e-07
194 5.657499695893721e-07
195 5.795757818527283e-07
196 5.824575233006993e-07
197 5.995982500822054e-07
198 5.894075476454645e-07
199 5.622901196000049e-07
200 5.945921734705694e-07
201 5.982357840102419e-07
202 5.839423659011493e-07
203 5.776416337691543e-07
204 5.866400684617005e-07
205 6.112856167207363e-07
206 5.977423810913336e-07
207 5.776613074599455e-07
208 5.844543054899654e-07
209 6.156199977776847e-07
210 5.918799792531685e-07
211 5.920944048703951e-07
212 5.936350579226113e-07
213 5.885260165690934e-07
214 5.920414218084453e-07
215 6.088432241495139e-07
216 5.80403163350652e-07
217 6.053409289767428e-07
218 5.98310302159554e-07
219 6.01797400818305e-07
220 5.928058736044056e-07
221 5.882571609621078e-07
222 5.731897424780358e-07
223 5.752247101252034e-07
224 5.776379624874512e-07
225 6.061909340692237e-07
226 6.078309636882507e-07
227 5.529497335562389e-07
228 6.026564962511977e-07
229 5.87989894440021e-07
230 5.892849979882234e-07
231 5.749605743859857e-07
232 5.704377635655401e-07
233 5.932894044324021e-07
234 5.805070622464531e-07
235 5.817552180685804e-07
236 5.940961530152159e-07
237 5.842291768608681e-07
238 5.709123498223122e-07
239 5.753748395819239e-07
240 5.991690105250365e-07
241 5.914691492286202e-07
242 6.021734829890147e-07
243 5.883252438617088e-07
244 5.70225827650987e-07
245 5.883953916576262e-07
246 6.002237232109448e-07
247 5.857713744666081e-07
248 5.824011589994086e-07
249 5.777950831160992e-07
250 5.916031909076495e-07
251 6.046772886302297e-07
252 5.902514129341695e-07
253 5.642411075963196e-07
254 5.688066467976753e-07
255 5.947041685332035e-07
256 5.864717148735871e-07
257 5.832103202246408e-07
258 5.887368025004819e-07
259 5.79820449228456e-07
260 5.906043674874375e-07
261 5.967126308872291e-07
262 5.763162556103187e-07
263 5.843538069800355e-07
264 5.943015373626614e-07
265 5.952171870849079e-07
266 5.941092498177586e-07
267 5.8441590357127e-07
268 6.043335965506013e-07
269 5.84415395428322e-07
270 5.994095070915248e-07
271 5.947798672758301e-07
272 5.804279682962956e-07
273 6.16603934435844e-07
274 5.87430179064844e-07
275 6.127547386805768e-07
276 5.865190734060318e-07
277 5.933542820002537e-07
278 5.679602288381399e-07
279 5.932071635512658e-07
280 5.82602110313909e-07
281 6.145803949714184e-07
282 5.643538319907315e-07
283 5.878514291283748e-07
284 5.859322619160533e-07
285 5.889072247753621e-07
286 6.038345470302867e-07
287 6.066608194831352e-07
288 5.739564986586127e-07
289 5.740443049890416e-07
290 5.726044969311603e-07
291 5.638810651500674e-07
292 5.914909273195647e-07
293 5.581475619543965e-07
294 5.778205261089411e-07
295 5.823005840554349e-07
296 5.669525671897891e-07
297 5.869783808795666e-07
298 5.790339402401803e-07
299 5.858922485412653e-07
300 5.800712791497312e-07
301 5.859048664808359e-07
302 5.665303971928572e-07
303 5.751312517907872e-07
304 6.082006634558622e-07
305 5.799083133467745e-07
306 5.868240881097711e-07
307 5.8515924434348e-07
308 5.922433914383774e-07
309 5.777381335780765e-07
310 5.768278470500089e-07
311 5.741204298658221e-07
312 5.967443827802171e-07
313 5.930957770424301e-07
314 5.779270345580742e-07
315 5.871349418916415e-07
316 5.933280287769953e-07
317 6.036347838585668e-07
318 6.018192061673515e-07
319 5.819293597206646e-07
320 5.905129018297217e-07
321 5.489913005847897e-07
322 6.113489413772423e-07
323 6.186204533608842e-07
324 5.984925963716682e-07
325 5.895775712795794e-07
326 5.944621566575268e-07
327 5.847141079456676e-07
328 5.809495069249452e-07
329 6.162013491065715e-07
330 5.884910778133794e-07
331 5.738649928233911e-07
332 5.975977917267504e-07
333 5.903615521464058e-07
334 5.915126462490828e-07
335 6.007059563355929e-07
336 5.782075636045988e-07
337 6.103828441881873e-07
338 5.940811964909092e-07
339 5.564322554930355e-07
340 5.642164901784165e-07
341 5.659893626407275e-07
342 5.879385814470466e-07
343 5.844819385847061e-07
344 5.959836830412654e-07
345 5.910056692685754e-07
346 5.887757928723954e-07
347 5.946188284313254e-07
348 5.860013814760016e-07
349 5.950609537230042e-07
350 5.856662918356188e-07
351 5.751742104224685e-07
352 6.045754838365884e-07
353 5.974323383263238e-07
354 5.646530506391264e-07
355 5.80643832359138e-07
356 5.81042540628907e-07
357 5.82943057866232e-07
358 5.953540046443122e-07
359 5.867014762816724e-07
360 5.855114674260774e-07
361 5.83798074908132e-07
362 5.935665077574873e-07
363 6.243858159086994e-07
364 5.722577952400981e-07
365 6.008272286049466e-07
366 6.021877055980109e-07
367 5.694987687303132e-07
368 5.914761107377001e-07
369 5.725689501648704e-07
370 5.818905776718404e-07
371 5.785735387216607e-07
372 5.927918561094709e-07
373 5.856551595552878e-07
374 5.781639332730771e-07
375 5.70395101947238e-07
376 6.000887545089206e-07
377 5.849409836581462e-07
378 6.043845280121812e-07
379 5.912073333790381e-07
380 5.902342066241082e-07
381 6.19387056219534e-07
382 5.945534902835816e-07
383 5.820162840805742e-07
384 5.736805372783816e-07
385 5.920824607180588e-07
386 5.919609416693392e-07
387 5.910550487685679e-07
388 5.978640138796601e-07
389 5.925149881458688e-07
390 5.721850959203136e-07
391 5.870109221680628e-07
392 5.658923423778999e-07
393 5.900539121715752e-07
394 5.966692676448117e-07
395 5.892167960751837e-07
396 5.823812387116502e-07
397 5.881158462772644e-07
398 5.610126626665601e-07
399 5.850045630475027e-07
400 5.818515622914271e-07
401 5.864377454149429e-07
402 5.790134057615002e-07
403 6.245981042300081e-07
404 5.868289563148708e-07
405 5.798025707447888e-07
406 6.060432139005371e-07
407 6.070558950380743e-07
408 5.937169660558183e-07
409 5.692604223926087e-07
410 6.127234847106508e-07
411 5.980879119415388e-07
412 5.879315180730842e-07
413 5.908549971233228e-07
414 5.90583767669199e-07
415 5.795760640045674e-07
416 6.124382656609173e-07
417 5.857922867485487e-07
418 5.995131309349799e-07
419 5.923662945824421e-07
420 5.804323970474404e-07
421 6.096698476462167e-07
422 5.904845748215017e-07
423 5.759635727388469e-07
424 6.003048691449887e-07
425 5.920264054479357e-07
426 6.245054919284324e-07
427 5.893284679866874e-07
428 5.97844300898557e-07
429 5.933215573429489e-07
430 6.108324492392285e-07
431 5.764086336712349e-07
432 6.04163937062679e-07
433 5.936050215094332e-07
434 5.927543195483722e-07
435 5.66263868104128e-07
436 5.903915395461513e-07
437 5.840532632616268e-07
438 5.961345209888253e-07
439 5.892478392476049e-07
440 5.774859037191905e-07
441 5.985763577856919e-07
442 6.18941457145945e-07
443 5.831649342719716e-07
444 5.929047132478899e-07
445 5.832866306455844e-07
446 5.857695830706297e-07
447 5.790515561987343e-07
448 5.767693551084059e-07
449 5.770985979186245e-07
450 6.062278310233926e-07
451 5.702246635460844e-07
452 5.85419575328644e-07
453 5.844546140926248e-07
454 5.860022014816056e-07
455 5.768416212404065e-07
456 5.885317032640425e-07
457 6.008340918607099e-07
458 5.90217740824621e-07
459 5.910857522505628e-07
460 5.850607578345091e-07
461 5.94099940677712e-07
462 6.213913770491881e-07
463 5.66634666016485e-07
464 6.165855745460058e-07
465 5.860950554092027e-07
466 5.727753669732626e-07
467 5.728507660489651e-07
468 5.954549817399407e-07
469 5.924625503291969e-07
470 5.749230331579718e-07
471 5.944872383788688e-07
472 5.924182760555717e-07
473 5.68690738265752e-07
474 5.67344027219017e-07
475 5.740405789356913e-07
476 5.767735391042939e-07
477 5.727177525268431e-07
478 5.737872096514687e-07
479 5.94633943767851e-07
480 5.893870266224111e-07
481 5.725898358909058e-07
482 5.840223793662699e-07
483 5.892358024545971e-07
484 5.884265363092359e-07
485 5.900701318855199e-07
486 5.820603250280731e-07
487 6.039334603726269e-07
488 5.894426188431292e-07
489 5.649182578365892e-07
490 5.800467059184662e-07
491 5.723565300224909e-07
492 5.912315164513402e-07
493 5.950950834431517e-07
494 5.734270611165154e-07
495 5.856242178304458e-07
496 5.931554212446647e-07
497 6.140699982424707e-07
498 5.988768661822841e-07
499 5.909328082020829e-07
500 5.9572294638202e-07
501 5.698229851958369e-07
502 5.970944165412242e-07
503 5.811206704426694e-07
504 5.844041763267692e-07
505 5.955553723021296e-07
506 5.803386650550947e-07
507 5.479376825596186e-07
508 5.655826113512303e-07
509 5.975114245341707e-07
510 5.926547840933582e-07
511 5.667262426140748e-07
512 5.770566304496041e-07
513 5.875747724594764e-07
514 5.688829054096661e-07
515 5.953843526057712e-07
516 5.803917084266198e-07
517 5.979557956895875e-07
518 5.930024818705079e-07
519 5.902802901719717e-07
520 5.869981434266403e-07
521 5.72593183023162e-07
522 6.067847467193105e-07
523 5.760984269787874e-07
524 5.990501335471296e-07
525 5.842632462165309e-07
526 5.841198836165502e-07
527 5.914791193006173e-07
528 5.832615323045905e-07
529 5.922988578675664e-07
530 5.77021631546841e-07
531 5.829793192224206e-07
532 5.972295593141243e-07
533 5.769457316308314e-07
534 5.904390300792605e-07
535 6.053225563182234e-07
536 5.85289414508124e-07
537 5.921427371398295e-07
538 6.15900078425078e-07
539 5.995864521491936e-07
540 5.816642695518274e-07
541 5.884228542144058e-07
542 5.89217282993215e-07
543 5.9413007527213e-07
544 5.722961646485906e-07
545 6.072973382265962e-07
546 5.88704189707658e-07
547 5.871992562711567e-07
548 5.899437324955067e-07
549 5.847460364572321e-07
550 5.897905406461852e-07
551 5.985711459200874e-07
552 5.681955872485005e-07
553 5.907640235753027e-07
554 6.000818813425716e-07
555 6.075039687553112e-07
556 5.9638883210287e-07
557 5.756572246761034e-07
558 6.115845508055521e-07
559 6.024396483407815e-07
560 6.113811578103748e-07
561 5.781331578669151e-07
562 5.649418975189514e-07
563 5.80041603385901e-07
564 5.771419632954451e-07
565 5.801130767690715e-07
566 6.04270049410081e-07
567 5.95244692757265e-07
568 5.651558234106508e-07
569 5.850042894133404e-07
570 6.141428779147442e-07
571 5.884290866970029e-07
572 5.769195696611094e-07
573 5.792706691140969e-07
574 5.762729054648992e-07
575 5.80958914344338e-07
576 5.894810636544565e-07
577 5.900160440456841e-07
578 5.860621764343233e-07
579 5.844674134469508e-07
580 5.805748360009026e-07
581 5.806512754099099e-07
582 6.160324943857139e-07
583 6.01480347072345e-07
584 5.744613403658136e-07
585 6.196000318495515e-07
586 5.89466600351111e-07
587 5.915357144122873e-07
588 5.793407114279267e-07
589 5.935853048472156e-07
590 5.715259500771777e-07
591 5.795130068922293e-07
592 5.751726786167132e-07
593 5.960617757660834e-07
594 6.010511246690637e-07
595 5.850343961130422e-07
596 5.9887026092163e-07
597 5.982995577767578e-07
598 5.716039894654383e-07
599 5.999439985030029e-07
600 5.85324400030526e-07
601 5.766402393136228e-07
602 5.732385325274714e-07
603 5.909437943316803e-07
604 5.806646012771207e-07
605 5.932150028684632e-07
606 6.078993371826968e-07
607 5.727434985204415e-07
608 5.842370140484079e-07
609 5.916874760005589e-07
610 5.920082257144271e-07
611 5.75906807465687e-07
612 5.796231299126712e-07
613 5.833573988844331e-07
614 5.912241383277781e-07
615 5.895472275786518e-07
616 5.957856748625412e-07
617 5.681802621830635e-07
618 5.910314865539459e-07
619 5.670620992602366e-07
620 5.899674427002009e-07
621 5.958663059972372e-07
622 5.730869770819431e-07
623 5.816164962653397e-07
624 5.717035206414082e-07
625 5.866636667478263e-07
626 5.779427737377128e-07
627 5.49050929052751e-07
628 5.975987643358448e-07
629 5.973649406126543e-07
630 5.809190575201567e-07
631 5.924429305969495e-07
632 5.808594565101725e-07
633 6.142393315532555e-07
634 5.850998965597166e-07
635 5.829178237260975e-07
636 6.006076832737994e-07
637 5.889055263425719e-07
638 5.83808981793131e-07
639 5.902143732145566e-07
640 5.889802816733398e-07
641 5.900619008007317e-07
642 5.84180592373068e-07
643 5.793316177789272e-07
644 5.99411024282812e-07
645 5.969175449109744e-07
646 5.813133961597662e-07
647 5.744769916684601e-07
648 5.990020771661253e-07
649 5.894448962423986e-07
650 5.777530796405499e-07
651 5.721903751915028e-07
652 5.896178245534719e-07
653 5.675813059037617e-07
654 5.675144710478898e-07
655 5.724549573324871e-07
656 5.773259608715637e-07
657 5.998680675289925e-07
658 5.993459941469364e-07
659 5.952709070458764e-07
660 5.938588576777105e-07
661 5.706288595100254e-07
662 5.809756785058458e-07
663 5.739091016909575e-07
664 5.968723698241951e-07
665 5.903515161399128e-07
666 5.892189032557292e-07
667 5.900665312909837e-07
668 5.929944335726227e-07
669 6.107980235016019e-07
670 6.152404097585914e-07
671 5.830172374287622e-07
672 6.034776674127272e-07
673 5.775266539332973e-07
674 5.780030160090885e-07
675 5.803124749529946e-07
676 5.894160946445434e-07
677 5.925818278281636e-07
678 5.763239916044456e-07
679 5.788468749374631e-07
680 5.873691635332997e-07
681 5.683811684419237e-07
682 6.025008564030497e-07
683 6.109704647868188e-07
684 5.642950050703581e-07
685 5.801527428778613e-07
686 5.83060545112174e-07
687 5.830315110725268e-07
688 5.810937874862975e-07
689 6.01296933620494e-07
690 5.975614385192289e-07
691 6.125033896226072e-07
692 6.068368129925181e-07
693 5.839419827712717e-07
694 5.998021948569084e-07
695 6.132554574682617e-07
696 5.959176599836437e-07
697 5.737887541193283e-07
698 5.776505278580361e-07
699 6.218355531290562e-07
700 6.0704467110018e-07
701 5.89958270097212e-07
702 6.11362441705416e-07
703 6.09425272876978e-07
704 6.04309652718568e-07
705 5.951942998870881e-07
706 5.953014605501828e-07
707 5.970383682936277e-07
708 5.997402585787487e-07
709 6.018879093007883e-07
710 5.9544467628194e-07
711 5.485288332848947e-07
712 5.825845527756209e-07
713 6.090979942785076e-07
714 6.017042704457077e-07
715 5.818464193455515e-07
716 5.800219416048507e-07
717 5.928274106599015e-07
718 5.900564582639986e-07
719 6.170460007130286e-07
720 5.90170555676138e-07
721 5.726351392544012e-07
722 5.784646112462084e-07
723 5.716223551750062e-07
724 5.851465179305298e-07
725 5.754943207141602e-07
726 5.82932355705994e-07
727 5.950505301205334e-07
728 5.735222790848877e-07
729 5.708237049454396e-07
730 5.885639629565558e-07
731 5.650108529522537e-07
732 5.628612378862867e-07
733 6.039730414677252e-07
734 5.924269991720033e-07
735 5.952439971748133e-07
736 5.866846716412916e-07
737 5.830329173890943e-07
738 5.682265915626573e-07
739 5.692768718572255e-07
740 5.885517508114308e-07
741 5.971325684029524e-07
742 5.915459626403879e-07
743 5.982231525166277e-07
744 5.74883953441951e-07
745 5.872763002870315e-07
746 6.030818955910399e-07
747 5.76410101195578e-07
748 5.961266673174131e-07
749 6.067173020779595e-07
750 5.839800089881783e-07
751 5.853963241019337e-07
752 6.206885071344951e-07
753 5.903231220119773e-07
754 5.959015955892754e-07
755 5.785500063397562e-07
756 5.699565033802107e-07
757 5.666863689420707e-07
758 5.751753298701359e-07
759 5.890800356549396e-07
760 5.948690487622848e-07
761 5.977248868340984e-07
762 5.836754464896885e-07
763 5.938489658707257e-07
764 5.682720870884915e-07
765 6.153923909550023e-07
766 5.793118078425455e-07
767 5.892042739069474e-07
768 5.930022950893566e-07
769 5.966602888983944e-07
770 6.090913186786112e-07
771 5.709244141166028e-07
772 5.654253625600421e-07
773 5.814379144150072e-07
774 5.978938304526244e-07
775 5.878476599360087e-07
776 5.990498519246573e-07
777 5.787716963499694e-07
778 5.819610168086219e-07
779 6.016030844132179e-07
780 5.8194666777724e-07
781 5.892453492288942e-07
782 5.814042615278259e-07
783 5.954158671511455e-07
784 5.610265901168531e-07
785 5.890561518734425e-07
786 6.000854150463602e-07
787 5.855087729812059e-07
788 5.728211999418752e-07
789 5.708786008785484e-07
790 6.032463049073028e-07
791 5.611395961139731e-07
792 5.887603224295602e-07
793 5.801470191255268e-07
794 5.818310254559381e-07
795 6.00295107045481e-07
796 5.93456662527322e-07
797 5.812391139027254e-07
798 5.836627407093069e-07
799 5.779995291102921e-07
800 5.800370646776409e-07
801 5.777777972724641e-07
802 5.916610586191078e-07
803 5.806267787742928e-07
804 5.999142234749813e-07
805 6.004962912844646e-07
806 5.738817733372441e-07
807 5.745468437625543e-07
808 5.860789828468649e-07
809 5.987341813546767e-07
810 5.588986112987559e-07
811 5.966705964189948e-07
812 6.003431441771778e-07
813 6.000645529548855e-07
814 5.971232787373113e-07
815 5.740207748637116e-07
816 5.965306899191943e-07
817 5.894874893156563e-07
818 5.937683030500095e-07
819 5.884715342406087e-07
820 5.655519682149486e-07
821 6.036959947915588e-07
822 5.977348886373154e-07
823 5.714654040383738e-07
824 5.87906005218315e-07
825 5.949593793143943e-07
826 5.831614290074459e-07
827 5.786622578707836e-07
828 5.814726774691165e-07
829 6.029764975420629e-07
830 6.007361414652886e-07
831 5.913872423477556e-07
832 5.875907875689431e-07
833 5.800062210777335e-07
834 6.135941420041168e-07
835 5.7574400667884e-07
836 5.98428935273111e-07
837 5.829025668919742e-07
838 5.839598320416531e-07
839 5.864108723230769e-07
840 5.805633161264757e-07
841 5.898519829503005e-07
842 5.790667928535545e-07
843 5.863832310465686e-07
844 5.715217033135766e-07
845 6.02977634297582e-07
846 5.78267208171138e-07
847 5.912522982401112e-07
848 5.898240362918367e-07
849 5.848596951940121e-07
850 6.065415139862196e-07
851 5.85473491929533e-07
852 5.920727109905283e-07
853 5.814301771151918e-07
854 5.547495292867296e-07
855 5.990054895560108e-07
856 5.648321989984037e-07
857 5.704427727136808e-07
858 5.958604829517696e-07
859 5.953277832064708e-07
860 6.033378114065983e-07
861 5.881348754510134e-07
862 5.776723313656177e-07
863 6.014023277107283e-07
864 6.080230494483665e-07
865 5.777789578401856e-07
866 5.910472574464923e-07
867 5.799163224915216e-07
868 6.053141502854873e-07
869 5.88250939306851e-07
870 5.962241486055382e-07
871 5.864373706713944e-07
872 5.798135923337961e-07
873 5.936283588390507e-07
874 5.955160399227106e-07
875 5.85288303980162e-07
876 5.94004191086865e-07
877 5.764265481219283e-07
878 5.947195001393786e-07
879 5.784050826465586e-07
880 5.871232651083253e-07
881 5.895878533433099e-07
882 5.933190944083886e-07
883 6.021491595376961e-07
884 5.939815633662149e-07
885 6.052047545034373e-07
886 5.9304627446315e-07
887 5.869891221901227e-07
888 5.779107105806023e-07
889 6.084641372034247e-07
890 5.794061009282561e-07
891 5.766777954188375e-07
892 5.796267370075312e-07
893 5.744592380426523e-07
894 5.954953702582596e-07
895 6.058602373663606e-07
896 6.073667681626039e-07
897 5.847247291279062e-07
898 5.976112715737131e-07
899 5.831114467500965e-07
900 5.553911910892868e-07
901 5.904826642249717e-07
902 5.756547518760683e-07
903 5.687061644029681e-07
904 5.957371774933655e-07
905 5.784591534408167e-07
906 5.845050874550658e-07
907 5.974411074811345e-07
908 5.996961510792972e-07
909 5.865611611065992e-07
910 5.778876892612328e-07
911 5.659497893845912e-07
912 6.089394122701705e-07
913 5.97148037323676e-07
914 5.845027880344509e-07
915 5.983661463833852e-07
916 5.982712691302167e-07
917 5.991047603078114e-07
918 5.69728099389589e-07
919 5.824898498822157e-07
920 6.012366021819071e-07
921 5.78090516652423e-07
922 6.141937096199314e-07
923 5.947054802782449e-07
924 5.978089201666326e-07
925 6.107712319409619e-07
926 6.04808329089948e-07
927 5.862180953429337e-07
928 5.762593242312071e-07
929 5.746004847287985e-07
930 5.889175154108411e-07
931 5.863960951706074e-07
932 5.74210381240677e-07
933 5.860911554365523e-07
934 5.897006415349563e-07
935 5.812625765205152e-07
936 5.983540270493886e-07
937 5.685642290566068e-07
938 5.559165798422433e-07
939 5.775348630657142e-07
940 5.865503688267666e-07
941 5.940859181643852e-07
942 5.887943182362725e-07
943 5.972799121809394e-07
944 5.726741177824261e-07
945 5.880257250650636e-07
946 5.755025936113202e-07
947 5.785672198667493e-07
948 5.857544288814728e-07
949 5.952261904136518e-07
950 5.726145930903992e-07
951 5.641661577473034e-07
952 5.724806597461928e-07
953 5.742550046110792e-07
954 6.07990844956648e-07
955 5.739680448390387e-07
956 5.895116075842363e-07
957 6.048867108846963e-07
958 6.085103457153027e-07
959 6.078743805673892e-07
960 5.895837192790418e-07
961 5.840418607838871e-07
962 5.971389163602916e-07
963 5.896293956485922e-07
964 5.902726283213485e-07
965 6.073421160309948e-07
966 5.734683336203638e-07
967 5.982800839051178e-07
968 6.100218919700634e-07
969 5.722495598891587e-07
970 5.639845882587496e-07
971 6.008018205611584e-07
972 5.960564164988105e-07
973 5.783186750288753e-07
974 5.900659727988729e-07
975 5.960575879359189e-07
976 5.884585544117651e-07
977 5.969841017014247e-07
978 5.718465445532701e-07
979 5.963642341313661e-07
980 5.968965429454377e-07
981 5.782313331299994e-07
982 5.705352140803454e-07
983 5.706608225061548e-07
984 5.844777633141273e-07
985 5.672697880727153e-07
986 5.851050413266867e-07
987 6.0849468366447e-07
988 5.848562812859152e-07
989 5.927564460409796e-07
990 5.913161436583057e-07
991 5.735495001699038e-07
992 5.730146315293574e-07
993 5.832080378890308e-07
994 5.912546430593019e-07
995 6.0451660540353e-07
996 5.74386304735643e-07
997 5.807648261294207e-07
998 5.391846858387002e-07
999 5.986588707590857e-07
