0 9.802181033019504e-07
1 1.4902906173016878e-06
2 8.23087297449025e-07
3 1.5637982104285868e-06
4 1.6158455751660044e-06
5 8.122522796424674e-07
6 1.2166155275061033e-06
7 1.4370127394712981e-06
8 1.2662321608817412e-06
9 1.3022379627575556e-06
10 1.3327185396312934e-06
11 1.655141293678976e-06
12 1.1492397695737332e-06
13 1.8651532354000596e-06
14 1.6932664538065906e-06
15 1.3710208929492042e-06
16 1.170192302509604e-06
17 1.2011855420856057e-06
18 1.2234663844933368e-06
19 1.559441305234593e-06
20 1.0503990400310087e-06
21 1.0930848881307973e-06
22 1.4350125240633879e-06
23 9.226194176290134e-07
24 1.1324426147244494e-06
25 1.8185820939019444e-06
26 1.5431137734409677e-06
27 1.8715645688839407e-06
28 1.8976829223121561e-06
29 1.5369740414797178e-06
30 1.516315369520398e-06
31 1.7969751492203233e-06
32 1.6525531987823818e-06
33 1.2946931747670689e-06
34 1.361790195718534e-06
35 1.3053358919701472e-06
36 1.6334985858460575e-06
37 1.4237332951579018e-06
38 1.3023792408543019e-06
39 1.6995447974176717e-06
40 1.7559787701984031e-06
41 1.3087768534416223e-06
42 1.256728790227971e-06
43 1.291429557520437e-06
44 1.524578150762193e-06
45 1.6896094284053967e-06
46 1.333110714369958e-06
47 1.5592224314574325e-06
48 1.2798706476068978e-06
49 1.2675367135049183e-06
50 1.4757936452954445e-06
51 1.3523385564616307e-06
52 1.9322577211210617e-06
53 1.0514856761279983e-06
54 1.1996784124898446e-06
55 1.0172343318109037e-06
56 1.770800884847299e-06
57 1.1959171113990073e-06
58 1.4710779889571948e-06
59 1.238799178521723e-06
60 1.3563803649083378e-06
61 1.4285106625171374e-06
62 1.8015422206119608e-06
63 1.2543642836356929e-06
64 1.1339485685116706e-06
65 1.6805616741745321e-06
66 1.7326736714774924e-06
67 1.2505352953101311e-06
68 1.3796708395738012e-06
69 1.3217694085632917e-06
70 1.14969678329213e-06
71 1.593038366420789e-06
72 1.7329042286500513e-06
73 1.4366821778334315e-06
74 1.4491849332370844e-06
75 1.084654163368732e-06
76 1.0598048667761916e-06
77 1.227246520692557e-06
78 1.9553791300643028e-06
79 1.266209314886446e-06
80 1.0781727017007951e-06
81 1.2722663497271205e-06
82 1.5082756378010162e-06
83 1.4494135531680899e-06
84 1.6236236625653067e-06
85 1.6686347405274066e-06
86 7.686139585557265e-07
87 1.8050083574510533e-06
88 1.1299513381512895e-06
89 1.1155605855380713e-06
90 1.4963338682947378e-06
91 1.7671527209656993e-06
92 1.2993957940049977e-06
93 1.8759045009372664e-06
94 1.218749353791668e-06
95 1.7411655770671756e-06
96 1.243565538296454e-06
97 1.6948353482097048e-06
98 1.549972436747509e-06
99 1.3135293268853795e-06
100 1.3045860750041305e-06
101 1.425837142168626e-06
102 1.3097014505260302e-06
103 1.8282441402003677e-06
104 1.4708832080006302e-06
105 1.7199692029936771e-06
106 1.7004827003017809e-06
107 1.4569182670176728e-06
108 1.4310077271849762e-06
109 1.640561689370382e-06
110 1.322464887044969e-06
111 9.774300293601215e-07
112 1.0448502812452253e-06
113 1.8872409618003264e-06
114 1.17452273974145e-06
115 1.190601823833058e-06
116 1.629066246423284e-06
117 1.4326220054674876e-06
118 1.1936449287397048e-06
119 9.992921879957665e-07
120 1.3789290210867997e-06
121 1.6343037390550344e-06
122 1.3661361015261588e-06
123 1.5207967231119843e-06
124 1.5003292189464686e-06
125 8.61903070453408e-07
126 1.7736826258330144e-06
127 1.6278006043128522e-06
128 9.451026867570868e-07
129 1.2449048373245007e-06
130 1.589100680494852e-06
131 1.2741273986054878e-06
132 2.02639713574633e-06
133 1.7783461085188864e-06
134 1.2310054401149182e-06
135 1.8227971764195696e-06
136 1.2723979727535302e-06
137 1.5237194347550758e-06
138 1.4983812939856087e-06
139 1.2458529758447805e-06
140 1.8424206641976718e-06
141 1.464989618700554e-06
142 1.5882484141787769e-06
143 1.5265041459543821e-06
144 1.38781124816292e-06
145 1.7040843300355426e-06
146 1.6307881083156426e-06
147 1.343792895012048e-06
148 1.8102773336590474e-06
149 1.416027859905426e-06
150 1.098817363734774e-06
151 1.390075398699456e-06
152 1.8068649110843764e-06
153 1.5012345325907646e-06
154 1.3638044106144208e-06
155 1.4296531854400029e-06
156 1.5517236984679835e-06
157 1.2828406685783053e-06
158 1.967531442300827e-06
159 1.7014136248925974e-06
160 1.717416138905917e-06
161 1.2067778177973567e-06
162 1.8509354345417095e-06
163 9.134689498936055e-07
164 1.72161783450226e-06
165 1.246979856296712e-06
166 1.1507691816108592e-06
167 8.840703376137933e-07
168 1.591297491158097e-06
169 1.3212135480815688e-06
170 1.9851350206528547e-06
171 1.0379945073708193e-06
172 1.3952062993552156e-06
173 1.4172777556561035e-06
174 1.457559203022824e-06
175 1.4261377799756019e-06
176 1.0875377253367906e-06
177 1.152966695552136e-06
178 1.6209256958975177e-06
179 1.2169252149156675e-06
180 1.5752185995904753e-06
181 1.7198070510779436e-06
182 1.177458942598186e-06
183 1.4579790274167655e-06
184 1.3806739925652626e-06
185 1.728930865600966e-06
186 1.558355803755324e-06
187 1.1185416863096657e-06
188 1.2244742544506153e-06
189 1.4998490066646643e-06
190 1.7430036130283154e-06
191 1.4587890899174803e-06
192 1.2981232805017074e-06
193 1.3753884682400367e-06
194 1.1873962368935968e-06
195 1.6010686524989937e-06
196 1.1371361515344776e-06
197 1.416319162160601e-06
198 1.8563902773891372e-06
199 1.3519460565844823e-06
200 1.566456101962277e-06
201 1.788733631920693e-06
202 1.3404853853297026e-06
203 1.4843003284635585e-06
204 1.3815530199637481e-06
205 1.243953359756674e-06
206 1.4346409179500373e-06
207 1.2225330877046702e-06
208 1.5141327200722076e-06
209 1.0555141923398975e-06
210 1.025767702248543e-06
211 1.3159736228943364e-06
212 1.8883111706441631e-06
213 1.2455426339757455e-06
214 1.1190262567025723e-06
215 1.672792805708438e-06
216 1.757373409244008e-06
217 1.3799376795835247e-06
218 1.7787510968547815e-06
219 1.6038017903410567e-06
220 1.3283137954674224e-06
221 1.0406016890981452e-06
222 1.1663397474092967e-06
223 1.0820030204800497e-06
224 1.2822626200866433e-06
225 1.3798541164535575e-06
226 1.7573843138085222e-06
227 1.3230001866706685e-06
228 1.4011049426998933e-06
229 1.5651774416869038e-06
230 1.4995576039667698e-06
231 1.2319979949587078e-06
232 1.6151838569799393e-06
233 1.3935119861459568e-06
234 1.5247107497908862e-06
235 1.0942188238998726e-06
236 1.5661609226083565e-06
237 1.0957088435968316e-06
238 1.5451508951751263e-06
239 1.44879037842238e-06
240 1.2942909300581143e-06
241 1.6185608335620065e-06
242 1.3140131635489369e-06
243 1.4526705706421592e-06
244 1.488083817358291e-06
245 1.1555730631871176e-06
246 1.5108703377290668e-06
247 1.7424956007756969e-06
248 1.4053734047286334e-06
249 1.1585748427232848e-06
250 1.5562265159541498e-06
251 1.573665658811524e-06
252 9.959430464943417e-07
253 1.4535349395367e-06
254 1.125283335176938e-06
255 1.9140248041393814e-06
256 1.1672040002838815e-06
257 1.6979984381436563e-06
258 1.346279268669886e-06
259 1.150465586634588e-06
260 1.6398831680285837e-06
261 1.7081530976034464e-06
262 1.7284515558861294e-06
263 1.1154984316580776e-06
264 1.1667237611172187e-06
265 1.5105464989185976e-06
266 1.053678704455145e-06
267 1.558163416081166e-06
268 1.966644793712072e-06
269 1.030970549665283e-06
270 1.5311564959156057e-06
271 1.4795840759123857e-06
272 1.5750071080996912e-06
273 1.4672241151730078e-06
274 1.5274586913665242e-06
275 1.6719319353975966e-06
276 1.5022241549207392e-06
277 1.0776370958254851e-06
278 1.7678840660788455e-06
279 1.9070812112897639e-06
280 1.4781635808154542e-06
281 1.3953416342780376e-06
282 1.400416607442159e-06
283 1.6444465157255394e-06
284 1.5068527691028059e-06
285 1.5779515466032132e-06
286 1.036895054143288e-06
287 1.5439271512732415e-06
288 1.2614733707967354e-06
289 1.3636272883182452e-06
290 1.2168187894292337e-06
291 1.2121214784040281e-06
292 1.1826142999005144e-06
293 1.470285943985339e-06
294 1.8826917044355185e-06
295 1.2963926075827154e-06
296 1.2426096184550163e-06
297 1.2309263123015887e-06
298 1.4425784906482058e-06
299 1.624529532418182e-06
300 1.995047600445354e-06
301 1.3410611277443436e-06
302 1.2650167530649522e-06
303 1.1387392138825607e-06
304 1.4292126105094293e-06
305 2.000461296331017e-06
306 1.902862035031416e-06
307 1.2442007078481724e-06
308 1.895599991813402e-06
309 1.8438332699676273e-06
310 1.8123178405756575e-06
311 1.2972920572428678e-06
312 1.2360735588438188e-06
313 1.7305000146716868e-06
314 1.6839806302470557e-06
315 9.928413299166423e-07
316 1.6276984138810625e-06
317 1.7037135793663122e-06
318 1.483412078553005e-06
319 1.238739188350467e-06
320 1.571864881274346e-06
321 1.3620504770215287e-06
322 1.195207902400752e-06
323 1.410987843151543e-06
324 1.2188444881209124e-06
325 1.5501184324591646e-06
326 1.3484904895005927e-06
327 1.4117396210246298e-06
328 1.422722946041889e-06
329 1.8320456559829096e-06
330 1.4302705855727876e-06
331 1.3705665362697656e-06
332 1.1082555380723475e-06
333 1.4939147175889256e-06
334 1.5598800653902777e-06
335 1.1492862621245785e-06
336 1.5132249406066749e-06
337 1.5972213623198133e-06
338 1.256176789015839e-06
339 1.6326713512449719e-06
340 1.3340232156565495e-06
341 1.1582139948249533e-06
342 1.3274829819990885e-06
343 1.566988748887399e-06
344 1.332729295782392e-06
345 1.6401575284905774e-06
346 1.2055184772271185e-06
347 1.9548090086501134e-06
348 1.3277277981714169e-06
349 1.7225944078122019e-06
350 1.6745477904506797e-06
351 1.7644217374785408e-06
352 1.819788324915671e-06
353 1.8634387091237381e-06
354 1.2506891174616598e-06
355 1.2496681522853459e-06
356 8.288932881098998e-07
357 1.1094168221283163e-06
358 1.3387058192666187e-06
359 1.1918828821474419e-06
360 1.173210664502023e-06
361 1.6197574833683145e-06
362 1.4700273826477391e-06
363 1.8554579993768075e-06
364 1.4474112118302287e-06
365 1.6082537740793494e-06
366 1.513400317922518e-06
367 1.1077073696459244e-06
368 1.5327428787096083e-06
369 1.5654992598430964e-06
370 7.610368211314916e-07
371 1.488850145860947e-06
372 1.4028805745327011e-06
373 1.7554184994798906e-06
374 1.2800235146571063e-06
375 1.2911710539229558e-06
376 1.5470708179363184e-06
377 1.239713993563489e-06
378 1.2839257956607503e-06
379 1.6816805873863238e-06
380 1.69406967741494e-06
381 1.8071290157924045e-06
382 1.8284725570731443e-06
383 9.482605741033069e-07
384 1.099672277542017e-06
385 1.7887262731721603e-06
386 1.598361743804642e-06
387 1.913081972419317e-06
388 9.978398549891928e-07
389 1.0290245944890271e-06
390 1.5109966338332407e-06
391 1.7158245982042872e-06
392 1.0812632522631526e-06
393 1.0130819519419933e-06
394 1.3340523568785483e-06
395 1.359250926496999e-06
396 1.390311665698581e-06
397 1.576546695690592e-06
398 1.2600486050239565e-06
399 1.7322581842842116e-06
400 9.78191333363067e-07
401 1.3448634877237069e-06
402 1.618456296072519e-06
403 1.3922337122696151e-06
404 1.3210084935061148e-06
405 1.4726377012622553e-06
406 1.2345265750511129e-06
407 1.6285542188414033e-06
408 1.4655802622769003e-06
409 1.6103511582242542e-06
410 1.5077184113087003e-06
411 1.188263361102855e-06
412 1.489289105952789e-06
413 1.4791141711077475e-06
414 1.9655203282235177e-06
415 1.7455774759064544e-06
416 1.9411219277301788e-06
417 1.60595041479369e-06
418 1.1330417386919937e-06
419 1.224213593167112e-06
420 8.872402906161793e-07
421 1.78916563181179e-06
422 1.6997241196725513e-06
423 1.5888788561197638e-06
424 1.2347947367757782e-06
425 1.506976535615006e-06
426 1.9041113862017994e-06
427 2.0749187350537346e-06
428 1.2030499191334154e-06
429 1.7227465818323392e-06
430 2.3062029526311333e-06
431 1.4589340719991746e-06
432 1.2269614720724684e-06
433 1.4881534192781742e-06
434 1.3816620942428513e-06
435 1.1754947000952531e-06
436 1.9289039325855235e-06
437 1.0883564983351834e-06
438 1.603852271466269e-06
439 1.2381876807464718e-06
440 1.6794863641728778e-06
441 1.8844424169159512e-06
442 1.1658566709164406e-06
443 1.3150877435257436e-06
444 1.963106402156266e-06
445 1.3147216639055549e-06
446 1.4478491072026188e-06
447 1.2395941998979343e-06
448 1.2913569044671713e-06
449 1.1105501945394577e-06
450 1.8768649249494386e-06
451 1.4493424527666147e-06
452 1.1735761809000994e-06
453 1.4955542703763163e-06
454 1.1437854468539559e-06
455 1.5579085358072115e-06
456 1.4792630479083116e-06
457 1.7441158283646295e-06
458 1.4028812089945714e-06
459 1.582296265243689e-06
460 1.5701216225795212e-06
461 1.5719751240997721e-06
462 1.4205819898032481e-06
463 1.225589280849743e-06
464 1.5783363061507992e-06
465 1.3937102824901448e-06
466 1.2877389255080178e-06
467 1.5241067053276624e-06
468 1.3102966172830912e-06
469 1.2961150383128532e-06
470 1.3476910540755405e-06
471 1.396085480093997e-06
472 1.4233345075315019e-06
473 1.41860977499703e-06
474 8.994758179768981e-07
475 1.3304541582417163e-06
476 1.6173641259072252e-06
477 1.095405400064474e-06
478 1.6795309495874624e-06
479 1.3158518473024754e-06
480 1.643145496655198e-06
481 1.5176251817481877e-06
482 1.5755520925593815e-06
483 9.108676919837749e-07
484 1.5899916194474227e-06
485 1.0197128497244254e-06
486 1.2465634929721916e-06
487 1.8058169883128465e-06
488 2.1867933028823034e-06
489 1.4057665316736743e-06
490 1.3246854388700582e-06
491 1.375869524697504e-06
492 1.2488570793387986e-06
493 1.038021807755394e-06
494 1.3767988394758377e-06
495 1.3251627718128753e-06
496 1.3437860746990455e-06
497 1.805521398571258e-06
498 1.6568487783296227e-06
499 1.8676473626451132e-06
500 2.0604432164911426e-06
501 1.7343701815265657e-06
502 1.08159496964082e-06
503 1.4243225678005186e-06
504 1.1989747569548359e-06
505 1.6092835979769702e-06
506 1.4422836664806287e-06
507 1.392244760294535e-06
508 9.734727163384466e-07
509 1.4826734321962349e-06
510 1.1493536344816292e-06
511 1.7029237238132346e-06
512 1.2322824109903458e-06
513 1.3148065199342694e-06
514 1.1724475531913805e-06
515 1.4108261219165787e-06
516 9.890101804697169e-07
517 1.4995270039312928e-06
518 1.4352456845176466e-06
519 1.6505536609809357e-06
520 1.3219729056809851e-06
521 1.4724836122971575e-06
522 1.4657397275510597e-06
523 1.5527291007470666e-06
524 2.147780294123913e-06
525 1.170846518883773e-06
526 1.3912944116865019e-06
527 1.3584233008385508e-06
528 1.5334775410716276e-06
529 9.44087973023277e-07
530 2.1183523517670196e-06
531 1.4442065711765853e-06
532 1.4025973010223597e-06
533 9.778850644935894e-07
534 1.4221499001773724e-06
535 1.9249956712728173e-06
536 1.382176614580058e-06
537 1.395280314589278e-06
538 1.181051806537135e-06
539 1.3767392053695153e-06
540 1.4044126685946996e-06
541 1.168743522819064e-06
542 1.2564139128226257e-06
543 1.8619047282491726e-06
544 1.4297942960949963e-06
545 1.6029702054477232e-06
546 1.459924196132406e-06
547 1.3936331306607026e-06
548 6.214399950328259e-07
549 1.1020621941360181e-06
550 1.4012211136187445e-06
551 1.5310966325747367e-06
552 1.538409121958484e-06
553 1.3498193815719877e-06
554 1.1022615372954308e-06
555 1.448606953079204e-06
556 1.7006326603374676e-06
557 1.2887319247276517e-06
558 1.9902365756281095e-06
559 1.1338529889206503e-06
560 1.8271328519008133e-06
561 1.0427813880516788e-06
562 1.383316070976061e-06
563 1.6415808531811134e-06
564 1.5392876684674751e-06
565 1.8352804860922287e-06
566 1.7696973585059962e-06
567 1.374310033478802e-06
568 1.4824763239732612e-06
569 1.4110700581965798e-06
570 1.186158890960439e-06
571 1.3158812475415635e-06
572 1.4480482535872333e-06
573 1.7848012496353878e-06
574 1.4120497595397615e-06
575 1.3614599948912237e-06
576 1.5550453665610407e-06
577 9.055998271476182e-07
578 1.8315881985783127e-06
579 1.1112142932966395e-06
580 8.790224495307589e-07
581 9.439333783813087e-07
582 2.3334881080280303e-06
583 1.2764556361326462e-06
584 1.5950295174013871e-06
585 1.581880576011683e-06
586 1.2945016170466314e-06
587 1.8778692828240803e-06
588 1.2481507614879466e-06
589 1.8235313681410224e-06
590 1.142271555052198e-06
591 1.1783893169098682e-06
592 1.6166650198579147e-06
593 1.5416674899234801e-06
594 1.8574818720548497e-06
595 1.039653407124961e-06
596 1.4526724089851556e-06
597 1.6692127473315194e-06
598 1.3029024179122208e-06
599 8.605173567112146e-07
600 1.4667957652349158e-06
601 1.1514014373076895e-06
602 1.605093330680547e-06
603 1.494455842012431e-06
604 1.3830495373822649e-06
605 1.7527262977073798e-06
606 1.1865144641001144e-06
607 1.4903292734270595e-06
608 1.563172692875245e-06
609 1.581266005841789e-06
610 1.4754666320670198e-06
611 1.5515777786898547e-06
612 1.4726121411312283e-06
613 1.6990136725409354e-06
614 1.5154270829495355e-06
615 1.246914070592252e-06
616 1.8743912055406132e-06
617 8.364763083762161e-07
618 1.1485019596158113e-06
619 1.1107231479124032e-06
620 1.4184186764886074e-06
621 1.4686434193718242e-06
622 1.3403588237117795e-06
623 1.3383248669106794e-06
624 1.2947088544026318e-06
625 1.3603945858868042e-06
626 1.4800616488447462e-06
627 1.0326727946272906e-06
628 1.5257628090284632e-06
629 1.994379766340187e-06
630 1.6584176497695737e-06
631 1.4365948856287016e-06
632 1.2906711306611298e-06
633 1.3301022196250145e-06
634 1.2924498480232552e-06
635 1.8619005635049106e-06
636 1.770028233242749e-06
637 1.0842050031852776e-06
638 7.734332277359338e-07
639 1.3129418289310316e-06
640 1.2868130487347473e-06
641 1.5980845027016964e-06
642 1.1537717141179506e-06
643 1.0039296091235285e-06
644 1.2403826019838054e-06
645 1.4580792124935295e-06
646 1.7975805558222916e-06
647 1.1798769353561168e-06
648 1.3127032231572956e-06
649 1.6703847073958717e-06
650 1.6165792177052557e-06
651 1.3309568461367719e-06
652 1.3605777938518693e-06
653 1.3111858401411904e-06
654 1.1375357066837757e-06
655 1.4873036698147837e-06
656 9.902417443251462e-07
657 1.426534646569894e-06
658 1.4945038748260156e-06
659 1.4115082960323202e-06
660 1.2637241310532039e-06
661 1.1548421057480473e-06
662 7.771052541685342e-07
663 1.3769291957713732e-06
664 1.3895653122531262e-06
665 9.98388009570422e-07
666 1.1125850293004548e-06
667 1.8892863498855859e-06
668 1.5439078889980892e-06
669 1.5525376438003113e-06
670 1.9151368818628267e-06
671 1.7956173479890924e-06
672 1.1921951385777651e-06
673 1.7338149151059465e-06
674 1.082352029345846e-06
675 1.1342132639899537e-06
676 1.5372807821950906e-06
677 1.3935197257705545e-06
678 9.935665481359872e-07
679 1.0947579156911249e-06
680 1.8896644882095024e-06
681 1.6186247186059813e-06
682 1.3577815625492168e-06
683 1.4215507711560354e-06
684 1.1946832610069551e-06
685 1.3921208190609298e-06
686 1.516960220295279e-06
687 1.3794119627380989e-06
688 1.838708768356835e-06
689 9.496463344347473e-07
690 2.02447479711083e-06
691 1.5682634819110124e-06
692 1.4700058808157254e-06
693 1.3929223710537449e-06
694 1.4888516876189878e-06
695 1.5731421254138335e-06
696 1.335957241460274e-06
697 1.5049755690435358e-06
698 8.725480901332583e-07
699 1.276024365171377e-06
700 1.203837247127848e-06
701 1.958505938201437e-06
702 1.6459912199340385e-06
703 1.52269647180846e-06
704 1.9654485868991205e-06
705 1.199772097640387e-06
706 1.1369931413164239e-06
707 1.640585251831976e-06
708 1.7326835120312643e-06
709 9.858393485248794e-07
710 1.3489925990748617e-06
711 7.997434987295367e-07
712 1.4123608252132394e-06
713 1.8958516752945744e-06
714 1.631495510797748e-06
715 1.9235993542135485e-06
716 1.3040449640590843e-06
717 1.7210178600959103e-06
718 1.55987306629709e-06
719 1.590923158939752e-06
720 1.767178250934759e-06
721 6.273142823675628e-07
722 1.8597903572065899e-06
723 1.89309370800794e-06
724 1.3496508687958057e-06
725 2.0700897978092104e-06
726 1.5430784927193622e-06
727 1.3504835627201774e-06
728 1.4190665733406534e-06
729 1.3090310520112089e-06
730 1.3740395622357306e-06
731 1.3503447148540707e-06
732 1.518848310702645e-06
733 9.975673096922937e-07
734 1.8331499909602388e-06
735 1.1363420066010664e-06
736 1.0345664715228343e-06
737 1.2757300444774213e-06
738 1.3154724022628555e-06
739 1.3505282867179376e-06
740 1.2535672450125185e-06
741 1.4692337877049613e-06
742 1.3286762414288271e-06
743 1.2927983082552345e-06
744 1.5039269481237958e-06
745 1.300513010351317e-06
746 1.7919717498764882e-06
747 1.6996187609170466e-06
748 1.3215361940815877e-06
749 1.5428805103917037e-06
750 1.4023735025174852e-06
751 1.211524985086531e-06
752 1.3275619082761866e-06
753 1.8749734539037537e-06
754 1.384531569090776e-06
755 1.2852976991168497e-06
756 1.6416471870216885e-06
757 9.320486277971566e-07
758 7.641519397744916e-07
759 2.0101885677096374e-06
760 1.5085361491899804e-06
761 1.3231022608160962e-06
762 1.4684719779296628e-06
763 1.5784235881747097e-06
764 1.5871980099102304e-06
765 1.4370001331431692e-06
766 1.510117868169858e-06
767 1.676874719874019e-06
768 1.8280638521336852e-06
769 1.3473088050142673e-06
770 1.360522741835136e-06
771 1.2403403726524645e-06
772 1.2303239261519694e-06
773 1.6588607264237356e-06
774 7.768732516405247e-07
775 1.7682286800049616e-06
776 1.971171933613476e-06
777 1.5996369564271751e-06
778 1.3620558146673428e-06
779 1.417185485660322e-06
780 1.5233493573843659e-06
781 1.0869622041704036e-06
782 1.2496151257100355e-06
783 1.364425250369016e-06
784 1.2905836996359987e-06
785 1.4263910318776799e-06
786 9.404737286803443e-07
787 1.7822562026162563e-06
788 1.401830991393616e-06
789 1.6877234050827895e-06
790 1.8576958354330715e-06
791 1.6404336854706868e-06
792 1.754278466040707e-06
793 1.1452413882206604e-06
794 1.5767703870908188e-06
795 1.2371879282281988e-06
796 1.1878059014307647e-06
797 1.405171569045814e-06
798 1.1270572863314692e-06
799 1.2740981875675158e-06
800 1.626029583271073e-06
801 1.1492584240119105e-06
802 1.783446074325983e-06
803 1.489657750299359e-06
804 1.4887824387679566e-06
805 1.22769150080269e-06
806 1.1936836175199208e-06
807 1.818374154148692e-06
808 1.6668701249467102e-06
809 1.1821391034104475e-06
810 7.795357850675121e-07
811 1.9246013262503187e-06
812 1.1952783434223759e-06
813 1.8097797153544556e-06
814 1.4062806974840024e-06
815 1.542158574651403e-06
816 1.1017699682983603e-06
817 1.3479762409700692e-06
818 1.216029209355456e-06
819 9.129019662691393e-07
820 1.1857178091096883e-06
821 9.408625571693075e-07
822 1.8137830704473644e-06
823 1.6629112471941866e-06
824 1.5251801450616285e-06
825 1.819875999058794e-06
826 1.6829579366975646e-06
827 1.1513328992918805e-06
828 1.4743743577322965e-06
829 1.0448282287549724e-06
830 1.812370833969333e-06
831 1.4449934263177513e-06
832 1.680267874375064e-06
833 1.0008897948404537e-06
834 1.5160387494211052e-06
835 1.1374247246621727e-06
836 1.4687150144697804e-06
837 1.52460437843065e-06
838 1.4999811341756115e-06
839 1.35657103228765e-06
840 1.3240738316597938e-06
841 1.3821735518343306e-06
842 9.169440541905866e-07
843 1.5038841338751943e-06
844 1.2843464978382093e-06
845 1.1906344302746602e-06
846 1.460283751928481e-06
847 1.6114595817075831e-06
848 1.7649149457379177e-06
849 1.8822339349571525e-06
850 1.349515723689042e-06
851 1.2344602217049735e-06
852 1.259238352415232e-06
853 1.5549277285892195e-06
854 1.1812073216103948e-06
855 1.110704158806379e-06
856 1.1422041539592978e-06
857 1.9957593552795506e-06
858 1.4653443530619529e-06
859 1.5459938952855514e-06
860 1.5897321285003742e-06
861 1.8015192210579605e-06
862 1.3374585657062138e-06
863 1.7789136177666328e-06
864 1.0467038005558555e-06
865 1.5574213024233046e-06
866 1.6910824848193839e-06
867 1.7272002191365553e-06
868 2.2760636077679026e-06
869 1.374406663709596e-06
870 1.6809089416195243e-06
871 1.2645467675754437e-06
872 7.03547775534752e-07
873 1.4879439996473085e-06
874 1.7249037180368596e-06
875 1.1758322416455945e-06
876 1.6580358028125675e-06
877 1.4127254641040585e-06
878 1.4564742755904232e-06
879 1.3000012641411394e-06
880 1.2333669891648317e-06
881 1.3999262763568454e-06
882 1.223111316809122e-06
883 1.6675094999390675e-06
884 1.4054973936061411e-06
885 1.7679675671172351e-06
886 1.9865420258249405e-06
887 1.2223155487997037e-06
888 1.4814057408897662e-06
889 8.550292178705437e-07
890 1.5282174454826772e-06
891 1.6456894188949845e-06
892 1.3208023603416228e-06
893 1.16913747177343e-06
894 2.1104228852467535e-06
895 1.5230624695716356e-06
896 1.3031971195970141e-06
897 1.1806375081242677e-06
898 1.363120427824758e-06
899 1.065317391087814e-06
900 1.4879927708999973e-06
901 1.8828578446637077e-06
902 1.4665294442360017e-06
903 1.2358147265473903e-06
904 1.4669414619772507e-06
905 1.8041343485421639e-06
906 1.4805105177829538e-06
907 1.075141234598884e-06
908 1.490806465871695e-06
909 1.6046714578706457e-06
910 1.136800725891118e-06
911 1.3979682328439133e-06
912 1.988237491329477e-06
913 1.9875411583301074e-06
914 1.5254185340454068e-06
915 1.4382489283609848e-06
916 1.2271069822707287e-06
917 1.4889155334588614e-06
918 1.1861198239515445e-06
919 1.4920082844805307e-06
920 1.5894984787172929e-06
921 1.4962233029640118e-06
922 1.2823058914312046e-06
923 1.8899992988346825e-06
924 1.5292373209985095e-06
925 1.6716485125370284e-06
926 1.1908115750550375e-06
927 1.9907938210780668e-06
928 1.724786218539705e-06
929 1.1728028236719027e-06
930 8.646705851169971e-07
931 1.4048184217596724e-06
932 1.0568711324711541e-06
933 1.7556129044851176e-06
934 1.6434241008543765e-06
935 1.6423093205198612e-06
936 1.6755025232345354e-06
937 1.3308505160023978e-06
938 1.0460910009594317e-06
939 1.114113125283114e-06
940 1.896076450556397e-06
941 1.611559320503576e-06
942 1.3745754896094367e-06
943 1.3577397514204047e-06
944 1.1630581076028061e-06
945 1.085576450308061e-06
946 1.281191454869869e-06
947 9.142541327489171e-07
948 1.2404320932428262e-06
949 1.1707750135441062e-06
950 1.6275902408130257e-06
951 1.1650773429924434e-06
952 1.177754685893916e-06
953 1.1670736082986608e-06
954 1.7640071051622352e-06
955 1.4701935449278496e-06
956 1.46361223615887e-06
957 1.6864144544832789e-06
958 1.3563909974020197e-06
959 1.045264411197472e-06
960 1.553112003431125e-06
961 1.2041257901332461e-06
962 1.1613002959992663e-06
963 1.4031815398285094e-06
964 1.0184242276537076e-06
965 1.4701147587882119e-06
966 1.2223609766211852e-06
967 1.7950017613915066e-06
968 1.0063387638780038e-06
969 1.9482578454618167e-06
970 1.4462792381359296e-06
971 1.4695822185245452e-06
972 1.3640114411326042e-06
973 1.7320583593863738e-06
974 1.1604750567930044e-06
975 1.5426140499486872e-06
976 1.313279470695638e-06
977 1.009722776211786e-06
978 8.634226279121571e-07
979 1.5926476610538823e-06
980 1.2490449960708727e-06
981 1.435012782735551e-06
982 1.6627195639853086e-06
983 1.1259264792518637e-06
984 1.6875302309862783e-06
985 1.6848390620092451e-06
986 1.4080966613685408e-06
987 1.531044420937503e-06
988 2.1131259188256288e-06
989 1.6871593109522365e-06
990 1.663667625854057e-06
991 1.5563250379893604e-06
992 1.486841126879794e-06
993 1.2303462459731435e-06
994 1.293848237377118e-06
995 1.3313653689709994e-06
996 1.303541778422763e-06
997 1.8803085467552899e-06
998 1.2131668709794322e-06
999 1.8073796086298382e-06
