0 1.6639551603862795e-06
1 1.8857789966104645e-06
2 1.5387754018286375e-06
3 2.073465441135177e-06
4 1.8005940917355755e-06
5 1.7104151765094719e-06
6 1.8553293627471818e-06
7 1.931665368854398e-06
8 1.6334795800685747e-06
9 1.7882641767720887e-06
10 1.9162614649818854e-06
11 1.8513080105200873e-06
12 1.643078971275598e-06
13 1.9409291663026496e-06
14 1.8315041537105561e-06
15 1.9814412764990655e-06
16 1.9035751317233805e-06
17 1.8961423848527243e-06
18 1.408884174410649e-06
19 1.8888321464590556e-06
20 1.5998187332633442e-06
21 1.594053461312922e-06
22 1.7282688588117008e-06
23 1.5618838480715687e-06
24 1.693450834996277e-06
25 1.7865840377247705e-06
26 1.792680354272958e-06
27 2.140456432626132e-06
28 2.173133456425995e-06
29 1.9740912476047883e-06
30 1.617273396343082e-06
31 2.2113039139513057e-06
32 1.6058167292902703e-06
33 1.5585043255597582e-06
34 1.7614700828987093e-06
35 1.6459025248875317e-06
36 1.7875243557662927e-06
37 1.9291710905139017e-06
38 1.575996107013784e-06
39 2.015274580227519e-06
40 1.8005885214252386e-06
41 1.636700391876383e-06
42 1.8249167223963555e-06
43 1.7513895917968267e-06
44 1.8196857333314412e-06
45 1.6969198156451935e-06
46 1.616955998461236e-06
47 1.999185584737763e-06
48 2.0994117825685128e-06
49 1.738676007282255e-06
50 1.7260109582388095e-06
51 1.8259496407381693e-06
52 1.8503057249059635e-06
53 1.3809760651221602e-06
54 1.9194957275981673e-06
55 1.534689579916876e-06
56 1.7342935439204087e-06
57 1.6557198389743844e-06
58 1.5975977008446605e-06
59 1.6812300730767317e-06
60 1.468271628780493e-06
61 2.0053731110043295e-06
62 2.1154005985675747e-06
63 1.5779845209820626e-06
64 1.835714582578036e-06
65 1.7474948895003813e-06
66 1.5510323254064785e-06
67 1.749994817436846e-06
68 1.8855342879995238e-06
69 1.7419991073183165e-06
70 1.9175631115297024e-06
71 1.9105925290288646e-06
72 1.924230458046821e-06
73 1.5411083110582034e-06
74 1.8893266102066763e-06
75 1.5654714951057287e-06
76 1.9152096990491347e-06
77 1.8676837509496724e-06
78 1.9362535273373047e-06
79 1.5914697164854926e-06
80 1.8148664424698217e-06
81 1.869472400867627e-06
82 1.7230629391658376e-06
83 1.7008351800491006e-06
84 1.8473091968471136e-06
85 1.7859908564752454e-06
86 1.5011962868344397e-06
87 1.8589781939553976e-06
88 1.961888919192069e-06
89 1.5927442315290602e-06
90 1.673738974065417e-06
91 1.743511447203298e-06
92 1.7150299816405535e-06
93 1.8437140303787473e-06
94 1.6793576531053137e-06
95 1.9237091591776933e-06
96 1.490979361785651e-06
97 1.7261066864241138e-06
98 1.986527324220606e-06
99 1.5729816855833676e-06
100 1.5481376170689803e-06
101 1.6845957508783405e-06
102 1.9026476684757233e-06
103 2.0162922785105087e-06
104 2.061161077919661e-06
105 1.579656260098409e-06
106 1.8117204966777466e-06
107 1.9154663557497463e-06
108 1.6106858704943427e-06
109 1.7573829045247919e-06
110 1.8319605627576327e-06
111 1.7536215753776076e-06
112 1.71069504802411e-06
113 2.0959154372710854e-06
114 1.5311238360701344e-06
115 1.8004536224884427e-06
116 2.076272784049314e-06
117 1.939351491062176e-06
118 1.6297182513586772e-06
119 1.3962848160564931e-06
120 1.8480341627006574e-06
121 1.845095017933747e-06
122 1.64165524836897e-06
123 1.8924566662688735e-06
124 1.7583940103830377e-06
125 1.7009986039301307e-06
126 1.602642477425021e-06
127 1.749198996474968e-06
128 1.608112538251521e-06
129 1.7929098132972492e-06
130 1.7496320086175334e-06
131 1.7770693817085658e-06
132 1.7788846328514671e-06
133 1.9171898845951687e-06
134 1.951920139824217e-06
135 1.7054552123593228e-06
136 1.9035678459578568e-06
137 1.6642092861903517e-06
138 1.9591868986545014e-06
139 1.599735296637655e-06
140 2.0210360166948503e-06
141 1.9104794986306865e-06
142 1.7760053478816493e-06
143 1.8656068182808608e-06
144 1.706769390721695e-06
145 1.7608545032309352e-06
146 2.077473198945592e-06
147 1.7330051151840096e-06
148 1.8558169801941688e-06
149 2.060016029434364e-06
150 1.9782138609449265e-06
151 1.8318979420288569e-06
152 1.7797352932243582e-06
153 1.7957832528224167e-06
154 1.8163142684072498e-06
155 1.880930489009506e-06
156 1.7657427312031411e-06
157 1.6192107473043042e-06
158 1.716740292819718e-06
159 1.7657770950960454e-06
160 1.676750335037346e-06
161 1.610633118664937e-06
162 1.9419479314704628e-06
163 1.6889332006556115e-06
164 1.9900650046026782e-06
165 1.8617830059565808e-06
166 1.8601616120273656e-06
167 1.424493620749384e-06
168 1.9479235718125774e-06
169 1.8229326900169025e-06
170 2.1513697984127843e-06
171 1.2268732195958627e-06
172 1.91602694386536e-06
173 1.5904084614919503e-06
174 1.7533312786472695e-06
175 2.0040073094117655e-06
176 1.6707625728156298e-06
177 1.7836674091365726e-06
178 2.128748193225031e-06
179 1.4276029265810264e-06
180 1.928823295558276e-06
181 1.8101633011778528e-06
182 1.8225690767664536e-06
183 1.8018215389133205e-06
184 1.6939599874461714e-06
185 1.838254500339886e-06
186 1.7150059246141184e-06
187 1.5301377475466477e-06
188 1.4154192557270542e-06
189 1.730558924912316e-06
190 1.8451409758048092e-06
191 1.7632843085519126e-06
192 1.6105495110275053e-06
193 1.7413297629815563e-06
194 1.6409135201924145e-06
195 1.5694991807857753e-06
196 1.6447658795355877e-06
197 1.956539199223838e-06
198 1.8678193348559585e-06
199 1.5515596265338825e-06
200 1.827618100692004e-06
201 1.9177080289446194e-06
202 1.8380939446894493e-06
203 1.6061380490854877e-06
204 1.7935847566995796e-06
205 1.7395286093692879e-06
206 1.717705433505956e-06
207 1.9617175113280634e-06
208 1.837184964350195e-06
209 2.1717014505334265e-06
210 1.6643980336539656e-06
211 1.7359129792770214e-06
212 1.8065033168181357e-06
213 1.5925164728261496e-06
214 1.7772860848293914e-06
215 2.065441410715458e-06
216 1.9727427278955996e-06
217 1.93457125145511e-06
218 1.9017971494499942e-06
219 2.0695390606780203e-06
220 1.904912796736684e-06
221 1.6739481497329904e-06
222 1.4267770731381924e-06
223 1.625671325636774e-06
224 1.4675664542738608e-06
225 1.8977055303704374e-06
226 1.9947187785502113e-06
227 1.4078330432480263e-06
228 1.8828752217405762e-06
229 1.8320752092105937e-06
230 1.8562216690633583e-06
231 1.7778479634694887e-06
232 1.7754518253851571e-06
233 1.7299637257937427e-06
234 1.8059830040925387e-06
235 1.7265391237142297e-06
236 1.9984077085232243e-06
237 1.778748590801549e-06
238 1.585412262566699e-06
239 1.8212556242429847e-06
240 1.8621537649561438e-06
241 1.8411715815189576e-06
242 1.943441687000275e-06
243 1.665021378749589e-06
244 1.5909426495978849e-06
245 1.7725606578531806e-06
246 1.8284882402030684e-06
247 1.7893805304939662e-06
248 1.5040382853305006e-06
249 1.6038604358457865e-06
250 1.8860671755414907e-06
251 1.6870443164592277e-06
252 1.8154438513600444e-06
253 1.6546065927488286e-06
254 1.5212017057813291e-06
255 1.9554268196820173e-06
256 1.6719847540776587e-06
257 1.8046907103175364e-06
258 1.7153861496606808e-06
259 1.5892758323786955e-06
260 1.6868817856217018e-06
261 1.9958000323170014e-06
262 1.682339586044406e-06
263 1.6770607183899712e-06
264 1.7515829042886107e-06
265 1.9571847793195496e-06
266 1.680380994083638e-06
267 1.7082509377965509e-06
268 2.1082815102502176e-06
269 1.7139422843876115e-06
270 1.964024980317553e-06
271 1.8719630258213478e-06
272 1.75303440311142e-06
273 1.977454567523046e-06
274 1.7023139409378003e-06
275 2.043775881356219e-06
276 1.6483324451322312e-06
277 1.7167659664630488e-06
278 1.923439320877957e-06
279 1.9381239098452338e-06
280 1.647043895810902e-06
281 2.3134564668123645e-06
282 1.5357745072632633e-06
283 1.8464694536133546e-06
284 1.731452514369448e-06
285 1.9631161034503513e-06
286 1.6349812515959053e-06
287 2.1979362412948795e-06
288 1.7815508722833172e-06
289 1.5470745107372603e-06
290 1.5819772481377052e-06
291 1.525017449875362e-06
292 1.614892206695556e-06
293 1.7381348829363452e-06
294 1.5779119901044206e-06
295 1.933530259444548e-06
296 1.6849587479432024e-06
297 1.95903045334865e-06
298 1.7040075805029725e-06
299 1.8690467153687255e-06
300 1.8253231389728025e-06
301 1.7632666216468251e-06
302 1.7295066871239996e-06
303 1.7353695339306665e-06
304 2.170627913592e-06
305 1.785015837444111e-06
306 1.772375020061814e-06
307 1.7720677521769145e-06
308 2.175282214193748e-06
309 1.874939663354898e-06
310 1.9283600798450286e-06
311 1.5323654605681624e-06
312 1.8970631813808037e-06
313 1.911245778598673e-06
314 1.6358814574408182e-06
315 1.6370980623914397e-06
316 2.054689059330184e-06
317 1.9726639968512063e-06
318 2.054090087591542e-06
319 1.5689562871565682e-06
320 1.97355605044075e-06
321 1.4014781282587958e-06
322 1.836704017229955e-06
323 2.181607172320118e-06
324 1.8087264591433822e-06
325 1.8374719233003237e-06
326 1.7080789877281092e-06
327 1.8378715407059582e-06
328 1.8679368997787552e-06
329 2.075932965423662e-06
330 1.789671724551903e-06
331 1.7179177901714706e-06
332 1.7929318887804236e-06
333 1.6798759773148637e-06
334 1.8964873404571829e-06
335 1.8034194209345665e-06
336 1.685245475766552e-06
337 2.045741118597086e-06
338 1.7941687038631653e-06
339 1.6061971775330876e-06
340 1.5857971856936609e-06
341 1.3963557345999185e-06
342 1.7443469972998072e-06
343 1.8918768141512498e-06
344 1.8403801127754157e-06
345 1.8094828956076327e-06
346 1.7861706839815803e-06
347 2.0126343430443343e-06
348 1.7953145479863658e-06
349 1.960077365176124e-06
350 1.8734538957381838e-06
351 1.6657873102179362e-06
352 1.9595785212543663e-06
353 2.0988307979492715e-06
354 1.6852766140512869e-06
355 1.8547319776974557e-06
356 1.5200714719960763e-06
357 1.510839743738911e-06
358 1.8075141672154971e-06
359 1.6869407566201708e-06
360 1.761998910189474e-06
361 1.9055499852399657e-06
362 1.916572592505805e-06
363 2.3639820985008893e-06
364 1.638704627569726e-06
365 1.9110415384732107e-06
366 1.926318168763527e-06
367 1.5460446987361138e-06
368 1.788972523132818e-06
369 1.6893538069688888e-06
370 1.6811057260478496e-06
371 1.8121120379453634e-06
372 1.8685478738652066e-06
373 1.90106726790683e-06
374 1.7712405691489636e-06
375 1.7108008411895738e-06
376 2.0436525639586376e-06
377 1.7679858512137135e-06
378 1.9308327041635738e-06
379 1.8799774036284992e-06
380 2.0587353499219696e-06
381 2.087222478718556e-06
382 2.030875694913799e-06
383 1.5695015342141602e-06
384 1.7240072412272789e-06
385 1.8373818599426983e-06
386 1.7241689930008928e-06
387 1.880439514570023e-06
388 1.8835240529078754e-06
389 1.6774879981041297e-06
390 1.7644761016480791e-06
391 1.9006135768576342e-06
392 1.4455141484894028e-06
393 1.5285819725231355e-06
394 1.7477635507094821e-06
395 1.8905962049055305e-06
396 1.951542869521288e-06
397 1.7703135299774702e-06
398 1.5706142527181834e-06
399 1.7672232950027062e-06
400 1.8200064741325153e-06
401 1.6314960146983843e-06
402 1.91656642307609e-06
403 2.2312331727384653e-06
404 1.7069660691655473e-06
405 1.5566320715365209e-06
406 2.0759448358725066e-06
407 1.7455286619821704e-06
408 1.9698512728404488e-06
409 1.4060271218875584e-06
410 2.1487330198243764e-06
411 1.8931194385214529e-06
412 1.834095644977923e-06
413 1.8850480744635162e-06
414 2.021974699883748e-06
415 1.8533678395746284e-06
416 2.2108523583481946e-06
417 1.9042798311975432e-06
418 1.8543661925106384e-06
419 1.665680712597293e-06
420 1.5845166104926904e-06
421 2.051632135255421e-06
422 1.7838809241003584e-06
423 1.7254943362580393e-06
424 1.725691687483919e-06
425 1.914499968037589e-06
426 2.198753334540242e-06
427 2.1830742546233365e-06
428 1.7727632917518514e-06
429 1.9864150080256083e-06
430 2.1608636176826433e-06
431 1.7444020391119666e-06
432 1.922427283399361e-06
433 1.8886210494121836e-06
434 1.8821678363649545e-06
435 1.6192558250826872e-06
436 2.0829977532767735e-06
437 1.598982854740595e-06
438 1.8942917882625951e-06
439 1.8294752445044337e-06
440 1.9066706459286666e-06
441 1.8286489250325763e-06
442 1.9446569224049893e-06
443 1.7972311678008597e-06
444 1.981319806545616e-06
445 1.7125862199435462e-06
446 1.7706666013726256e-06
447 1.5841949917545521e-06
448 1.7300942016710036e-06
449 1.7349087125210567e-06
450 2.2205296379459046e-06
451 1.7317972840923257e-06
452 1.7950703370958725e-06
453 1.6791127163744022e-06
454 1.6934554342768088e-06
455 1.802179199424492e-06
456 1.858377213053453e-06
457 2.192532448075935e-06
458 1.7052264230044387e-06
459 2.016157386531166e-06
460 1.7450161993821046e-06
461 1.7484363123649396e-06
462 2.0836985402913834e-06
463 1.539651852800272e-06
464 2.080616131468532e-06
465 1.8618329353976649e-06
466 1.7300129128138235e-06
467 1.9581378517081366e-06
468 1.8312367482602477e-06
469 1.7995756490639895e-06
470 1.687658220926024e-06
471 1.8995265351124675e-06
472 1.9472359771712054e-06
473 1.7074857688271713e-06
474 1.5384156648383615e-06
475 1.4963149375546976e-06
476 1.6893408052799988e-06
477 1.5398351285417365e-06
478 1.8638100872045884e-06
479 1.7552134823225564e-06
480 1.7149218851178762e-06
481 1.453206466382217e-06
482 1.7278972773200006e-06
483 1.4739655305443128e-06
484 1.8409013314580116e-06
485 1.5633890128283852e-06
486 1.6417945723716328e-06
487 1.963756820437201e-06
488 1.9751209166181244e-06
489 1.6114560254551995e-06
490 1.797693171088361e-06
491 1.6400301607601165e-06
492 1.6036660468573423e-06
493 1.6881247573711348e-06
494 1.8059074268929097e-06
495 1.6739516708636966e-06
496 2.0590495423749544e-06
497 2.212849265912621e-06
498 1.995359834834703e-06
499 2.123843971950567e-06
500 2.1503367961016156e-06
501 1.7463761116975727e-06
502 1.6348315532396375e-06
503 1.6045357472933839e-06
504 1.669285099170888e-06
505 2.1341685166245487e-06
506 1.6587868442231377e-06
507 1.4328948725989765e-06
508 1.4344687134013944e-06
509 1.926332381283489e-06
510 1.9703958647343264e-06
511 1.569315577970674e-06
512 1.6413283326606774e-06
513 1.6877374075407035e-06
514 1.4489621632661914e-06
515 1.8924697653059904e-06
516 1.538603955098952e-06
517 1.8349335523853934e-06
518 1.9162070283171944e-06
519 1.765280759484533e-06
520 1.6981155462504987e-06
521 1.92027236823587e-06
522 1.8314720122763518e-06
523 1.6723893382464941e-06
524 2.0442940120592033e-06
525 1.6809142353033764e-06
526 1.638651380355622e-06
527 1.7465630790760925e-06
528 1.7390066633364825e-06
529 1.7127185246114953e-06
530 1.980091873742505e-06
531 1.7530686581784082e-06
532 1.8997566716272464e-06
533 1.4648174492885465e-06
534 1.7492826523857522e-06
535 2.2464599815335626e-06
536 1.7183485144760875e-06
537 1.6440410271368144e-06
538 1.827508880127268e-06
539 1.9005815170573044e-06
540 1.6626061978016173e-06
541 1.7644787940441234e-06
542 1.7300137542679274e-06
543 1.864476598270713e-06
544 1.5382843451081886e-06
545 2.018818326000102e-06
546 1.827304435300713e-06
547 1.7852906437764337e-06
548 1.3942150183587737e-06
549 1.6193407446880204e-06
550 1.781067542469541e-06
551 1.7049525223924612e-06
552 1.5633963449698777e-06
553 1.890595393213375e-06
554 1.8933714131069768e-06
555 1.987753624270666e-06
556 2.019159608007637e-06
557 1.554950914157029e-06
558 1.8657756806473427e-06
559 1.8530948212919477e-06
560 2.1744833937290035e-06
561 1.5364527166731718e-06
562 1.6336336446520066e-06
563 1.6918574644437296e-06
564 1.6285445780483674e-06
565 1.748123747777811e-06
566 2.0219089540415175e-06
567 1.996184650320427e-06
568 1.599909141081217e-06
569 1.839341422586054e-06
570 1.8793927974561922e-06
571 1.7308483171076715e-06
572 1.729707928899971e-06
573 1.8699722778855897e-06
574 1.7343176609313254e-06
575 1.8777645210611346e-06
576 1.7298435302612104e-06
577 1.5896136361575239e-06
578 1.6093466031528193e-06
579 1.6138458919799068e-06
580 1.4067514553966291e-06
581 1.5700311363423445e-06
582 2.4099563545129793e-06
583 1.8466797682658014e-06
584 1.8484601283929834e-06
585 1.833904568926354e-06
586 1.8126042367446996e-06
587 1.954442097683873e-06
588 1.4557019084542579e-06
589 2.146741660307054e-06
590 1.735231109320057e-06
591 1.7985513133455544e-06
592 1.7055752154233517e-06
593 1.929813204179796e-06
594 2.079844848664764e-06
595 1.8316099430219722e-06
596 1.9577657612397488e-06
597 1.7939558246594735e-06
598 1.6554433326266537e-06
599 1.5796500543104136e-06
600 1.6733232743177766e-06
601 1.6414403608758235e-06
602 1.7911579671073036e-06
603 1.854078168245313e-06
604 1.789779396062004e-06
605 2.0359347521638193e-06
606 1.7487222861621437e-06
607 1.8006589777340973e-06
608 1.987523263126717e-06
609 1.8374078325719867e-06
610 1.6084022941164965e-06
611 1.7341459276880263e-06
612 1.6527966391553453e-06
613 2.0443366514097324e-06
614 1.9780445343605285e-06
615 1.8221324409506137e-06
616 2.126682257625392e-06
617 1.5158280651382532e-06
618 1.5755774600229645e-06
619 1.614446898040972e-06
620 1.8686054563404449e-06
621 1.7152062549352397e-06
622 1.698352453651243e-06
623 1.9993584982312356e-06
624 1.4620405185678413e-06
625 1.8086960021389503e-06
626 1.7581663170587323e-06
627 1.4962818754512276e-06
628 1.8581139998765363e-06
629 2.0976180775496946e-06
630 1.8443964679094507e-06
631 1.6883545878091385e-06
632 1.643144993688203e-06
633 1.7675568387491267e-06
634 1.676609380203919e-06
635 2.0762991544804693e-06
636 2.1052660073498386e-06
637 1.7032192825218258e-06
638 1.7013814796855416e-06
639 1.5918510403405951e-06
640 1.7898026707084877e-06
641 1.7816248150668033e-06
642 1.661578556092378e-06
643 1.8067775422039936e-06
644 1.743306903362278e-06
645 1.988411736479223e-06
646 1.9273368099674808e-06
647 1.579721122876479e-06
648 2.109137569938329e-06
649 2.0001079357026094e-06
650 1.8923842456222808e-06
651 1.5382510731865546e-06
652 1.7514350220840973e-06
653 1.55575136050685e-06
654 1.6692724792421526e-06
655 1.6197319471342652e-06
656 1.6928641136494766e-06
657 1.9628503608537256e-06
658 1.844381610772916e-06
659 1.9854371317044877e-06
660 1.7417804890110464e-06
661 1.6583436297143682e-06
662 1.5387617795752926e-06
663 1.8517994348227975e-06
664 1.8677528284153448e-06
665 1.8159467515216564e-06
666 1.948693535755757e-06
667 1.7388537959231837e-06
668 1.7466681399298485e-06
669 2.048531590589912e-06
670 2.0811527656533637e-06
671 1.9942851367761926e-06
672 1.775539321436681e-06
673 1.5474912822995233e-06
674 1.6154450255336824e-06
675 1.5801782864495726e-06
676 1.5809936442089645e-06
677 1.9018308134095449e-06
678 1.5428747600667744e-06
679 1.6207169955729781e-06
680 2.033521863953697e-06
681 1.6137071422555822e-06
682 1.909631535224174e-06
683 1.985060377388909e-06
684 1.4281994186477381e-06
685 1.6951065649324918e-06
686 1.929064300349216e-06
687 1.7560248042368465e-06
688 1.7835068198384504e-06
689 1.8796676366150299e-06
690 1.8640134941309328e-06
691 1.965666445804862e-06
692 2.0243130751898293e-06
693 1.7991179596649176e-06
694 2.017135181183022e-06
695 2.101291575949224e-06
696 1.7847335676095945e-06
697 1.4473198675605483e-06
698 1.470204207389587e-06
699 2.0480941532338414e-06
700 1.8306965576531893e-06
701 2.113368939306584e-06
702 1.9661389037107965e-06
703 2.0162799587659757e-06
704 1.977919451227123e-06
705 1.72988835341848e-06
706 1.8575724866320227e-06
707 1.9515821959350447e-06
708 1.9660797929341906e-06
709 1.710762995673488e-06
710 1.6660614577664747e-06
711 1.2708440020455392e-06
712 1.8337984376078595e-06
713 1.9569715333955034e-06
714 1.967958206110526e-06
715 1.8939563408378977e-06
716 1.6984536148985349e-06
717 1.9005364283763658e-06
718 1.9029334777965873e-06
719 2.0549047671511535e-06
720 2.041210096732008e-06
721 1.512949410044701e-06
722 1.8583724466753382e-06
723 1.964816489041629e-06
724 1.8664286197573707e-06
725 1.9712802969280052e-06
726 1.4932100826274417e-06
727 1.8171833760298107e-06
728 1.5114735941474604e-06
729 1.6450721203352677e-06
730 1.710451226467026e-06
731 1.621829371009654e-06
732 1.56792859001024e-06
733 1.7038668647819545e-06
734 1.9068881760875974e-06
735 1.6121819607792455e-06
736 1.5171908073730382e-06
737 1.6587630596888445e-06
738 1.6362993411917966e-06
739 1.5001638064771945e-06
740 1.6481884268664083e-06
741 1.6598197579847471e-06
742 1.8809058451567862e-06
743 1.8432558756645218e-06
744 1.5703332411349559e-06
745 1.8061829440102276e-06
746 2.1983632421699435e-06
747 1.6215969652960344e-06
748 1.7695230211970964e-06
749 2.0380947433185887e-06
750 1.7385807714616221e-06
751 1.6141259501434518e-06
752 2.04117407222205e-06
753 2.0027723723863074e-06
754 1.9876679062576732e-06
755 1.824065069217952e-06
756 1.6221360560806492e-06
757 1.4904375071909794e-06
758 1.5728511340330053e-06
759 1.7436526512107715e-06
760 1.7393201602016268e-06
761 1.873213487540999e-06
762 1.9278741725730666e-06
763 1.8914825605336406e-06
764 1.6923472541121723e-06
765 2.0031408780893215e-06
766 1.6989392499191162e-06
767 1.782147131547982e-06
768 1.768681150764483e-06
769 2.018609892390649e-06
770 1.8999381709579602e-06
771 1.6894688807168538e-06
772 1.6641279305429053e-06
773 1.9259306172740406e-06
774 1.7894991083271306e-06
775 1.733337519872714e-06
776 1.8729493225365226e-06
777 1.914020876572921e-06
778 1.7808615197431603e-06
779 1.8303657309782524e-06
780 1.6345154044930724e-06
781 1.7210891794899348e-06
782 1.5256258298331882e-06
783 1.8519790841611658e-06
784 1.5174832876300095e-06
785 1.711514876479424e-06
786 1.6863768418157516e-06
787 2.0416929280346805e-06
788 1.67986637257212e-06
789 1.6469378859653238e-06
790 1.92589043891579e-06
791 1.609341875201378e-06
792 1.7717624357097e-06
793 1.9326345894792702e-06
794 1.767247081600561e-06
795 1.7145201213674968e-06
796 1.5931761456448631e-06
797 1.5438839279294848e-06
798 1.62335814996264e-06
799 1.6025082569804235e-06
800 1.776886878277487e-06
801 1.4523342763761746e-06
802 1.6964754635556248e-06
803 1.9291404047443877e-06
804 1.8831441664350022e-06
805 1.9184908761981196e-06
806 1.4725655097531368e-06
807 1.7806596540119092e-06
808 1.854434693392186e-06
809 1.7381508574777104e-06
810 1.3303168661435149e-06
811 2.0017447411100146e-06
812 1.7985699375525411e-06
813 2.1193427107239056e-06
814 1.9106858362779886e-06
815 1.6645782456262977e-06
816 1.7929834440907624e-06
817 1.922875209624887e-06
818 1.7698402595580948e-06
819 1.5515864859632324e-06
820 1.7150729080823408e-06
821 1.6996925239775987e-06
822 1.7011958379452426e-06
823 1.7164811357012724e-06
824 1.6937076096770325e-06
825 2.129376211176126e-06
826 1.7137616102172634e-06
827 1.5348496361342564e-06
828 1.6181495124529253e-06
829 1.86636932516793e-06
830 2.0483897833842375e-06
831 1.8073986649797296e-06
832 1.7463541974411855e-06
833 1.7604741021702481e-06
834 2.1428020214315308e-06
835 1.7680419909451608e-06
836 1.9839671122736366e-06
837 1.759303694188399e-06
838 1.9093605889820962e-06
839 1.6043886916792459e-06
840 1.6821524442536688e-06
841 1.819347076908661e-06
842 1.6887309836769785e-06
843 1.7512099643795658e-06
844 1.5614138599733143e-06
845 1.8430552899686661e-06
846 1.5665893324242288e-06
847 1.8761930904782082e-06
848 1.7245211132279861e-06
849 2.0572473215014693e-06
850 2.038747589059385e-06
851 1.6377060605053322e-06
852 1.6669294022311653e-06
853 1.8651817294597805e-06
854 1.5521393060239602e-06
855 1.7542003341679863e-06
856 1.4243684224725183e-06
857 2.0857090433187856e-06
858 1.781961883187564e-06
859 1.8133086817603551e-06
860 1.9284402214152127e-06
861 1.9218392115545444e-06
862 1.4355558093614948e-06
863 2.1934401153158577e-06
864 1.6367555775834812e-06
865 1.7436806917687377e-06
866 1.9486275641120306e-06
867 1.6808407539132453e-06
868 2.1659282113053976e-06
869 1.7439990975908817e-06
870 1.8323939173444594e-06
871 1.751895031009694e-06
872 1.482165778987072e-06
873 1.6386118147365076e-06
874 1.7100294340820053e-06
875 1.8176989192605767e-06
876 1.8613213128522957e-06
877 1.9390782194867234e-06
878 1.8018658544313645e-06
879 1.6842970133151612e-06
880 1.7966057546596805e-06
881 1.6752264989406691e-06
882 1.7536032386398874e-06
883 2.053325669149733e-06
884 1.8454582605016448e-06
885 1.8394724735116277e-06
886 1.782770414532608e-06
887 1.7928461041420736e-06
888 1.9284379212328996e-06
889 1.7129816179226333e-06
890 1.9030062775856458e-06
891 1.721666473378062e-06
892 1.7808833871701502e-06
893 1.5208127363544995e-06
894 2.071499355544057e-06
895 1.8356243245348164e-06
896 1.98761800188942e-06
897 1.7411620818224702e-06
898 1.7967778672508153e-06
899 1.7035518009704255e-06
900 1.4954021359523002e-06
901 1.7638164623296262e-06
902 1.7345613342080643e-06
903 1.6883963686256786e-06
904 1.9877265581868115e-06
905 1.7886751919650765e-06
906 1.9053671158072563e-06
907 1.7099274444108956e-06
908 1.925271440362364e-06
909 1.7571998261452226e-06
910 1.710096235130993e-06
911 1.5589315738320886e-06
912 2.179895208200343e-06
913 2.0064646305650857e-06
914 1.6739924703219873e-06
915 1.7581030190596769e-06
916 1.773668121391043e-06
917 1.9260498216528854e-06
918 1.5809428374991532e-06
919 1.8742604961779915e-06
920 2.0182883740073457e-06
921 1.7426151825214397e-06
922 1.7864839353408387e-06
923 1.933293762073857e-06
924 1.8062946539883758e-06
925 1.906741532846388e-06
926 1.7736638242421128e-06
927 1.9178655704822537e-06
928 1.9422127996997358e-06
929 1.6221242841864325e-06
930 1.8135100153295057e-06
931 1.6871406090478575e-06
932 1.623830526338235e-06
933 1.744352603764868e-06
934 1.922479498420581e-06
935 1.708864992140286e-06
936 1.7765968581355042e-06
937 1.447764225434234e-06
938 1.3198031174835453e-06
939 1.5966101068552393e-06
940 1.8072922293355433e-06
941 1.8089592655693185e-06
942 1.6651499110692384e-06
943 1.8971134335549986e-06
944 1.6826047121459786e-06
945 1.640830286644703e-06
946 1.649312777224017e-06
947 1.471863524798399e-06
948 1.738554570316108e-06
949 1.9130217374052122e-06
950 1.7305134501802843e-06
951 1.4722418613514284e-06
952 1.586497050337302e-06
953 1.657692524569335e-06
954 2.0096139505182823e-06
955 1.7535211400931656e-06
956 1.5108259644795386e-06
957 2.1267159951565673e-06
958 1.943433385450211e-06
959 1.8435632679890442e-06
960 1.6466014374964643e-06
961 1.641114433664486e-06
962 1.992097237496458e-06
963 1.7953006817104216e-06
964 1.7898452866027134e-06
965 2.0504550774756866e-06
966 1.5681740978329568e-06
967 2.0779122466798564e-06
968 1.872022132693774e-06
969 1.6049398399056708e-06
970 1.7534183227111864e-06
971 1.9843097641520514e-06
972 2.026609548087566e-06
973 1.7667270476593092e-06
974 1.731419484265289e-06
975 1.9348526357158145e-06
976 1.9166013776475006e-06
977 1.7128902542852216e-06
978 1.3297027579429663e-06
979 1.787121396492125e-06
980 1.8621392337220535e-06
981 1.7674560501815332e-06
982 1.7677288219082398e-06
983 1.6632091661102545e-06
984 1.6797276037479382e-06
985 1.5450147179561043e-06
986 1.4659306224914152e-06
987 1.8522711562924612e-06
988 2.108520926280857e-06
989 2.0592546107372086e-06
990 2.0389690234541213e-06
991 1.9184959825491323e-06
992 1.6049892707426799e-06
993 1.8992555706372773e-06
994 1.8626455845943295e-06
995 1.97033961516626e-06
996 1.6418360190864547e-06
997 1.961413542527328e-06
998 1.4687346340848505e-06
999 1.9035249832946992e-06
