0 4.301239069718992e-07
1 7.475180227417235e-07
2 3.6549750184769673e-07
3 6.633221755735766e-07
4 9.749189849705045e-07
5 2.7188440034315417e-07
6 4.88907477513885e-07
7 6.923394713629831e-07
8 7.28794819114898e-07
9 7.169840943393239e-07
10 4.999646548331315e-07
11 9.530959922539312e-07
12 6.257658507450493e-07
13 1.153963625629368e-06
14 1.045854147259848e-06
15 5.635622768570068e-07
16 4.776862292779725e-07
17 4.032662705602932e-07
18 9.161770393440023e-07
19 8.465991942685532e-07
20 6.590203046289996e-07
21 6.575368978043089e-07
22 8.61709300736342e-07
23 5.05128463895121e-07
24 5.551861332367884e-07
25 1.209450389592793e-06
26 8.706590021370797e-07
27 8.625259654167486e-07
28 8.478970586608344e-07
29 6.889967696441708e-07
30 1.0480443313817547e-06
31 8.389566471789099e-07
32 1.2031931688273877e-06
33 9.26807910356253e-07
34 7.710487142645652e-07
35 7.852896467275946e-07
36 1.0130563490812663e-06
37 6.757589067580262e-07
38 8.302083482923849e-07
39 8.537092551847998e-07
40 1.12439741594464e-06
41 8.020900964745925e-07
42 5.838393001890162e-07
43 7.039350457140722e-07
44 8.379774918363591e-07
45 1.2077689719571679e-06
46 8.820719365484936e-07
47 7.636208646159096e-07
48 3.2570030351114034e-07
49 7.616098988538909e-07
50 8.798280574006238e-07
51 6.88415860000661e-07
52 1.2245012739171139e-06
53 8.842023888923528e-07
54 4.2826514370206603e-07
55 6.84398245222287e-07
56 1.2481653049665123e-06
57 7.252196314511614e-07
58 9.736678995995452e-07
59 7.366896039425957e-07
60 1.0925417492385254e-06
61 5.580583841220864e-07
62 8.187647196511381e-07
63 8.079239182502706e-07
64 4.270232717972086e-07
65 1.125091612519688e-06
66 1.3035960701896895e-06
67 7.007074328006035e-07
68 6.273347896935685e-07
69 7.340159690921275e-07
70 3.9962715735078276e-07
71 9.0741048744085e-07
72 9.572271867045057e-07
73 1.061475235213499e-06
74 7.386981487478067e-07
75 6.177255039083034e-07
76 2.3539197092070445e-07
77 4.715097849165891e-07
78 1.1688030399900604e-06
79 8.413939548590503e-07
80 3.7576242846090286e-07
81 5.342948017122629e-07
82 9.889269584341107e-07
83 8.560568339268088e-07
84 9.284322167812851e-07
85 1.0484226405878694e-06
86 4.246932277701155e-07
87 1.1150679206528513e-06
88 2.715373398929363e-07
89 6.996838694742953e-07
90 9.57095428293455e-07
91 1.1692803924687832e-06
92 6.612682407614466e-07
93 1.1948515385867486e-06
94 7.691203109574112e-07
95 1.044237711485766e-06
96 8.696056620284977e-07
97 1.1281764775704258e-06
98 7.252254442584392e-07
99 9.454098433477532e-07
100 9.443752147857698e-07
101 8.814452653266471e-07
102 5.952914546375788e-07
103 1.018879442060359e-06
104 6.098292309516504e-07
105 1.3497440090416252e-06
106 9.970554982966998e-07
107 6.498640323699456e-07
108 9.423300627948014e-07
109 1.0038597835264045e-06
110 5.995844230621814e-07
111 3.161179317312025e-07
112 4.741050690780383e-07
113 9.726196018836395e-07
114 8.395330831668966e-07
115 5.844109527200922e-07
116 7.719381401905916e-07
117 5.692163523837651e-07
118 6.971197625352668e-07
119 7.833141369139463e-07
120 6.709280896609284e-07
121 8.98621716579687e-07
122 9.130188941303436e-07
123 7.399973585864179e-07
124 8.551687619989419e-07
125 3.218359559217368e-07
126 1.3531158416277636e-06
127 1.0517895857458318e-06
128 3.5595527802162993e-07
129 5.525717549840567e-07
130 9.74653586979725e-07
131 6.560146763220764e-07
132 1.451137119625072e-06
133 1.0674517213213686e-06
134 4.3673249380714305e-07
135 1.2798863374297086e-06
136 5.150255237836361e-07
137 1.036882454940339e-06
138 6.941641658449112e-07
139 7.833717438173276e-07
140 9.60525221147505e-07
141 6.687045762989378e-07
142 1.0927769217648574e-06
143 7.837612973757568e-07
144 7.647888235946122e-07
145 1.1245307976424082e-06
146 7.338597990377216e-07
147 7.794939098776038e-07
148 1.089166263500821e-06
149 4.30391141626206e-07
150 3.804955014429029e-07
151 6.36874132870999e-07
152 1.2853733344943234e-06
153 7.825564901743658e-07
154 6.846015229991794e-07
155 6.793058686865982e-07
156 9.452374924492069e-07
157 7.932736134353278e-07
158 1.4824541815895878e-06
159 1.0574431897612508e-06
160 1.2450893698597901e-06
161 8.121874780249724e-07
162 1.1513719654426536e-06
163 3.175197701103877e-07
164 8.928421216427105e-07
165 5.545148137900621e-07
166 4.1237242977959875e-07
167 5.554598661971586e-07
168 7.746255286742098e-07
169 5.746607689525358e-07
170 9.761244511841049e-07
171 9.302733546299042e-07
172 6.055575297556739e-07
173 1.0125153882456484e-06
174 8.223348140221677e-07
175 5.62812673964734e-07
176 6.201385472947759e-07
177 5.364285589778128e-07
178 6.647364600810914e-07
179 8.799059481123518e-07
180 7.960663025109345e-07
181 1.0931027723294283e-06
182 5.628809546415143e-07
183 7.852718902453952e-07
184 8.219824477441416e-07
185 1.084358287387999e-06
186 1.0751983116235977e-06
187 7.944632479178608e-07
188 9.624257800422083e-07
189 9.400512764859919e-07
190 9.952635949133233e-07
191 9.084245914117431e-07
192 8.274669720456809e-07
193 7.723918921962715e-07
194 6.61377460780432e-07
195 1.1210210111151404e-06
196 5.616650213844689e-07
197 6.457271125043333e-07
198 1.1515259616160093e-06
199 9.238081602414095e-07
200 8.844346453322631e-07
201 1.050289485017801e-06
202 6.499966935943615e-07
203 1.0250833385605955e-06
204 7.076038228302152e-07
205 6.984161648892413e-07
206 8.815790554420473e-07
207 3.566629112526051e-07
208 8.241006423963672e-07
209 -3.6182435857558856e-08
210 4.4903323667249713e-07
211 7.651216524947755e-07
212 1.204483705813567e-06
213 8.434394953901924e-07
214 4.7056532270623186e-07
215 7.107326373494427e-07
216 9.483887954040561e-07
217 6.171225128925697e-07
218 1.0889980887591134e-06
219 7.091020701989693e-07
220 5.384561214023758e-07
221 4.6870521203002834e-07
222 8.34705628118609e-07
223 5.520445365183638e-07
224 1.0003585930412787e-06
225 5.865941367192365e-07
226 9.943413414094967e-07
227 1.0165084450825598e-06
228 6.717596507687568e-07
229 9.028531500721854e-07
230 8.147970882785333e-07
231 5.494422107555686e-07
232 1.0346538378668522e-06
233 8.13115590119329e-07
234 8.542102737727381e-07
235 5.378958586455543e-07
236 6.915993507208971e-07
237 3.9819024785755923e-07
238 1.1699093799870242e-06
239 7.499722005591675e-07
240 5.620537275750786e-07
241 9.073549043555643e-07
242 5.487587723986058e-07
243 9.693166868675576e-07
244 1.0644172577349444e-06
245 5.168330735651024e-07
246 8.421023894996271e-07
247 1.1723154274782172e-06
248 1.0102558350340817e-06
249 7.04915824664261e-07
250 8.780671081133469e-07
251 1.0542536936960784e-06
252 3.086664743037264e-07
253 9.064741279744808e-07
254 7.186768026973822e-07
255 1.1478118687101909e-06
256 6.431381256103898e-07
257 1.0889690766565542e-06
258 7.658418902560915e-07
259 7.089160755655384e-07
260 1.1179954564629481e-06
261 9.056889790668771e-07
262 1.191397937558109e-06
263 5.580169224331765e-07
264 5.342379845019431e-07
265 7.053438536099253e-07
266 5.848013662517536e-07
267 1.046926220336562e-06
268 1.1241371806262351e-06
269 4.398741039864728e-07
270 6.730981778725802e-07
271 7.137521893366195e-07
272 9.241901657824282e-07
273 6.803118822477759e-07
274 1.0118675730502547e-06
275 7.957631320417486e-07
276 1.0051327351601796e-06
277 5.354872688519623e-07
278 1.0459447378421566e-06
279 1.1546571326998e-06
280 1.0202895669266848e-06
281 2.1867985558267852e-07
282 1.0381121424197786e-06
283 9.511058617234715e-07
284 9.449521634511333e-07
285 7.997914371008725e-07
286 5.321376710492548e-07
287 5.076799736118525e-07
288 6.018229098302518e-07
289 8.899141141783472e-07
290 7.232777821403521e-07
291 7.759858827613604e-07
292 7.159263477129844e-07
293 8.054087508830256e-07
294 1.5003621721756817e-06
295 4.5595877527782285e-07
296 6.443171332684407e-07
297 3.7408137864891506e-07
298 9.023204248652164e-07
299 9.41133966749432e-07
300 1.3536960539813218e-06
301 7.244042102328624e-07
302 6.489598986128054e-07
303 4.886404195692967e-07
304 3.860111255755802e-07
305 1.343927515227028e-06
306 1.3265120319626572e-06
307 6.071226714770931e-07
308 8.424584037495427e-07
309 1.1666342629933663e-06
310 1.0645237743328113e-06
311 9.448712980370749e-07
312 5.453819311872059e-07
313 1.0193579169257593e-06
314 1.2269039263372027e-06
315 5.168060672548744e-07
316 7.156701118318917e-07
317 9.337908829391787e-07
318 6.157207508853747e-07
319 8.319817540584267e-07
320 7.48862976530845e-07
321 1.085377682403773e-06
322 5.427850405670708e-07
323 4.107934661573121e-07
324 5.675047573550961e-07
325 9.077564542762656e-07
326 8.509175867985737e-07
327 7.738715393451759e-07
328 6.694839515398226e-07
329 9.844762443366362e-07
330 7.475968470405058e-07
331 7.568155563190947e-07
332 4.238451978031289e-07
333 1.018858658347677e-06
334 8.894670965004456e-07
335 5.323523099914391e-07
336 9.560453507560944e-07
337 6.982759378703593e-07
338 6.236386558703328e-07
339 1.1650253644155999e-06
340 9.043631647560044e-07
341 8.247676941639601e-07
342 7.397099049593405e-07
343 7.901083143055429e-07
344 6.713963494868862e-07
345 9.679112582390865e-07
346 5.274038461017608e-07
347 1.1125818811907958e-06
348 6.695878792063676e-07
349 9.156224084172659e-07
350 9.623685961381433e-07
351 1.2204169518090664e-06
352 1.0707287831435728e-06
353 9.155613991799401e-07
354 6.431421046718633e-07
355 4.640710704024741e-07
356 4.4665055985589906e-07
357 7.65209190210102e-07
358 7.023144070443091e-07
359 7.163190848836056e-07
360 5.282564830255035e-07
361 8.31499744953571e-07
362 6.799476128557673e-07
363 6.698154205816554e-07
364 9.821732577520538e-07
365 8.298301322904767e-07
366 7.388209702282519e-07
367 6.497806716478835e-07
368 8.898381465375022e-07
369 1.0746561954008559e-06
370 1.9919868952170434e-07
371 8.654759549761726e-07
372 6.680641883453525e-07
373 1.0384885351192524e-06
374 6.213824486707752e-07
375 7.038866433795767e-07
376 6.002028105913373e-07
377 6.214898973183377e-07
378 5.834490116768821e-07
379 9.613549436919638e-07
380 7.639067527647003e-07
381 9.747033135342804e-07
382 9.476464017006621e-07
383 4.708274061719187e-07
384 5.243836731759548e-07
385 1.148857235918194e-06
386 9.987698442007112e-07
387 1.2082169588064864e-06
388 2.3347813950355936e-07
389 5.404758341993662e-07
390 8.516104623886972e-07
391 1.0378994726425849e-06
392 7.443266177877511e-07
393 6.622812402451837e-07
394 8.099372147105985e-07
395 6.552231493172673e-07
396 5.026012585176644e-07
397 9.280724171134173e-07
398 8.517499891875789e-07
399 1.1118928004968306e-06
400 2.1842371185672248e-07
401 8.576215590611332e-07
402 8.129346558464687e-07
403 2.9030275350807093e-07
404 7.388008180041674e-07
405 1.1263669842954006e-06
406 3.0490071192601413e-07
407 1.1054770178371184e-06
408 7.040895193288365e-07
409 1.3804546495561058e-06
410 5.20645145714703e-07
411 4.704312564527504e-07
412 8.236294649712097e-07
413 6.831291593040841e-07
414 1.0900385365055387e-06
415 1.079721737861237e-06
416 9.33627196964319e-07
417 8.870269289875998e-07
418 4.1353713102365996e-07
419 7.050362338288856e-07
420 3.891254180777638e-07
421 9.594478257389727e-07
422 1.0510965028680108e-06
423 1.0025540843365622e-06
424 7.239446827649394e-07
425 7.681370141271916e-07
426 9.104334050480358e-07
427 1.0554284261441933e-06
428 5.961948217531242e-07
429 8.817012046309194e-07
430 1.3825409251501017e-06
431 8.543727754476551e-07
432 4.3349898339866286e-07
433 7.287400515239867e-07
434 6.566478982767104e-07
435 6.850742940329936e-07
436 1.0640102753333293e-06
437 5.832106452407121e-07
438 9.236872317035763e-07
439 4.875675155909511e-07
440 9.031732598994214e-07
441 1.2918580204655848e-06
442 4.3809281422315757e-07
443 6.477845262013009e-07
444 1.1531674695171349e-06
445 7.774586284510157e-07
446 8.15122686966789e-07
447 8.236945219656723e-07
448 6.852622269426828e-07
449 5.002272871010849e-07
450 8.320625734894109e-07
451 8.430597992656294e-07
452 5.360118777254183e-07
453 9.209450942690782e-07
454 5.793890571074169e-07
455 8.639804092247751e-07
456 7.661447336127906e-07
457 7.122789342857876e-07
458 8.63714416209827e-07
459 7.122610383447047e-07
460 1.0044312584356203e-06
461 9.243464155324341e-07
462 6.114495553402022e-07
463 7.435400685776366e-07
464 6.815880673773045e-07
465 6.365268832816383e-07
466 6.226556593084675e-07
467 6.458289274020912e-07
468 5.935853233158475e-07
469 7.09177190624133e-07
470 8.838471775565248e-07
471 7.183273822385814e-07
472 5.71863989796496e-07
473 8.720283273657269e-07
474 4.911689509470465e-07
475 1.0182831657471795e-06
476 1.1121424371856525e-06
477 7.432888656828637e-07
478 9.007604247961075e-07
479 6.964021607623355e-07
480 1.0676705050993758e-06
481 1.2266543778577403e-06
482 1.0380406114007598e-06
483 6.028881044942362e-07
484 1.0183073535888818e-06
485 6.010946317785451e-07
486 7.479932411673294e-07
487 1.0069538749221366e-06
488 1.4111124717432464e-06
489 9.086485645136062e-07
490 6.413930268052601e-07
491 8.846165881663168e-07
492 8.134139419676333e-07
493 4.6371439943417425e-07
494 7.016112560612112e-07
495 8.210645235773828e-07
496 3.662697396115037e-07
497 7.039661312541088e-07
498 8.146819258032168e-07
499 8.819212892606704e-07
500 1.054932817999255e-06
501 1.0892940990210055e-06
502 6.429439773511922e-07
503 9.691399779786553e-07
504 6.79090381190181e-07
505 5.87680114383975e-07
506 8.726047248891132e-07
507 1.1025206575355394e-06
508 6.650299630025796e-07
509 6.69707428254699e-07
510 2.978460296465978e-07
511 1.293264372777052e-06
512 7.373304880528924e-07
513 7.768636324768837e-07
514 9.015064309383466e-07
515 6.810348453896939e-07
516 6.323097236178323e-07
517 8.935142473755027e-07
518 5.918652157129193e-07
519 1.05898395526016e-06
520 7.883687736100602e-07
521 6.78643164688557e-07
522 7.941634113461409e-07
523 1.0982296278547523e-06
524 1.3156482059505512e-06
525 6.331762655216048e-07
526 9.091450303165808e-07
527 7.36498089509003e-07
528 9.663505509568228e-07
529 2.977078984853385e-07
530 1.2782922976215818e-06
531 8.678073855457091e-07
532 6.367163885645476e-07
533 6.480900586537048e-07
534 8.69768949771787e-07
535 9.129296518621027e-07
536 8.421835827469966e-07
537 9.279843151333401e-07
538 4.682338623182616e-07
539 6.446617783139665e-07
540 9.551459584074853e-07
541 5.237767188516894e-07
542 6.921290181571949e-07
543 1.2091587839309668e-06
544 1.0713108457193585e-06
545 8.071943372290818e-07
546 7.672943893909801e-07
547 7.630766739550099e-07
548 3.711188723452136e-07
549 6.074784299982306e-07
550 7.883684557322266e-07
551 9.841914444040562e-07
552 1.068162431824049e-06
553 5.559018558763122e-07
554 3.794915047448205e-07
555 6.206482651249095e-07
556 8.734812658303716e-07
557 8.478924148787845e-07
558 1.351847656352189e-06
559 4.0739046075723255e-07
560 8.392046009927503e-07
561 6.342267700803729e-07
562 8.452952859403872e-07
563 1.1334672615605638e-06
564 1.0857115859210664e-06
565 1.2511358313517097e-06
566 8.895902939016052e-07
567 4.3906252094534303e-07
568 1.0323818122464721e-06
569 7.268157697877222e-07
570 4.894940636571322e-07
571 7.6278352881151e-07
572 8.623357076713089e-07
573 1.0259854783069178e-06
574 8.102782737915614e-07
575 5.945184910111251e-07
576 9.762568565068047e-07
577 4.5417478406844766e-07
578 1.4484838534298791e-06
579 6.319234730964386e-07
580 6.38813997049444e-07
581 5.037706312671513e-07
582 1.1864355020034561e-06
583 6.081907111183178e-07
584 8.910716526899004e-07
585 1.0058115921854825e-06
586 6.397009132352759e-07
587 1.1187010060991255e-06
588 9.216908003256616e-07
589 7.95965155582004e-07
590 4.890154704434499e-07
591 4.5482502437246803e-07
592 1.0454890829954068e-06
593 7.001116000407157e-07
594 9.663958737338722e-07
595 3.401988318041839e-07
596 6.439271087937094e-07
597 1.0420064248014977e-06
598 7.621480298491482e-07
599 4.50833256001298e-07
600 9.123123530281975e-07
601 6.112711588687249e-07
602 9.703891741137173e-07
603 8.055130086156277e-07
604 6.753436778058037e-07
605 8.587094736393034e-07
606 6.070264378408614e-07
607 7.828904557714532e-07
608 6.684669121402987e-07
609 9.020812394007691e-07
610 1.0367521382455557e-06
611 9.454090344215679e-07
612 9.532586802163912e-07
613 8.058468349364847e-07
614 7.292982910361205e-07
615 4.7367404353797723e-07
616 9.107057172840326e-07
617 4.1163608699096474e-07
618 6.939121893454395e-07
619 5.498939746405152e-07
620 7.103391834121068e-07
621 8.829930107989471e-07
622 8.417484896504811e-07
623 4.550818029443518e-07
624 9.613608669665221e-07
625 6.730885894556865e-07
626 9.00333433201809e-07
627 5.839175035636017e-07
628 8.150290552260372e-07
629 1.0533801989116788e-06
630 9.952331299022436e-07
631 9.03272444542339e-07
632 7.864396147867867e-07
633 7.518203214983889e-07
634 7.729237872175614e-07
635 8.956279033896137e-07
636 8.010300210596077e-07
637 5.826970780884313e-07
638 2.1304933652243403e-07
639 8.350566015126258e-07
640 6.230676940448343e-07
641 1.0226697692987545e-06
642 6.49359236129843e-07
643 2.809267873922472e-07
644 6.349404201437001e-07
645 6.838971742470345e-07
646 1.047686445246077e-06
647 7.132685004024298e-07
648 3.2543459822117674e-07
649 8.310956754897218e-07
650 8.369425495927262e-07
651 9.434289239844967e-07
652 6.626685500583456e-07
653 8.249829562985672e-07
654 5.876609230497251e-07
655 1.0087521517493012e-06
656 4.245009425232513e-07
657 5.661506620514741e-07
658 8.376580632790819e-07
659 5.867871410220813e-07
660 6.169945648971567e-07
661 6.315531971677988e-07
662 3.426212872094012e-07
663 6.166366379860291e-07
664 5.946269016943238e-07
665 3.131174284000927e-07
666 3.0277210268219304e-07
667 1.3854911045295004e-06
668 9.89586460752539e-07
669 6.850624570531242e-07
670 1.0168968247044456e-06
671 9.949812409516995e-07
672 6.052098258348456e-07
673 1.3601551161263468e-06
674 6.123300855162561e-07
675 6.822028428375151e-07
676 1.1150652011174797e-06
677 6.360234863352318e-07
678 6.086642675525787e-07
679 5.274552437603775e-07
680 1.0058377776181944e-06
681 1.1840508567533404e-06
682 5.90261446130912e-07
683 5.940474322964856e-07
684 8.781307712160229e-07
685 8.264133510270084e-07
686 7.051464899737991e-07
687 7.782311033200129e-07
688 1.2060297054955268e-06
689 1.9980032710346976e-07
690 1.4145294077927945e-06
691 8.018561809759828e-07
692 6.569124571476876e-07
693 7.329179090892899e-07
694 6.390284497789288e-07
695 6.641711248127903e-07
696 7.907259620987857e-07
697 1.174443363839516e-06
698 5.246515019796388e-07
699 3.774119816500375e-07
700 5.288794726624973e-07
701 1.0582951008707997e-06
702 8.454646266863246e-07
703 7.152854375787908e-07
704 1.160859220907223e-06
705 6.012044427417152e-07
706 4.172860101623288e-07
707 9.643719205760987e-07
708 9.269149393571269e-07
709 4.2356333329877365e-07
710 8.732672313073791e-07
711 6.160511522235512e-07
712 6.902682048721367e-07
713 1.1801313436498795e-06
714 8.312606916618495e-07
715 1.2776206533039386e-06
716 6.87037749204146e-07
717 1.042588538644974e-06
718 7.688076035267965e-07
719 6.666118525330634e-07
720 9.110195778679947e-07
721 1.726675737400345e-07
722 1.165054559189722e-06
723 1.0560971418521211e-06
724 5.745837813437106e-07
725 1.3242530809457312e-06
726 1.2523587752923491e-06
727 6.450826580964305e-07
728 1.0015698134810261e-06
729 8.149590329746757e-07
730 7.950874638343075e-07
731 9.419728270434785e-07
732 1.0803531803804873e-06
733 4.3777898202090266e-07
734 1.117679011025926e-06
735 6.527395472760048e-07
736 7.081826423883717e-07
737 7.576526956734147e-07
738 7.518852537637776e-07
739 1.0047516070754605e-06
740 7.679837236043842e-07
741 1.017222631391178e-06
742 5.871085592418543e-07
743 5.993688182670246e-07
744 1.1036642351354807e-06
745 5.754231594795299e-07
746 7.519374585945111e-07
747 1.222639843179023e-06
748 7.188871070657681e-07
749 6.443664331238871e-07
750 8.313384890974457e-07
751 7.410057928329296e-07
752 5.162431578809617e-07
753 1.053904703424045e-06
754 5.205873475708396e-07
755 5.443382877936769e-07
756 1.176686051264663e-06
757 5.918214052800358e-07
758 2.951469086646781e-07
759 1.4777472895087735e-06
760 8.683360775742459e-07
761 6.228248888604023e-07
762 6.586094825133458e-07
763 8.374675824125531e-07
764 1.0429895448496742e-06
765 6.048087912578291e-07
766 9.93014640301123e-07
767 1.0674841759489706e-06
768 1.2380499868074357e-06
769 4.091929404522659e-07
770 6.405363048373348e-07
771 6.573545684582027e-07
772 6.921772583675292e-07
773 8.757414760748354e-07
774 7.998473394377584e-08
775 1.287780466453291e-06
776 1.3201235104888539e-06
777 7.92031486232553e-07
778 7.052607007023549e-07
779 7.760443490885309e-07
780 1.0747583342074586e-06
781 4.6603537065902747e-07
782 8.259942991081939e-07
783 6.66532583839336e-07
784 9.43539547470079e-07
785 9.039576638679195e-07
786 4.2119032015577124e-07
787 8.308317391939793e-07
788 8.49256319074455e-07
789 1.1632369505547589e-06
790 1.177497176044398e-06
791 1.1646605738049677e-06
792 1.1962785721447815e-06
793 3.425056333196867e-07
794 9.860487115565694e-07
795 6.673547491372646e-07
796 6.986049365267881e-07
797 1.0829545691587398e-06
798 6.248324910629971e-07
799 7.848106899532457e-07
800 1.0042710236732342e-06
801 8.020279541815799e-07
802 1.2524087016617565e-06
803 6.813973427562126e-07
804 7.565929376744423e-07
805 4.5178148581942685e-07
806 8.42903294137479e-07
807 1.2333044227947643e-06
808 9.608359596014064e-07
809 6.535360829295273e-07
810 5.965977548961956e-07
811 1.0901542727465993e-06
812 5.594639073595952e-07
813 8.87962321896876e-07
814 6.407608949206818e-07
815 9.863069703549346e-07
816 4.7368169140399277e-07
817 5.601531766651327e-07
818 6.055745604662073e-07
819 4.487989816737641e-07
820 5.998541875067483e-07
821 4.0514172491680633e-07
822 1.3198872528694179e-06
823 1.0870874389039573e-06
824 9.379544536616935e-07
825 8.545632159125441e-07
826 1.1578597228857048e-06
827 7.281111970299279e-07
828 1.035342159138284e-06
829 2.916507168791733e-07
830 9.6362187295144e-07
831 7.688536546735751e-07
832 1.1298541715818954e-06
833 2.8466109560949485e-07
834 4.732404384651806e-07
835 6.086508802401594e-07
836 6.310963189526746e-07
837 8.772919843400739e-07
838 7.221611012843987e-07
839 9.70721770931735e-07
840 7.298275881355236e-07
841 6.329900804193931e-07
842 3.7340864241076657e-07
843 8.454379312475003e-07
844 8.117853968970163e-07
845 5.161067232120038e-07
846 1.0182489018792976e-06
847 8.858758305255387e-07
848 1.2397922223450509e-06
849 9.74593979637429e-07
850 4.819797452264093e-07
851 7.053037598807635e-07
852 7.664172268936308e-07
853 8.055531858399768e-07
854 7.401609089555511e-07
855 4.954795147007515e-07
856 8.607611966092176e-07
857 1.098233217371872e-06
858 8.355665683125322e-07
859 9.003156652276451e-07
860 8.510913236166894e-07
861 1.1078782471372727e-06
862 1.0950796581802408e-06
863 7.456259376358591e-07
864 5.131837319562628e-07
865 9.692686732451116e-07
866 8.583962019026123e-07
867 1.2017440860969767e-06
868 1.282099925846711e-06
869 7.735504485685417e-07
870 9.728626924485141e-07
871 6.752428216419691e-07
872 3.023919865573926e-07
873 1.0368583774374583e-06
874 1.14300286431997e-06
875 5.378762744091476e-07
876 9.418361645013666e-07
877 5.606216654287335e-07
878 7.768240895223879e-07
879 7.086837098219876e-07
880 6.01801147702454e-07
881 8.694658002115449e-07
882 6.49298745857444e-07
883 8.120243819239298e-07
884 7.066543710315824e-07
885 1.2280375929139764e-06
886 1.4458461412157236e-06
887 5.334245828414215e-07
888 6.954886827477096e-07
889 2.759529164400546e-07
890 7.66624690513821e-07
891 1.0827781375069177e-06
892 6.282028100019998e-07
893 7.743814799950982e-07
894 1.183872208656288e-06
895 8.664209345346365e-07
896 4.7576577903172283e-07
897 5.122041362405576e-07
898 7.342136206402548e-07
899 5.009991201390481e-07
900 1.0975808169574108e-06
901 1.3829213527090586e-06
902 8.893083688874333e-07
903 6.436882756265238e-07
904 5.968134802226462e-07
905 1.144537324063787e-06
906 7.089271189273844e-07
907 4.959709331759879e-07
908 7.550816471776171e-07
909 9.924998014101302e-07
910 5.917272623036212e-07
911 1.0372100840176722e-06
912 9.913889303603738e-07
913 1.191981204461982e-06
914 1.011548890267383e-06
915 8.680434629762809e-07
916 6.532178343401891e-07
917 7.384109838376783e-07
918 7.43034342407394e-07
919 7.183694388749868e-07
920 7.255672859637717e-07
921 8.527582667087649e-07
922 6.40641369096934e-07
923 1.098527061104521e-06
924 9.334201820065162e-07
925 9.790464197918288e-07
926 6.785244378505987e-07
927 1.2503935450823135e-06
928 9.006266080445221e-07
929 7.558238903270952e-07
930 2.0779684114745877e-07
931 8.874518324223451e-07
932 5.62607574438397e-07
933 1.2510651117512167e-06
934 8.579559492578497e-07
935 1.1041373299481777e-06
936 1.1218564551168155e-06
937 1.0456946470890847e-06
938 8.335865344758782e-07
939 6.311556500224148e-07
940 1.2718445812275777e-06
941 9.89040785828823e-07
942 8.709690845712896e-07
943 6.230577434484488e-07
944 5.958975300381675e-07
945 5.967448284938718e-07
946 7.640718853718703e-07
947 6.07909861949027e-07
948 6.455620276425309e-07
949 3.5489265219343353e-07
950 1.0439951778243706e-06
951 7.998141340404626e-07
952 7.06550046832378e-07
953 6.660315376229474e-07
954 9.130114923792667e-07
955 8.844425888439053e-07
956 1.088954913319956e-06
957 6.986397621786318e-07
958 5.602544298123075e-07
959 3.8570260730339905e-07
960 1.0490682072193295e-06
961 6.765786045328382e-07
962 3.519266797682418e-07
963 7.78385277501359e-07
964 3.886327879873038e-07
965 5.536270917190645e-07
966 7.649550336359346e-07
967 8.501256584982777e-07
968 2.1160223426080808e-07
969 1.536358357220043e-06
970 8.945169024666312e-07
971 6.952958811437001e-07
972 4.4072514807825095e-07
973 1.150175695793113e-06
974 6.087470091040011e-07
975 8.492266509996246e-07
976 5.685346822136333e-07
977 4.5320865699836974e-07
978 6.492167223859433e-07
979 9.442343418039248e-07
980 5.477068683809714e-07
981 8.084521788957134e-07
982 1.0026652128015286e-06
983 4.620163539026451e-07
984 1.1406574861584105e-06
985 1.2723634333026551e-06
986 1.0884054627377993e-06
987 8.44291795817509e-07
988 1.1237036010545224e-06
989 7.751749093828492e-07
990 7.379772039889317e-07
991 7.606637177460633e-07
992 1.084329375758992e-06
993 4.186991609819589e-07
994 6.145375342396822e-07
995 4.878466462631564e-07
996 8.043736839737918e-07
997 1.0572390050387373e-06
998 8.004972719611419e-07
999 1.0397156178807008e-06
