0 2.7597831754274157e-06
1 2.8702385052684475e-06
2 3.047805544802222e-06
3 3.142452646530067e-06
4 3.094782949673489e-06
5 2.923530446019929e-06
6 3.0002808962375983e-06
7 2.643968353692206e-06
8 2.9051229777502304e-06
9 2.9468262014159003e-06
10 2.6447701864655464e-06
11 2.7354074003961982e-06
12 3.0377701612963654e-06
13 3.2683324514959706e-06
14 2.212398802175658e-06
15 3.1240950575585577e-06
16 2.8232661215566412e-06
17 2.8435748377210955e-06
18 2.5634769362076034e-06
19 2.746607359195708e-06
20 2.7675724446101284e-06
21 2.805979894866164e-06
22 2.7339199198791733e-06
23 3.1949928122890344e-06
24 2.5181526648638534e-06
25 3.125448803837365e-06
26 2.5867021179786137e-06
27 3.0319045222537446e-06
28 2.854278437096426e-06
29 2.851680128322084e-06
30 2.8510118299683026e-06
31 2.4607085866500525e-06
32 2.174142317878554e-06
33 2.872392335449107e-06
34 3.098327134302407e-06
35 2.1288333695033308e-06
36 2.9287048827206126e-06
37 2.783919699945051e-06
38 2.6202334519495767e-06
39 2.4796948768460747e-06
40 3.637326450427149e-06
41 3.216357852418771e-06
42 2.911350290193735e-06
43 3.235179311984536e-06
44 2.6457765813249657e-06
45 2.8795977500046075e-06
46 2.751665602834508e-06
47 2.610216955086431e-06
48 2.80349005678143e-06
49 2.955595279899788e-06
50 2.6207981870642147e-06
51 2.5868711755639904e-06
52 3.3010753675623474e-06
53 3.0148173400191346e-06
54 2.1845481494969293e-06
55 2.7487251907334333e-06
56 2.7464822369711574e-06
57 3.3878429092337338e-06
58 2.8760507463065642e-06
59 2.9802923836010894e-06
60 2.578166153660782e-06
61 2.7215721739817596e-06
62 2.3548829903288364e-06
63 2.782687292160897e-06
64 2.7553871823891072e-06
65 2.727054025991654e-06
66 2.830432765138802e-06
67 2.7484123642072065e-06
68 3.329464698109492e-06
69 2.4544137909571697e-06
70 3.2346733938963862e-06
71 3.2718341123322515e-06
72 2.5402591890572223e-06
73 2.7465202693599564e-06
74 3.6322484782016485e-06
75 3.089048671144193e-06
76 3.01217420237622e-06
77 3.3921178946964203e-06
78 2.7800847484023415e-06
79 2.8435032937823657e-06
80 2.9142483137889792e-06
81 3.237414969114969e-06
82 2.4680444819506926e-06
83 2.739907733404982e-06
84 2.6331404154320317e-06
85 3.111305829301591e-06
86 3.1481534948306817e-06
87 3.0674326980015127e-06
88 2.467338074393206e-06
89 2.6828480547752206e-06
90 2.6643944194847744e-06
91 2.7390696914158364e-06
92 2.5038493852570685e-06
93 3.141525509584756e-06
94 2.785328451441558e-06
95 2.535550367681188e-06
96 2.872081915417677e-06
97 2.591346776048246e-06
98 3.2531659079290894e-06
99 2.824009004900443e-06
100 3.25760471008478e-06
101 2.253541407455725e-06
102 2.8610471232812964e-06
103 2.87726563308671e-06
104 2.421786025113601e-06
105 2.806387421608836e-06
106 2.996476202298566e-06
107 2.6694243471765705e-06
108 2.7927506525190333e-06
109 2.695824624665446e-06
110 3.1423678200512636e-06
111 2.5362562589677624e-06
112 2.0235734833696884e-06
113 2.9613777122505203e-06
114 2.8568233535558753e-06
115 2.5807329435327226e-06
116 2.8568703364263304e-06
117 2.8884502674010706e-06
118 2.9097637826756496e-06
119 2.711145927506046e-06
120 3.2426351574335483e-06
121 2.540492813108858e-06
122 3.2283106378828138e-06
123 3.1659845422548865e-06
124 2.7309443461499847e-06
125 2.715499999859707e-06
126 3.0266741270120427e-06
127 2.3939169257818596e-06
128 2.870623131618382e-06
129 2.5822100853630456e-06
130 2.4972094201958974e-06
131 2.330910200011942e-06
132 2.999460685222353e-06
133 3.1086267952200423e-06
134 2.3969702275240442e-06
135 2.8504703488408607e-06
136 2.7136665313826007e-06
137 2.5005995600555687e-06
138 3.0183623634291223e-06
139 2.47938747623122e-06
140 2.6067088478974657e-06
141 2.8861046303896214e-06
142 2.7880531320580568e-06
143 2.653098087473323e-06
144 2.7148206691587303e-06
145 2.517134430405114e-06
146 2.8000590852356236e-06
147 2.7021572062286258e-06
148 2.6940234328186152e-06
149 2.6569320255458746e-06
150 3.325444256910123e-06
151 3.0607893567199534e-06
152 2.355998670053293e-06
153 3.2206900791683915e-06
154 2.570323712424741e-06
155 3.1010319171600804e-06
156 2.8010670490448105e-06
157 2.3863477380486816e-06
158 2.7367771508774072e-06
159 2.4475272566923864e-06
160 2.559280765766538e-06
161 2.6785403444293e-06
162 2.9454920881014954e-06
163 3.0772714882415557e-06
164 2.474903020722792e-06
165 2.9241000420191163e-06
166 2.749134681814881e-06
167 3.1559957481186305e-06
168 2.9188164592741486e-06
169 2.4537698216680352e-06
170 2.6680975819520175e-06
171 2.812805303383841e-06
172 2.7217508523140374e-06
173 2.8671992932191064e-06
174 3.187861514194044e-06
175 3.0768424197811517e-06
176 2.644266330364912e-06
177 2.944164288621924e-06
178 2.901251548541256e-06
179 3.427775561493976e-06
180 2.754911607083978e-06
181 2.9113676885955415e-06
182 2.8189801066631024e-06
183 3.2002013421033375e-06
184 3.0700073095790677e-06
185 2.6728383667411705e-06
186 2.6140682878313865e-06
187 1.9859031789536894e-06
188 3.2418800134315807e-06
189 3.1114513998128244e-06
190 3.1344109839113636e-06
191 3.008080113504811e-06
192 2.909709133014548e-06
193 2.7607638885560574e-06
194 2.669116304191391e-06
195 2.911143477091299e-06
196 2.9739465054844364e-06
197 2.3395463501454152e-06
198 3.0778455635138663e-06
199 2.953753963386651e-06
200 2.8964608817226144e-06
201 3.8284884205047145e-06
202 2.5554344910442088e-06
203 3.3130011118645866e-06
204 2.107711223349932e-06
205 2.9454315108118e-06
206 2.6063165968347467e-06
207 2.2625333040910955e-06
208 3.383268258717733e-06
209 3.0636551102465357e-06
210 3.0481813443989893e-06
211 3.2602156635377917e-06
212 2.7761216694596464e-06
213 3.0196172873563243e-06
214 2.662909702427283e-06
215 3.119333881582506e-06
216 2.6371821984584315e-06
217 2.7035992084025447e-06
218 2.811508546929498e-06
219 2.63296808210666e-06
220 2.885540838582169e-06
221 2.9068320954799085e-06
222 3.081392108592966e-06
223 2.8689834591209023e-06
224 2.549979457592865e-06
225 2.5600200788174442e-06
226 2.817492400955793e-06
227 2.6024154980523796e-06
228 3.3019393031101156e-06
229 3.3702241522450656e-06
230 2.629253862588093e-06
231 2.92086174440611e-06
232 2.963782671821574e-06
233 3.0690181306651475e-06
234 3.014465846244788e-06
235 2.63617812369981e-06
236 2.7000601842586417e-06
237 3.7030036798116696e-06
238 2.4452419487597106e-06
239 3.4535148679221502e-06
240 3.1194414491848e-06
241 3.210098343594544e-06
242 3.06713486509456e-06
243 2.893935356304722e-06
244 3.038763984047791e-06
245 2.8605747417175664e-06
246 2.3613590341988675e-06
247 2.4024281339380483e-06
248 3.427646143264206e-06
249 2.619245701025298e-06
250 2.677006416867763e-06
251 2.721864685160927e-06
252 2.885373761225333e-06
253 3.32342784837015e-06
254 2.7591055546234315e-06
255 3.122188690119483e-06
256 3.007490529764997e-06
257 2.8675163559952017e-06
258 2.849740096403033e-06
259 3.128990439631653e-06
260 2.788373746761661e-06
261 2.660850257324056e-06
262 2.7662291541124576e-06
263 2.4162407936384946e-06
264 2.2466878488399433e-06
265 3.3447777209539486e-06
266 3.7116599576720744e-06
267 2.750523405850699e-06
268 3.2285586612206175e-06
269 3.0905627670483506e-06
270 2.522780661228653e-06
271 3.0259814880114245e-06
272 2.7943862160713734e-06
273 2.9061652081458817e-06
274 2.4504122007354064e-06
275 3.057809483468555e-06
276 2.5823332309593646e-06
277 2.6947016185462697e-06
278 2.3629221023242173e-06
279 2.6504485222089127e-06
280 3.1885940853687358e-06
281 3.1867461151540274e-06
282 3.282215573997056e-06
283 2.7049701503504106e-06
284 2.3401972072038654e-06
285 2.786422055311617e-06
286 2.526889772488032e-06
287 3.0050321410336217e-06
288 3.11695584761664e-06
289 3.0440468593526497e-06
290 2.616172740225469e-06
291 2.7794912226274006e-06
292 2.8909483086185077e-06
293 3.1629494190566805e-06
294 2.7351998549852736e-06
295 2.751507555881026e-06
296 2.858002002309324e-06
297 3.0662797566106002e-06
298 3.0112889930292502e-06
299 2.9234257604888647e-06
300 3.075382854025033e-06
301 3.2183246849042533e-06
302 2.561263545230361e-06
303 3.1755228519038514e-06
304 2.93227563662067e-06
305 3.1128277524733046e-06
306 3.341303576196585e-06
307 2.575493578982043e-06
308 2.5093555521933507e-06
309 2.751204895993286e-06
310 3.1628136955427095e-06
311 2.9243280184306086e-06
312 2.5723135882049448e-06
313 3.153273177590025e-06
314 2.7294556541256948e-06
315 3.1077044438730682e-06
316 2.753537743775647e-06
317 3.1016512877487554e-06
318 2.98165552990485e-06
319 2.9172163793940385e-06
320 2.6885270884734895e-06
321 3.2651515204532037e-06
322 2.409099765087653e-06
323 2.6694157889247185e-06
324 2.7523026925860108e-06
325 2.5662172650999147e-06
326 3.177079249670978e-06
327 2.8876294645029837e-06
328 2.9581916967868337e-06
329 2.522992471282789e-06
330 2.8376302170083106e-06
331 2.9994013110080763e-06
332 2.2720339198880814e-06
333 3.1627425998041463e-06
334 2.419549099434677e-06
335 2.9275193659562318e-06
336 2.82875254835949e-06
337 2.744355754771879e-06
338 2.4621887332754932e-06
339 2.8399303021751572e-06
340 2.8224876716625893e-06
341 2.2309650685334967e-06
342 2.9483928613660663e-06
343 2.862814589436299e-06
344 2.6391307740245367e-06
345 3.180555942706295e-06
346 2.884329073367964e-06
347 3.1654421483609248e-06
348 2.8309012576261624e-06
349 2.6505032531377243e-06
350 3.0789747447051388e-06
351 3.0771470770580287e-06
352 2.492547521044707e-06
353 2.858473673237533e-06
354 3.021111485152529e-06
355 2.698323443632388e-06
356 2.928250487527365e-06
357 2.7944117658207797e-06
358 2.819115251345468e-06
359 3.2655504171313686e-06
360 3.0804909364810293e-06
361 2.6474233859752757e-06
362 2.964573067819631e-06
363 2.6410134076203773e-06
364 2.6800786004533874e-06
365 2.794920760738318e-06
366 2.6877934318457763e-06
367 3.019330593747109e-06
368 2.813981687279017e-06
369 2.940195339199699e-06
370 3.0940150542472054e-06
371 2.1369564576500715e-06
372 2.9638942368442555e-06
373 2.5803615395274786e-06
374 3.0412959654801056e-06
375 2.2906479154459925e-06
376 2.3201440222015018e-06
377 2.7193226834481746e-06
378 2.987494638313215e-06
379 2.699699907508871e-06
380 3.083594159944537e-06
381 2.7368356487308958e-06
382 2.597369555336317e-06
383 2.656729560884449e-06
384 2.4950439872833484e-06
385 2.647838184691546e-06
386 3.0366491500894794e-06
387 2.9543259719362964e-06
388 3.2423662408575887e-06
389 3.0189819909791183e-06
390 2.898273358036047e-06
391 3.16571073915855e-06
392 2.5652458859690785e-06
393 2.5734708405112357e-06
394 2.681995271093964e-06
395 2.8118004453735374e-06
396 2.6145707508958203e-06
397 2.9273046002852672e-06
398 2.5166601345604423e-06
399 3.1009175323788345e-06
400 2.997612487665337e-06
401 3.0803631629496126e-06
402 2.7943253270138123e-06
403 3.0274539159842684e-06
404 2.5091040146998366e-06
405 3.2892734226317053e-06
406 2.5034034902865337e-06
407 2.606874411366883e-06
408 2.593051134479714e-06
409 2.740629622201924e-06
410 3.1430613891175614e-06
411 2.8756648241999922e-06
412 2.9050878149256867e-06
413 3.198598096694676e-06
414 2.591491130398484e-06
415 2.5020088054081958e-06
416 2.751220318008406e-06
417 2.3049097960315326e-06
418 2.995752857904986e-06
419 2.233160991867484e-06
420 2.9416364538431086e-06
421 2.344959866698547e-06
422 2.713202964184741e-06
423 2.8870686122693195e-06
424 3.921366780030903e-06
425 3.187486852590265e-06
426 2.8542505636636277e-06
427 3.361281664728988e-06
428 2.4297616371593253e-06
429 2.550202298795836e-06
430 3.434495341768404e-06
431 2.549392982527513e-06
432 2.4432943638913937e-06
433 3.0911574017824646e-06
434 3.0294007591562556e-06
435 2.9391711814735098e-06
436 2.7106676123624187e-06
437 3.2146243882787497e-06
438 3.1661674298916294e-06
439 2.10681221978341e-06
440 2.181180334430362e-06
441 2.7519832326948256e-06
442 3.06545980694021e-06
443 3.031926057031983e-06
444 2.6067783280486243e-06
445 2.389570561086925e-06
446 2.764985120882417e-06
447 2.7879185936494735e-06
448 2.5228291013526052e-06
449 2.4882771351567626e-06
450 2.9126816148079408e-06
451 3.032589859131404e-06
452 2.9726345491743583e-06
453 2.5633563581859468e-06
454 2.5625361643403623e-06
455 3.392404780883073e-06
456 2.748334819410569e-06
457 2.625841629180874e-06
458 2.652546665350012e-06
459 2.545654455606336e-06
460 2.715072721333636e-06
461 2.8041417152581674e-06
462 2.34846544862667e-06
463 2.9071285748687595e-06
464 3.1896783527410606e-06
465 2.98455393879209e-06
466 2.558053538903786e-06
467 2.6213996753615117e-06
468 2.4187325272967874e-06
469 2.6989736529239656e-06
470 2.743333836480902e-06
471 3.215122194172549e-06
472 2.6666270725285816e-06
473 3.2059063139498683e-06
474 3.3339703356067363e-06
475 2.615871959700967e-06
476 2.909024517643158e-06
477 2.601687449824129e-06
478 2.247121973986878e-06
479 2.8755445264925054e-06
480 2.8760026768803443e-06
481 1.80629457671499e-06
482 2.667391180306425e-06
483 2.4270462681342174e-06
484 2.795025811404311e-06
485 3.1648848380256704e-06
486 2.58228366026404e-06
487 3.100891823050119e-06
488 2.631019973222709e-06
489 2.7193011850547237e-06
490 2.491376901813567e-06
491 2.409901221790162e-06
492 2.9471608625627984e-06
493 2.797109056041734e-06
494 3.166688349095749e-06
495 2.9998237566643434e-06
496 3.1630386886246006e-06
497 3.0097735095673595e-06
498 2.658406741436558e-06
499 3.339352658652434e-06
500 2.9204077840643502e-06
501 2.8239214820592974e-06
502 3.039786935001015e-06
503 2.885347291074791e-06
504 2.7098791737020017e-06
505 2.8512119653037155e-06
506 2.5846742153202536e-06
507 3.3362044117078823e-06
508 2.899040174207482e-06
509 2.3835459464865397e-06
510 2.973201544042111e-06
511 2.9151427094892607e-06
512 2.7768714907570706e-06
513 2.703500314544099e-06
514 3.1837095875067636e-06
515 2.8519256955100713e-06
516 2.3205956145321555e-06
517 2.020031165220809e-06
518 2.0424799391368645e-06
519 2.805076987041311e-06
520 3.3792979585101756e-06
521 2.4772116324930126e-06
522 2.471033700496262e-06
523 2.379454081679574e-06
524 3.2094044634694116e-06
525 2.293802200874797e-06
526 3.153210477920854e-06
527 2.3882413879984394e-06
528 2.6014274636167336e-06
529 3.2247551931806704e-06
530 2.1217179985278953e-06
531 3.0425699039785514e-06
532 3.126390448479826e-06
533 2.1927096353388484e-06
534 2.8533032643513305e-06
535 2.5917385113766143e-06
536 3.4105614646051267e-06
537 2.3535066246086833e-06
538 2.660205930305522e-06
539 3.077125755794373e-06
540 3.069964403626506e-06
541 3.0155463057623046e-06
542 3.0284020565920696e-06
543 3.279100821038884e-06
544 2.9062714846242873e-06
545 3.0014456896227283e-06
546 3.2047481915763314e-06
547 3.06866330873514e-06
548 3.025940564793049e-06
549 2.6416848348215486e-06
550 2.8387694376998104e-06
551 2.665143833524843e-06
552 2.395192538224456e-06
553 2.477037568825977e-06
554 3.419675516608624e-06
555 3.1010194444147233e-06
556 3.064333234870473e-06
557 2.839815789418285e-06
558 2.25431967520819e-06
559 2.732986177902987e-06
560 2.9021164562888206e-06
561 2.931266356333066e-06
562 3.1401529444624186e-06
563 2.5613959577770805e-06
564 2.7387168148199986e-06
565 3.3646053344438474e-06
566 3.284519043178867e-06
567 2.5332535566094678e-06
568 2.265013164717158e-06
569 2.7725425295668193e-06
570 2.927049960753633e-06
571 2.9241455848628456e-06
572 2.625480727449417e-06
573 2.255443912480489e-06
574 2.539489782384888e-06
575 3.3584476348117503e-06
576 2.6563694385262908e-06
577 2.8893495328092474e-06
578 2.9784683181816293e-06
579 2.682168989807561e-06
580 2.6337679564086543e-06
581 2.926551220240137e-06
582 3.075145104803337e-06
583 2.6772301508720135e-06
584 2.723018771557503e-06
585 2.7127914860753223e-06
586 2.7459148509702514e-06
587 2.564652889932642e-06
588 3.127157450387312e-06
589 2.6806022254247605e-06
590 2.389573200062603e-06
591 2.962169199094904e-06
592 2.775656344051787e-06
593 3.205994818041838e-06
594 2.908397420980022e-06
595 2.1969005709040428e-06
596 3.278605316543464e-06
597 2.775210615891426e-06
598 2.8569007227427776e-06
599 3.107237673720359e-06
600 2.986880773571457e-06
601 2.5017381375470057e-06
602 3.081797907291929e-06
603 3.3520838552737946e-06
604 3.1261880818126588e-06
605 2.7297148591690404e-06
606 2.2502719300513835e-06
607 2.7530777401651952e-06
608 2.3373309079438544e-06
609 2.6694797120383495e-06
610 2.912442707618212e-06
611 2.5840348366750458e-06
612 2.6521537315379707e-06
613 2.6748723920689246e-06
614 2.929705079048081e-06
615 2.4944968058181218e-06
616 3.0802948620066723e-06
617 2.924213112993279e-06
618 3.3281112253828097e-06
619 2.557953314673098e-06
620 3.0170214934442336e-06
621 2.9766552128957763e-06
622 3.4229934241344804e-06
623 3.08647917760511e-06
624 3.125144708730645e-06
625 2.4095553619044367e-06
626 2.525058067979446e-06
627 3.2180566375628567e-06
628 3.127379264545433e-06
629 2.7904500379946214e-06
630 2.9842341874641785e-06
631 3.1043835546087975e-06
632 2.5890364075422063e-06
633 2.6645996354132326e-06
634 2.844657549423731e-06
635 2.8364081539790294e-06
636 2.7666068305557895e-06
637 2.5035705797336264e-06
638 3.0912376603343357e-06
639 3.211589637328592e-06
640 2.682466600420349e-06
641 2.744507480590876e-06
642 3.2659968162839327e-06
643 2.3826804611971675e-06
644 3.120300549852663e-06
645 2.8104262196864822e-06
646 3.1936947155210388e-06
647 2.5760033843586558e-06
648 2.976806825891045e-06
649 2.3529376729590016e-06
650 3.0012877391818784e-06
651 2.6826010870420164e-06
652 2.616970704365385e-06
653 2.957065842483728e-06
654 2.886156525502512e-06
655 2.571758714304276e-06
656 2.9820737176698058e-06
657 2.8207286098704524e-06
658 2.7398735178870106e-06
659 3.0397982748394067e-06
660 2.8055529025531116e-06
661 2.3738831232024906e-06
662 3.0731106491863395e-06
663 2.7868129991435454e-06
664 2.3723069270930817e-06
665 2.61092346779733e-06
666 2.8940366529314255e-06
667 3.1622598250625975e-06
668 2.7668097776380277e-06
669 2.609175944166111e-06
670 2.26074724893888e-06
671 2.12305463284294e-06
672 3.3261650409804955e-06
673 2.9842421984512425e-06
674 3.196938158759173e-06
675 2.811815587616976e-06
676 3.260792328811276e-06
677 3.1343631831861914e-06
678 2.740420096091967e-06
679 2.802978357990527e-06
680 2.7298408971075225e-06
681 3.0629489043762934e-06
682 3.2402918480604186e-06
683 2.9583109289068025e-06
684 2.6500732644695597e-06
685 3.2458153674209104e-06
686 2.7545861872868153e-06
687 2.390574257495909e-06
688 2.8822344828384564e-06
689 3.188981370086462e-06
690 2.6004203550253915e-06
691 2.8965357137683787e-06
692 2.3197387086894092e-06
693 2.85736387345961e-06
694 2.361534127510719e-06
695 2.8731404113573613e-06
696 2.5840090774902482e-06
697 3.0250701095755703e-06
698 3.1775132675938108e-06
699 3.030838866693674e-06
700 3.1589103329489595e-06
701 2.5794112010514214e-06
702 3.004222138027331e-06
703 3.085101403735628e-06
704 2.958523769814615e-06
705 2.036534173675143e-06
706 2.95425550524997e-06
707 2.5123859324828084e-06
708 2.363840786517589e-06
709 2.9083054410525486e-06
710 2.391095954196025e-06
711 2.637488044071854e-06
712 2.6928923065337666e-06
713 2.7003662209544747e-06
714 2.6844860478387233e-06
715 1.940011773845021e-06
716 2.9637501196416363e-06
717 3.276062065532191e-06
718 3.0577205518383717e-06
719 3.4406840716764798e-06
720 2.66003363110294e-06
721 2.6432646882912506e-06
722 2.9322972433248495e-06
723 3.0613085621098358e-06
724 3.1940170615956367e-06
725 3.2931080046890063e-06
726 2.6367285027322294e-06
727 3.2099439641494083e-06
728 3.6815054815209986e-06
729 2.6103596824325523e-06
730 2.900787898723342e-06
731 2.570649549832272e-06
732 3.443211407516136e-06
733 2.7661735943617636e-06
734 2.5579202847919334e-06
735 2.8522611620931653e-06
736 2.9261070586385487e-06
737 2.474681770897134e-06
738 2.7572251702090533e-06
739 3.416224773129804e-06
740 2.886112200985856e-06
741 3.1860490528292704e-06
742 2.831501103887175e-06
743 2.8305098363361848e-06
744 2.7572293557271997e-06
745 3.126451152140172e-06
746 2.743968428011495e-06
747 2.7566691146432675e-06
748 2.8602600640884484e-06
749 2.9125526442154204e-06
750 2.587218953152915e-06
751 2.670213478036191e-06
752 3.313494600237815e-06
753 2.2358768186230626e-06
754 2.6483878398664304e-06
755 2.4480217008367187e-06
756 2.5720502817871476e-06
757 3.29284535858654e-06
758 2.669229002473516e-06
759 2.9186491081064468e-06
760 2.1048113021499243e-06
761 2.639734523437797e-06
762 3.0373892114052513e-06
763 2.913608938677038e-06
764 2.657846610465296e-06
765 3.2740358531292215e-06
766 2.9348528492096157e-06
767 3.0520489990617882e-06
768 2.5182703918598663e-06
769 2.836653329234844e-06
770 3.5328536204051007e-06
771 2.2125696566919317e-06
772 2.6486069473531435e-06
773 3.1328041397625814e-06
774 3.1098817235242604e-06
775 3.0001884201184796e-06
776 2.8164988986907025e-06
777 2.965791610421178e-06
778 2.4227153802954633e-06
779 3.193241990429634e-06
780 2.6919314192491765e-06
781 2.569447279633753e-06
782 2.82772770891258e-06
783 2.9739557435645016e-06
784 2.6480298128688517e-06
785 3.0023928314250354e-06
786 2.754468968253133e-06
787 3.269489068590866e-06
788 2.878362307074062e-06
789 3.021851058657877e-06
790 3.060898772526225e-06
791 2.860026323547512e-06
792 2.7925911721127133e-06
793 3.134393340635166e-06
794 3.035981305137057e-06
795 3.0328232057673972e-06
796 2.7053531033346917e-06
797 3.0738439269572557e-06
798 2.8396530781171967e-06
799 3.0484145842881266e-06
800 3.1763955270249885e-06
801 2.815202694417858e-06
802 2.749702425749745e-06
803 2.907835258995722e-06
804 3.0294208358315327e-06
805 3.0173863176512344e-06
806 2.811574208042533e-06
807 3.3587534457960766e-06
808 2.806298805166046e-06
809 2.7908511798508915e-06
810 2.7458664426644303e-06
811 2.7744031113752127e-06
812 2.5786581082614702e-06
813 2.8372863830532955e-06
814 2.3540550260250325e-06
815 3.011507591677472e-06
816 2.520615827334062e-06
817 2.722236529619893e-06
818 3.282922408377341e-06
819 2.6969981434169976e-06
820 2.975701841827776e-06
821 2.0469077043625536e-06
822 2.6081473082352877e-06
823 2.6730147896496762e-06
824 3.1779594667874806e-06
825 2.7990446542341836e-06
826 2.581835101047081e-06
827 3.2821794217667854e-06
828 2.8315481860766827e-06
829 2.6151693399442577e-06
830 3.2537969648723246e-06
831 2.7731948953370516e-06
832 2.576588729777663e-06
833 3.2807788314763836e-06
834 3.293196833819665e-06
835 3.139632759332648e-06
836 2.7311172597681454e-06
837 2.45710115856378e-06
838 2.746029690677732e-06
839 3.2317877316484924e-06
840 2.666364659547229e-06
841 3.2929360249881555e-06
842 3.006976568540478e-06
843 2.7999424153330274e-06
844 3.1217727660898384e-06
845 3.2860577442594244e-06
846 2.8372412333858994e-06
847 2.5220302971969765e-06
848 3.0099741563655157e-06
849 2.827570398180254e-06
850 3.3509335029950754e-06
851 2.893126281717381e-06
852 2.9782014597040564e-06
853 2.6483287424036997e-06
854 2.5192019138380743e-06
855 2.777945394361306e-06
856 2.8466466092141604e-06
857 3.515053028113144e-06
858 2.8323737609559087e-06
859 3.4037094425755054e-06
860 3.2156844022569863e-06
861 2.8846035566305733e-06
862 2.4977741920758315e-06
863 2.696190514107106e-06
864 3.0664970805274154e-06
865 3.0244709116668725e-06
866 2.9748489520082603e-06
867 3.709937081972371e-06
868 2.981787501229891e-06
869 2.5013956811689706e-06
870 2.751842559920231e-06
871 2.9571746062207057e-06
872 2.7465991678419306e-06
873 2.708604387708838e-06
874 2.9738586678511903e-06
875 2.863414163876738e-06
876 3.031613654305212e-06
877 2.6570089854757822e-06
878 2.749239686905907e-06
879 2.999774802556891e-06
880 3.6330391877171122e-06
881 3.0205302796133687e-06
882 3.483464529076379e-06
883 2.5183865034238e-06
884 3.3464648888151305e-06
885 2.9259734321760285e-06
886 2.868320398002952e-06
887 2.3479002088864135e-06
888 1.7235192306437529e-06
889 2.8500089691354067e-06
890 2.1112616519280825e-06
891 2.956778288599898e-06
892 2.2377250312634773e-06
893 2.9063297000915102e-06
894 2.8208634304987805e-06
895 2.8361756144326194e-06
896 2.5178346615300026e-06
897 2.9069034654142476e-06
898 2.865904157191534e-06
899 2.9013225660144343e-06
900 2.5426739203453286e-06
901 3.2556315493698885e-06
902 3.3378346731906306e-06
903 3.0498641148373483e-06
904 2.9297525425024336e-06
905 2.8851596418976736e-06
906 2.986586525500198e-06
907 2.7067847074398195e-06
908 3.069255002280942e-06
909 3.048449651044997e-06
910 2.870188766286472e-06
911 2.3783574747877835e-06
912 2.5897305769172434e-06
913 2.9105349850722105e-06
914 2.9861540134395384e-06
915 2.5424452350661976e-06
916 2.8535276382651166e-06
917 2.701671082899524e-06
918 2.634424432217775e-06
919 3.2405317944716987e-06
920 3.584023207759579e-06
921 3.14243108361353e-06
922 3.359695575734737e-06
923 2.440755222965971e-06
924 3.0093596503622763e-06
925 3.175658080973172e-06
926 2.930766182937968e-06
927 2.7440184470012807e-06
928 2.9392112947691896e-06
929 2.7439586696560514e-06
930 2.86143227545845e-06
931 2.705600395199366e-06
932 2.6913355216758217e-06
933 2.707084015519915e-06
934 2.454551245753411e-06
935 2.9923464400999406e-06
936 2.761946277407251e-06
937 2.460943744788005e-06
938 2.837006497667625e-06
939 2.1451363203848397e-06
940 3.046030872986363e-06
941 2.588222488101399e-06
942 2.7726144838964125e-06
943 3.491641478257473e-06
944 3.4018984597354173e-06
945 2.4028558866535767e-06
946 2.5466419142510492e-06
947 2.7783759962610565e-06
948 2.7283399476435006e-06
949 2.2665999903297984e-06
950 3.0641047374057726e-06
951 3.857276782564177e-06
952 3.175413181464889e-06
953 2.600989420771214e-06
954 2.363296353617909e-06
955 2.933030924091065e-06
956 2.695451909236976e-06
957 2.1456604144507065e-06
958 3.084570792756529e-06
959 2.4762860231886653e-06
960 3.0903376583508414e-06
961 2.9420054327047405e-06
962 3.238072448474453e-06
963 3.179441701116534e-06
964 3.0143880799507288e-06
965 3.2422132794106853e-06
966 2.508834313848625e-06
967 2.545674016667625e-06
968 2.857406512749492e-06
969 2.813019972717252e-06
970 2.0266862932493645e-06
971 2.555933579367135e-06
972 2.824136212679339e-06
973 3.2380836086149927e-06
974 2.5689867888577486e-06
975 2.9461204381866863e-06
976 2.3148131327747387e-06
977 3.5128353347545045e-06
978 3.0669240105020897e-06
979 2.6736873036460525e-06
980 3.1841545447614007e-06
981 2.678830374541172e-06
982 2.695632885913024e-06
983 2.8837968318935773e-06
984 2.9534806905016733e-06
985 2.571815029852967e-06
986 2.8824401060198288e-06
987 2.9049837384424276e-06
988 3.4811300208619467e-06
989 2.79441835421678e-06
990 2.738844385899363e-06
991 2.932380299993551e-06
992 2.698292077188018e-06
993 2.5173253567038476e-06
994 2.7402427468731155e-06
995 2.5997488017196576e-06
996 3.169012897618913e-06
997 2.8888832197179593e-06
998 2.3978405956155928e-06
999 2.5396833455984204e-06
