0 2.7031903673271962e-06
1 1.8869744880861935e-06
2 2.2896253605728867e-06
3 1.9259689792067596e-06
4 2.0663919092163792e-06
5 1.4362948149551626e-06
6 2.1268691183763354e-06
7 2.3802972279853328e-06
8 2.0021088055487722e-06
9 2.6569549253344675e-06
10 2.3538291662171966e-06
11 2.349615136004452e-06
12 2.3178910505803406e-06
13 2.2415450000076333e-06
14 2.1504436522798014e-06
15 2.6858918147106883e-06
16 2.4617133455933103e-06
17 2.2786799511987234e-06
18 3.0037281486326732e-06
19 2.5140230741117394e-06
20 2.2313112482019643e-06
21 2.306625984493436e-06
22 1.9982801502357384e-06
23 1.912603501028997e-06
24 2.055773625904726e-06
25 2.0843921994378793e-06
26 2.2926716846314443e-06
27 1.7379737115116464e-06
28 2.294870430476237e-06
29 2.1351400021608513e-06
30 2.2783147397936373e-06
31 2.046300528220602e-06
32 2.2080328618323623e-06
33 2.1007068535569316e-06
34 2.747583401955762e-06
35 3.2129348520770156e-06
36 2.1314324298518554e-06
37 1.4121731423472102e-06
38 2.267462810899932e-06
39 2.2356540713232176e-06
40 2.2173723205856302e-06
41 1.8030587922037251e-06
42 1.7772501243293576e-06
43 2.425206125426215e-06
44 2.1460386463685623e-06
45 2.756764512336967e-06
46 2.1415875712506793e-06
47 2.3882985286137387e-06
48 2.993199624146191e-06
49 2.41378735337099e-06
50 2.414124590420404e-06
51 1.6769160061175913e-06
52 1.265528687555062e-06
53 1.8525577347513346e-06
54 2.9879923337417667e-06
55 1.870507155386488e-06
56 2.221428186603703e-06
57 2.4030308685100064e-06
58 1.5396549213408648e-06
59 2.089416888569335e-06
60 3.0170270466839056e-06
61 2.499347011511361e-06
62 2.4790914307654753e-06
63 2.10799754307293e-06
64 1.9447278480800887e-06
65 2.2176050425278206e-06
66 2.1436319609164625e-06
67 2.2700827442006187e-06
68 2.8101244835180775e-06
69 2.6119250464261664e-06
70 2.1178184718839188e-06
71 1.5107508569127079e-06
72 2.94251679343677e-06
73 2.9316676478454688e-06
74 2.2462362632474676e-06
75 1.6625066960966898e-06
76 2.499432373650079e-06
77 2.2366320431688316e-06
78 2.114289734743671e-06
79 2.6721681296381287e-06
80 1.8110228219888957e-06
81 1.551485569938125e-06
82 2.2450750396800795e-06
83 2.289416627215928e-06
84 2.601489678013378e-06
85 2.359000823022741e-06
86 2.311544244789799e-06
87 2.3957359244511006e-06
88 3.0384890505693943e-06
89 2.395647589029634e-06
90 2.114384207943763e-06
91 2.4722209264876937e-06
92 2.5677244962646947e-06
93 2.1323804823250923e-06
94 2.2938173399823116e-06
95 2.5341172984876562e-06
96 2.668876937655382e-06
97 2.412827582190909e-06
98 1.811567273585676e-06
99 2.29340518751725e-06
100 2.5997305344222937e-06
101 2.9970601227994484e-06
102 2.925796096703648e-06
103 2.3511635894227893e-06
104 2.011457512496413e-06
105 2.351864252523813e-06
106 2.172523443299732e-06
107 2.7139696652303597e-06
108 1.9299346764344563e-06
109 2.7431064621183678e-06
110 2.576918900413839e-06
111 2.2881938816488163e-06
112 2.4669809993610678e-06
113 2.3373077696480507e-06
114 1.593611259887812e-06
115 2.556991650977846e-06
116 1.925936161551915e-06
117 2.1512513895084436e-06
118 2.4462201457750607e-06
119 2.5504285639543805e-06
120 2.608312516219628e-06
121 2.3032028754639036e-06
122 2.5872952872010853e-06
123 1.8833177763966354e-06
124 2.7632722470991622e-06
125 2.211000121058355e-06
126 1.4361838158421474e-06
127 1.9555010932376815e-06
128 2.407219238086883e-06
129 2.8621075329333616e-06
130 2.9272576044750655e-06
131 2.435496057292996e-06
132 1.9039960308680842e-06
133 1.8932909403813068e-06
134 1.998413866733145e-06
135 2.239731986105146e-06
136 2.0981447601168664e-06
137 2.7862338063503245e-06
138 2.143021884233423e-06
139 2.3423239885901425e-06
140 2.180701859275304e-06
141 2.3028331650677344e-06
142 2.241100350264539e-06
143 2.1242245080976547e-06
144 1.9711823119987723e-06
145 2.6632343280881767e-06
146 1.86635066498205e-06
147 1.8109059314740768e-06
148 2.7010884559145474e-06
149 2.263082830472364e-06
150 3.125130139532639e-06
151 2.4830159267672168e-06
152 1.5898976197869933e-06
153 1.7729751011454212e-06
154 2.1561782895658715e-06
155 2.2510634189845534e-06
156 2.1815887248544764e-06
157 2.9607948090571186e-06
158 2.576873843971201e-06
159 2.0796449480498025e-06
160 2.671135068320564e-06
161 2.2721140065120822e-06
162 2.3415155163697006e-06
163 2.22057084712419e-06
164 2.4931981254168774e-06
165 2.1444718493213247e-06
166 2.3997481985163977e-06
167 2.542922355948582e-06
168 1.6650870102825387e-06
169 2.558675721488447e-06
170 1.5786145948089305e-06
171 2.412592566881374e-06
172 1.471553748209592e-06
173 2.3585457177234615e-06
174 2.1550807729182316e-06
175 1.7601759825320415e-06
176 2.1227099479367297e-06
177 2.1834844935416965e-06
178 2.4419937576180585e-06
179 2.092093330527383e-06
180 2.2207090939856237e-06
181 2.340915126874049e-06
182 2.138375024705549e-06
183 1.9331035827429676e-06
184 1.8568535608773197e-06
185 1.7898793130446042e-06
186 2.681537294319665e-06
187 2.3273508553397933e-06
188 2.5420339353752457e-06
189 1.5799811952672414e-06
190 1.9922344734059776e-06
191 2.1166172081796184e-06
192 2.389841781284471e-06
193 2.007800368543648e-06
194 2.9059012730341937e-06
195 2.5758187112012696e-06
196 1.894277766523997e-06
197 2.3323914131676227e-06
198 2.70506104498635e-06
199 2.1249129722638023e-06
200 1.6318750329896268e-06
201 1.7809630648616994e-06
202 1.711757265562225e-06
203 2.509330428382563e-06
204 2.4879639247326587e-06
205 2.884317607188467e-06
206 1.8950506160462767e-06
207 2.71165980126082e-06
208 2.2145103522833507e-06
209 2.304533094758434e-06
210 2.568166933739823e-06
211 1.7736423358387816e-06
212 2.1162512756164138e-06
213 1.9614948467863442e-06
214 2.135845617571146e-06
215 2.2953306333562916e-06
216 2.612146944762271e-06
217 2.5851077370917244e-06
218 2.464321938041426e-06
219 2.2623141503374844e-06
220 1.6262570196928755e-06
221 1.845526561236147e-06
222 2.432008074203226e-06
223 2.315883128653071e-06
224 2.6191827419899022e-06
225 1.5523784776548496e-06
226 2.354942140733411e-06
227 2.8112410066616185e-06
228 2.104351049082931e-06
229 2.4295002203188945e-06
230 2.069804946244775e-06
231 2.111115308295357e-06
232 2.374915613797386e-06
233 2.441111114788324e-06
234 2.5505633778454416e-06
235 2.5869131053987007e-06
236 2.9006985391282466e-06
237 1.7744569158378877e-06
238 2.330087031862988e-06
239 1.9005495446142075e-06
240 2.307081055383127e-06
241 1.8199872336676599e-06
242 2.2557716891813855e-06
243 2.1040897342527997e-06
244 1.851546625747643e-06
245 2.184252109647818e-06
246 2.1622046385637037e-06
247 1.8690642330633549e-06
248 1.3115353215862285e-06
249 2.2153124921032904e-06
250 2.47367627272034e-06
251 2.0377890660694806e-06
252 2.601471627076128e-06
253 1.8655498602819777e-06
254 2.1350667086764766e-06
255 1.7561795488708055e-06
256 2.756447415933923e-06
257 2.5049759870007716e-06
258 1.9391607727445047e-06
259 2.810631516275292e-06
260 2.3296319944446206e-06
261 2.610056819069543e-06
262 2.2734890398048343e-06
263 2.2147369649351853e-06
264 1.8661815517940564e-06
265 2.707509878450083e-06
266 1.665410893399332e-06
267 2.1791320712579567e-06
268 2.175224845893976e-06
269 2.2200572802204723e-06
270 2.1369816343341e-06
271 1.676953952528555e-06
272 1.796641765643103e-06
273 2.5533014612883146e-06
274 2.2437741162702316e-06
275 2.137091957890518e-06
276 2.6795293925241065e-06
277 2.0021396484753186e-06
278 2.9247451849260943e-06
279 2.3391322664378903e-06
280 2.011522619692302e-06
281 2.102459828619289e-06
282 2.7959450124051913e-06
283 2.016334320490868e-06
284 2.556181992808138e-06
285 2.5186395245039928e-06
286 2.356246202819222e-06
287 2.274555624102498e-06
288 1.873018674029088e-06
289 2.0583087656285812e-06
290 2.047259223905774e-06
291 1.5640087074543827e-06
292 2.3065210764255024e-06
293 2.2523459655951527e-06
294 2.4215743418480615e-06
295 2.442138226167823e-06
296 1.917224202702797e-06
297 2.2986480165512105e-06
298 2.109540067723675e-06
299 2.3235960114414474e-06
300 1.988559555739974e-06
301 1.5586261665627164e-06
302 2.2510484705963904e-06
303 2.2686460583466124e-06
304 2.0684470865178267e-06
305 2.6691426696725265e-06
306 2.082117178073904e-06
307 2.283048513803567e-06
308 1.909932734697345e-06
309 2.562729321350268e-06
310 2.7168309818100875e-06
311 2.7009275912893364e-06
312 2.2138465946069496e-06
313 2.4799662492094148e-06
314 2.463740144358783e-06
315 2.082340467213786e-06
316 2.347072055439573e-06
317 1.951433790206944e-06
318 2.4208571665565784e-06
319 2.553062689460981e-06
320 2.48872468903531e-06
321 2.8566102578980787e-06
322 2.34774177667522e-06
323 2.533287621774972e-06
324 2.419488867498499e-06
325 2.061643377597048e-06
326 2.3255969564138296e-06
327 2.544138986887433e-06
328 2.5261453959477967e-06
329 2.164672196135067e-06
330 2.1967177415068577e-06
331 2.0055472396792273e-06
332 2.381692801733605e-06
333 2.056258111027654e-06
334 2.8822896350552745e-06
335 2.8664520935510256e-06
336 2.2574961526845424e-06
337 2.3335945416628333e-06
338 2.3898347069826127e-06
339 2.1381394604196226e-06
340 1.931850274899409e-06
341 2.334508366839719e-06
342 2.0260380792755245e-06
343 2.474084794276491e-06
344 3.1712156347288917e-06
345 2.2344524606969517e-06
346 2.3063021629893928e-06
347 2.196455687105406e-06
348 2.226058172033033e-06
349 2.6449468720506514e-06
350 2.295579462246766e-06
351 2.466206189663992e-06
352 2.7695517036761525e-06
353 2.125996472662411e-06
354 2.2633291947261082e-06
355 2.1705244028636306e-06
356 2.00314622846452e-06
357 2.0218044457317117e-06
358 2.469201778336877e-06
359 2.3608125659975673e-06
360 1.6131104639600718e-06
361 1.718896789669643e-06
362 2.197023873271114e-06
363 1.946267666873096e-06
364 2.550844791842607e-06
365 2.4721288486734344e-06
366 2.115076066926425e-06
367 2.2785404130619167e-06
368 1.9315603445769963e-06
369 2.982283537902527e-06
370 1.565060217821303e-06
371 3.3245386996852924e-06
372 2.0575928672142253e-06
373 1.967669963941246e-06
374 2.2354403854696167e-06
375 1.6267811995707235e-06
376 2.4618667907775327e-06
377 2.4406006747601304e-06
378 2.7278458737239483e-06
379 2.187336675030074e-06
380 1.6254072852795164e-06
381 2.3395252512995147e-06
382 2.624649371128936e-06
383 2.2231503995985252e-06
384 2.8633421454869995e-06
385 1.7422282674368792e-06
386 2.9718983021282944e-06
387 1.954083982519378e-06
388 1.5389986973188213e-06
389 2.3988884300229882e-06
390 1.5114147786255392e-06
391 2.300796955312949e-06
392 1.9413791002329406e-06
393 2.340832890842304e-06
394 2.524959434217743e-06
395 2.2149060725422935e-06
396 2.060599696490875e-06
397 1.931080031580604e-06
398 2.5942405302633933e-06
399 2.5739495106196803e-06
400 2.6220853544852964e-06
401 2.4358324971719524e-06
402 2.524029116025847e-06
403 1.8148338541960754e-06
404 2.3739147231970694e-06
405 2.4219758650629903e-06
406 2.4814185921738024e-06
407 2.65169199426483e-06
408 2.6752601211175048e-06
409 1.8284741309885458e-06
410 2.2846270242021955e-06
411 2.3535378372124654e-06
412 2.080423863213498e-06
413 1.8346065861150872e-06
414 2.6159276372074036e-06
415 2.2463047940291703e-06
416 2.306772864186882e-06
417 2.293133055821036e-06
418 2.2549948907325098e-06
419 2.633474531333778e-06
420 2.229189727536449e-06
421 2.4364509424480813e-06
422 2.6805955352465046e-06
423 2.0543467841075074e-06
424 1.7469874143606957e-06
425 3.323193388493689e-06
426 1.1269103738874798e-06
427 1.694700821648693e-06
428 2.110101353730865e-06
429 2.0204506147315165e-06
430 2.5697806139213082e-06
431 2.4280158726511763e-06
432 2.239591837409391e-06
433 2.7798081863024546e-06
434 2.7223738076563124e-06
435 2.1947532489567906e-06
436 2.221600079591006e-06
437 2.358598729479502e-06
438 2.158795283723154e-06
439 2.7872320195799435e-06
440 3.1941363218525467e-06
441 2.0881065529220233e-06
442 2.117947956834075e-06
443 2.285265593681136e-06
444 2.642893561979722e-06
445 2.3133248648393143e-06
446 1.9879732877343742e-06
447 3.05915189421101e-06
448 2.366395584137119e-06
449 3.2712900211507905e-06
450 2.1258551041132488e-06
451 2.501787321442733e-06
452 2.626933425975068e-06
453 2.7071751045046775e-06
454 2.457351250800137e-06
455 2.1904764108098103e-06
456 3.3794675682298637e-06
457 2.1063515364733765e-06
458 2.1797156444999947e-06
459 2.4835064649132863e-06
460 2.6539318672965757e-06
461 1.8934125869385708e-06
462 2.9383036293254693e-06
463 2.334292590565724e-06
464 2.152584304576098e-06
465 2.224971919498105e-06
466 2.3772247060913215e-06
467 2.7733256888701444e-06
468 2.008808476172362e-06
469 2.258034593208229e-06
470 2.8417586542922067e-06
471 2.3433564759068966e-06
472 1.5904787230691396e-06
473 1.5261386533649283e-06
474 2.0163341335710765e-06
475 2.553802155084395e-06
476 1.8033524802399218e-06
477 2.0208547434166846e-06
478 2.2604121612877286e-06
479 1.7351808157931336e-06
480 2.431065989150709e-06
481 2.4160007770029417e-06
482 2.5224885977684664e-06
483 2.53012638319299e-06
484 2.1999602978186497e-06
485 2.023208663155781e-06
486 2.6827609461723034e-06
487 1.9777840328876097e-06
488 2.097757731716352e-06
489 2.5163575814030284e-06
490 2.7066135976361126e-06
491 2.1587978870530565e-06
492 1.668623016967491e-06
493 2.420457340045624e-06
494 2.0970130756005075e-06
495 2.2329637962988913e-06
496 2.4290529151078546e-06
497 2.6086513841471346e-06
498 2.462047603113782e-06
499 1.540868619697986e-06
500 2.425757304634343e-06
501 1.8205758934367906e-06
502 2.464417214572764e-06
503 2.5605200109793597e-06
504 2.297121907923579e-06
505 1.9779089173611594e-06
506 2.8489854794421136e-06
507 2.1805545999100205e-06
508 2.1230583905298815e-06
509 2.4049901733029135e-06
510 1.9004073304469587e-06
511 2.732064840922018e-06
512 2.8310912666358123e-06
513 1.6418986576404643e-06
514 1.9798814369226157e-06
515 1.9473293478339224e-06
516 2.222218209187397e-06
517 2.5405644303359407e-06
518 2.6470253331297474e-06
519 2.7416998766420975e-06
520 1.900853781325041e-06
521 2.0830435318867108e-06
522 2.5688085636850435e-06
523 2.0609395504027575e-06
524 1.955596416222207e-06
525 2.7560270813662573e-06
526 2.488381586174737e-06
527 1.8363952445080294e-06
528 2.2830967791505572e-06
529 1.8827282742566832e-06
530 1.7466112221978904e-06
531 1.8898815696103432e-06
532 1.9916637784802304e-06
533 2.740976371618367e-06
534 2.2042809071365715e-06
535 2.3232136993199894e-06
536 2.351319317567149e-06
537 2.9404646948655005e-06
538 2.9410770763786796e-06
539 1.9388723742494276e-06
540 2.3877076797600787e-06
541 2.25426206341509e-06
542 2.2628458363372453e-06
543 2.145795943666031e-06
544 2.42544546953272e-06
545 2.9746507806609612e-06
546 2.3512352325146826e-06
547 2.3551149972071116e-06
548 2.055977362350356e-06
549 2.2137073260435817e-06
550 2.396411387849511e-06
551 2.2106660048695587e-06
552 1.6219551548584696e-06
553 1.9855207595293464e-06
554 2.1262941002194515e-06
555 2.220425548290464e-06
556 2.2731559293023194e-06
557 2.3485447276259796e-06
558 2.3513411942499077e-06
559 1.8704514976130181e-06
560 2.5080118909243676e-06
561 1.8968909935368235e-06
562 2.715595991833795e-06
563 2.206345250676594e-06
564 2.9413959096992903e-06
565 1.9040569588918427e-06
566 9.467408591658953e-07
567 2.6603035322053922e-06
568 1.8781877478729835e-06
569 2.480834675674139e-06
570 2.744263817666094e-06
571 2.3516992131451013e-06
572 2.5924826397589826e-06
573 2.329732127151873e-06
574 2.745782291287691e-06
575 2.3173862065901564e-06
576 2.006186483168417e-06
577 3.340917942978175e-06
578 2.2473281864169584e-06
579 2.124337939669055e-06
580 2.5131133953601933e-06
581 2.0899661387359946e-06
582 2.091290260975763e-06
583 1.6940345267515167e-06
584 2.6298693202908314e-06
585 2.219233514399928e-06
586 2.4220830489312784e-06
587 2.867975251828042e-06
588 2.2550499069887195e-06
589 3.3128413809576064e-06
590 2.3698637949772034e-06
591 1.7978827263396634e-06
592 2.4560187962336916e-06
593 1.9733842908127196e-06
594 1.9709677805900214e-06
595 1.6776566222229764e-06
596 2.04230412032076e-06
597 2.2565372171060224e-06
598 2.807543166160565e-06
599 1.6076033644604823e-06
600 2.0046366890284114e-06
601 2.767117928920358e-06
602 2.3782843380106852e-06
603 1.9944744813364146e-06
604 2.0218628169039577e-06
605 1.984998238701448e-06
606 2.255334508562059e-06
607 2.0318950767595255e-06
608 2.85592302422305e-06
609 2.6211468555445007e-06
610 1.8876736322525389e-06
611 2.4896700396457884e-06
612 2.4568435805375754e-06
613 1.920398237528215e-06
614 2.137467012515979e-06
615 1.896990823190702e-06
616 2.175419319495054e-06
617 2.5454450724635077e-06
618 1.3644892893103817e-06
619 2.4107063604569737e-06
620 2.5464799012351545e-06
621 2.096330188656644e-06
622 2.488200858729568e-06
623 2.767432512501737e-06
624 1.8039045009271369e-06
625 2.39547496847541e-06
626 1.8151581233438266e-06
627 2.707615816355159e-06
628 2.1543912094727937e-06
629 2.3645557900917473e-06
630 1.8749387939604225e-06
631 1.5753289286422512e-06
632 2.246555740081981e-06
633 2.504898389857129e-06
634 2.4145339864820005e-06
635 2.347796954221444e-06
636 2.414597517905934e-06
637 2.4462319061361994e-06
638 1.6845720636351514e-06
639 2.256789008648063e-06
640 2.56565491294042e-06
641 2.1328875888366697e-06
642 2.1645745763672236e-06
643 3.034872401430723e-06
644 1.9965024286634332e-06
645 1.9081314154200823e-06
646 2.7360081787528174e-06
647 1.767952998634236e-06
648 2.134700397364359e-06
649 2.302722156753372e-06
650 2.4122223405472833e-06
651 2.92817398228824e-06
652 2.501709560058113e-06
653 2.736761114154217e-06
654 2.360141301252542e-06
655 2.389914298972067e-06
656 2.5333294658816923e-06
657 2.6749202468752383e-06
658 2.9435495337137827e-06
659 2.4494643872306556e-06
660 1.944070540794826e-06
661 2.4495297866234335e-06
662 2.3951533169040196e-06
663 2.836779658374718e-06
664 3.1294908072981417e-06
665 2.8388007964874846e-06
666 2.7950285406657117e-06
667 2.1529100885118636e-06
668 2.4479949561989363e-06
669 2.3447286975643315e-06
670 2.423387224992997e-06
671 2.264979765405011e-06
672 1.872693729419841e-06
673 2.3327642705702286e-06
674 2.256768135733104e-06
675 2.7689125300571707e-06
676 1.9585520007599975e-06
677 2.122218355129223e-06
678 2.3739066533374157e-06
679 2.3829611766697656e-06
680 2.3162796250489677e-06
681 3.1794167281787567e-06
682 2.470471455483699e-06
683 2.520792388038592e-06
684 1.8655050123970344e-06
685 1.9320219028484965e-06
686 2.864836764321333e-06
687 2.260383064494592e-06
688 2.385178568515449e-06
689 1.958415903365293e-06
690 2.6270478394319373e-06
691 2.765007137875349e-06
692 2.274077412537213e-06
693 3.0145303341495494e-06
694 2.393171770355285e-06
695 2.0431568948574446e-06
696 2.8561726234910345e-06
697 2.4535572450419433e-06
698 2.626329418180393e-06
699 2.243658983419293e-06
700 2.6384585884976165e-06
701 2.207146526676994e-06
702 2.516306383210031e-06
703 2.4332519144066164e-06
704 2.050944520669162e-06
705 2.7731759705829847e-06
706 2.0416568731711977e-06
707 2.203775887916022e-06
708 2.2834848373664466e-06
709 2.2040474241926687e-06
710 2.5031595693265916e-06
711 1.994900621725532e-06
712 2.384884146340825e-06
713 2.4387924197129912e-06
714 2.844665605628642e-06
715 2.08481624745053e-06
716 2.2516412602776027e-06
717 1.6449948946338852e-06
718 2.7806065635951646e-06
719 2.1799338802002968e-06
720 1.7452774225242968e-06
721 2.8433192435256284e-06
722 2.3496362584124343e-06
723 2.5201301529350904e-06
724 2.1942191996575876e-06
725 1.7202274403737728e-06
726 2.8159594374925864e-06
727 2.2403586003061405e-06
728 1.5075247214379103e-06
729 2.1940470420928423e-06
730 2.4281604144019668e-06
731 1.7438518109184167e-06
732 2.203499193350661e-06
733 2.3691502178033746e-06
734 2.354491601518798e-06
735 1.6034587375007865e-06
736 2.29649931991209e-06
737 2.012592554590331e-06
738 2.2329118810563138e-06
739 1.4635651045223187e-06
740 1.9055969508507105e-06
741 2.466070672621911e-06
742 1.8488155277629218e-06
743 1.8957528190386395e-06
744 2.6798650758145924e-06
745 2.8936795718951597e-06
746 2.4394112300280205e-06
747 1.8639132122713516e-06
748 2.19282857563214e-06
749 2.728123607399693e-06
750 2.6721664067177307e-06
751 2.3163141675736963e-06
752 2.023490525928547e-06
753 2.967900862904501e-06
754 2.5524587354658487e-06
755 2.2366965477445114e-06
756 2.6507456835163463e-06
757 2.1728539902815827e-06
758 2.4418253441398037e-06
759 1.6747163754863183e-06
760 2.102164703935195e-06
761 2.421626424765005e-06
762 2.3810595335495423e-06
763 2.2891613953844707e-06
764 2.4495859761820123e-06
765 1.884961426895346e-06
766 2.059671025674004e-06
767 1.8564294664770228e-06
768 2.2217486643687733e-06
769 2.641384139787308e-06
770 2.5239431034807122e-06
771 2.3560062347344304e-06
772 1.7446355074641278e-06
773 2.1136655405481312e-06
774 1.99323565517501e-06
775 1.9968624044199914e-06
776 1.885995335972902e-06
777 2.0885897502071496e-06
778 3.292465591580716e-06
779 1.3671401238598392e-06
780 2.4103886718965707e-06
781 2.1627603819806736e-06
782 2.4334869360337247e-06
783 2.332693033659821e-06
784 1.8829936429914606e-06
785 1.8443855347300093e-06
786 2.681186069342588e-06
787 2.123182632636485e-06
788 1.929130890405762e-06
789 2.187132640053864e-06
790 2.166403145472088e-06
791 2.362399414658025e-06
792 2.12470392892192e-06
793 1.937719949548879e-06
794 2.446385998648393e-06
795 2.2304700262180466e-06
796 1.5539021971831619e-06
797 2.220895463499294e-06
798 2.0164764583424296e-06
799 2.016985965691088e-06
800 2.405007975909092e-06
801 2.4829690120261196e-06
802 2.4578219103331165e-06
803 3.0137264863271904e-06
804 2.4426906225358275e-06
805 2.46206176603753e-06
806 2.432425523568202e-06
807 2.635841527102848e-06
808 2.68054979163727e-06
809 2.3268106653943903e-06
810 1.7066099425779456e-06
811 2.330987062266157e-06
812 2.3461849309871172e-06
813 2.2027109988590523e-06
814 2.5294423797739492e-06
815 1.9887243155689994e-06
816 2.2313365864376294e-06
817 2.1927348447031754e-06
818 2.582591291497153e-06
819 2.5305456997792026e-06
820 1.9587656381257898e-06
821 1.5439115418708684e-06
822 2.2740340238755263e-06
823 2.661943649876482e-06
824 1.7315973402484589e-06
825 3.203405941288267e-06
826 2.4830327721064073e-06
827 2.244997586603188e-06
828 2.6943753619182513e-06
829 2.169411685263272e-06
830 1.7221947209893232e-06
831 2.458203377261606e-06
832 2.3680121547569576e-06
833 1.9454886674936384e-06
834 2.3103879232779287e-06
835 2.798568612264673e-06
836 2.069875069668802e-06
837 1.8251305745055794e-06
838 2.697331801381046e-06
839 1.8899114253805913e-06
840 2.035025299460895e-06
841 1.9716649253391065e-06
842 1.8914705920779406e-06
843 2.6090422778771084e-06
844 2.0685301268404206e-06
845 2.255728968681503e-06
846 2.6466471541051333e-06
847 2.5986526774432404e-06
848 1.7130680454449606e-06
849 2.2286408588921594e-06
850 2.1861475638023507e-06
851 2.7746819843867495e-06
852 2.013767568919507e-06
853 2.368613289442612e-06
854 2.8312594900339907e-06
855 2.4762368337368333e-06
856 2.632824561875408e-06
857 2.0808894546080256e-06
858 2.923429232586344e-06
859 2.154661187382926e-06
860 2.318864605663055e-06
861 2.9804151481866566e-06
862 2.877133715477551e-06
863 1.8676179837242323e-06
864 1.8498773464448942e-06
865 1.6913363189230097e-06
866 2.3876775973678596e-06
867 2.1020057766071593e-06
868 3.191385739852459e-06
869 2.0768274491839503e-06
870 1.845013812710614e-06
871 2.3255347424853067e-06
872 1.8627143812310182e-06
873 2.2246219943561356e-06
874 2.2702857535719594e-06
875 1.973649528358893e-06
876 2.1287194562933257e-06
877 2.1728638459847635e-06
878 3.1175279224999824e-06
879 2.018433610897451e-06
880 1.7942406018764895e-06
881 2.8846445859688877e-06
882 2.2794885765801418e-06
883 2.4049615748004876e-06
884 1.760887891477482e-06
885 2.1405970688943125e-06
886 2.5845718607719204e-06
887 3.2643056359234544e-06
888 2.6773046955405234e-06
889 2.313783155657526e-06
890 2.3812977246095916e-06
891 2.161297646442785e-06
892 2.220082235611822e-06
893 2.906050608205173e-06
894 1.489371733255001e-06
895 2.6467237120008627e-06
896 2.5457545749470942e-06
897 1.3927999600135382e-06
898 2.1086176105794397e-06
899 2.9845137493534217e-06
900 2.615951944702094e-06
901 2.1377963323810487e-06
902 1.8871998275695952e-06
903 1.8572818453392584e-06
904 2.4816504905416827e-06
905 2.204459423208108e-06
906 3.7542133786512803e-06
907 2.5934580250625787e-06
908 1.991912986195998e-06
909 2.586436492604312e-06
910 2.4105979070571772e-06
911 2.473422269067845e-06
912 2.132224269256425e-06
913 1.7686432896285475e-06
914 2.369348461774101e-06
915 2.359510732769672e-06
916 2.224276003836832e-06
917 1.8958097142907688e-06
918 2.5846220539866024e-06
919 2.670902590614224e-06
920 2.117379362968685e-06
921 2.4244364713014453e-06
922 2.4469350368679287e-06
923 2.560918875203417e-06
924 2.2770707867416268e-06
925 2.407689667300232e-06
926 1.7599169160449222e-06
927 2.362753292076324e-06
928 2.6689730452631504e-06
929 2.227169664925708e-06
930 2.8390281338252436e-06
931 2.16405584236379e-06
932 2.0953839786935086e-06
933 2.3221248280266295e-06
934 2.209616911429313e-06
935 2.3226820941573777e-06
936 2.354798658724604e-06
937 2.2844991438283667e-06
938 1.771550310124114e-06
939 2.2385415339674794e-06
940 2.16823538128707e-06
941 2.4712577465918844e-06
942 2.0592430623330697e-06
943 2.1431106152968558e-06
944 2.386274940439347e-06
945 1.8817337505621721e-06
946 2.6231691517829665e-06
947 2.5090110112679316e-06
948 2.4098973660684123e-06
949 2.5168170286348585e-06
950 2.315664131468222e-06
951 1.6619037776119059e-06
952 2.25185221824535e-06
953 2.506631066042045e-06
954 2.3152869994505292e-06
955 2.3590090976663693e-06
956 1.7032065337246538e-06
957 2.3625939643248136e-06
958 2.806291943696279e-06
959 2.9237961229849066e-06
960 1.970007610506797e-06
961 2.567353331295965e-06
962 2.3402376276283776e-06
963 2.7833702824480236e-06
964 2.5768649733288704e-06
965 2.5905116749883627e-06
966 2.2720965578071664e-06
967 1.911144813766892e-06
968 2.5153828366718323e-06
969 2.3495871245412157e-06
970 2.7075850266160515e-06
971 2.687123349130965e-06
972 2.07832415161953e-06
973 1.7127858261468204e-06
974 2.9387601845446415e-06
975 2.59222797214208e-06
976 2.0984843386325016e-06
977 2.066486431316e-06
978 1.9624977532804057e-06
979 1.6283935419913294e-06
980 2.162838032487821e-06
981 2.2134631982421885e-06
982 2.6132878997138974e-06
983 2.016513208083573e-06
984 2.0984942976125677e-06
985 3.351106785370388e-06
986 2.788325330476114e-06
987 2.607762140384555e-06
988 2.3242521275114245e-06
989 2.470904766394326e-06
990 2.254681099886795e-06
991 2.5346975989928404e-06
992 2.0971330269587138e-06
993 2.3014531387103586e-06
994 1.9979946387240535e-06
995 2.3459993416799914e-06
996 2.0620008828284337e-06
997 2.152944140039452e-06
998 2.008562331424672e-06
999 2.26236119158002e-06
