0 2.663188736830179e-06
1 1.9304933240294068e-06
2 2.4785248741448434e-06
3 2.1604682896114794e-06
4 2.258206919041867e-06
5 1.5725537764607368e-06
6 2.2082932989727853e-06
7 2.3654341611106034e-06
8 2.112187371749395e-06
9 2.7126096669708702e-06
10 2.266168227889792e-06
11 2.3717438286007253e-06
12 2.5149673325478454e-06
13 2.652544873406636e-06
14 1.7746451428088576e-06
15 2.9563655145113528e-06
16 2.5017612831495947e-06
17 2.3121829789734623e-06
18 2.7321242035424135e-06
19 2.4891185589509467e-06
20 2.2070131060881826e-06
21 2.2962661503899458e-06
22 1.948406645191205e-06
23 2.2651427727306848e-06
24 1.9222211058010676e-06
25 2.380704660607124e-06
26 2.1194130000487973e-06
27 1.8798413613351068e-06
28 2.3974408581500704e-06
29 2.1734973564523895e-06
30 2.3296919255269097e-06
31 1.7993224858480731e-06
32 1.8152295745058685e-06
33 2.2421023008971917e-06
34 2.953617986584222e-06
35 2.783989864503611e-06
36 2.240107443763718e-06
37 1.4787046036079916e-06
38 2.195583909741827e-06
39 2.035168152055477e-06
40 2.776154627702359e-06
41 2.1401056766475502e-06
42 1.9007201701316316e-06
43 2.797578162540896e-06
44 2.051002434414335e-06
45 2.79916148584591e-06
46 2.1558530011587383e-06
47 2.329541456715879e-06
48 2.9991592273624255e-06
49 2.547854593844167e-06
50 2.235554150702669e-06
51 1.554906298896697e-06
52 1.6357626373344789e-06
53 2.0743534856808164e-06
54 2.6573285184358584e-06
55 1.837023541695364e-06
56 2.240555401425989e-06
57 2.8554709478386157e-06
58 1.661253316485928e-06
59 2.2307000767560433e-06
60 2.8870467007579637e-06
61 2.4979637832459255e-06
62 2.2113900574948645e-06
63 2.090042135425701e-06
64 1.887761121248141e-06
65 2.164271435927838e-06
66 2.188536344869184e-06
67 2.1972593137371404e-06
68 3.1264040558530048e-06
69 2.400300531394744e-06
70 2.4677724648499586e-06
71 1.83360975236904e-06
72 2.7190016028484274e-06
73 2.9013494622911664e-06
74 2.8748145588977017e-06
75 1.9195307562561235e-06
76 2.662809623232992e-06
77 2.6369907188229255e-06
78 2.1540990117604977e-06
79 2.774692734797242e-06
80 1.8868738419465112e-06
81 1.8834020568214749e-06
82 2.0246795354567433e-06
83 2.2298410327373223e-06
84 2.4215882762893846e-06
85 2.5674554624781353e-06
86 2.5774605933126407e-06
87 2.575820846059534e-06
88 2.815898849437432e-06
89 2.327782720196194e-06
90 2.031484473263281e-06
91 2.4252173110670917e-06
92 2.367840508147348e-06
93 2.39782890916573e-06
94 2.3343184105320696e-06
95 2.341371655116041e-06
96 2.7116421942541687e-06
97 2.243738235832723e-06
98 2.1160979271412175e-06
99 2.3338426983480904e-06
100 2.9878610986381397e-06
101 2.5858786973814378e-06
102 2.968121541211701e-06
103 2.3936921399051267e-06
104 1.809056598664228e-06
105 2.33255433608428e-06
106 2.3207520889943745e-06
107 2.5928854582985073e-06
108 1.9524070023893327e-06
109 2.695017335980879e-06
110 2.772749660610295e-06
111 2.200084954826703e-06
112 2.044048763564288e-06
113 2.4629791871067604e-06
114 1.6262878630815364e-06
115 2.4033444896937084e-06
116 1.974368317872354e-06
117 2.2095935281116417e-06
118 2.557680927326177e-06
119 2.426429729871862e-06
120 2.9074764269630455e-06
121 2.131580992939792e-06
122 2.939778960159624e-06
123 2.2291720915900214e-06
124 2.768749604197112e-06
125 2.2384323177179153e-06
126 1.6130920978113696e-06
127 1.738686028476536e-06
128 2.5164751255015086e-06
129 2.7371481083063943e-06
130 2.6652038135466938e-06
131 2.1290276551072275e-06
132 2.0279081870021238e-06
133 2.181149364985657e-06
134 1.72169778993566e-06
135 2.222295831625745e-06
136 2.101055917585086e-06
137 2.563386957869384e-06
138 2.299357556316872e-06
139 2.181420830608747e-06
140 2.044223902309554e-06
141 2.352953587427741e-06
142 2.2805181016422775e-06
143 2.1375454826683987e-06
144 1.9327940805891305e-06
145 2.4589529879005336e-06
146 1.952834922953186e-06
147 1.733778325183582e-06
148 2.631409063883014e-06
149 2.2512241706291925e-06
150 3.3965475364011553e-06
151 2.711487493204413e-06
152 1.3045425005597217e-06
153 2.0160312061914317e-06
154 2.016143927903028e-06
155 2.4616713985261873e-06
156 2.1817897636911063e-06
157 2.6298977805252206e-06
158 2.549480963820769e-06
159 1.8570113923785996e-06
160 2.5541715020382543e-06
161 2.2065805895723206e-06
162 2.412799204078602e-06
163 2.425074914779813e-06
164 2.2583191470984254e-06
165 2.264823917252547e-06
166 2.4011165553917902e-06
167 2.8832015449177054e-06
168 1.781490944476259e-06
169 2.3213460465183876e-06
170 1.5184282485278918e-06
171 2.502496579001888e-06
172 1.4659629333852311e-06
173 2.4421532928676735e-06
174 2.4751376580132944e-06
175 2.0134092141690934e-06
176 2.051612567271933e-06
177 2.350428327097026e-06
178 2.5973584373068138e-06
179 2.5007855163378677e-06
180 2.176859968667262e-06
181 2.386077464773407e-06
182 2.141484346562637e-06
183 2.2007234248093533e-06
184 2.0537921785053694e-06
185 1.7135886632294628e-06
186 2.5469761498928237e-06
187 1.8218271476864346e-06
188 2.820275591447637e-06
189 1.816525226820028e-06
190 2.328768139501597e-06
191 2.2958923650362607e-06
192 2.483775936314037e-06
193 1.9730214337734365e-06
194 2.817701820016707e-06
195 2.6485324114683115e-06
196 2.0376381988820646e-06
197 2.034958797392682e-06
198 2.924531285328264e-06
199 2.2158443864359644e-06
200 1.756281606685951e-06
201 2.5681262887525393e-06
202 1.5953625745850952e-06
203 2.8881389043939457e-06
204 2.049577421825006e-06
205 2.998284486970458e-06
206 1.759456181158109e-06
207 2.3332824747287303e-06
208 2.5940792048646515e-06
209 2.567232786241987e-06
210 2.756543371245376e-06
211 2.13506191679179e-06
212 2.0837510305396704e-06
213 2.16834440242007e-06
214 2.0238749416846752e-06
215 2.508957130246172e-06
216 2.4760000856390752e-06
217 2.487198523740191e-06
218 2.5307582949465175e-06
219 2.1564530210954947e-06
220 1.7702346106575476e-06
221 1.9545702668908595e-06
222 2.6351137576993343e-06
223 2.362837272756521e-06
224 2.4933025508076303e-06
225 1.4401288987342035e-06
226 2.3611912499644726e-06
227 2.6509875704880677e-06
228 2.4442251390938674e-06
229 2.785457688900877e-06
230 2.014663694224349e-06
231 2.190204603293122e-06
232 2.4748508970519886e-06
233 2.5976934907425553e-06
234 2.729678511051702e-06
235 2.60031226967253e-06
236 2.9197556811390405e-06
237 2.451037311742132e-06
238 2.1165783318940645e-06
239 2.3851332672748253e-06
240 2.508632341979907e-06
241 2.127791358071446e-06
242 2.4265801006767594e-06
243 2.2397494145020913e-06
244 2.038054571811927e-06
245 2.202782594862595e-06
246 1.8764532464631531e-06
247 1.6173105813751008e-06
248 1.7644160124558143e-06
249 2.1541348055749196e-06
250 2.4063351061820026e-06
251 1.9507907713063546e-06
252 2.704271458910441e-06
253 2.206152859052135e-06
254 2.16233913785324e-06
255 1.9871172876317063e-06
256 2.936002675076961e-06
257 2.6152495431567017e-06
258 1.972953719744942e-06
259 3.0481820977444243e-06
260 2.359748824695342e-06
261 2.481742763568726e-06
262 2.234412431968461e-06
263 1.9067371822751196e-06
264 1.5208190298747432e-06
265 3.1170347443249144e-06
266 2.341922512814751e-06
267 2.199470771650167e-06
268 2.5224896304689478e-06
269 2.375771435427425e-06
270 1.9596536623499287e-06
271 1.804769938548541e-06
272 1.8122876343079899e-06
273 2.6523225227946827e-06
274 2.0104216752704354e-06
275 2.3167265117542044e-06
276 2.4769589758333793e-06
277 1.9756647873582317e-06
278 2.622041854417532e-06
279 2.184815081554007e-06
280 2.3709810621584023e-06
281 2.3975961939969995e-06
282 3.1118321836872575e-06
283 1.9569977289362834e-06
284 2.208738074312788e-06
285 2.5649087563917e-06
286 2.2358042206980673e-06
287 2.436803602170026e-06
288 2.092074167497341e-06
289 2.2220664144601246e-06
290 1.9511857338989724e-06
291 1.5652427963451628e-06
292 2.3762589828801444e-06
293 2.526221086017482e-06
294 2.3869733269271807e-06
295 2.402881599806633e-06
296 1.950580169769037e-06
297 2.478122227830653e-06
298 2.2333737689626498e-06
299 2.3568175638408732e-06
300 2.2100652165025466e-06
301 1.8991452730292618e-06
302 2.1167737953074993e-06
303 2.551042591060158e-06
304 2.1403179548999604e-06
305 2.8928801030111315e-06
306 2.477746613792397e-06
307 2.1833861394957874e-06
308 1.7024677411149756e-06
309 2.5606449554549852e-06
310 3.040675648440478e-06
311 2.7921601645019005e-06
312 2.056711942295623e-06
313 2.6781435223479357e-06
314 2.5107903448736305e-06
315 2.3357738156362146e-06
316 2.3660774249500922e-06
317 2.1613010304058246e-06
318 2.4889042972299506e-06
319 2.6604521677206726e-06
320 2.4540034329800085e-06
321 3.2116947547682635e-06
322 2.0771294216229757e-06
323 2.4031433130486775e-06
324 2.4151504558500117e-06
325 1.877994498011328e-06
326 2.5791560415544503e-06
327 2.6452799630096394e-06
328 2.5914613719197662e-06
329 2.0034088971720304e-06
330 2.2248215279282805e-06
331 2.1238303135541023e-06
332 2.035258751830451e-06
333 2.29982565570522e-06
334 2.674791972990866e-06
335 2.9814657840335507e-06
336 2.3363198829426264e-06
337 2.2944235895283486e-06
338 2.1445795586503163e-06
339 2.1468151506915813e-06
340 1.9937909288129822e-06
341 1.9451861332645708e-06
342 2.145810869238851e-06
343 2.5574816308668405e-06
344 3.0369015188554252e-06
345 2.5429904800455503e-06
346 2.375268706027157e-06
347 2.488430991987021e-06
348 2.2469738039949594e-06
349 2.5485759574815183e-06
350 2.4694262279055807e-06
351 2.688210150255064e-06
352 2.571429700204666e-06
353 2.1460271785684125e-06
354 2.419539368783714e-06
355 2.127884948438181e-06
356 2.133252587108899e-06
357 2.0065028458938114e-06
358 2.5210583867481354e-06
359 2.676598030138029e-06
360 1.7886537011588917e-06
361 1.6650331156794836e-06
362 2.3197581805428775e-06
363 1.8557700334428169e-06
364 2.4218740265701625e-06
365 2.4318522409618423e-06
366 2.0253647271644495e-06
367 2.447089667479998e-06
368 1.9885577687064797e-06
369 3.144134512689005e-06
370 1.807541127191281e-06
371 2.8907680986455175e-06
372 2.1701472435322905e-06
373 1.8794594912678177e-06
374 2.4055096096985384e-06
375 1.272017735210419e-06
376 2.140191897735236e-06
377 2.371389455625878e-06
378 2.8471103221078393e-06
379 2.1180518220839435e-06
380 1.7723644579570218e-06
381 2.2835888464815997e-06
382 2.4735284449817e-06
383 2.190931212556905e-06
384 2.6388231446484403e-06
385 1.6581075478223475e-06
386 3.1533439371509328e-06
387 2.0740679284146903e-06
388 1.901030889380564e-06
389 2.6184369286479238e-06
390 1.5769859568105e-06
391 2.539463791120603e-06
392 1.7664944641521519e-06
393 2.19299739204609e-06
394 2.4400808783217015e-06
395 2.259196401081744e-06
396 1.988483200199659e-06
397 1.974795119174812e-06
398 2.3967542554742748e-06
399 2.750876079907959e-06
400 2.766722402285135e-06
401 2.6195535704846958e-06
402 2.582657827746375e-06
403 1.9735694642806434e-06
404 2.1905177976954447e-06
405 2.755455941445345e-06
406 2.314692002209377e-06
407 2.536254927201613e-06
408 2.5403446458709876e-06
409 1.7406821722922844e-06
410 2.5284971173234175e-06
411 2.4641080114201688e-06
412 2.1416125699907093e-06
413 2.187970941441726e-06
414 2.470009521296307e-06
415 2.0261116503224376e-06
416 2.27842049667178e-06
417 2.009778720173811e-06
418 2.455432938833747e-06
419 2.2733379019512473e-06
420 2.413937470264444e-06
421 2.1685322689758864e-06
422 2.6496346453583096e-06
423 2.104100502333783e-06
424 2.5501166636134995e-06
425 3.6039108181453047e-06
426 1.2049144704593649e-06
427 2.171021207414194e-06
428 1.922665523519016e-06
429 1.8834685943210194e-06
430 3.030617889328571e-06
431 2.2639667096305907e-06
432 2.0271057303511645e-06
433 2.98084672431566e-06
434 2.9684236710376996e-06
435 2.2689687540685416e-06
436 2.1610954574851287e-06
437 2.690354387493451e-06
438 2.44676184840937e-06
439 2.294720185047438e-06
440 2.768191341540246e-06
441 2.0241275138430904e-06
442 2.298893214885883e-06
443 2.4700253342156176e-06
444 2.530470159406799e-06
445 2.001023494919876e-06
446 2.04486670183035e-06
447 3.0501608691639304e-06
448 2.1487430766649643e-06
449 3.0632466840090646e-06
450 2.198012085980259e-06
451 2.6723082085166346e-06
452 2.748826137437564e-06
453 2.506474290392816e-06
454 2.296850876657898e-06
455 2.562227048686286e-06
456 3.3376486372869872e-06
457 2.019764028738295e-06
458 2.0835558293949524e-06
459 2.311582877320932e-06
460 2.567787799119377e-06
461 1.9547789946231864e-06
462 2.5496847703996635e-06
463 2.5002256475891764e-06
464 2.469908758405062e-06
465 2.3376981104527232e-06
466 2.259856645005265e-06
467 2.6998278271797004e-06
468 1.7688887875350722e-06
469 2.2104459826406917e-06
470 2.928039458123143e-06
471 2.6124701012080968e-06
472 1.5288776085787196e-06
473 1.8198453970515396e-06
474 2.393866063530916e-06
475 2.469349798614838e-06
476 1.8802340897679956e-06
477 1.907846964974536e-06
478 1.9000410450901261e-06
479 1.9043167569001433e-06
480 2.4864328103630373e-06
481 1.7695555950282502e-06
482 2.442489707743375e-06
483 2.2652712943200505e-06
484 2.2278340104589165e-06
485 2.310680362855124e-06
486 2.508144033257905e-06
487 2.22108088842274e-06
488 2.0045688807668007e-06
489 2.469452642557299e-06
490 2.4539915199241472e-06
491 1.871964367264178e-06
492 1.7804402401958376e-06
493 2.4328649807161986e-06
494 2.3721612403036435e-06
495 2.2877960375953492e-06
496 2.6835664145760916e-06
497 2.714057177927667e-06
498 2.393343930710548e-06
499 1.9209737375047955e-06
500 2.5158432835423443e-06
501 1.920866794584414e-06
502 2.634458193372569e-06
503 2.6143217281962564e-06
504 2.2288424057525372e-06
505 2.0387541658028567e-06
506 2.7169737657665246e-06
507 2.579606860900336e-06
508 2.19003240697349e-06
509 2.127075826302941e-06
510 2.0516843682437158e-06
511 2.7873492883668818e-06
512 2.7875575927782934e-06
513 1.6602909391762157e-06
514 2.286400497123069e-06
515 1.9731366162156263e-06
516 1.9396633389104224e-06
517 2.0173040841388725e-06
518 2.0789819889852804e-06
519 2.7140018817004794e-06
520 2.371777791812507e-06
521 1.9070744922775478e-06
522 2.3220473594523905e-06
523 1.811741679046848e-06
524 2.280419408699809e-06
525 2.4755537529382347e-06
526 2.784412099600725e-06
527 1.5442721498040416e-06
528 2.128952519745336e-06
529 2.244003664931502e-06
530 1.3675970792407102e-06
531 2.1259976386427766e-06
532 2.1823586478214522e-06
533 2.387863804560306e-06
534 2.2527543574229966e-06
535 2.1445024940989e-06
536 2.7434277329833664e-06
537 2.6557985162752753e-06
538 2.8975157781620243e-06
539 2.143573255271231e-06
540 2.661237863947817e-06
541 2.396786328247212e-06
542 2.4449584411440017e-06
543 2.426989875766934e-06
544 2.523131359234155e-06
545 3.1854379263190906e-06
546 2.627701758102122e-06
547 2.5353335851237916e-06
548 2.2647351318554065e-06
549 2.0948450436014818e-06
550 2.4517219889841747e-06
551 2.07966746841703e-06
552 1.2999663170820804e-06
553 1.7881072703063606e-06
554 2.5321365188067794e-06
555 2.435902465269235e-06
556 2.4916433882012777e-06
557 2.359844165236305e-06
558 1.9493499062051146e-06
559 1.8414321985086145e-06
560 2.5933408739937705e-06
561 1.9699258465381373e-06
562 2.976324755226429e-06
563 2.0707360821116404e-06
564 2.926132014646313e-06
565 2.3174991735618337e-06
566 1.3168914501044688e-06
567 2.5433898623505344e-06
568 1.596111154322103e-06
569 2.4797764918081214e-06
570 2.9261244298929627e-06
571 2.4567308244786665e-06
572 2.3990567450979764e-06
573 1.9569477458110943e-06
574 2.5695867696570224e-06
575 2.7326239061225525e-06
576 1.987320089936325e-06
577 3.4396596841510973e-06
578 2.409161176978829e-06
579 2.131467172493372e-06
580 2.450326365476963e-06
581 2.1390053167515647e-06
582 2.328031338075383e-06
583 1.7024600146327802e-06
584 2.6415488046376854e-06
585 2.1881115325446017e-06
586 2.4166986221318178e-06
587 2.7172600899798415e-06
588 2.478651577728594e-06
589 3.2263428384351027e-06
590 2.0625223009599778e-06
591 1.9049189646306786e-06
592 2.492214582601185e-06
593 2.2900074323999473e-06
594 2.10794380074968e-06
595 1.2843921352691683e-06
596 2.410144310391039e-06
597 2.3129451061445604e-06
598 2.8933987310479644e-06
599 1.7749267480157482e-06
600 2.2214171626726257e-06
601 2.618333516055567e-06
602 2.6370985428097543e-06
603 2.32458418431728e-06
604 2.256597791454585e-06
605 1.9597034460881135e-06
606 1.854383917712652e-06
607 1.995356410281147e-06
608 2.5537936137988537e-06
609 2.567495628385985e-06
610 2.023217121681283e-06
611 2.312674464726773e-06
612 2.4032871651871602e-06
613 1.881527427393078e-06
614 2.2459383968125014e-06
615 1.7035112208385846e-06
616 2.4299184722769975e-06
617 2.6345453848808137e-06
618 1.7472574037278024e-06
619 2.286808233044573e-06
620 2.754980283975302e-06
621 2.261883065726415e-06
622 2.9350098983429268e-06
623 2.9315922412216674e-06
624 2.0484718797908693e-06
625 2.1648516191725416e-06
626 1.6396072662561085e-06
627 3.0756428403811625e-06
628 2.3100171593343887e-06
629 2.3915609859842793e-06
630 2.0655081057436297e-06
631 1.7739143984126255e-06
632 2.1048895590220134e-06
633 2.3332153886818703e-06
634 2.4436787695070923e-06
635 2.4027517896547616e-06
636 2.450551345587836e-06
637 2.222201728033234e-06
638 1.9312280102400093e-06
639 2.6486747815387185e-06
640 2.5247292019864445e-06
641 2.138865409375239e-06
642 2.4910697163009906e-06
643 2.7481309311649233e-06
644 2.2836721938357954e-06
645 1.9384820307989172e-06
646 3.0194940765758818e-06
647 1.6160907320402092e-06
648 2.293809464016087e-06
649 2.013127957688685e-06
650 2.5963111011157995e-06
651 2.7570509923224417e-06
652 2.3763523246387527e-06
653 2.883138522621883e-06
654 2.423740524343687e-06
655 2.282421812866227e-06
656 2.7063992969151073e-06
657 2.6751156130245426e-06
658 2.8854027937463294e-06
659 2.6287518059916584e-06
660 2.0616633546108657e-06
661 2.2109094826804476e-06
662 2.6103562870668592e-06
663 2.825014752191127e-06
664 2.7777856640125564e-06
665 2.7292715168549534e-06
666 2.8978773783110387e-06
667 2.3316614920678547e-06
668 2.4424567545972962e-06
669 2.210467199020474e-06
670 2.1180629412234467e-06
671 1.8278812358045207e-06
672 2.208198659348717e-06
673 2.4137836639491332e-06
674 2.5297119243337794e-06
675 2.80960060045737e-06
676 2.3524638436447383e-06
677 2.340591694381742e-06
678 2.3085989642674895e-06
679 2.403959585685704e-06
680 2.3009815867828422e-06
681 3.35628625676903e-06
682 2.8124276334814088e-06
683 2.680701623659639e-06
684 1.7820363288752335e-06
685 2.2697563607879905e-06
686 2.7851350037023524e-06
687 1.99715418975788e-06
688 2.4750445581218432e-06
689 2.2454701321664873e-06
690 2.509395882871063e-06
691 2.8382493869363576e-06
692 1.9770085176444906e-06
693 3.07814110764688e-06
694 2.015945569100584e-06
695 2.1212747526349853e-06
696 2.7351606830344788e-06
697 2.591910691352001e-06
698 2.8782596880457427e-06
699 2.393194539111655e-06
700 2.9185531895607665e-06
701 2.0868147038837173e-06
702 2.6557449518258503e-06
703 2.6763947722584187e-06
704 2.166304726892487e-06
705 2.2244713278074726e-06
706 2.1051793003481704e-06
707 2.0598518013506834e-06
708 1.971628445822439e-06
709 2.37689537478481e-06
710 2.249605908643939e-06
711 1.9404068722142884e-06
712 2.3410599659374993e-06
713 2.3652313087799224e-06
714 2.709904691325803e-06
715 1.5209789636968891e-06
716 2.3422613758819406e-06
717 1.9823686160180854e-06
718 2.96580173134107e-06
719 2.584080275884125e-06
720 1.6702132536258437e-06
721 2.7313551838015557e-06
722 2.417791627962762e-06
723 2.714194548766044e-06
724 2.48300798685323e-06
725 2.0455791517156855e-06
726 2.696050606185397e-06
727 2.537668660531125e-06
728 2.0808532935831205e-06
729 2.0795461821174887e-06
730 2.545799336893881e-06
731 1.5979977026847907e-06
732 2.6704242393167e-06
733 2.3596082330392442e-06
734 2.1805329266082128e-06
735 1.6037714935755604e-06
736 2.4354375182615764e-06
737 1.8032000502085977e-06
738 2.229322353357039e-06
739 1.8660327211449377e-06
740 1.8964773519368075e-06
741 2.755724924057079e-06
742 1.974612036686413e-06
743 2.0239579231214636e-06
744 2.757060260184327e-06
745 3.1396638176107816e-06
746 2.4372959073960074e-06
747 1.8968241637026325e-06
748 2.2569193934717727e-06
749 2.809616045873438e-06
750 2.5256831238587323e-06
751 2.1981496661473983e-06
752 2.3608603599771254e-06
753 2.596110033816086e-06
754 2.4430536031589837e-06
755 2.0203715612010007e-06
756 2.4918450518131957e-06
757 2.5321628181087426e-06
758 2.4306989407485135e-06
759 1.7881024734705262e-06
760 1.6433411461594567e-06
761 2.3607370761434653e-06
762 2.549252625605777e-06
763 2.3771772655115866e-06
764 2.302520339350709e-06
765 2.2256401786794625e-06
766 2.19424702104165e-06
767 2.0699713507775264e-06
768 2.085338462548364e-06
769 2.677057679949575e-06
770 3.077844797724903e-06
771 1.9271012402132905e-06
772 1.6787043259935318e-06
773 2.3921451245368683e-06
774 2.2109811186344226e-06
775 2.1718330393998616e-06
776 1.8576333623591031e-06
777 2.210358259623622e-06
778 2.9865814092305223e-06
779 1.6314297060453168e-06
780 2.371226360850254e-06
781 2.0185937828331028e-06
782 2.5338219517043014e-06
783 2.4971197640511437e-06
784 1.7902355034140614e-06
785 2.004557999390436e-06
786 2.6583989323156788e-06
787 2.4527235478689027e-06
788 2.010990279267888e-06
789 2.333018312575769e-06
790 2.444745920608467e-06
791 2.4171182467385204e-06
792 2.1532273737407537e-06
793 2.1219611891410686e-06
794 2.5879229173692787e-06
795 2.366141759237677e-06
796 1.477370931659017e-06
797 2.4333916188052473e-06
798 2.121527890474323e-06
799 2.1968697048054016e-06
800 2.6520886127076716e-06
801 2.5078224796802414e-06
802 2.4748485388299446e-06
803 3.092861999535065e-06
804 2.720818284847458e-06
805 2.564099252186135e-06
806 2.4581533407489747e-06
807 3.026682840803987e-06
808 2.6635584999954426e-06
809 2.3356051846158682e-06
810 1.6286939286121894e-06
811 2.251201576890812e-06
812 2.1282693710512556e-06
813 2.2870438343102646e-06
814 2.1884071008814966e-06
815 2.1325433535786077e-06
816 2.0549988557012768e-06
817 2.1802725065738743e-06
818 2.8554358649527675e-06
819 2.478700700570944e-06
820 2.0742368873932406e-06
821 9.75981323117783e-07
822 2.179968926818366e-06
823 2.5356406916862032e-06
824 2.0017211311569983e-06
825 3.257289559966041e-06
826 2.2703753368675254e-06
827 2.497720400656887e-06
828 2.7078129271446763e-06
829 2.032634590492766e-06
830 2.0952366749829603e-06
831 2.4688214089449484e-06
832 2.1714423444987486e-06
833 2.3000477921572e-06
834 2.6556459876111466e-06
835 3.02566888017888e-06
836 2.1241810478322123e-06
837 1.6399955511670197e-06
838 2.633014565675789e-06
839 2.213799818868352e-06
840 1.926863830886802e-06
841 2.3032949225247226e-06
842 2.0846550967957115e-06
843 2.6265956607170256e-06
844 2.341797405731808e-06
845 2.6110583786487106e-06
846 2.6901530689881365e-06
847 2.432322009685121e-06
848 1.918789237239085e-06
849 2.2499450240677064e-06
850 2.535926330383903e-06
851 2.7962936404386496e-06
852 2.158515950639955e-06
853 2.314532194655842e-06
854 2.6629722734049303e-06
855 2.439183454483622e-06
856 2.7666828748317788e-06
857 2.5895254609069245e-06
858 2.9534732386137917e-06
859 2.5989486856564917e-06
860 2.598944328924578e-06
861 3.0290967830135824e-06
862 2.678071462824433e-06
863 1.7596012793092311e-06
864 2.009614254871309e-06
865 1.8948421610319664e-06
866 2.5824151911233007e-06
867 2.7625050273261445e-06
868 3.345958534634163e-06
869 1.782272232259086e-06
870 1.8445071508735163e-06
871 2.4696781124106882e-06
872 1.7725676476942206e-06
873 2.1768381422628218e-06
874 2.425890024905635e-06
875 1.980191629823898e-06
876 2.2614576876528254e-06
877 2.093525512950292e-06
878 3.0966984813691076e-06
879 2.163304563919683e-06
880 2.4396274786623173e-06
881 3.036570318017666e-06
882 2.7710190599339186e-06
883 2.1970243372876625e-06
884 2.147281016078132e-06
885 2.190977376006467e-06
886 2.6350321826407493e-06
887 2.9702056460166475e-06
888 1.9836397601910485e-06
889 2.3622577718344092e-06
890 1.918991005155149e-06
891 2.2444482641508255e-06
892 1.8475538678895154e-06
893 2.9889555420456017e-06
894 1.5688060755285331e-06
895 2.652182912929972e-06
896 2.4152997962467886e-06
897 1.5057085224270806e-06
898 2.193284562211222e-06
899 3.0763965007588266e-06
900 2.4720077659831913e-06
901 2.5145283145138375e-06
902 2.2472457221105555e-06
903 2.0896096275316446e-06
904 2.586754921313287e-06
905 2.250476252340932e-06
906 3.845220499500519e-06
907 2.593701242420784e-06
908 2.2091539409859232e-06
909 2.7260424563951537e-06
910 2.4968303631599737e-06
911 2.213567092429054e-06
912 2.032708295360603e-06
913 1.9071819550512197e-06
914 2.497017411643609e-06
915 2.175452957162094e-06
916 2.2496172803469824e-06
917 1.838222271783122e-06
918 2.4880606733416083e-06
919 3.05910100585262e-06
920 2.6952569320832048e-06
921 2.5777145435607166e-06
922 2.8442045862317767e-06
923 2.343534765074127e-06
924 2.40721004005626e-06
925 2.713395034192633e-06
926 1.812737212548837e-06
927 2.380673685441063e-06
928 2.817247151770432e-06
929 2.212654778783375e-06
930 2.816010529219524e-06
931 2.0943776776919717e-06
932 2.043518696223188e-06
933 2.2228637483632168e-06
934 1.9833514551234005e-06
935 2.5107372435207885e-06
936 2.2893706998857493e-06
937 2.058145131520692e-06
938 1.810571473112127e-06
939 1.7829041603701152e-06
940 2.3483134626595214e-06
941 2.396172171391653e-06
942 2.0724895870159925e-06
943 2.6415535696800517e-06
944 2.824383667757159e-06
945 1.6691260186037875e-06
946 2.525707961240961e-06
947 2.5344705452188075e-06
948 2.3850802497339914e-06
949 2.1643519667117855e-06
950 2.526327338734936e-06
951 2.4394898096216907e-06
952 2.5234296754017973e-06
953 2.3554920186579695e-06
954 2.0588735316285104e-06
955 2.3791406886674776e-06
956 1.6591171716700571e-06
957 1.8655107076107634e-06
958 3.0113702116347903e-06
959 2.6814482848766415e-06
960 2.1587267616891555e-06
961 2.641948902184491e-06
962 2.6329831163068654e-06
963 3.0624620208284785e-06
964 2.723841487382618e-06
965 2.9213979035940583e-06
966 2.148443681441173e-06
967 1.7958411851738089e-06
968 2.6000709304873e-06
969 2.3902858268174853e-06
970 2.135243682049598e-06
971 2.4832232767158694e-06
972 2.1696982785948366e-06
973 2.0319103582751896e-06
974 2.6868804513289567e-06
975 2.652152564646924e-06
976 1.7148249502602163e-06
977 2.599016749356182e-06
978 2.154385249796688e-06
979 1.5796493146571663e-06
980 2.4410707145852897e-06
981 2.220109624689411e-06
982 2.5671702601468775e-06
983 2.1197873506849312e-06
984 2.2139904223449555e-06
985 3.1668473491465727e-06
986 2.854764172152883e-06
987 2.697763836828619e-06
988 2.803291946771758e-06
989 2.508194606912571e-06
990 2.165726544165166e-06
991 2.6817901591881915e-06
992 1.976359689139253e-06
993 2.1086107143032083e-06
994 1.945933942162766e-06
995 2.1928154852593883e-06
996 2.3728593202984245e-06
997 2.238986967480859e-06
998 1.674843233381128e-06
999 2.0770922694971603e-06
