0 1.3927217462662065e-07
1 1.0857046786013962e-06
2 5.461324618352331e-07
3 8.923146770835167e-07
4 5.740055578101538e-07
5 1.3085280843178047e-06
6 8.364183237208375e-07
7 4.877915476632558e-07
8 1.0662107832415311e-06
9 2.9158324038278745e-07
10 7.54264690293097e-07
11 4.922213525782743e-07
12 3.0207731883014997e-07
13 8.683135316290903e-09
14 1.454874239952231e-06
15 6.039210322648726e-08
16 6.04785705389609e-07
17 5.680479213358017e-07
18 3.92059010591944e-07
19 3.5948862574866954e-07
20 7.338277967204498e-07
21 6.382590102647441e-07
22 1.0637092859511966e-06
23 7.48330702053508e-07
24 1.1318918246107939e-06
25 3.2309236271898227e-07
26 1.0520167223337796e-06
27 1.0262141282725655e-06
28 5.036372382599089e-07
29 7.291982174941907e-07
30 7.23599043981587e-07
31 1.2733685203300624e-06
32 1.1134945441448258e-06
33 8.040557972305588e-07
34 -1.3755335569510354e-07
35 4.128450639797298e-07
36 6.728482980865875e-07
37 1.3834441452297116e-06
38 8.496020606379254e-07
39 8.356188737996723e-07
40 3.2203503512580102e-09
41 8.485556099859613e-07
42 9.483351137773007e-07
43 2.607305175884546e-07
44 8.785618167079643e-07
45 3.0683277329971716e-07
46 6.611699401347076e-07
47 7.764220844965615e-07
48 4.388324164646317e-09
49 2.2690918719021067e-07
50 8.578277019720442e-07
51 1.6123960681816089e-06
52 1.1947204625995173e-06
53 8.653410151824927e-07
54 5.210703242575807e-07
55 1.4427650334825543e-06
56 7.981135096594522e-07
57 7.870305286225067e-08
58 1.3082403595441177e-06
59 6.143294071343206e-07
60 1.204733167220667e-07
61 6.937891023547694e-07
62 6.483737621185368e-07
63 8.698182028764166e-07
64 1.2818598064400244e-06
65 8.774687497220329e-07
66 1.0205398156979479e-06
67 7.333860218288451e-07
68 -3.246164430288752e-08
69 5.982287562092601e-07
70 4.662637091978286e-07
71 9.74697585662812e-07
72 3.5076600583205033e-07
73 1.1845020918365426e-07
74 -2.210862080026645e-07
75 1.039343168080239e-06
76 1.7906711949428378e-07
77 1.9730685661083666e-07
78 6.765274871927251e-07
79 4.4626463303914976e-07
80 1.2698160166542785e-06
81 1.1237817688947233e-06
82 1.0485784180931659e-06
83 6.984759877744883e-07
84 6.242068652391089e-07
85 2.724570054553833e-07
86 3.687824362143768e-07
87 1.5776085779601712e-07
88 2.441784009243403e-07
89 6.190654526228394e-07
90 1.0180045582720507e-06
91 5.87626133688608e-07
92 5.40257256873528e-07
93 4.7628325761110387e-07
94 7.235881451523368e-07
95 6.174621073269003e-07
96 9.915103039681968e-08
97 6.932237468611015e-07
98 5.559204726346545e-07
99 7.123034351337701e-07
100 -1.4266401893780666e-07
101 5.168944267434146e-07
102 2.882357031121509e-07
103 5.492228687929606e-07
104 1.2426060071890699e-06
105 5.591499945037192e-07
106 5.28923638544683e-07
107 3.795765327953312e-07
108 9.328383165784563e-07
109 3.0198274342891827e-07
110 3.845608872823836e-07
111 8.229150125140393e-07
112 9.647120581120923e-07
113 3.6784157519694303e-07
114 1.4344790379934818e-06
115 4.425260563478586e-07
116 1.1244298998770617e-06
117 8.053262751114517e-07
118 3.826851013873939e-07
119 7.750171601353182e-07
120 8.797763744779538e-08
121 9.124517410765907e-07
122 -1.468893674978276e-07
123 5.782797637902766e-07
124 1.4641537267297705e-07
125 6.994651884880955e-07
126 1.107766900227232e-06
127 1.3839873899118203e-06
128 5.775633665387352e-07
129 4.463261504754906e-08
130 2.656736473365534e-07
131 8.911008811695261e-07
132 9.791817921359593e-07
133 7.492265297247042e-07
134 1.1377453505326794e-06
135 5.892118911559419e-07
136 6.779657175750138e-07
137 6.702222695154829e-07
138 5.164539551782019e-07
139 9.548608739529947e-07
140 1.0415922052600426e-06
141 5.231061880645792e-07
142 8.427798998528451e-07
143 9.550593648555543e-07
144 1.0944657924442413e-06
145 5.282392462878459e-07
146 9.311573014755422e-07
147 1.3432911493700624e-06
148 4.3175813141516075e-07
149 6.434844784176171e-07
150 -4.628213814294131e-07
151 2.026940561983093e-07
152 1.8844364722150975e-06
153 8.67837189354238e-07
154 1.1837108985261654e-06
155 5.002343725816514e-07
156 1.0535511044061005e-06
157 3.587522249832889e-07
158 4.7359572224135775e-07
159 9.907248063498647e-07
160 4.7282524113618265e-07
161 8.403538059909355e-07
162 4.4986824876822975e-07
163 5.196267623756524e-07
164 7.860821516650776e-07
165 6.549838988477938e-07
166 6.881309622413044e-07
167 1.8425670459981565e-07
168 1.1471250092858802e-06
169 8.800724103712832e-07
170 1.3947019270783316e-06
171 4.1430908719108283e-07
172 1.4532092316027017e-06
173 5.323731266101079e-07
174 5.007920514329664e-07
175 1.0889157341905146e-06
176 9.775652311909358e-07
177 7.29932639228655e-07
178 2.3236203658556796e-07
179 2.9402549422294204e-07
180 8.712211199742258e-07
181 6.756023153499694e-07
182 7.16538115990019e-07
183 6.663522190662887e-07
184 8.87461499463065e-07
185 1.2656535971516497e-06
186 4.380553244643989e-07
187 1.1924182728693463e-06
188 8.54042196095776e-08
189 1.2259863975820303e-06
190 7.549367145661807e-07
191 5.312714992785119e-07
192 6.282560333323143e-07
193 1.0270379914526262e-06
194 1.3166819135788716e-07
195 1.538031067634524e-07
196 9.341121780823744e-07
197 1.131583126413705e-06
198 -1.1737800092025702e-07
199 6.358303988205463e-07
200 1.0059321432867725e-06
201 5.0454674702246e-08
202 1.4985936998372364e-06
203 -7.603293572324181e-08
204 1.040155482719652e-06
205 -3.3570201949330794e-08
206 1.1703808647937636e-06
207 6.693922581730225e-07
208 4.2139607483185163e-07
209 3.359258306460411e-07
210 1.2500993514867569e-08
211 4.889104181017879e-07
212 8.252830112126688e-07
213 8.671813058482431e-07
214 8.724021626204228e-07
215 5.9604434849734256e-08
216 6.3285784494979e-07
217 4.444496546610597e-07
218 5.223223962952018e-07
219 1.006291861805136e-06
220 1.0979004172497377e-06
221 8.665049861260245e-07
222 1.1680816620480608e-07
223 5.965040772643882e-07
224 6.543030558242812e-07
225 1.7305225357525658e-06
226 8.393437941822269e-07
227 3.9707419615513697e-07
228 2.660711611909942e-07
229 -6.145333322840608e-08
230 1.0682901360417498e-06
231 7.676489221109836e-07
232 3.922862230478397e-07
233 2.8323607326515534e-07
234 2.9793928989649845e-07
235 4.571928848369362e-07
236 3.1968555626917685e-08
237 3.0927196391951704e-07
238 1.0449071032023123e-06
239 5.076165248957815e-07
240 4.2335755975253693e-07
241 8.698423780840182e-07
242 5.947939922780581e-07
243 5.548609822179715e-07
244 9.193751674035186e-07
245 6.353559332973795e-07
246 1.0476671190109276e-06
247 1.31308654919553e-06
248 1.0801155424828608e-06
249 9.792246801899523e-07
250 6.283639557823433e-07
251 1.0902284094997687e-06
252 2.9273934031177456e-07
253 6.432216542456021e-07
254 9.6305531342229e-07
255 1.010538618759385e-06
256 -1.481402406407337e-07
257 3.711241789210377e-07
258 1.0972760232120204e-06
259 -3.0773603629727636e-09
260 6.27748186114879e-07
261 5.516916431577731e-07
262 8.729255446135416e-07
263 1.056617889746974e-06
264 1.6639675895672534e-06
265 -3.274178599394001e-07
266 4.5537401656565315e-07
267 8.749269448923246e-07
268 3.474348858146703e-07
269 3.297415518311814e-07
270 8.464715770286526e-07
271 1.1317441019644737e-06
272 1.3276755428843236e-06
273 2.899480671075404e-07
274 9.333644508816297e-07
275 6.621168095566171e-07
276 5.515545802690991e-07
277 1.021799259870274e-06
278 6.484968924921149e-07
279 7.409515975149601e-07
280 5.708288219418648e-07
281 4.997292637634683e-07
282 -5.56134328560218e-08
283 8.160391846099239e-07
284 7.31754817879692e-07
285 3.589261123474558e-07
286 5.913189886419019e-07
287 4.1797576394361236e-07
288 9.45801549726661e-07
289 8.531359450244354e-07
290 9.664103236452113e-07
291 1.1733017216724432e-06
292 7.790629295407256e-07
293 3.1326050988298773e-07
294 6.415734174541674e-07
295 6.636166268583933e-07
296 9.551413654855614e-07
297 5.007801880427542e-07
298 7.450117797976766e-07
299 4.7176052736442644e-07
300 6.544942666954995e-07
301 8.637850683185627e-07
302 8.689140098660953e-07
303 3.9658780498519287e-07
304 1.0176227376887164e-06
305 -9.130078558546288e-08
306 4.0900556854645134e-07
307 7.473710313039139e-07
308 1.1903951809323586e-06
309 2.613287179427323e-07
310 -1.2423133577032704e-07
311 2.355216913685091e-07
312 8.286393218141732e-07
313 3.2524617548918887e-07
314 4.240347068136432e-07
315 6.451062545796782e-07
316 6.143940397570524e-07
317 5.919206397335062e-07
318 4.5646708417107103e-07
319 2.765960638131512e-07
320 5.55807526183071e-07
321 -2.581344696457156e-07
322 1.1220867951681895e-06
323 6.370060062648864e-07
324 6.358133604261862e-07
325 1.0577227065888487e-06
326 3.5085025209274165e-07
327 3.1408752007247884e-07
328 2.487732223852701e-07
329 9.037438039448171e-07
330 6.783334889845817e-07
331 9.634815679770494e-07
332 9.513584656970534e-07
333 6.319457138383843e-07
334 3.3354799490240465e-07
335 -1.799359323495797e-07
336 6.999687174874241e-07
337 6.033845357072683e-07
338 8.351381364969155e-07
339 7.691054556323076e-07
340 9.249361892251406e-07
341 1.014571805039169e-06
342 7.2837373192757e-07
343 1.8843694586043e-07
344 -1.0820065531620343e-07
345 4.573497371849588e-07
346 6.786394748291255e-07
347 5.041367718268118e-07
348 6.081673632262015e-07
349 5.991985608536995e-07
350 4.702559327829735e-07
351 5.201380279808134e-07
352 5.685517223565764e-07
353 7.901763105313726e-07
354 3.929939183498024e-07
355 7.957718025711714e-07
356 5.66539528436347e-07
357 1.0589219805313747e-06
358 6.932870725595722e-07
359 3.5444997347459976e-08
360 1.1271774879007649e-06
361 1.4202199905215212e-06
362 4.773935364509846e-07
363 1.1036129780426424e-06
364 3.538355592786836e-07
365 3.539615744259087e-07
366 9.392449503390569e-07
367 5.823850206207894e-07
368 9.841750221219014e-07
369 -8.059056761578875e-09
370 1.207427156731159e-06
371 2.942887137784145e-07
372 7.46230926544659e-07
373 1.0630407612489313e-06
374 5.814866934181394e-07
375 1.791396377338881e-06
376 1.0460315800310791e-06
377 5.266259300927047e-07
378 -1.6907879203452955e-07
379 6.234653410891067e-07
380 1.1472861464190244e-06
381 7.840514775593657e-07
382 7.375321675473612e-07
383 7.039266735710863e-07
384 2.960596040169986e-07
385 1.4146476365304277e-06
386 -8.945121716713029e-08
387 9.160657088251545e-07
388 8.978428731708977e-07
389 4.663560556876703e-07
390 1.444030056814596e-06
391 2.2681940842692775e-07
392 1.3146205147023633e-06
393 6.741221694246459e-07
394 5.521672899509234e-07
395 6.453962605189565e-07
396 9.59957834144194e-07
397 9.302329957128836e-07
398 5.762231043974171e-07
399 2.567513011971471e-07
400 1.8015123617682143e-07
401 5.069946693991534e-07
402 3.93353492189755e-07
403 1.0026130025139469e-06
404 8.631356731254032e-07
405 8.715622663487041e-08
406 5.171936138520894e-07
407 3.6368465498707447e-07
408 5.728113516169981e-07
409 1.3118686860537491e-06
410 1.548843316666131e-07
411 5.594890615896738e-07
412 6.879234487911435e-07
413 9.13745463422513e-07
414 5.601278946699067e-07
415 1.142143086431796e-06
416 7.340299850154265e-07
417 1.1989243983823357e-06
418 4.76647317458636e-07
419 5.549296456106602e-07
420 5.344528112751914e-07
421 8.375159738847911e-07
422 3.127482160345104e-07
423 8.675877908371709e-07
424 2.0796065865845935e-07
425 -6.434574405958526e-07
426 1.7713788274068357e-06
427 5.787234617689223e-07
428 1.1818553638074035e-06
429 1.285114618243865e-06
430 -2.3124641204113445e-07
431 6.003829834996277e-07
432 1.1464822459125967e-06
433 -1.7736799069457156e-08
434 -1.8105162150518437e-07
435 5.757560791356988e-07
436 8.832243393156611e-07
437 2.6945963951276e-07
438 3.5298450093405123e-07
439 6.251421402147413e-07
440 3.8791107883230704e-07
441 8.47465555582064e-07
442 5.98599436772929e-07
443 6.412242066444565e-07
444 5.818024851805214e-07
445 9.688745360206027e-07
446 7.783054021542729e-07
447 -1.3399759008274517e-10
448 1.051662626616603e-06
449 -7.777995838681086e-08
450 5.991339783939887e-07
451 2.413771200381256e-07
452 4.1572303108927643e-07
453 4.864302916782096e-07
454 9.472567496246526e-07
455 3.7144383847889697e-07
456 -2.3769691668274487e-07
457 9.161010691189067e-07
458 8.844485038085369e-07
459 8.229392281050872e-07
460 3.28385058616935e-07
461 9.408453329158426e-07
462 3.004511724980568e-07
463 4.425280591982279e-07
464 4.899472684079708e-07
465 5.857065700434824e-07
466 8.106767962255016e-07
467 3.1424264905734086e-07
468 1.4107609282543077e-06
469 6.67393997961432e-07
470 -6.056056877229503e-09
471 1.1193826381622221e-07
472 1.474362324646418e-06
473 8.976433714955057e-07
474 7.380267606492979e-07
475 5.388929785015752e-07
476 1.1320028621897542e-06
477 1.243076659587367e-06
478 1.1820018150471842e-06
479 1.108144191309836e-06
480 5.404375412500646e-07
481 1.4739717295294183e-06
482 6.778986518779285e-07
483 7.864393202112099e-07
484 8.118039508851371e-07
485 6.725828268712676e-07
486 7.684533471280922e-07
487 8.502147484525824e-07
488 9.953484541379216e-07
489 6.100279678049099e-07
490 5.822589781696959e-07
491 1.1122068685940342e-06
492 1.1411337466537474e-06
493 6.708620046199315e-07
494 4.187741876916184e-07
495 7.923692652617818e-07
496 4.495960160867607e-07
497 3.1753628842881594e-07
498 7.711171529351577e-07
499 1.010710701584324e-06
500 2.606746575045675e-07
501 1.0332772872268242e-06
502 1.4719467568744215e-07
503 2.7254842270662255e-07
504 7.332367009848907e-07
505 7.408843335244632e-07
506 2.040655084572129e-07
507 2.865017862393115e-07
508 6.830660892319946e-07
509 7.641928739844638e-07
510 1.0913666608992087e-06
511 1.4270026271310335e-07
512 3.3311898925203496e-07
513 1.3099919854803975e-06
514 6.808886288197669e-07
515 1.1463958722683299e-06
516 9.876342796106373e-07
517 1.1626768166945072e-06
518 1.0638755210683383e-06
519 3.128434138897786e-07
520 4.761837554388596e-07
521 1.3160357925751826e-06
522 7.367642675774203e-07
523 1.2869087959029176e-06
524 5.470962393564677e-07
525 6.782065873918559e-07
526 1.6497908730454705e-07
527 1.5024747223747987e-06
528 8.125949744230008e-07
529 5.755738938822889e-07
530 1.7762496480750005e-06
531 8.03433923917965e-07
532 5.479620843337479e-07
533 7.07017412207746e-07
534 6.875493242015323e-07
535 8.127575572323052e-07
536 3.2769849416007117e-07
537 3.0881172314525654e-07
538 2.464423768068353e-07
539 8.440388239686944e-07
540 2.204489244652656e-07
541 6.020227990709011e-07
542 3.5409415655919644e-07
543 3.74449746867924e-07
544 4.209344870989702e-07
545 -2.7944433616989885e-07
546 3.297202824660901e-07
547 4.39688428942922e-07
548 6.187501765120306e-07
549 1.0043971818390178e-06
550 6.117242530121564e-07
551 9.218487434673857e-07
552 1.84577838203526e-06
553 1.3287917214689215e-06
554 1.7999611951880035e-07
555 6.044197277682857e-07
556 5.500446871525204e-07
557 5.959065355080119e-07
558 9.684196156278587e-07
559 1.1372456264128024e-06
560 4.663934848931402e-07
561 9.022362794787417e-07
562 -8.26416321901026e-08
563 1.2139881079592401e-06
564 -4.00992333850521e-08
565 3.760980079598562e-07
566 1.6242269998421875e-06
567 6.079421451111846e-07
568 1.2997380938004036e-06
569 2.6028104101968845e-07
570 2.1961246286535512e-07
571 6.027226976359988e-07
572 6.831120880872124e-07
573 8.816408564057612e-07
574 3.746893589152489e-07
575 1.5204794820988921e-07
576 1.3231161882203378e-06
577 -4.735621579572861e-07
578 6.248309006520382e-07
579 9.107450757798509e-07
580 5.689115127793349e-07
581 8.306815852545941e-07
582 7.484742089687681e-07
583 1.3188280751938057e-06
584 3.1196158893112313e-07
585 7.869945781085924e-07
586 5.705943318903555e-07
587 3.162835676394784e-07
588 6.273457135015473e-07
589 -2.2068760127362076e-07
590 8.915107258643217e-07
591 9.893421765037238e-07
592 4.3043075875194976e-07
593 4.881466983219344e-07
594 8.310720027707916e-07
595 1.6846913831045318e-06
596 4.958638228204449e-07
597 6.761002301061539e-07
598 3.110261451139895e-07
599 1.0842046600314284e-06
600 7.987711273036792e-07
601 4.615435698662837e-07
602 1.5964015815768e-07
603 4.0968367113543996e-07
604 5.314943085513069e-07
605 9.411178253494545e-07
606 1.229136401855726e-06
607 8.118363670298614e-07
608 3.266377010765242e-07
609 2.807688896937993e-07
610 7.130379546186557e-07
611 7.908307279766705e-07
612 6.49482446198026e-07
613 1.0916252463309736e-06
614 6.325244738088232e-07
615 1.259012056178892e-06
616 5.106785288871902e-07
617 4.675680031300202e-07
618 1.205818902516317e-06
619 5.99073861301945e-07
620 -7.7786035771475e-09
621 5.431871301898087e-07
622 1.1025946822720158e-07
623 4.0094075163329574e-08
624 9.356878690067622e-07
625 1.0080303880747996e-06
626 1.3274663430789388e-06
627 -2.120547584446108e-07
628 6.058969899463221e-07
629 1.8230139138681962e-07
630 8.376975377748092e-07
631 1.0590932941026104e-06
632 9.630010868394997e-07
633 6.407795591298047e-07
634 6.787102276709554e-07
635 4.5551301355735705e-07
636 5.224787918817046e-07
637 8.098081606869604e-07
638 1.1496154275038634e-06
639 2.492782906356247e-07
640 4.277765621447065e-07
641 7.002563070836332e-07
642 4.6032839391263505e-07
643 2.801638427933575e-07
644 6.879873202894575e-07
645 9.771448314396328e-07
646 -1.5602549799129896e-07
647 1.5263012428796157e-06
648 8.547108460418984e-07
649 9.865357071627866e-07
650 2.2879182399285543e-07
651 3.6643595126413565e-07
652 6.667681310727554e-07
653 3.509785059106741e-07
654 3.1604849795344705e-07
655 8.090860768150965e-07
656 3.021427973212504e-07
657 3.800047158377683e-07
658 -1.6931081165530762e-08
659 2.6249409657492483e-07
660 1.0156884326857408e-06
661 9.379836743257737e-07
662 1.4243263050277866e-07
663 2.9528063526303587e-07
664 2.3901937422296833e-07
665 4.174237142604613e-07
666 2.605799530394893e-07
667 5.749410208813571e-07
668 4.1335464116797466e-07
669 8.535967028260224e-07
670 7.872785720666955e-07
671 1.3346180307636073e-06
672 7.709070486036586e-07
673 4.4512917001562736e-07
674 3.0636024478138936e-07
675 6.176862999075122e-08
676 3.692125953027529e-07
677 7.891436043212076e-07
678 5.547729279584462e-07
679 5.390005292825999e-07
680 6.795759643666237e-07
681 -3.1944024122929397e-07
682 3.2001693573011114e-08
683 8.986670804975692e-08
684 1.2593807016846198e-06
685 6.998253886035968e-07
686 2.1137041214621025e-07
687 1.2083946970349703e-06
688 5.13853415891986e-07
689 7.372944709119459e-07
690 5.807424805391189e-07
691 2.7163976380239924e-07
692 1.1985314571782027e-06
693 -1.7218791113573923e-07
694 9.974465998651193e-07
695 9.780313065039105e-07
696 1.0274471014326979e-07
697 5.152762480831926e-07
698 7.625097741870332e-08
699 5.693147393512801e-07
700 5.012700111233509e-08
701 7.577259288046704e-07
702 2.7172813537759085e-07
703 2.95645744428991e-07
704 1.0121785589698508e-06
705 9.297032324188661e-07
706 9.464991209200467e-07
707 8.790549999881071e-07
708 1.167750686790145e-06
709 5.110682641834418e-07
710 7.754941691133736e-07
711 1.2423340876092437e-06
712 8.099157286653175e-07
713 5.63952207064827e-07
714 3.001241616130631e-07
715 1.4715501228548254e-06
716 5.636061914765362e-07
717 7.78809317406743e-07
718 7.344913005037937e-08
719 1.4344103986067873e-07
720 1.2266778761940924e-06
721 2.2575400280775836e-07
722 6.177065925595943e-07
723 -1.2358395968391066e-08
724 5.626242706559092e-07
725 7.964522402206117e-07
726 3.2507792721899645e-07
727 2.7910624042344504e-07
728 8.587773790121928e-07
729 9.538443901566585e-07
730 2.814830932122055e-07
731 1.223028280596408e-06
732 1.506254202841272e-07
733 6.62252648861207e-07
734 9.14777307740075e-07
735 1.4908458785225579e-06
736 2.324824258731977e-07
737 1.267733250485253e-06
738 5.2496773841642e-07
739 8.627912337971529e-07
740 1.0668181896391386e-06
741 2.380787316752567e-07
742 1.168228131808223e-06
743 7.549482133554366e-07
744 4.858102294162122e-08
745 -9.117177851279373e-08
746 3.43349954670892e-07
747 1.1360686552313841e-06
748 7.676682193925281e-07
749 8.834453192594452e-08
750 4.4212301364364775e-07
751 1.0497977085420005e-06
752 5.800951316240861e-07
753 4.953136359088213e-07
754 4.346365219016301e-07
755 1.1084620589153596e-06
756 5.067600450341319e-07
757 3.8603385046552974e-07
758 5.876197448520678e-07
759 1.2523461486839374e-06
760 1.4682583434028804e-06
761 4.1765307686547796e-07
762 4.5958584230536894e-07
763 7.638697013516917e-07
764 8.628851017751216e-07
765 8.65423023533978e-07
766 9.211430181165354e-07
767 8.935467010714775e-07
768 9.133028170722828e-07
769 2.5455515623403947e-07
770 -2.259599862000456e-07
771 9.511022886492917e-07
772 1.3750445509827401e-06
773 6.124050253725744e-07
774 6.87304773125428e-07
775 6.615682300097469e-07
776 1.1803635951845839e-06
777 7.792355165978656e-07
778 -2.618423631322916e-07
779 1.3543813796507737e-06
780 5.123897155593264e-07
781 9.74849243164355e-07
782 2.901967433146334e-07
783 4.3559407293305793e-07
784 1.3212241962899437e-06
785 1.0052641480033266e-06
786 3.687785164939713e-07
787 4.28419280976983e-07
788 1.0854717991645263e-06
789 5.355573588903584e-07
790 5.25007657422446e-07
791 7.031967902370009e-07
792 9.376469359860347e-07
793 8.092735804805972e-07
794 1.3313078954701955e-07
795 3.3696760593459236e-07
796 1.51767406102855e-06
797 4.182431138530302e-07
798 9.63766999396797e-07
799 9.589755430315206e-07
800 3.2415949622539625e-07
801 5.071168396936506e-07
802 4.459550289906631e-07
803 -9.486385822706245e-08
804 6.37930227739965e-08
805 4.1826191298228403e-07
806 4.0332887918294065e-07
807 -1.219924024419365e-08
808 1.7383388216413658e-07
809 7.235535473153599e-07
810 1.226596001073527e-06
811 7.160301613474388e-07
812 9.784980787674193e-07
813 7.928869804110643e-07
814 9.434258847131417e-07
815 5.67591385810759e-07
816 9.650408380060258e-07
817 6.708396794372457e-07
818 3.5547825419834774e-08
819 6.345381759650801e-07
820 8.144008697248853e-07
821 2.0457519210921016e-06
822 7.2545283578688e-07
823 4.442881481361592e-07
824 8.396260351009926e-07
825 -4.0478324626277637e-08
826 8.676605347894954e-07
827 2.613674729211987e-07
828 3.209538253876667e-07
829 9.68897986882759e-07
830 9.753596133330302e-07
831 5.035622548668213e-07
832 8.139408147525981e-07
833 6.716651775301621e-07
834 2.8612734382647374e-07
835 4.38075911952323e-08
836 8.678013407261844e-07
837 1.2142445803321717e-06
838 4.44214766985417e-07
839 7.34069257198127e-07
840 1.1704570527419762e-06
841 5.840848249853598e-07
842 7.822640388231318e-07
843 4.362340709252119e-07
844 6.522951649782569e-07
845 3.0201852971612036e-07
846 1.909121106440924e-07
847 3.252248147057868e-07
848 9.085764656758489e-07
849 6.769483082970689e-07
850 4.272323812167894e-07
851 -1.6617623837828855e-07
852 6.73698459178628e-07
853 5.198762586508012e-07
854 3.5383183172175197e-07
855 6.773517308810076e-07
856 6.06797352698303e-08
857 3.5928551008722973e-07
858 -4.1142291923550835e-08
859 4.605281259748706e-07
860 3.6252344303964796e-07
861 -1.795772835607458e-08
862 5.052484241680845e-07
863 1.4282132043135337e-06
864 8.857905556719531e-07
865 1.2364280091412696e-06
866 3.074150326990447e-07
867 1.2176525028479136e-07
868 -4.332432031173602e-07
869 1.1024355717710609e-06
870 9.93469030431935e-07
871 4.7157702229077544e-07
872 1.2990223501175901e-06
873 8.778724763769173e-07
874 6.221817296122664e-07
875 9.940716832642358e-07
876 7.263242132135389e-07
877 8.782386701680803e-07
878 -1.787836330383759e-07
879 6.051986262684536e-07
880 4.601092549573734e-07
881 -1.2176873901402278e-07
882 1.7023772558058145e-07
883 8.751942994899725e-07
884 7.358324134761626e-07
885 7.800364895484162e-07
886 3.737157881885358e-07
887 9.999812331004001e-11
888 1.181478202801928e-06
889 6.099938226317243e-07
890 1.2327361872083e-06
891 8.19348503750549e-07
892 1.0311796874055919e-06
893 -3.1085555150234844e-08
894 1.298447297166928e-06
895 1.0378745581433521e-07
896 4.057863741776001e-07
897 1.6397304965293577e-06
898 6.142454463216882e-07
899 -1.6459808007221803e-07
900 6.092656239885628e-07
901 3.1271974518754536e-07
902 6.4362204129491e-07
903 6.509617302928349e-07
904 4.50590390298072e-07
905 7.971679598487542e-07
906 -1.0086532435020787e-06
907 3.6949517167030585e-07
908 6.428122509643036e-07
909 4.618030405497253e-07
910 6.467999506212758e-07
911 9.425872545500198e-07
912 9.762636770043871e-07
913 1.0893846122313994e-06
914 5.06705066464857e-07
915 1.0475157574887296e-06
916 1.0497397024427275e-06
917 1.093382286648259e-06
918 2.2810364299875692e-07
919 -9.286674292085577e-08
920 3.249263917529789e-07
921 6.31127752873541e-07
922 1.2136977088801848e-07
923 4.494302619874688e-07
924 5.009440957787873e-07
925 1.7749597740335414e-07
926 1.3223710360771067e-06
927 2.392392834433295e-07
928 -2.8674231614381e-08
929 9.932526650436853e-07
930 2.0126451089407e-07
931 5.705826313735913e-07
932 7.080121028730083e-07
933 7.439721423685251e-07
934 1.0251056879071472e-06
935 5.521311813727714e-07
936 6.982232081303545e-07
937 9.317427279602753e-07
938 1.1931931755012413e-06
939 1.2174033599859391e-06
940 3.7377600452358596e-07
941 4.951774633317475e-07
942 7.824484960296009e-07
943 1.2605378469032236e-07
944 2.188421002491642e-07
945 1.3341448274838012e-06
946 3.303236269501832e-07
947 2.7807385745423287e-07
948 4.74319008406201e-07
949 8.962791827516104e-07
950 1.149262422810399e-07
951 4.87179513348102e-07
952 4.77790040785741e-07
953 5.165002369823647e-07
954 1.0773345025973923e-06
955 6.675555380930156e-07
956 1.3712758853712922e-06
957 1.273682234498665e-06
958 9.555273124301617e-08
959 2.392223371574463e-07
960 9.156700520480866e-07
961 3.266615727352034e-07
962 4.162283032185043e-07
963 -1.172586593339242e-07
964 1.5794822269964645e-07
965 -3.7402543311288275e-10
966 8.743752528680737e-07
967 1.3682034600074612e-06
968 4.3276970624241296e-07
969 8.141192867398727e-07
970 8.956612404201381e-07
971 5.12911502265504e-07
972 7.914690263266948e-07
973 6.66488393717844e-07
974 3.5969288326762915e-07
975 1.2093536718434028e-07
976 1.4707186309403135e-06
977 1.5206773466365828e-07
978 7.900820886940632e-07
979 1.3974199351015118e-06
980 3.286257484493265e-07
981 7.963008048841866e-07
982 5.356714814677717e-07
983 9.335187356706836e-07
984 5.364270544387009e-07
985 1.9230216107289448e-08
986 -1.1478055867645346e-08
987 2.973317350759605e-07
988 -1.0112548122333756e-07
989 4.3797136863555146e-07
990 6.973566395127727e-07
991 2.6658094928613874e-07
992 1.1832575717441732e-06
993 9.19886247205294e-07
994 1.0549581525648641e-06
995 6.750605461925771e-07
996 3.695966998582001e-07
997 7.308594444770944e-07
998 1.37402594328563e-06
999 9.714622323680516e-07
