0 9.3427575747918e-07
1 1.5743941270218447e-06
2 1.0360165476899038e-06
3 1.246428507462743e-06
4 9.793632387974025e-07
5 1.565145940208134e-06
6 1.3996032302306526e-06
7 1.1208951556274941e-06
8 1.5371809045501194e-06
9 1.004761846574415e-06
10 1.4646373707460814e-06
11 1.0887784789618528e-06
12 7.971527295280075e-07
13 2.844916650910212e-07
14 2.3001990555198145e-06
15 6.013302695549713e-07
16 1.2633684946045398e-06
17 1.170640911196531e-06
18 1.4722242185348291e-06
19 1.0598902142625953e-06
20 1.3929098858602217e-06
21 1.2855417024481303e-06
22 1.6460284128487663e-06
23 9.957273978058693e-07
24 1.785256613932954e-06
25 6.544720276313806e-07
26 1.8363535827644105e-06
27 1.4039427013003168e-06
28 1.0373087726699538e-06
29 1.2966526980947908e-06
30 1.3225630575622763e-06
31 2.0340751783750002e-06
32 1.981614810945098e-06
33 1.2508326962973638e-06
34 4.819657575319768e-07
35 1.629185024266815e-06
36 1.1903744858444465e-06
37 1.6731656108667486e-06
38 1.4991588584764605e-06
39 1.582330875270656e-06
40 2.1719848472116382e-07
41 1.085688016231872e-06
42 1.322470123155059e-06
43 6.49286769315142e-07
44 1.5382353269789219e-06
45 1.0637198042662486e-06
46 1.2261639652575694e-06
47 1.4692879515121232e-06
48 8.347816235018223e-07
49 7.767629724276903e-07
50 1.6728320077330668e-06
51 2.157817060503574e-06
52 1.255045562868162e-06
53 1.1859434405021603e-06
54 1.5607405317189276e-06
55 1.980876222808134e-06
56 1.3725909228055272e-06
57 4.215430592854228e-07
58 1.6138490830997114e-06
59 1.0650613142659339e-06
60 1.0487398061211782e-06
61 1.3604254767607406e-06
62 1.5003024643747728e-06
63 1.4706194134835958e-06
64 1.8821622501527633e-06
65 1.5245768658862699e-06
66 1.582322749538855e-06
67 1.4365788888855456e-06
68 5.618708721281213e-07
69 1.4692452745198916e-06
70 7.676762455596769e-07
71 1.1546831844840329e-06
72 1.3673039380461757e-06
73 9.558698464465813e-07
74 -7.596388632984073e-08
75 1.2803634042162268e-06
76 7.455104305146627e-07
77 5.235760586460743e-07
78 1.2063497607882043e-06
79 1.0992363254435585e-06
80 1.7194945151094986e-06
81 1.3072269690944453e-06
82 1.838261615903575e-06
83 1.370062698062801e-06
84 1.5137449123073022e-06
85 7.675952317041867e-07
86 8.130379642725392e-07
87 6.751412117018407e-07
88 1.256723480851522e-06
89 1.3341820166083232e-06
90 1.6434624824532923e-06
91 1.3186110696926696e-06
92 1.3939957215263318e-06
93 8.495480386961363e-07
94 1.3171412028922137e-06
95 1.471193071904623e-06
96 8.124323964976609e-07
97 1.4921352587115162e-06
98 8.317200861265653e-07
99 1.2979546669725552e-06
100 2.7655322823642234e-07
101 1.6622034697170667e-06
102 1.0866224869953032e-06
103 1.1728455281799962e-06
104 1.9144503585846964e-06
105 1.226677623367343e-06
106 1.0139155442486762e-06
107 1.2321359827333678e-06
108 1.4363607285150045e-06
109 1.093784681725292e-06
110 9.960643175487102e-07
111 1.4881859383367128e-06
112 1.90488905641883e-06
113 9.168926518665923e-07
114 1.854417376119984e-06
115 1.2581004734090134e-06
116 1.6061702777209468e-06
117 1.345672214172419e-06
118 9.715483278773658e-07
119 1.5949823186734016e-06
120 6.078088174837852e-07
121 1.668802607906174e-06
122 2.9556882222737637e-07
123 8.143427221881957e-07
124 8.892937925893349e-07
125 1.2465239632099181e-06
126 1.3558158337663638e-06
127 2.058666184548059e-06
128 1.1459599277823517e-06
129 9.22317035141871e-07
130 1.2824080787682352e-06
131 1.7787768144394993e-06
132 1.401884763841468e-06
133 1.0391065690848303e-06
134 1.859820645303088e-06
135 1.2359981046141734e-06
136 1.2017797567892383e-06
137 1.630270513269706e-06
138 9.978282737969775e-07
139 1.6884338501761854e-06
140 1.7519896722228776e-06
141 1.1098298102235408e-06
142 1.426726413433135e-06
143 1.4818215593333806e-06
144 1.6606148987642362e-06
145 1.4144686046074143e-06
146 1.3440794961397576e-06
147 1.9016590383318065e-06
148 1.231473509645086e-06
149 1.2496044882141429e-06
150 2.680094160192342e-07
151 7.260011660619196e-07
152 2.5067413438504615e-06
153 1.187422523731728e-06
154 1.8859155789273274e-06
155 9.528014561478327e-07
156 1.665640112150662e-06
157 1.4460263938313617e-06
158 1.2170837611198251e-06
159 1.6968179366764846e-06
160 1.289677039357268e-06
161 1.4813741103343858e-06
162 1.0543262920711646e-06
163 9.659014037001295e-07
164 1.673355195231965e-06
165 1.1466787534896463e-06
166 1.343945674507018e-06
167 6.219315206303418e-07
168 1.4987657582808287e-06
169 1.7608692831103061e-06
170 1.8602862194919448e-06
171 9.956082253441674e-07
172 1.842344080429353e-06
173 1.1354103643481529e-06
174 8.434883447676519e-07
175 1.363046157086813e-06
176 1.6054350189389296e-06
177 1.1797069367728255e-06
178 7.708410703003471e-07
179 5.864086080892496e-07
180 1.530027184883371e-06
181 1.316136642740402e-06
182 1.311765403606279e-06
183 9.953220238077685e-07
184 1.266934825483055e-06
185 1.7972632686218159e-06
186 1.278905199326832e-06
187 2.175026798842316e-06
188 5.960002145835087e-07
189 1.4702462530180112e-06
190 1.0316009565770212e-06
191 9.71006903818966e-07
192 1.233940581577144e-06
193 1.613158815376262e-06
194 9.951007725735415e-07
195 7.981367055582157e-07
196 1.3404602049546815e-06
197 1.983916635808869e-06
198 4.606622055037319e-07
199 1.1409282223994153e-06
200 1.3316253799905707e-06
201 -6.598840075500405e-08
202 2.0228133453104807e-06
203 3.4738155029651795e-07
204 2.030752531989813e-06
205 6.944123026838257e-07
206 1.7773442175343875e-06
207 1.6988282666942606e-06
208 7.740751188577818e-07
209 7.389830629464899e-07
210 5.801387860358738e-07
211 6.80386430269513e-07
212 1.4165738075417719e-06
213 1.2278873857512464e-06
214 1.5470054029259983e-06
215 5.331743359922457e-07
216 1.469800020849677e-06
217 1.2411203121604628e-06
218 1.1416082438850134e-06
219 1.6952007578287025e-06
220 1.3992078974325105e-06
221 1.2706796416470295e-06
222 6.386199484180788e-07
223 1.1973322912468615e-06
224 1.4598885931915127e-06
225 2.22660472492565e-06
226 1.4961839994798199e-06
227 1.309046831330363e-06
228 6.004099209145023e-07
229 3.6027576501281046e-07
230 1.6531755731332227e-06
231 1.295480417707004e-06
232 9.858912446889888e-07
233 8.554973026788223e-07
234 8.785765994737229e-07
235 1.11817871255151e-06
236 7.942666469193638e-07
237 2.75814999098294e-07
238 1.8370321608040824e-06
239 6.807214118209374e-07
240 9.473637671104959e-07
241 1.1566019479275284e-06
242 1.1109474748097155e-06
243 9.958390319548343e-07
244 1.285110971362617e-06
245 1.242008843415122e-06
246 1.8391607642387115e-06
247 1.9932677781791105e-06
248 1.0940350001801888e-06
249 1.6246094519223322e-06
250 1.364408089317659e-06
251 1.7279504403255654e-06
252 9.233265066112347e-07
253 9.07302735581791e-07
254 1.524216100711729e-06
255 1.3190636223738998e-06
256 4.776235211886851e-07
257 9.673598549368982e-07
258 1.594737300136558e-06
259 6.087915399450035e-07
260 1.2397987894399454e-06
261 1.3845372154908129e-06
262 1.542992761965894e-06
263 1.9058869778723564e-06
264 2.402997737356083e-06
265 1.3410106542273529e-07
266 3.998040243088746e-07
267 1.44237800675112e-06
268 7.005407096852094e-07
269 8.528849448964924e-07
270 1.555770876816167e-06
271 1.5037158327325195e-06
272 1.8099735278853824e-06
273 9.122221556206099e-07
274 1.6959155300615432e-06
275 1.1246167787672489e-06
276 1.4603573766955036e-06
277 1.5536227020081326e-06
278 1.701216855201777e-06
279 1.5295356655319268e-06
280 8.223506169568826e-07
281 8.553297000943551e-07
282 5.012978729456487e-07
283 1.403967782084505e-06
284 1.703760893356378e-06
285 1.0062601058793737e-06
286 1.30729640433273e-06
287 9.26296510138963e-07
288 1.3017171016283147e-06
289 1.3160015450195078e-06
290 1.586333465856581e-06
291 1.5709808408259895e-06
292 1.3623374777854945e-06
293 7.278467885146454e-07
294 1.3357654264971371e-06
295 1.3641922252351828e-06
296 1.4541933241261536e-06
297 1.0083791276087439e-06
298 1.2357906549650872e-06
299 1.1031230465441986e-06
300 1.0353193927113782e-06
301 1.0069370274865057e-06
302 1.5881982462683994e-06
303 8.138073223596149e-07
304 1.550851155396692e-06
305 4.919817650119858e-07
306 6.813942150363055e-07
307 1.4358664177050502e-06
308 1.8668096364224739e-06
309 9.539975629837137e-07
310 3.738228964245516e-07
311 9.359564633722724e-07
312 1.546480466816883e-06
313 9.052209792359823e-07
314 1.049775564673076e-06
315 1.0176757870022838e-06
316 1.2256148564033148e-06
317 9.76013301990797e-07
318 1.092817419894162e-06
319 8.904016160898417e-07
320 1.2637666075322033e-06
321 2.668294283115518e-07
322 1.9793915134078994e-06
323 1.4499566903436911e-06
324 1.2942297653725726e-06
325 1.7641862350363084e-06
326 8.097707561178059e-07
327 9.32386692857964e-07
328 9.161499801626134e-07
329 1.5942230432498438e-06
330 1.27072445418131e-06
331 1.4346697454978627e-06
332 1.8525300580433143e-06
333 1.0272581336106844e-06
334 1.2615433022565092e-06
335 5.324532588388643e-07
336 1.2596316538638196e-06
337 1.282358389946033e-06
338 1.6841892779174903e-06
339 1.3639621615226454e-06
340 1.3951602674075007e-06
341 1.9390214843752445e-06
342 1.1966117809128276e-06
343 8.075449715341499e-07
344 9.003182764182461e-07
345 8.485269322354522e-07
346 1.2613939920034077e-06
347 9.017017691351044e-07
348 1.2111677869488376e-06
349 1.4084376212401158e-06
350 1.0022466433650327e-06
351 1.0375182720058886e-06
352 1.4728607084044374e-06
353 1.3474422390185276e-06
354 8.837157195624407e-07
355 1.4117111411246356e-06
356 1.006042850117528e-06
357 1.6243033055652377e-06
358 1.3218323543486585e-06
359 4.625611892383246e-07
360 1.4550546021723224e-06
361 1.90816162853909e-06
362 9.812308758803265e-07
363 1.6855113764207231e-06
364 1.1560831034136986e-06
365 1.0648321045205248e-06
366 1.5790402615739492e-06
367 1.0798004951562888e-06
368 1.4728840008533028e-06
369 6.956828726028737e-07
370 1.4596987461294178e-06
371 1.5340186936537786e-06
372 1.2305471035723321e-06
373 1.6332674513487405e-06
374 1.0737006324775103e-06
375 2.4792851268397474e-06
376 1.956609088655974e-06
377 1.2626231520064155e-06
378 5.03868236417893e-07
379 1.2431704513796983e-06
380 1.4938949514852552e-06
381 1.4786545469480207e-06
382 1.5850080335612272e-06
383 1.3142980588776697e-06
384 1.2500868906091804e-06
385 1.947127529229396e-06
386 6.035234509512918e-07
387 1.3570038627415351e-06
388 1.018660816273406e-06
389 9.668460722978249e-07
390 1.8050534964490388e-06
391 6.918038377694826e-07
392 1.9798719085901686e-06
393 1.4130344937791716e-06
394 1.3080679830197433e-06
395 1.2331619868266593e-06
396 1.554296403795239e-06
397 1.4374156518484984e-06
398 1.4230979509653986e-06
399 8.644911644777604e-07
400 8.013418715864402e-07
401 1.0704460037478768e-06
402 1.0372225470130997e-06
403 1.3754128525144722e-06
404 1.6361185900279379e-06
405 5.193190388818356e-07
406 1.2987330009522611e-06
407 1.1892757747583892e-06
408 1.4250859884149146e-06
409 1.8909381975277144e-06
410 6.024530367510286e-07
411 1.1276995507111831e-06
412 1.213025829030603e-06
413 1.1391230190970302e-06
414 1.3829658183612966e-06
415 1.9214294711598476e-06
416 1.3913383742065945e-06
417 2.022360050310551e-06
418 9.364918674705705e-07
419 1.5376737182628105e-06
420 9.97631650169781e-07
421 1.671657507894463e-06
422 1.0632742471067788e-06
423 1.3920077067833144e-06
424 7.577318517154521e-08
425 7.204116356114188e-08
426 2.00177479940104e-06
427 6.867307304752579e-07
428 1.8730000725570258e-06
429 1.94334518093422e-06
430 1.4784290033907977e-07
431 1.3667350144241146e-06
432 1.915543402276386e-06
433 6.18633705628065e-07
434 3.7154126670657036e-07
435 1.1406615612209656e-06
436 1.5365004294336614e-06
437 6.631823690324527e-07
438 7.246131255162435e-07
439 1.7489874905003737e-06
440 1.5844092498318454e-06
441 1.4653013522424314e-06
442 1.0755470462616863e-06
443 1.1208400762570858e-06
444 1.3909755777859258e-06
445 1.851752736838031e-06
446 1.2477760999160466e-06
447 8.751341757686725e-07
448 1.8732828317432869e-06
449 9.910884917371537e-07
450 1.1352233840068547e-06
451 8.064708817490067e-07
452 1.0481498531319752e-06
453 1.3966452728954904e-06
454 1.7628877717007975e-06
455 7.293913791664421e-07
456 7.432213284725671e-07
457 1.527135412580513e-06
458 1.5590089461222513e-06
459 1.6506496992847182e-06
460 1.1449340054545353e-06
461 1.3877070711195835e-06
462 1.434430375414368e-06
463 9.276448466807643e-07
464 8.40907673846594e-07
465 1.1207926763617149e-06
466 1.5252967203681262e-06
467 1.1163291754784585e-06
468 2.1311714618386708e-06
469 1.3208095319504987e-06
470 6.67178490046126e-07
471 5.624382535808493e-07
472 1.935717634007111e-06
473 1.0832510663355504e-06
474 1.0307264615069743e-06
475 1.2983832597920038e-06
476 1.5757412686422631e-06
477 1.868279114788528e-06
478 2.0437939463665167e-06
479 1.4197080175204131e-06
480 1.1927215403415207e-06
481 2.582324378175805e-06
482 1.4432384777884893e-06
483 1.6868210955527295e-06
484 1.3823504747820945e-06
485 1.0004880844236755e-06
486 1.6630199110945682e-06
487 1.1949087250064012e-06
488 1.6230330197063052e-06
489 1.3335934850741465e-06
490 1.5392323129976533e-06
491 1.927810576806701e-06
492 1.507585021536058e-06
493 1.3373479471167576e-06
494 8.042545573783802e-07
495 1.3965978727501019e-06
496 9.527306593508088e-07
497 9.85082364277939e-07
498 1.4943433874340972e-06
499 1.1523648195343661e-06
500 8.6659467312369e-07
501 1.4332324570736393e-06
502 7.057350134190939e-07
503 9.436613356432826e-07
504 1.422120468138496e-06
505 1.2286017340591785e-06
506 1.0935879607894656e-06
507 5.802924450846451e-07
508 1.207356694967804e-06
509 1.6333241106843076e-06
510 1.501082555482298e-06
511 8.718850053441812e-07
512 1.1602992513707352e-06
513 1.7133809415875842e-06
514 9.912302166613818e-07
515 1.6683334019778842e-06
516 1.7839431075290862e-06
517 2.2277171368795143e-06
518 2.2230850752123034e-06
519 1.1198826316812026e-06
520 6.287641041055432e-07
521 2.0050644757625673e-06
522 1.6489680772499886e-06
523 2.0062099225460984e-06
524 8.31731684652622e-07
525 1.6212531206589144e-06
526 6.319409322767572e-07
527 2.2175237416276662e-06
528 1.5467051529449167e-06
529 7.906236822967565e-07
530 2.4941914821297837e-06
531 1.1061274221459413e-06
532 9.627280688125802e-07
533 1.6909160096244313e-06
534 1.2572215465682668e-06
535 1.5851765560877462e-06
536 7.418953115018719e-07
537 1.3283482583131013e-06
538 1.0959735279314611e-06
539 1.2289243579963144e-06
540 6.44803151936991e-07
541 1.1264023389770105e-06
542 8.401943876490685e-07
543 7.702432126338403e-07
544 1.0175966619564752e-06
545 3.802956544235658e-07
546 8.110837057077044e-07
547 9.528479559287725e-07
548 1.0334731877507238e-06
549 1.7134489926910197e-06
550 1.217979995428508e-06
551 1.6423796976889716e-06
552 2.5374967701992884e-06
553 2.015802569802701e-06
554 4.662280297301849e-07
555 1.0627339781813904e-06
556 1.0200402566776201e-06
557 1.2346544569996818e-06
558 1.9009517866277284e-06
559 1.65855679120309e-06
560 1.1100961195303671e-06
561 1.3377630952267145e-06
562 4.82589041388537e-07
563 1.9120072746034203e-06
564 7.806161637572584e-07
565 6.060541623038885e-07
566 1.5905617474164657e-06
567 1.4244538300520456e-06
568 1.963677790456932e-06
569 9.40755566971405e-07
570 8.397988026251718e-07
571 1.1556582383811588e-06
572 1.5748149761350482e-06
573 1.7650721900651823e-06
574 1.2527755343513692e-06
575 5.078009808470449e-07
576 1.8561209175286412e-06
577 3.772630144763416e-07
578 1.1241843533278194e-06
579 1.4660597278327377e-06
580 1.302878102983839e-06
581 1.3735502395464168e-06
582 1.146363130718056e-06
583 1.7129024027429059e-06
584 9.87989308301181e-07
585 1.4028492774421712e-06
586 1.2396442720622229e-06
587 1.209251014609193e-06
588 1.0919592286421363e-06
589 7.684589476265223e-07
590 1.7674356417676573e-06
591 1.406758255109674e-06
592 1.064132951161711e-06
593 7.94231766839138e-07
594 1.260700086133821e-06
595 2.4188582408551776e-06
596 7.846170043815098e-07
597 1.2204901707359674e-06
598 1.0263392758459545e-06
599 1.4171306118724627e-06
600 1.16617670298839e-06
601 1.303732766561074e-06
602 6.150480204514628e-07
603 7.334097495658281e-07
604 9.021762325008965e-07
605 1.4858628770868202e-06
606 2.1508769134757534e-06
607 1.4110521566522668e-06
608 1.3265606341639776e-06
609 1.0175214444514106e-06
610 1.1006086931355064e-06
611 1.6179046573783165e-06
612 1.3488658499814094e-06
613 1.6204939063712987e-06
614 1.1248927343248847e-06
615 1.9048518174162214e-06
616 9.146152149156984e-07
617 1.1202780766436933e-06
618 1.2882367866960665e-06
619 1.3507236604807307e-06
620 5.237114622296866e-07
621 9.610981724064165e-07
622 4.844456746348637e-07
623 7.264607678949827e-07
624 1.256873997116153e-06
625 1.8231836035901726e-06
626 1.927867829070476e-06
627 2.67848829936282e-07
628 1.1130750308914025e-06
629 7.956989039310914e-07
630 1.175358629841768e-06
631 1.350160455359494e-06
632 1.6887206805728605e-06
633 1.4791681885284045e-06
634 1.3181591897541276e-06
635 1.0672879252935383e-06
636 1.1514144472580087e-06
637 1.6591487948902942e-06
638 1.4169530590325667e-06
639 5.499133189087062e-07
640 1.153458154293798e-06
641 1.267393147252402e-06
642 8.19513720586643e-07
643 1.3213113280688398e-06
644 1.0033173954773987e-06
645 1.4523459405879047e-06
646 3.98871254823079e-07
647 2.1187251275246754e-06
648 1.3253021067988906e-06
649 1.830245064911893e-06
650 7.400696386014873e-07
651 1.3468545410952308e-06
652 1.4365956703673062e-06
653 1.0195451727903022e-06
654 9.02142506102394e-07
655 1.5293245538001104e-06
656 8.755284014931497e-07
657 1.1380436215305242e-06
658 8.589227135243246e-07
659 8.064692692712314e-07
660 1.4224166095946202e-06
661 1.7730331106663126e-06
662 6.337757108419137e-07
663 1.1136737089641058e-06
664 1.3900863433402029e-06
665 1.286090531127153e-06
666 9.794864417675033e-07
667 1.0701439975297306e-06
668 1.0844358415460907e-06
669 1.6135801073116207e-06
670 1.6340640029028457e-06
671 2.254893733426813e-06
672 1.069336303006825e-06
673 1.0439424319368997e-06
674 7.382516424784905e-07
675 7.853302319827423e-07
676 5.885626644462115e-07
677 1.222150434414497e-06
678 1.2631563130698818e-06
679 1.1613482492519923e-06
680 1.3120191044554343e-06
681 4.4490693213361777e-07
682 4.537509730853999e-07
683 6.546827252126939e-07
684 1.8136801917277344e-06
685 9.836464765253764e-07
686 1.083582444248781e-06
687 2.0158571333668515e-06
688 1.0967434159632567e-06
689 1.058683445084133e-06
690 1.3981551901123863e-06
691 9.934202873419306e-07
692 2.0302301129228437e-06
693 6.086312732386654e-07
694 1.9638463574273443e-06
695 1.4726201065550317e-06
696 9.518071758288339e-07
697 1.1181258200116185e-06
698 6.305897010938067e-07
699 1.0838033673779992e-06
700 5.823657219362e-07
701 1.431593840807039e-06
702 8.616356137998161e-07
703 7.842878776950302e-07
704 1.4929350102373057e-06
705 2.0819522290271283e-06
706 1.4902321220576889e-06
707 1.5472218713938462e-06
708 2.0358488975956855e-06
709 9.419492591261655e-07
710 1.6241187120569136e-06
711 1.811450952179615e-06
712 1.4896580163414103e-06
713 1.2913291810221166e-06
714 1.2203613313505548e-06
715 2.426621639956718e-06
716 1.113721882325098e-06
717 9.75556057455825e-07
718 7.22726678131354e-07
719 4.675967017263011e-07
720 1.7498878740378876e-06
721 1.0935839185366615e-06
722 1.2360902294372155e-06
723 5.213491310935858e-07
724 9.568708176903884e-07
725 1.0512452954257269e-06
726 1.1961110482634433e-06
727 6.827550729805526e-07
728 8.655276405667382e-07
729 1.6393760374836682e-06
730 8.547325807611911e-07
731 1.812699466370985e-06
732 4.1238153894681016e-07
733 1.3229315998998194e-06
734 1.6813691804040293e-06
735 1.9409097928896724e-06
736 7.380454794123251e-07
737 1.9689993827159976e-06
738 1.1211969768129536e-06
739 9.748079176029695e-07
740 1.6392755299046587e-06
741 7.0969237961976e-07
742 1.5609297841837704e-06
743 1.1311329797163747e-06
744 6.943875812073094e-07
745 5.514652847964784e-07
746 9.954972277040434e-07
747 1.6072537235731751e-06
748 1.326444951566663e-06
749 7.838876779113007e-07
750 1.2927325059214429e-06
751 1.8073200819184532e-06
752 8.981054247310046e-07
753 1.5845681623678628e-06
754 1.2021912086988909e-06
755 1.8639300646109954e-06
756 1.343886635279588e-06
757 7.140598215984557e-07
758 1.2417808638975803e-06
759 1.6001403138892454e-06
760 2.3582421646501797e-06
761 1.1030807625338437e-06
762 9.980506954813267e-07
763 1.3371512239023707e-06
764 1.6772004701468692e-06
765 1.1346621064209348e-06
766 1.3940702895647336e-06
767 1.226403327946373e-06
768 1.6021756753467616e-06
769 9.465962628740267e-07
770 7.83369318513542e-08
771 1.9165520050625062e-06
772 1.881588154697578e-06
773 9.882577894783085e-07
774 1.0646238130941859e-06
775 1.0673351461971903e-06
776 1.7315739145335845e-06
777 1.2687809814209146e-06
778 8.903781679114466e-07
779 1.527054500960426e-06
780 1.2009439111884428e-06
781 1.6704788336755773e-06
782 8.563322166638012e-07
783 9.453090808059545e-07
784 1.9051844701725467e-06
785 1.3799884509552805e-06
786 1.1341953117839742e-06
787 7.693086736495901e-07
788 1.5496328232142078e-06
789 1.0241964097299523e-06
790 8.88138013889184e-07
791 1.3032594303377894e-06
792 1.5027622179368433e-06
793 1.2298077741234367e-06
794 7.108009669906364e-07
795 8.640235592143131e-07
796 1.980202805421558e-06
797 8.606925435666537e-07
798 1.4240831597118427e-06
799 1.4043147298626444e-06
800 8.173588314120206e-07
801 1.1804005971467395e-06
802 1.1052860909212353e-06
803 7.076475288890605e-07
804 5.131909674460793e-07
805 1.0496268698976227e-06
806 1.041801374581922e-06
807 4.537339164608755e-07
808 9.57657217362967e-07
809 1.3508933707051049e-06
810 1.7571596905804223e-06
811 1.4210500231930216e-06
812 1.7986562441877164e-06
813 1.316412720633945e-06
814 1.9206440351734237e-06
815 1.0100715081950188e-06
816 1.6841469869490382e-06
817 1.2669762409894314e-06
818 5.862237108232668e-07
819 1.3759530125639552e-06
820 1.2715380690524379e-06
821 2.8758422198198356e-06
822 1.4025995045523881e-06
823 1.2792069780510878e-06
824 1.1260315176472738e-06
825 8.087379402537009e-07
826 1.7443142053549673e-06
827 7.208497249989906e-07
828 1.0565513927743777e-06
829 1.6647771160923754e-06
830 1.1648829206638034e-06
831 1.1555749809160645e-06
832 1.6290993169926746e-06
833 9.509448116000193e-07
834 6.602905657069773e-07
835 6.681119201215914e-07
836 1.35221505723346e-06
837 1.817643361418988e-06
838 1.2736893949044142e-06
839 1.026281343969203e-06
840 1.8199092545431883e-06
841 8.830665418602626e-07
842 1.1537770692261792e-06
843 1.1355939445610518e-06
844 1.0099908352919233e-06
845 6.617325012061127e-07
846 8.952926047813407e-07
847 1.1347604835860727e-06
848 1.1977507011429165e-06
849 1.2925230179724557e-06
850 8.134775992653517e-07
851 6.108799487196921e-07
852 1.1018825325137076e-06
853 1.1906469810475426e-06
854 1.2534879095214396e-06
855 1.3829770463369157e-06
856 6.560253818376312e-07
857 5.704424493702884e-07
858 7.474432434536863e-07
859 7.398632869209364e-07
860 8.131800209169607e-07
861 7.930308656885056e-07
862 1.4517524853464413e-06
863 2.040669193673666e-06
864 1.2759351452994611e-06
865 1.530171834720582e-06
866 7.982423237552036e-07
867 2.2141049498919193e-07
868 3.2660907868866794e-07
869 1.912059021006574e-06
870 1.4644103877837456e-06
871 9.858700864751637e-07
872 1.8915647039091158e-06
873 1.5175662198649272e-06
874 1.1303766108805222e-06
875 1.5354082412072307e-06
876 1.2391875665388948e-06
877 1.5342985848133607e-06
878 7.054780235189118e-07
879 1.05295746994457e-06
880 4.716722509354687e-07
881 5.640406921243717e-07
882 4.504683734113437e-07
883 1.712904297866936e-06
884 9.352371011875731e-07
885 1.345053593863142e-06
886 1.0475691089688108e-06
887 1.1120251566275643e-06
888 2.3956606273200054e-06
889 1.2085598051239903e-06
890 2.2216246672246885e-06
891 1.3638696280556856e-06
892 1.9067861552546647e-06
893 7.183570878618398e-07
894 1.6005475468943722e-06
895 8.41472400184848e-07
896 1.1757990891225875e-06
897 1.9209530568758463e-06
898 1.1107481114247594e-06
899 5.881258662173376e-07
900 1.4296915760214945e-06
901 6.13311740267211e-07
902 9.004094275056073e-07
903 9.515328815427543e-07
904 1.0507841666841478e-06
905 1.3856796937668831e-06
906 -2.79596034506207e-10
907 1.0632232571068577e-06
908 1.0245044559994212e-06
909 1.0904054160176618e-06
910 1.247266257007523e-06
911 1.8058039114255405e-06
912 1.6180561771466949e-06
913 1.458638898246927e-06
914 1.0771123283601733e-06
915 1.8569560350303463e-06
916 1.669658091206323e-06
917 1.640614624843711e-06
918 1.002380870926261e-06
919 3.5798751970881696e-07
920 5.107952749214234e-07
921 1.2299238793528178e-06
922 5.268597781858781e-07
923 1.2919919921474867e-06
924 1.039739799864315e-06
925 6.091840058913114e-07
926 1.79072952470492e-06
927 8.405752155641385e-07
928 5.90957835338922e-07
929 1.6250141441885423e-06
930 1.0231080371188487e-06
931 1.2126876573954977e-06
932 1.29468296971936e-06
933 1.4658193575125632e-06
934 1.7926792269896185e-06
935 1.0491327216130524e-06
936 1.4053988742103253e-06
937 1.7291564476429367e-06
938 1.6447922032846428e-06
939 2.1633469524216184e-06
940 8.313717843582712e-07
941 1.2014636351226207e-06
942 1.3157047941008022e-06
943 3.4963419861211484e-07
944 5.723684298096345e-07
945 1.9746500437564e-06
946 1.0925224055199014e-06
947 9.301593160341966e-07
948 1.15263938612109e-06
949 1.8454917645891554e-06
950 5.816925082822347e-07
951 3.5682179274536086e-07
952 9.067404635433536e-07
953 1.3264123481178575e-06
954 1.8680950448985315e-06
955 1.3421476648625742e-06
956 1.8482285511168641e-06
957 2.3043669815475876e-06
958 7.461821034726712e-07
959 1.2258806587671826e-06
960 1.3241161593399173e-06
961 9.973321083175708e-07
962 8.690082541121333e-07
963 4.665696132142102e-07
964 7.67109567507936e-07
965 4.776143382632731e-07
966 1.5545390683405868e-06
967 1.9647194432222817e-06
968 1.0525410441069886e-06
969 1.4278039143866713e-06
970 2.0702148897198893e-06
971 1.416956071085645e-06
972 1.2909598197996942e-06
973 8.850392137939948e-07
974 1.4032184371653574e-06
975 8.189008137925156e-07
976 2.3435133432976384e-06
977 3.087400761969345e-07
978 1.1851369844038952e-06
979 1.8697378588598818e-06
980 7.117615264060449e-07
981 1.3554426791875516e-06
982 1.2949644851364927e-06
983 1.4054656585348575e-06
984 1.0199812386057513e-06
985 1.1171816471503275e-06
986 7.043228396137858e-07
987 9.681740728582865e-07
988 1.9500770973678925e-07
989 1.0706847062448372e-06
990 1.4109164010696289e-06
991 8.548616484645632e-07
992 1.8716551141637866e-06
993 1.6949555545673115e-06
994 1.6447960246602259e-06
995 1.4441509487925613e-06
996 6.815163440419331e-07
997 1.263739744288399e-06
998 2.1859154011175537e-06
999 1.7497841060352144e-06
