0 2.6911753320480294e-06
1 2.427846801601606e-06
2 2.963890246715753e-06
3 2.872636040349681e-06
4 2.8504594533721145e-06
5 2.343767189737119e-06
6 2.737676133551974e-06
7 2.481289983339103e-06
8 2.61646202124218e-06
9 2.932903753238671e-06
10 2.3800140106803486e-06
11 2.5394131864037903e-06
12 2.967006528844544e-06
13 3.338401801134422e-06
14 1.6232472930783257e-06
15 3.342812274974481e-06
16 2.7227272314821286e-06
17 2.6139211455883457e-06
18 2.4660410452656006e-06
19 2.612953942251303e-06
20 2.4920171950333505e-06
21 2.545739911724553e-06
22 2.2877482116912583e-06
23 3.073352887282971e-06
24 2.067212680154474e-06
25 3.026009358431284e-06
26 2.2055433647159314e-06
27 2.5741972539742835e-06
28 2.7107574942867686e-06
29 2.5718789870152826e-06
30 2.6671603808264817e-06
31 1.9094053637237227e-06
32 1.5759394870185615e-06
33 2.681709435492985e-06
34 3.2699628350683988e-06
35 2.1038597479209235e-06
36 2.700744327288198e-06
37 2.123411712886437e-06
38 2.3394384210473046e-06
39 2.0463310521107993e-06
40 3.767845088460559e-06
41 2.9978107015576133e-06
42 2.4868284429266304e-06
43 3.396022576671637e-06
44 2.2646205808751464e-06
45 2.977120708824351e-06
46 2.445756569525931e-06
47 2.431294882126591e-06
48 2.961356208726148e-06
49 2.8851339952196842e-06
50 2.2817727457000215e-06
51 1.9261847232967525e-06
52 2.7719524946104466e-06
53 2.7250224331247507e-06
54 2.1210090343226205e-06
55 2.2769986408536175e-06
56 2.493304512547012e-06
57 3.6009222439010796e-06
58 2.3256691748503535e-06
59 2.734334567842648e-06
60 2.6545952813585703e-06
61 2.640676706683402e-06
62 2.0045238406472375e-06
63 2.425311028128944e-06
64 2.2747216707827208e-06
65 2.405825950303279e-06
66 2.562922100846767e-06
67 2.4136566242517764e-06
68 3.6241554598237157e-06
69 2.230526330632221e-06
70 3.1946383954045966e-06
71 2.824430724918642e-06
72 2.489277242178442e-06
73 2.8506648944608486e-06
74 3.870050372027282e-06
75 2.722795116053584e-06
76 3.0144149709336283e-06
77 3.4425132739830087e-06
78 2.4751062401124356e-06
79 2.968310099251807e-06
80 2.4858867567113273e-06
81 2.8455401515156857e-06
82 2.0268078522391863e-06
83 2.4555535578778046e-06
84 2.3962817475061308e-06
85 3.0722394168962445e-06
86 3.1236289867439973e-06
87 2.9956493931045934e-06
88 2.4847865579606118e-06
89 2.4415467346202536e-06
90 2.2797205223713906e-06
91 2.561548119357012e-06
92 2.2629357000889002e-06
93 3.0138232511610515e-06
94 2.606170296019455e-06
95 2.270502840010316e-06
96 2.855237569928285e-06
97 2.278178820870533e-06
98 2.9486564108572552e-06
99 2.6245427545572023e-06
100 3.5092084030176724e-06
101 2.082055272744752e-06
102 3.02912163899791e-06
103 2.7048880435257877e-06
104 1.8924964113356365e-06
105 2.5789315005316003e-06
106 2.8469057215109575e-06
107 2.5590798687748505e-06
108 2.3998517026032234e-06
109 2.694508400931685e-06
110 3.2425633508993795e-06
111 2.253472053053277e-06
112 1.5976194777810846e-06
113 2.8338682434225722e-06
114 2.264410035232508e-06
115 2.3690308032674093e-06
116 2.443355548483318e-06
117 2.6254620715091518e-06
118 2.849901314260995e-06
119 2.5206018858991407e-06
120 3.4235818615749976e-06
121 2.174538534030006e-06
122 3.4524738373588466e-06
123 2.973045574899397e-06
124 2.778949545909739e-06
125 2.4702166451403146e-06
126 2.4073717041971832e-06
127 1.8231248363052561e-06
128 2.8227823988570565e-06
129 2.5586350008235806e-06
130 2.383565499857242e-06
131 1.9377711470376218e-06
132 2.643194263201907e-06
133 2.9068562625412685e-06
134 1.784447199515311e-06
135 2.5166696870507955e-06
136 2.3507435864244873e-06
137 2.3868620255158077e-06
138 2.8036327989665835e-06
139 2.1695147438945044e-06
140 2.2058034551938554e-06
141 2.69179942139812e-06
142 2.5879298816636547e-06
143 2.3943300622841957e-06
144 2.2633879451908293e-06
145 2.332383025548354e-06
146 2.4072041100148878e-06
147 2.1334586988231994e-06
148 2.638067416410973e-06
149 2.4328710009534756e-06
150 3.739482704234862e-06
151 3.123428298673523e-06
152 1.528894801941946e-06
153 2.8774945725797112e-06
154 2.182004579254055e-06
155 3.0047649108800884e-06
156 2.522998399600485e-06
157 2.224509051269458e-06
158 2.6261450687613142e-06
159 1.909909140726707e-06
160 2.465789993338428e-06
161 2.3806698940942428e-06
162 2.7968005261571204e-06
163 2.963534845072471e-06
164 2.1747874735562903e-06
165 2.6830258581213734e-06
166 2.616947166871717e-06
167 3.3535322933920605e-06
168 2.4250872322141796e-06
169 2.210287430695276e-06
170 1.978492089663254e-06
171 2.7405303260841654e-06
172 2.0096410897992506e-06
173 2.7352120926954855e-06
174 3.1330762486947342e-06
175 2.766472579183117e-06
176 2.282114097618217e-06
177 2.824904295965299e-06
178 2.8729449713076494e-06
179 3.376250448133205e-06
180 2.4577463812883717e-06
181 2.736927166999144e-06
182 2.489205481204517e-06
183 2.9327068616051865e-06
184 2.748116799779121e-06
185 2.094775377990595e-06
186 2.4844795690121536e-06
187 1.3980097240889729e-06
188 3.3370275752962707e-06
189 2.6923587187504642e-06
190 3.0477052822526906e-06
191 2.8253135896611866e-06
192 2.8224757186552997e-06
193 2.337997592326196e-06
194 2.7066335214009346e-06
195 2.8837296323268975e-06
196 2.6039434583819454e-06
197 1.921834634062514e-06
198 3.2351058418003873e-06
199 2.6895483238541996e-06
200 2.385409633963129e-06
201 3.937902585388519e-06
202 1.9301349916086604e-06
203 3.496482347483614e-06
204 1.6505844005332732e-06
205 3.1535157154328697e-06
206 2.029387216158681e-06
207 1.952741253291541e-06
208 3.4073953498766513e-06
209 3.052167979881849e-06
210 3.0890787361250718e-06
211 2.9947378095498452e-06
212 2.3993442146366657e-06
213 2.764677787957973e-06
214 2.2368296106043296e-06
215 3.0164084222541796e-06
216 2.474040999979213e-06
217 2.5376259313168723e-06
218 2.7400934521592386e-06
219 2.294743134724938e-06
220 2.3963130719387924e-06
221 2.486965831991354e-06
222 3.0612824355843614e-06
223 2.680309050347848e-06
224 2.4511586657795873e-06
225 1.8745357422801048e-06
226 2.632270399046921e-06
227 2.539156598972027e-06
228 3.2099893432228037e-06
229 3.45445661868395e-06
230 2.2501557001599002e-06
231 2.6425465571749906e-06
232 2.8519245170116387e-06
233 3.0141660020285365e-06
234 3.07256154815998e-06
235 2.6210835624155616e-06
236 2.8482878535336843e-06
237 3.7162094885890638e-06
238 2.0914228005814882e-06
239 3.388368601235955e-06
240 3.0512600649865773e-06
241 2.9764287187411053e-06
242 2.927252908850753e-06
243 2.669138042825038e-06
244 2.7225795822310043e-06
245 2.5700725293907837e-06
246 1.8007781963261825e-06
247 1.7308092768136442e-06
248 2.9828394730008627e-06
249 2.3037743392394046e-06
250 2.5118862750813405e-06
251 2.2682259299027847e-06
252 2.9260503364367718e-06
253 3.095057875663384e-06
254 2.4772672610045195e-06
255 2.7882321681976006e-06
256 3.174856592451293e-06
257 2.875063008834068e-06
258 2.47634383132707e-06
259 3.363704249686556e-06
260 2.6138969589733466e-06
261 2.504280348702919e-06
262 2.4812254160131226e-06
263 1.8838329516974358e-06
264 1.5182158567440963e-06
265 3.6695053276298267e-06
266 3.669165924055867e-06
267 2.498226778996222e-06
268 3.2187125786332917e-06
269 2.88838069009589e-06
270 2.0439520620431764e-06
271 2.545882181795306e-06
272 2.3124659984661595e-06
273 2.910866868131278e-06
274 1.987362459640024e-06
275 2.898595658994767e-06
276 2.3897779320236013e-06
277 2.2919763346524264e-06
278 2.265597909071718e-06
279 2.2913332633719276e-06
280 3.085708656972192e-06
281 3.0638408070612097e-06
282 3.5717094350055003e-06
283 2.2574171126971395e-06
284 1.9576547759440384e-06
285 2.7114421834299385e-06
286 2.2353069237151413e-06
287 2.870545584434234e-06
288 2.838859354642919e-06
289 2.798525706610845e-06
290 2.1440764867753e-06
291 2.106247851118829e-06
292 2.731910523670861e-06
293 3.1079262964161033e-06
294 2.5283966125957956e-06
295 2.581822823671178e-06
296 2.42689904597427e-06
297 2.983040344889012e-06
298 2.758513956211385e-06
299 2.6933189388773288e-06
300 2.8681287758146877e-06
301 2.8348262844110926e-06
302 2.2090980349438522e-06
303 3.152419097216204e-06
304 2.639589114391791e-06
305 3.2651094847107716e-06
306 3.3023048441286367e-06
307 2.276237345561977e-06
308 1.9127083821233513e-06
309 2.6760409555183595e-06
310 3.432461714537024e-06
311 2.9887249710369136e-06
312 2.148997159884857e-06
313 3.18498251948978e-06
314 2.633895946747333e-06
315 2.9644513488740366e-06
316 2.5716474920646654e-06
317 2.832474841194472e-06
318 2.853565897869502e-06
319 2.928729649390053e-06
320 2.5650045859530476e-06
321 3.6544600734432034e-06
322 1.984294956150774e-06
323 2.4653356145604183e-06
324 2.615838612095921e-06
325 2.0370019420849644e-06
326 3.161766672801481e-06
327 2.9035491852120833e-06
328 2.8670954841020194e-06
329 2.0754760167884226e-06
330 2.5561814720025325e-06
331 2.7067655490859704e-06
332 1.7993913420936355e-06
333 2.9787250212130097e-06
334 2.3729689338129223e-06
335 3.089208071018542e-06
336 2.6779159399522032e-06
337 2.4946691921761325e-06
338 2.0711767930733973e-06
339 2.5237092494933523e-06
340 2.4429562588950187e-06
341 1.7145541318667974e-06
342 2.6591068963530896e-06
343 2.7878804996535843e-06
344 2.7987356821172557e-06
345 3.188087701475533e-06
346 2.7229960407486993e-06
347 3.1216098432989083e-06
348 2.569947776952757e-06
349 2.5634954965120004e-06
350 2.990020780511645e-06
351 3.152853524427737e-06
352 2.3786933876860425e-06
353 2.535213100906055e-06
354 2.879749727437213e-06
355 2.3512556824093018e-06
356 2.620037700824474e-06
357 2.396685139459689e-06
358 2.753761419792996e-06
359 3.2976222598297915e-06
360 2.5830516278169343e-06
361 2.0931586623652176e-06
362 2.73694080281958e-06
363 2.1458215912658433e-06
364 2.4478280354047736e-06
365 2.5976431393356794e-06
366 2.262499841126138e-06
367 2.909949057927107e-06
368 2.443274567938781e-06
369 3.2514549156572956e-06
370 2.6674887868282373e-06
371 2.153899710199056e-06
372 2.6763313922648897e-06
373 2.1064186530503274e-06
374 2.8988276878814545e-06
375 1.4083608426294823e-06
376 1.946446258609398e-06
377 2.5021822427352052e-06
378 3.0597815354612035e-06
379 2.31475346595923e-06
380 2.5475957089956572e-06
381 2.4943439282873564e-06
382 2.4476024870337326e-06
383 2.372474566639896e-06
384 2.387930381956337e-06
385 2.0302886104882677e-06
386 3.3502915761932348e-06
387 2.61924235291038e-06
388 2.8798124174884936e-06
389 3.062101571915584e-06
390 2.267223464332959e-06
391 3.108467836411433e-06
392 1.9730991019797446e-06
393 2.244472097780525e-06
394 2.486940687914829e-06
395 2.5704887180077103e-06
396 2.2005780954447253e-06
397 2.509807722840218e-06
398 2.2837735281729922e-06
399 3.154355304822194e-06
400 3.058680725585839e-06
401 3.0785497349000835e-06
402 2.7353863574675504e-06
403 2.6552674733817534e-06
404 2.1638634210757776e-06
405 3.3859085470124127e-06
406 2.236722651930948e-06
407 2.4733986657364736e-06
408 2.4929850479146285e-06
409 2.1501417070077636e-06
410 3.0723934760979022e-06
411 2.7760808574119095e-06
412 2.5939468952442456e-06
413 3.0137992932732754e-06
414 2.420832617136595e-06
415 2.0890379761213107e-06
416 2.5158150958297466e-06
417 1.8575393450825867e-06
418 2.8991090205086268e-06
419 1.90588969545282e-06
420 2.85579741041517e-06
421 1.9913779931983885e-06
422 2.6539987436367194e-06
423 2.5473832715155343e-06
424 4.011237592620761e-06
425 3.740022988263722e-06
426 2.0374107671062696e-06
427 3.174187694255139e-06
428 1.983697483255256e-06
429 2.0897574671949847e-06
430 3.709970423899789e-06
431 2.2344259271123135e-06
432 2.0376070965055644e-06
433 3.280161271021269e-06
434 3.230229032360308e-06
435 2.6767325989989945e-06
436 2.3844672621547426e-06
437 3.2739691544768466e-06
438 3.071404719364198e-06
439 1.735582789234975e-06
440 2.10344472778575e-06
441 2.316272613416591e-06
442 2.874131467077363e-06
443 2.9755861885460786e-06
444 2.5049496754660844e-06
445 1.9035314470314358e-06
446 2.3907564652973653e-06
447 2.9789535071388586e-06
448 2.1760745078914757e-06
449 2.6303193552915975e-06
450 2.627713948307331e-06
451 3.035696763007858e-06
452 3.0516192352649614e-06
453 2.4051917239013176e-06
454 2.3106720033231413e-06
455 3.3723018656711044e-06
456 3.0927313997132108e-06
457 2.222159385572338e-06
458 2.2812326244907773e-06
459 2.3107896753607224e-06
460 2.613824381143768e-06
461 2.4109434116198063e-06
462 2.1319976009632093e-06
463 2.825246383232467e-06
464 3.1211507586381086e-06
465 2.791282819215915e-06
466 2.2960514384186314e-06
467 2.632221508706471e-06
468 1.8737517351658648e-06
469 2.4056401732472377e-06
470 2.9161647055194297e-06
471 3.1796449790530444e-06
472 1.9811256871943323e-06
473 2.750677087877014e-06
474 3.276302313979603e-06
475 2.477176725246099e-06
476 2.4748241913888476e-06
477 2.163516008910961e-06
478 1.7019048563116251e-06
479 2.496700044625337e-06
480 2.7532755385523124e-06
481 1.1649000220722745e-06
482 2.5183153902798786e-06
483 2.0997421069304962e-06
484 2.5645898641721858e-06
485 3.01643968097702e-06
486 2.42670784798442e-06
487 2.9013414130478784e-06
488 2.216652940894528e-06
489 2.578747796003494e-06
490 2.2761497300673365e-06
491 1.8505852492194174e-06
492 2.422577617423467e-06
493 2.671504215916335e-06
494 3.0147175844691495e-06
495 2.7329802546496176e-06
496 3.2320687301774045e-06
497 3.0189958533133953e-06
498 2.478488827193515e-06
499 2.9799885409085587e-06
500 2.805214991284462e-06
501 2.448691456444704e-06
502 3.019983862675935e-06
503 2.805961880127831e-06
504 2.4345525357478863e-06
505 2.469002628987166e-06
506 2.5425512961311575e-06
507 3.338344689901846e-06
508 2.6121541507087917e-06
509 1.97663215488767e-06
510 2.6696574517121865e-06
511 2.954823508823726e-06
512 2.8056411828457594e-06
513 2.134726547434333e-06
514 3.03017818647605e-06
515 2.445494328610478e-06
516 1.8019330857292226e-06
517 1.500973659829936e-06
518 1.5495898148168331e-06
519 2.8003404177158234e-06
520 3.3249157220749885e-06
521 2.0411958941557433e-06
522 2.1937797151354387e-06
523 1.8401162947476042e-06
524 3.0508203569041617e-06
525 2.1431014279183375e-06
526 3.2922104061094263e-06
527 1.6875618247010398e-06
528 2.216480407783635e-06
529 3.0535103305717253e-06
530 1.3415856377263133e-06
531 2.787981126875653e-06
532 2.830450880458807e-06
533 1.950694895006229e-06
534 2.5906536657964765e-06
535 2.2172905692056303e-06
536 3.5548789596530883e-06
537 2.2390122077747505e-06
538 2.782446479080329e-06
539 2.8021754221508426e-06
540 3.1002176803792892e-06
541 2.853069221248995e-06
542 2.913925230500873e-06
543 3.1428899792048517e-06
544 2.840043647278945e-06
545 3.331229072612376e-06
546 3.244970825391436e-06
547 3.0194064904366094e-06
548 2.832200129629843e-06
549 2.2595626850543333e-06
550 2.7058380342740318e-06
551 2.2812133350140163e-06
552 1.5265097828129626e-06
553 1.9154443051600757e-06
554 3.3739164563118606e-06
555 3.0083110729579794e-06
556 3.0192624552225697e-06
557 2.6384327016423258e-06
558 1.7092625012928266e-06
559 2.253522424849171e-06
560 2.878539673881833e-06
561 2.5166675004777954e-06
562 3.371758413958194e-06
563 2.221681899962104e-06
564 2.848442963111037e-06
565 3.2411280896881477e-06
566 2.596948353179344e-06
567 2.4262446912319805e-06
568 1.5869899578050132e-06
569 2.6279902572201614e-06
570 3.1426121252859414e-06
571 2.816381788484082e-06
572 2.3797559410612145e-06
573 1.7348047923123202e-06
574 2.4135493330125e-06
575 3.469898630950927e-06
576 2.299824761179744e-06
577 3.3234241164241725e-06
578 2.864012777618464e-06
579 2.3945777293166894e-06
580 2.49086936164403e-06
581 2.601239468527424e-06
582 2.917131996784713e-06
583 2.1409573785381494e-06
584 2.7122978589521153e-06
585 2.418061087404206e-06
586 2.5850916480623596e-06
587 2.542053229981532e-06
588 3.073960840749831e-06
589 2.9410278742162716e-06
590 1.9376344782995932e-06
591 2.528491968237294e-06
592 2.680631525092007e-06
593 3.041412693061261e-06
594 2.6288907944096232e-06
595 1.3015717708224184e-06
596 3.2183813796983925e-06
597 2.5939397286135042e-06
598 3.022420227354596e-06
599 2.593439280061946e-06
600 2.7952155409297648e-06
601 2.4254839787034075e-06
602 3.1290768744134444e-06
603 3.1560721914219916e-06
604 2.9069215335040538e-06
605 2.291793528121057e-06
606 1.6936273825344373e-06
607 2.3300987917759575e-06
608 2.1659334803613555e-06
609 2.5662931184455958e-06
610 2.5725494586545324e-06
611 2.322251340143522e-06
612 2.4993913410997394e-06
613 2.19167703064013e-06
614 2.7095495286288315e-06
615 1.8796967928714374e-06
616 2.9835764100256315e-06
617 2.9031254042062365e-06
618 2.872846919209861e-06
619 2.3023091532636217e-06
620 3.1005826530904166e-06
621 2.767795894069241e-06
622 3.678861069387514e-06
623 3.254692372392634e-06
624 2.811959514721994e-06
625 2.0883564927010103e-06
626 1.8945621923657883e-06
627 3.515505516851192e-06
628 2.905890564234312e-06
629 2.6007637544905974e-06
630 2.6745463618607213e-06
631 2.6010880783231754e-06
632 2.2299086408140254e-06
633 2.361762889429496e-06
634 2.705382766015151e-06
635 2.678242732377359e-06
636 2.662961615919356e-06
637 2.1614838521690935e-06
638 2.7498301946076694e-06
639 3.306727338728058e-06
640 2.571320812647829e-06
641 2.4195655403172956e-06
642 3.2063145612412586e-06
643 2.3309962558706583e-06
644 2.971516395097475e-06
645 2.39382698012725e-06
646 3.4279782580286235e-06
647 1.9567613265666334e-06
648 2.8012065572108086e-06
649 1.8978417358001454e-06
650 3.0029020092990675e-06
651 2.6449298961766037e-06
652 2.405674304022621e-06
653 3.1193844585343536e-06
654 2.733256401141066e-06
655 2.335617990226201e-06
656 3.0585438983107817e-06
657 2.8095795035597736e-06
658 2.802693576890118e-06
659 3.015914737503422e-06
660 2.516048697686058e-06
661 2.0695553016971924e-06
662 3.055570503593661e-06
663 2.867678743168572e-06
664 2.3173707966163422e-06
665 2.5878710444345264e-06
666 3.0589851198642677e-06
667 2.9507384621165496e-06
668 2.6068253166847255e-06
669 2.2930199144000316e-06
670 1.8644029675236544e-06
671 1.5514858864598298e-06
672 3.1174023606255543e-06
673 2.8209502701336076e-06
674 3.139366511131126e-06
675 2.8632464285389216e-06
676 3.147253238383874e-06
677 2.99893462945506e-06
678 2.4770972335291394e-06
679 2.637950595004516e-06
680 2.5069185542743237e-06
681 3.4895303502391695e-06
682 3.3784069187385797e-06
683 2.9558987271951124e-06
684 2.126344480461488e-06
685 3.0809070251133317e-06
686 2.756945285230306e-06
687 1.944546032616463e-06
688 2.77749532882395e-06
689 2.9857824019430923e-06
690 2.4846333721832313e-06
691 2.988079510426414e-06
692 1.8822360005822387e-06
693 3.067964193592293e-06
694 1.861515094785653e-06
695 2.544078041059604e-06
696 2.5669807650609446e-06
697 2.9880118669703555e-06
698 3.3214924809448844e-06
699 2.8764729731217496e-06
700 3.3568955851802147e-06
701 2.208854888091288e-06
702 2.997105610298058e-06
703 3.133214681849642e-06
704 2.6820587084332767e-06
705 1.6311336224324827e-06
706 2.6247703679431623e-06
707 2.1218483102608356e-06
708 1.870957551727732e-06
709 2.7637665387717153e-06
710 2.0906876475609886e-06
711 2.2317627464878856e-06
712 2.50639323491534e-06
713 2.475987822308567e-06
714 2.630877015825415e-06
715 1.1535670548827396e-06
716 2.7569653154329487e-06
717 2.936762799152016e-06
718 3.2642410809536866e-06
719 3.427066566092169e-06
720 2.0502471367576767e-06
721 2.6298010355293357e-06
722 2.773386957754279e-06
723 3.06712577219166e-06
724 3.1397535025982256e-06
725 2.9635640711432304e-06
726 2.5846788468533088e-06
727 3.1766874598508606e-06
728 3.4428589821094152e-06
729 2.229149046588017e-06
730 2.8334833629084044e-06
731 1.8944488561657972e-06
732 3.5015903941834912e-06
733 2.567062956932607e-06
734 2.224920553172947e-06
735 2.2417592119854003e-06
736 2.8094324261472214e-06
737 1.9087860931900713e-06
738 2.471724655363064e-06
739 3.0092223889075024e-06
740 2.3995517426339605e-06
741 3.2673052130921163e-06
742 2.4907571872734355e-06
743 2.4968225357268263e-06
744 2.827129823685701e-06
745 3.4209345909548175e-06
746 2.5935478655244304e-06
747 2.3441991273113814e-06
748 2.615085810209708e-06
749 2.9913298763805008e-06
750 2.451830673325628e-06
751 2.3683916164091247e-06
752 3.1816266474730145e-06
753 2.099662485580206e-06
754 2.452304181361169e-06
755 2.0509481754843657e-06
756 2.4165698345482767e-06
757 3.284762171628871e-06
758 2.5439309565476068e-06
759 2.4116754152280234e-06
760 1.4277869367925649e-06
761 2.428066125413159e-06
762 2.9957651853087884e-06
763 2.790496687549307e-06
764 2.419571281546299e-06
765 3.09148363537906e-06
766 2.694612805690415e-06
767 2.7508271658694736e-06
768 2.1635114012875748e-06
769 2.825553864589473e-06
770 3.864325758434665e-06
771 1.6422620062212755e-06
772 2.0746801635547498e-06
773 3.031448220238348e-06
774 2.869670644165676e-06
775 2.731933587315966e-06
776 2.318500359749961e-06
777 2.7247089222733146e-06
778 2.4749134212521076e-06
779 2.656658859773326e-06
780 2.480418597780193e-06
781 2.169995562702928e-06
782 2.7547989276593837e-06
783 2.8939888796276024e-06
784 2.1237665381366496e-06
785 2.6590924233070027e-06
786 2.7350103706779713e-06
787 3.2062476833402525e-06
788 2.5271490746986474e-06
789 2.8243670107307336e-06
790 2.9959272432107297e-06
791 2.7293406854933717e-06
792 2.5092755731305672e-06
793 2.817538029999792e-06
794 2.9583898559426452e-06
795 2.8371390152505613e-06
796 2.0021447129802385e-06
797 2.955106285193034e-06
798 2.5772304005255105e-06
799 2.8336160572048282e-06
800 3.207792051673735e-06
801 2.724373081153715e-06
802 2.6571673442432326e-06
803 3.1613735203929797e-06
804 3.1214989960144163e-06
805 2.9407877189273973e-06
806 2.6674770711644318e-06
807 3.63510276967355e-06
808 2.743573223371093e-06
809 2.6109150016525914e-06
810 2.1034650366974415e-06
811 2.473310551872308e-06
812 2.188275169292711e-06
813 2.6551296041326733e-06
814 1.986938424562853e-06
815 2.691613738512697e-06
816 2.1190648440473272e-06
817 2.4340913389350865e-06
818 3.4020604895161697e-06
819 2.5583147561338014e-06
820 2.635529558273417e-06
821 9.180740860179343e-07
822 2.2818090780324206e-06
823 2.534889352963556e-06
824 2.844879780633867e-06
825 3.1706917184974762e-06
826 2.2977557579421668e-06
827 3.1586814659819504e-06
828 2.8193381640749597e-06
829 2.2002264824887696e-06
830 3.008085315283796e-06
831 2.6543755346060427e-06
832 2.2012290798812657e-06
833 3.1284931788205236e-06
834 3.3500589604175276e-06
835 3.3833651494699904e-06
836 2.4354785907957606e-06
837 1.8107371703800834e-06
838 2.6930933321438013e-06
839 3.049139998898577e-06
840 2.189734129086506e-06
841 3.1244876342933387e-06
842 2.71949020070247e-06
843 2.7477854568997556e-06
844 2.9989117766496414e-06
845 3.314379651692479e-06
846 2.8329866096726524e-06
847 2.320980158062344e-06
848 2.6280172407486864e-06
849 2.5337415315317334e-06
850 3.328125888552386e-06
851 2.898561794136631e-06
852 2.7062477734115263e-06
853 2.4225175547901463e-06
854 2.4609993362140558e-06
855 2.6068297618302452e-06
856 2.9237632859006412e-06
857 3.557088778136994e-06
858 2.967752284949866e-06
859 3.4724367242594794e-06
860 3.238661232705571e-06
861 3.066504348064184e-06
862 2.4466576326745544e-06
863 2.162185145207918e-06
864 2.688702502380051e-06
865 2.667547598173885e-06
866 2.9689691828993682e-06
867 3.908577071157284e-06
868 3.3586617638398666e-06
869 1.8871382339961349e-06
870 2.246010150306223e-06
871 2.8567529887131666e-06
872 2.1869961491703077e-06
873 2.413861685229812e-06
874 2.854033632893441e-06
875 2.4311591886641953e-06
876 2.8113723922848984e-06
877 2.293345579406299e-06
878 2.9655142574797368e-06
879 2.7200808648977343e-06
880 3.6612737684133404e-06
881 3.2102688300831013e-06
882 3.64832029670669e-06
883 2.1716015367060745e-06
884 3.1096240154260654e-06
885 2.639004368478421e-06
886 2.840280217357813e-06
887 2.4243003151034077e-06
888 1.1799591601390428e-06
889 2.6822337096868524e-06
890 1.565036835726343e-06
891 2.723732597476086e-06
892 1.63864266042831e-06
893 3.0582349230712316e-06
894 2.210457338490484e-06
895 2.792536260430813e-06
896 2.3311961331975286e-06
897 2.290928362882711e-06
898 2.593062362625849e-06
899 3.117442825127264e-06
900 2.4040937825672902e-06
901 3.2369686524656867e-06
902 3.1428897460132703e-06
903 2.759410116410081e-06
904 2.8940106483210287e-06
905 2.648391857007391e-06
906 3.622235375072207e-06
907 2.674169872463321e-06
908 2.8305592713308216e-06
909 3.083456845670458e-06
910 2.8046686545883915e-06
911 2.0625823413407344e-06
912 2.2020684034769896e-06
913 2.516062643350619e-06
914 2.9050575779845256e-06
915 2.2031528578017128e-06
916 2.625018025873214e-06
917 2.187984977147989e-06
918 2.4648281342481835e-06
919 3.5477145368235457e-06
920 3.736158374345509e-06
921 3.08862961826833e-06
922 3.5406158246841704e-06
923 2.179274568092361e-06
924 2.8529667813973683e-06
925 3.245496194476695e-06
926 2.4371887205481996e-06
927 2.531657873642097e-06
928 3.0436883462872967e-06
929 2.4978927990299253e-06
930 2.877502886294045e-06
931 2.3115996150444315e-06
932 2.2842658595196655e-06
933 2.4026734388389953e-06
934 1.9945673379888033e-06
935 2.9678963342563427e-06
936 2.4874493813917493e-06
937 2.047344352848781e-06
938 2.341255136923949e-06
939 1.5369713937522116e-06
940 2.86846588048922e-06
941 2.3989090936789307e-06
942 2.4106543766504156e-06
943 3.5712994678097113e-06
944 3.6048789496294393e-06
945 1.798865303361497e-06
946 2.442172956593096e-06
947 2.6762142398336617e-06
948 2.5345170066148783e-06
949 1.8801790959841198e-06
950 2.9852554479248637e-06
951 3.89706120927886e-06
952 3.1304388672577655e-06
953 2.348255032614379e-06
954 1.9631972093473153e-06
955 2.716924939634811e-06
956 2.1069551270485963e-06
957 1.559942626069774e-06
958 3.3078818553361167e-06
959 2.368449656176251e-06
960 2.8191495244379333e-06
961 2.901479878002985e-06
962 3.2788256520798923e-06
963 3.463685658951757e-06
964 3.0488560925599588e-06
965 3.440041551777319e-06
966 2.211793475310403e-06
967 2.0463567279991777e-06
968 2.8386788339172408e-06
969 2.6785532973683407e-06
970 1.5645809960120682e-06
971 2.3815436888949725e-06
972 2.5736091464146884e-06
973 2.8968791389693937e-06
974 2.4637203246635947e-06
975 2.8998649300150607e-06
976 1.6667424511008378e-06
977 3.5668794050718803e-06
978 2.794904371360286e-06
979 2.030526125919085e-06
980 3.0821399851312975e-06
981 2.425528539064238e-06
982 2.6281530928423008e-06
983 2.5929318148068965e-06
984 2.6843595768105127e-06
985 2.7945688648239877e-06
986 2.9642095971909025e-06
987 2.908436746035525e-06
988 3.597957118613256e-06
989 2.7009673931289415e-06
990 2.374711010555587e-06
991 2.9624999154114647e-06
992 2.239576829540976e-06
993 2.133639400755646e-06
994 2.2940123411423445e-06
995 2.271885237768859e-06
996 3.0404896543473723e-06
997 2.6543724631494383e-06
998 1.7240963672391752e-06
999 2.1567409115845767e-06
