0 2.9108913374656265e-06
1 3.3155171177253977e-06
2 2.818706164759339e-06
3 3.0758963584897182e-06
4 3.1230863010972067e-06
5 3.4181277146066737e-06
6 3.001322057163717e-06
7 2.9462809224845466e-06
8 3.044494704615532e-06
9 2.7843831130818154e-06
10 3.0843314953566007e-06
11 3.0839136107030008e-06
12 2.851032630329423e-06
13 2.65745736713378e-06
14 3.5012653753991636e-06
15 2.401054252688044e-06
16 2.85074200975791e-06
17 3.0701020244940758e-06
18 2.946109164917416e-06
19 2.946137076473905e-06
20 3.0457853439055146e-06
21 3.124964328564976e-06
22 3.3160718484724045e-06
23 2.7726798854312888e-06
24 3.309915189531176e-06
25 2.8463189831817806e-06
26 3.2433050598443747e-06
27 3.3440032458877285e-06
28 2.9438034232003516e-06
29 3.060545758905443e-06
30 2.9224567314178395e-06
31 3.4058039156058462e-06
32 3.6149346540878018e-06
33 2.911670507179809e-06
34 2.5441357803744755e-06
35 2.7672512042488674e-06
36 2.991187061808106e-06
37 3.5898256948225755e-06
38 3.0872560766341274e-06
39 3.3557626443411782e-06
40 2.5697376204157083e-06
41 2.9203354830993793e-06
42 3.2944565771766427e-06
43 2.4714531400290492e-06
44 3.2144870696081437e-06
45 2.483928182519146e-06
46 3.1515452794035924e-06
47 2.9030771288436773e-06
48 2.5559850739292105e-06
49 2.880480953452066e-06
50 3.223284728495398e-06
51 3.546688074501464e-06
52 3.3814548978630863e-06
53 3.094570076378635e-06
54 2.8351530669042472e-06
55 3.2527210801028777e-06
56 3.0722765096182345e-06
57 2.3552323391660227e-06
58 3.427142560542407e-06
59 3.0748428275362716e-06
60 2.6844801195890257e-06
61 2.782344504556242e-06
62 3.309199685756562e-06
63 3.1846781168141964e-06
64 3.3261709630713687e-06
65 3.15647280614938e-06
66 3.0310216040449545e-06
67 3.2164393431029453e-06
68 2.285066862683755e-06
69 3.0850816138106643e-06
70 2.7258673612373404e-06
71 3.3265676239195377e-06
72 2.8131171544875907e-06
73 2.6090255347401336e-06
74 2.3830791889640167e-06
75 3.1458429070200234e-06
76 2.7529686001503714e-06
77 2.6147226957370394e-06
78 3.1789236703204955e-06
79 2.4463520770081985e-06
80 3.206946190003327e-06
81 3.1905064519279098e-06
82 3.3389095404666184e-06
83 3.0941315548674736e-06
84 3.1039367464332943e-06
85 2.7695506151126196e-06
86 2.7607246303553865e-06
87 2.9212795884497672e-06
88 2.743748423191946e-06
89 3.0853119954960597e-06
90 3.204285780578246e-06
91 2.9778387763697063e-06
92 3.101938372779601e-06
93 2.9236247506439895e-06
94 2.934663509194295e-06
95 3.1269048773537983e-06
96 2.8391231860879344e-06
97 3.175901638357719e-06
98 3.171835583746947e-06
99 3.005882366317245e-06
100 2.4117345235665013e-06
101 3.010073898327524e-06
102 2.4788178498140158e-06
103 2.95661503570546e-06
104 3.4268794209030367e-06
105 3.047423748250449e-06
106 2.828734503668042e-06
107 2.9312136797573162e-06
108 3.1796991511421645e-06
109 2.717645595279561e-06
110 2.4904006402996185e-06
111 3.1304074124215246e-06
112 3.32827987514988e-06
113 2.9462508788393897e-06
114 3.4339522481310187e-06
115 3.0520335236287978e-06
116 3.2818774956914335e-06
117 3.0571247950010357e-06
118 2.828992837926524e-06
119 2.944390404484346e-06
120 2.461715712812349e-06
121 3.2460365297134323e-06
122 2.412850511838359e-06
123 3.0155831075961907e-06
124 2.7140149020397354e-06
125 3.0836779511554436e-06
126 3.6304502702956234e-06
127 3.472823011103858e-06
128 2.739768670660912e-06
129 2.8662976530645687e-06
130 2.9763118613514445e-06
131 3.2902914977478658e-06
132 3.1574701627691472e-06
133 2.9369821826874926e-06
134 3.5632655078611858e-06
135 3.2698273279553555e-06
136 3.3267700506760895e-06
137 2.8447868023371585e-06
138 3.0516676581594698e-06
139 3.1435558684401288e-06
140 3.24107109373183e-06
141 2.991865859822518e-06
142 2.9266786282645507e-06
143 3.001718340936049e-06
144 3.3396200379577464e-06
145 2.9950640021819643e-06
146 3.2558830811800004e-06
147 3.4471447753511162e-06
148 2.809403227144292e-06
149 3.002741579405654e-06
150 2.1868541928636077e-06
151 2.6257697139861793e-06
152 3.7536133554987446e-06
153 3.1222182622214685e-06
154 3.1628490123193483e-06
155 2.8534386321575194e-06
156 3.0241932748108652e-06
157 3.077991157498871e-06
158 2.936340001557918e-06
159 3.5081416350896706e-06
160 2.8597925399277423e-06
161 3.1477614644200315e-06
162 2.8885668230290894e-06
163 2.858102330050705e-06
164 3.1121534774162732e-06
165 3.109865744680945e-06
166 2.810591311398483e-06
167 2.447967142894331e-06
168 3.364806873237004e-06
169 3.009112562322166e-06
170 3.6564491442228334e-06
171 2.8296057033668055e-06
172 3.6911289064844467e-06
173 2.916735953413355e-06
174 2.7784948998558e-06
175 3.070815261234443e-06
176 3.1667910597132278e-06
177 2.799238236485296e-06
178 2.831431960526356e-06
179 2.795640804647377e-06
180 3.079989214922227e-06
181 2.9284683879802447e-06
182 3.184379971332631e-06
183 3.1396609651593794e-06
184 3.1080768070865094e-06
185 3.493117184832748e-06
186 2.9454314587057984e-06
187 3.5353293906769656e-06
188 2.641469458130502e-06
189 3.1566877921272662e-06
190 2.7350821029998216e-06
191 2.957430192981045e-06
192 2.781637998192463e-06
193 3.2636092354298477e-06
194 2.731101367302545e-06
195 2.8093591576976575e-06
196 3.262126970608004e-06
197 3.2503796132445442e-06
198 2.591779760871893e-06
199 3.0712079436490153e-06
200 3.4243072733596214e-06
201 2.529572580229956e-06
202 3.5078108059148437e-06
203 2.476824355360229e-06
204 3.3867630542751264e-06
205 2.4280412070583203e-06
206 3.522441541474007e-06
207 3.2297994297486402e-06
208 2.6080120502917158e-06
209 2.755567472642379e-06
210 2.7647414607266823e-06
211 3.133964428198377e-06
212 3.267848086744065e-06
213 3.0558195436255934e-06
214 3.3270478600896564e-06
215 2.9527827105294033e-06
216 2.9589502961414067e-06
217 3.000098527545964e-06
218 2.8202148668928363e-06
219 3.2010521138872712e-06
220 3.3819849900970343e-06
221 3.3376578374853927e-06
222 2.804932401777733e-06
223 2.9898573458991277e-06
224 2.793180044337004e-06
225 3.5153611448916647e-06
226 2.925050908221455e-06
227 2.807619684832191e-06
228 2.8562056828277006e-06
229 2.671527920589762e-06
230 3.208338383352909e-06
231 3.087670243948196e-06
232 2.8670918343047407e-06
233 2.8414308289888873e-06
234 2.625062236904624e-06
235 2.743078974176136e-06
236 2.5766802416540594e-06
237 2.652089144896999e-06
238 3.1617128901121464e-06
239 2.750067269234746e-06
240 2.7672018668477243e-06
241 2.9308773244227513e-06
242 2.9243368579816336e-06
243 3.0605229339328766e-06
244 3.0782562308950606e-06
245 3.113243408360904e-06
246 3.5730527915000125e-06
247 3.6560306815975e-06
248 3.2783060124857063e-06
249 3.153392518401374e-06
250 2.908020011130865e-06
251 3.311830423713484e-06
252 2.669239582970259e-06
253 3.0092954659292863e-06
254 3.0669148128716703e-06
255 3.0646088781135376e-06
256 2.547352921474098e-06
257 2.6706613092084703e-06
258 3.125507691841191e-06
259 2.4352280798248135e-06
260 2.9512996686050167e-06
261 2.9352981842387213e-06
262 3.0960159723199256e-06
263 3.4620894751768112e-06
264 3.6861223570171163e-06
265 2.2939224307874455e-06
266 2.701375592614976e-06
267 3.008816336243374e-06
268 2.6909679273514886e-06
269 3.078652728303825e-06
270 3.4421439194287323e-06
271 3.300555413290084e-06
272 3.2875682226205133e-06
273 2.7143763006899175e-06
274 3.4261993538368935e-06
275 2.856008791575569e-06
276 3.018591183643721e-06
277 3.2494532469840016e-06
278 2.8303743242845947e-06
279 3.249360603580749e-06
280 2.8729213624831864e-06
281 2.907230222001183e-06
282 2.3155045472529734e-06
283 3.3550026358691236e-06
284 3.325878106832794e-06
285 2.8861351713660084e-06
286 3.187883829328123e-06
287 2.9497945558767405e-06
288 2.9989548499697392e-06
289 3.0361332503771526e-06
290 3.4400470476465697e-06
291 3.698016562416273e-06
292 2.9014586615953925e-06
293 2.8246280295505714e-06
294 3.0589106942904308e-06
295 2.933407794505769e-06
296 3.305229496357543e-06
297 2.8034110116176343e-06
298 3.0534018276402877e-06
299 3.0914276264593314e-06
300 2.940700021127482e-06
301 3.2422026155605303e-06
302 3.1955961030628705e-06
303 2.7511629571092755e-06
304 3.027115380481013e-06
305 2.5423217183534385e-06
306 2.7465243423589047e-06
307 3.133489768921097e-06
308 3.4925354998685655e-06
309 2.849970091930661e-06
310 2.3871414156653588e-06
311 2.6558978910204846e-06
312 3.366658257585138e-06
313 2.6097451050477792e-06
314 2.9190189921543982e-06
315 2.8828187042685148e-06
316 3.0052528175371647e-06
317 3.0844387167147826e-06
318 2.8937649137451834e-06
319 2.6980407743789445e-06
320 2.8530113414683334e-06
321 2.1673355255047274e-06
322 3.310006767412383e-06
323 2.9927694815533926e-06
324 2.8500521082886235e-06
325 3.4641657262422406e-06
326 2.7242861567436404e-06
327 2.670775313159786e-06
328 2.92685771210053e-06
329 3.3960418236115997e-06
330 3.1290540310332787e-06
331 3.036375120538483e-06
332 3.4411968734158603e-06
333 2.948026690253029e-06
334 2.8319912817536147e-06
335 2.5885876773169303e-06
336 2.8457338286927247e-06
337 3.078060044730209e-06
338 3.3088785021641507e-06
339 3.1247034843342073e-06
340 3.2265962293902322e-06
341 3.470346087540104e-06
342 3.0993672363785844e-06
343 2.8895877549742095e-06
344 2.5190748296645632e-06
345 2.6180626236327874e-06
346 2.9106018554053415e-06
347 2.7452683545890208e-06
348 3.08193250904943e-06
349 2.7889916119528456e-06
350 2.7878958340657593e-06
351 2.5233286929758666e-06
352 2.896162000307433e-06
353 3.1645139731280656e-06
354 2.947707144414782e-06
355 3.228388713138252e-06
356 3.185983918182328e-06
357 3.217753793220968e-06
358 2.7651896026086364e-06
359 2.711529566540099e-06
360 3.3582516307309668e-06
361 3.3689155955062906e-06
362 3.1206409377615173e-06
363 3.3874737995986334e-06
364 3.1396343149770196e-06
365 3.0615946641580095e-06
366 3.3355580630507897e-06
367 2.861162333043769e-06
368 3.171966624490117e-06
369 2.2858097054576965e-06
370 3.1842117408884823e-06
371 2.7634809056157785e-06
372 3.1044136800334027e-06
373 3.3826448401714946e-06
374 2.915757958559205e-06
375 3.879145913665055e-06
376 3.213015435778687e-06
377 3.05441107701488e-06
378 2.7342438524188614e-06
379 3.359042965972268e-06
380 3.470832033708478e-06
381 3.0213476407569563e-06
382 2.878985279502707e-06
383 3.1271959444067677e-06
384 2.9593493715201623e-06
385 3.560567295661059e-06
386 2.273774820034839e-06
387 3.159360817903884e-06
388 3.164189855273581e-06
389 2.581272474647947e-06
390 3.5438930845563393e-06
391 2.8144791120550927e-06
392 3.5496968350635378e-06
393 3.2220059751074093e-06
394 3.0723421908343437e-06
395 3.0635574213495394e-06
396 3.304947025765302e-06
397 3.263558095748779e-06
398 3.112405665429742e-06
399 2.650315145366328e-06
400 2.664161544220832e-06
401 2.6774419919481373e-06
402 2.8670247606284496e-06
403 3.1734213400538564e-06
404 3.244951821415591e-06
405 2.5738474463869824e-06
406 3.168111111007758e-06
407 2.9739912269320284e-06
408 2.8214359426930656e-06
409 3.5213374609424826e-06
410 2.8828213692887214e-06
411 2.8474465185400953e-06
412 3.1290690301569056e-06
413 2.8918771090393604e-06
414 2.9894091480511424e-06
415 3.2114038874720376e-06
416 3.01432596493258e-06
417 3.3573350196461486e-06
418 2.883258392340924e-06
419 3.252924848357269e-06
420 2.782624621573941e-06
421 3.2575315171244207e-06
422 2.887564606371335e-06
423 3.1785605908561685e-06
424 2.5302787690596943e-06
425 2.063632451066796e-06
426 3.7477184074330736e-06
427 2.938327163362438e-06
428 3.2784265581090146e-06
429 3.261955095118837e-06
430 2.3776813767460013e-06
431 3.2617946428894325e-06
432 3.2286687062987306e-06
433 2.4868898078392464e-06
434 2.540358420924444e-06
435 3.134252298010493e-06
436 3.156668983922171e-06
437 2.6718475029952452e-06
438 2.8909877530726812e-06
439 3.355518297928721e-06
440 2.93432139060797e-06
441 3.3703507047165347e-06
442 2.950848935799957e-06
443 2.6998813841637277e-06
444 2.8450406235921166e-06
445 3.4185280513942906e-06
446 3.3128316727239146e-06
447 2.492929711271132e-06
448 3.1336696339801844e-06
449 2.6272886066280374e-06
450 3.1246050725399427e-06
451 2.758246651321633e-06
452 2.544003697574557e-06
453 2.947453650132379e-06
454 3.016527002801997e-06
455 2.7260108697083734e-06
456 2.31457589368412e-06
457 3.2909470526133185e-06
458 3.2196718428961536e-06
459 2.9833083980730427e-06
460 2.8658617123482694e-06
461 3.2430338968635046e-06
462 3.120668858927486e-06
463 2.9117333899366163e-06
464 2.828329965123535e-06
465 2.975225863680971e-06
466 3.0937456728168957e-06
467 2.704094806640581e-06
468 3.371043022491861e-06
469 3.1384048284089543e-06
470 2.549522890295755e-06
471 2.849498005454778e-06
472 3.646386717810881e-06
473 3.3394408205572808e-06
474 2.660647529890315e-06
475 2.934763291093005e-06
476 3.2323656027680324e-06
477 3.226405148528483e-06
478 3.5215682814046123e-06
479 3.1697883691906283e-06
480 2.8996913776261466e-06
481 3.5841342823053975e-06
482 2.8876580037199764e-06
483 3.232990664814699e-06
484 2.968954768944104e-06
485 2.8724702200343984e-06
486 2.940095300155747e-06
487 2.926989790709194e-06
488 3.279194013961783e-06
489 2.913623090531984e-06
490 3.066533371473726e-06
491 3.5282625188328087e-06
492 3.471112926641736e-06
493 2.831311071697929e-06
494 2.978877607290978e-06
495 3.1073839807092546e-06
496 2.537954479799523e-06
497 2.7117094683723322e-06
498 2.96004973286295e-06
499 3.137521764079474e-06
500 2.958306555834405e-06
501 3.145247615070768e-06
502 2.795905726410992e-06
503 2.9330693132648184e-06
504 3.0656694988820373e-06
505 3.2960664401219413e-06
506 2.8759800871686247e-06
507 2.741836315745134e-06
508 3.1270977146025247e-06
509 3.355204398221945e-06
510 3.0219404210353782e-06
511 2.701416105192123e-06
512 2.684825885810718e-06
513 3.4689548056356927e-06
514 2.8692258658932595e-06
515 3.226966584851621e-06
516 3.5240764421141594e-06
517 3.507641690470606e-06
518 3.440447086156702e-06
519 2.7220389922775332e-06
520 2.722793261128419e-06
521 3.2067093268655896e-06
522 3.10117527468026e-06
523 3.433625395584335e-06
524 2.9077786441211998e-06
525 2.912509703691715e-06
526 2.4904773310688046e-06
527 3.6039580562979735e-06
528 3.2978785460369913e-06
529 2.9391689354105177e-06
530 3.6888946896734976e-06
531 3.035041727722628e-06
532 3.174875413716932e-06
533 3.1179595016459655e-06
534 3.1236851511760925e-06
535 3.260752843260066e-06
536 2.3658291243493656e-06
537 3.0023616626548165e-06
538 2.5611170499553166e-06
539 3.06060951175197e-06
540 2.750411480190211e-06
541 2.9660217565419603e-06
542 2.892264600145331e-06
543 2.9289212752709174e-06
544 2.8005746550951963e-06
545 2.3110845515911762e-06
546 2.56812160624644e-06
547 2.7511908207088202e-06
548 2.9530649304171237e-06
549 3.259914816081812e-06
550 2.923031348464514e-06
551 3.2154121464288684e-06
552 3.850704390828302e-06
553 3.4809133121502933e-06
554 2.8400297335792398e-06
555 2.791006758439792e-06
556 2.7069185831475117e-06
557 2.9998722883156753e-06
558 3.5577422045225745e-06
559 3.32421763901063e-06
560 2.6946029082493745e-06
561 3.2930588926455444e-06
562 2.378024711996638e-06
563 3.0565661474451063e-06
564 2.658618610978756e-06
565 2.8519700546011473e-06
566 3.5374294492610384e-06
567 2.886344425079309e-06
568 3.692615803878302e-06
569 2.9912244996383023e-06
570 2.3605819318635066e-06
571 2.8503819971766357e-06
572 3.078905650936149e-06
573 3.5194943122696814e-06
574 2.962878991918773e-06
575 2.528759797415873e-06
576 3.098669663397495e-06
577 2.23085735192939e-06
578 2.833094353189497e-06
579 3.077546492771864e-06
580 2.925717379777281e-06
581 3.1536938330000093e-06
582 2.9205079862837838e-06
583 3.423719579961413e-06
584 2.7644879411024695e-06
585 3.1348783991118837e-06
586 2.9592588343862573e-06
587 2.794614995176995e-06
588 2.688458219656107e-06
589 2.469570057027725e-06
590 3.399485953620975e-06
591 3.279229242980905e-06
592 2.8625563221219254e-06
593 2.936003169639316e-06
594 3.0481053228805324e-06
595 3.951921013367314e-06
596 2.730399520920252e-06
597 2.9451411274979298e-06
598 2.4282548974667354e-06
599 3.395799400861546e-06
600 2.9282741574213876e-06
601 2.891380552964357e-06
602 2.630036569187578e-06
603 3.0399439043264447e-06
604 3.050665252759547e-06
605 3.3525533141417803e-06
606 3.444646493530321e-06
607 3.313252790837836e-06
608 3.0731665131134114e-06
609 2.959685998584569e-06
610 3.1817871871255552e-06
611 3.0685540596330115e-06
612 2.895952261842651e-06
613 3.409968280343162e-06
614 2.9889141700858343e-06
615 3.583086680398485e-06
616 2.8683269128604672e-06
617 2.753626821821148e-06
618 3.2593469476451693e-06
619 3.0896675219480925e-06
620 2.6362662301271902e-06
621 3.0067134432799974e-06
622 2.2855183574154603e-06
623 2.4580963302459884e-06
624 3.0861644030587387e-06
625 3.1163306515176325e-06
626 3.5520545595570113e-06
627 2.359014799103189e-06
628 3.023615066366015e-06
629 3.066158794304431e-06
630 3.134363532976825e-06
631 3.3977783603739906e-06
632 3.181881871949433e-06
633 3.223676685025649e-06
634 2.9020587408697e-06
635 2.9536142193327035e-06
636 2.820351038533836e-06
637 3.240142828868184e-06
638 3.0361278966324986e-06
639 2.5519203415329862e-06
640 2.919685469220182e-06
641 3.2029383627590274e-06
642 2.797827741488522e-06
643 2.875494469726239e-06
644 2.8632105968458203e-06
645 3.2730498545315704e-06
646 2.438364710742191e-06
647 3.446181103619313e-06
648 2.8918325426542166e-06
649 3.3732735767562706e-06
650 2.704001505246325e-06
651 2.809829321076252e-06
652 3.0251581965798638e-06
653 2.4368107572966035e-06
654 2.964410914328086e-06
655 3.0146856827723205e-06
656 2.544407885674059e-06
657 2.7224213675514825e-06
658 2.722327248799738e-06
659 2.8148244180539484e-06
660 3.0419283423493034e-06
661 3.125547156476899e-06
662 2.786684975917332e-06
663 2.584943684610726e-06
664 2.8628839781303514e-06
665 2.8190303694031063e-06
666 2.4286426849640935e-06
667 3.0261306964903204e-06
668 2.9944017501125612e-06
669 3.1631528581160536e-06
670 3.3446782212449336e-06
671 3.488393111801853e-06
672 2.932619997687368e-06
673 2.9495351877752716e-06
674 2.818840819646666e-06
675 2.738356407139585e-06
676 2.901123392880611e-06
677 2.7967032778664145e-06
678 3.13243947191276e-06
679 2.966732447412325e-06
680 3.0278612762044958e-06
681 2.1128221562640297e-06
682 2.5435777623153454e-06
683 2.8325090035303787e-06
684 3.380143536181756e-06
685 2.893519977134353e-06
686 2.7630722606473555e-06
687 3.314665414255397e-06
688 2.867207710472946e-06
689 2.995012600584073e-06
690 2.8554617833490686e-06
691 2.6064802303849104e-06
692 3.2476260970326423e-06
693 2.5242412987414643e-06
694 3.4263142711662496e-06
695 3.19377419423574e-06
696 2.8361722175660166e-06
697 2.74184638310918e-06
698 2.5314876151362083e-06
699 2.9387176497642786e-06
700 2.430008074460382e-06
701 3.2551661398998584e-06
702 2.7534910844241393e-06
703 2.650840298259198e-06
704 3.0499920600837813e-06
705 3.3565484605029855e-06
706 3.1177678547277924e-06
707 3.2967805625149396e-06
708 3.4124150590258136e-06
709 2.975891386298998e-06
710 3.1554757485847786e-06
711 3.2050501503348332e-06
712 2.9132808703834675e-06
713 3.0636282933532214e-06
714 2.848371115525185e-06
715 3.824073572189289e-06
716 3.02606034374869e-06
717 3.1532207232494788e-06
718 2.395387744882289e-06
719 2.763950901109121e-06
720 3.568454860967123e-06
721 2.782877534728593e-06
722 2.927768161093876e-06
723 2.851039724446507e-06
724 2.749230874832565e-06
725 3.1786953938763507e-06
726 2.869190020822507e-06
727 2.779141530590071e-06
728 2.9626144345776996e-06
729 3.255268856561994e-06
730 2.858065662377746e-06
731 3.672839173947161e-06
732 2.6800722979066596e-06
733 2.9904639385994667e-06
734 3.1690531964622177e-06
735 3.4361156252730612e-06
736 2.914048924200242e-06
737 3.51477391871942e-06
738 3.183112882525189e-06
739 3.229442541532383e-06
740 3.35807808562971e-06
741 2.632303946212714e-06
742 3.1027038875794885e-06
743 3.1866192050844287e-06
744 2.672055287939252e-06
745 2.337356062448457e-06
746 2.976122017365686e-06
747 3.1974413691600622e-06
748 3.062435580471946e-06
749 2.6265465641920322e-06
750 2.9276890146882123e-06
751 3.0581793810910445e-06
752 2.8689677475846094e-06
753 2.94964623296359e-06
754 3.0763611846728225e-06
755 3.192650801177163e-06
756 2.9744040767254043e-06
757 2.697640886186968e-06
758 2.8763693535891434e-06
759 3.415582280890274e-06
760 3.613775297062617e-06
761 3.0753214875625173e-06
762 2.7400188385776387e-06
763 2.750865033755343e-06
764 2.946898967081767e-06
765 2.878991220120089e-06
766 2.984144287751713e-06
767 3.083158363610164e-06
768 3.1851411005192636e-06
769 2.7712288028507492e-06
770 2.273019871236522e-06
771 3.5940493995061665e-06
772 3.436855025215563e-06
773 2.8293715571983057e-06
774 3.0460052425740316e-06
775 3.102276436427084e-06
776 3.362924556111128e-06
777 2.987770176445586e-06
778 2.800821739242904e-06
779 3.331410396371713e-06
780 3.0687916000278964e-06
781 3.2221714278587263e-06
782 2.884585675307737e-06
783 2.83848830119591e-06
784 3.3765953386756056e-06
785 3.1227106201096363e-06
786 2.735243834459192e-06
787 2.753896848987176e-06
788 3.1158855703370095e-06
789 3.0342220298614815e-06
790 2.803252290191769e-06
791 2.856840882259113e-06
792 3.0375305016597706e-06
793 3.1435521623417792e-06
794 2.91515749964698e-06
795 3.0483724743492467e-06
796 3.6123697644929193e-06
797 2.913531817791238e-06
798 2.9833843350490078e-06
799 2.881519720729401e-06
800 2.627849479772937e-06
801 2.818698748038436e-06
802 2.812190792201688e-06
803 2.356710077951658e-06
804 2.612275078386635e-06
805 2.830763636359489e-06
806 2.963484221157547e-06
807 2.307516173039847e-06
808 2.8898251113761796e-06
809 2.905617395299908e-06
810 3.5835062211358574e-06
811 3.1513629229010923e-06
812 3.246811034838642e-06
813 2.913159730621904e-06
814 3.209622578752373e-06
815 3.205739239577703e-06
816 3.2805765340845925e-06
817 3.119280894047807e-06
818 2.573064228861102e-06
819 2.93341165658819e-06
820 3.1692613405680193e-06
821 4.283428106042909e-06
822 3.2140395929469804e-06
823 2.950230370527505e-06
824 3.113483638915982e-06
825 2.1696730459603966e-06
826 3.0344469410791845e-06
827 2.9510033287002294e-06
828 2.788179621058925e-06
829 3.295117137397601e-06
830 2.9816705580954796e-06
831 2.8905057059254203e-06
832 3.2851229802060963e-06
833 2.8965823162575287e-06
834 2.6106923960740694e-06
835 2.361341478005193e-06
836 3.137726645426425e-06
837 3.649853676645529e-06
838 2.7793351859059956e-06
839 2.875756449927727e-06
840 3.3680491547749974e-06
841 2.938163935425222e-06
842 3.062859491863242e-06
843 2.8316419589079135e-06
844 2.833567492458492e-06
845 2.6698475387758353e-06
846 2.7822223081125968e-06
847 3.083033794153264e-06
848 3.1980007150190077e-06
849 3.2061972425654176e-06
850 2.6831148436433964e-06
851 2.8315005641474115e-06
852 3.069047804914503e-06
853 3.062487228425805e-06
854 2.8489266113371488e-06
855 2.9701239858962848e-06
856 2.677034212504951e-06
857 2.621763035625265e-06
858 2.6032055989200693e-06
859 2.500599809846944e-06
860 2.600243656742078e-06
861 2.523931488894473e-06
862 2.798552034373455e-06
863 3.3087542302996546e-06
864 3.226673063396439e-06
865 3.0346863710954764e-06
866 2.7280104206720246e-06
867 2.364604440925146e-06
868 2.3281167293831158e-06
869 3.578795666171149e-06
870 3.47519467514347e-06
871 2.8650774092387612e-06
872 3.44590123944258e-06
873 3.096560130272011e-06
874 2.8775860858642815e-06
875 3.314511125809359e-06
876 2.9651205605366774e-06
877 3.215996903040591e-06
878 2.4894919575987926e-06
879 3.096780863972289e-06
880 2.560454306142749e-06
881 2.550770166184094e-06
882 2.4110181067970602e-06
883 3.2116370167358073e-06
884 2.995269994913151e-06
885 3.086547345076277e-06
886 2.7816650088868965e-06
887 2.736375045585144e-06
888 3.528016588645739e-06
889 2.9046366126748556e-06
890 3.502094258350599e-06
891 2.963019078204663e-06
892 3.6568143758326423e-06
893 2.593524088985002e-06
894 3.5198459501157057e-06
895 2.8344210915046642e-06
896 3.038742328053798e-06
897 3.421580365967549e-06
898 3.124712755547541e-06
899 2.5089759479643937e-06
900 2.9022851732905874e-06
901 2.7318378822879194e-06
902 2.9587380405671915e-06
903 3.1288047188532417e-06
904 2.7570177168121457e-06
905 2.9870930695406776e-06
906 1.9724369597035183e-06
907 2.768907326495938e-06
908 3.0488613244448067e-06
909 2.650511276695311e-06
910 2.727403764449313e-06
911 3.137261216533333e-06
912 3.2463812816484644e-06
913 3.18936559745155e-06
914 2.787817212109994e-06
915 3.1647154360345996e-06
916 2.9273961605214536e-06
917 3.437363582123195e-06
918 3.0555859910072393e-06
919 2.3052037961657446e-06
920 2.394521542414667e-06
921 2.747129729876076e-06
922 2.4108612749979496e-06
923 3.1643685273655714e-06
924 2.9555406770679117e-06
925 2.663128379052092e-06
926 3.3049667400886574e-06
927 3.158286663894522e-06
928 2.618760081079162e-06
929 2.9600858689553894e-06
930 2.777838739503185e-06
931 3.34460137440781e-06
932 3.3507699743326373e-06
933 3.1364274263112e-06
934 3.3629191334308982e-06
935 2.6687204435394568e-06
936 3.11122354283853e-06
937 3.284292917311804e-06
938 3.365007696430709e-06
939 3.535992101003349e-06
940 2.9921832988872366e-06
941 3.039201107933566e-06
942 3.2438456353741876e-06
943 2.5673043369869997e-06
944 2.321615991737383e-06
945 3.506037887772889e-06
946 2.914803276259428e-06
947 2.9292899028421117e-06
948 3.028721590915002e-06
949 3.292278180775963e-06
950 2.917264242075337e-06
951 2.5431918486948073e-06
952 2.767803977357088e-06
953 3.1346299621568964e-06
954 3.2645589084744927e-06
955 3.0256531214467334e-06
956 3.4811364487788854e-06
957 3.5168621185622585e-06
958 2.3993374429659332e-06
959 3.0167469491860925e-06
960 3.0420585543661214e-06
961 2.814957229984528e-06
962 2.5895536737648027e-06
963 2.2841509475823285e-06
964 2.695845921111663e-06
965 2.448770689885521e-06
966 3.0876360692792542e-06
967 3.3123192161988675e-06
968 2.718894342548367e-06
969 2.8143242145101415e-06
970 3.4208843206459677e-06
971 2.9746399860560175e-06
972 3.002865541964158e-06
973 3.231692409689784e-06
974 2.928987981729893e-06
975 2.834244967914446e-06
976 3.5632754728972406e-06
977 2.6434182629341502e-06
978 3.059135479074233e-06
979 3.5731297765601587e-06
980 2.881453521634088e-06
981 3.078532403269001e-06
982 2.7964707060521227e-06
983 3.070623259080425e-06
984 3.1274920541539375e-06
985 2.431195062640623e-06
986 2.687706733025802e-06
987 2.752431553107042e-06
988 2.650392150747292e-06
989 2.869144898775743e-06
990 3.2741940272848525e-06
991 2.6932376406523903e-06
992 3.319628882595673e-06
993 3.2507648673744157e-06
994 3.3144238516010984e-06
995 3.1729217275343667e-06
996 2.9451722365410773e-06
997 3.0224668777950115e-06
998 3.626322828160018e-06
999 3.204051854348059e-06
