0 3.4294260862694436e-07
1 2.95321530657822e-07
2 2.5979808985933826e-07
3 3.245476591515339e-07
4 2.8494215181162875e-07
5 3.277362341657154e-07
6 3.2600747471184685e-07
7 3.123147343990695e-07
8 3.471326260912701e-07
9 3.4778585268235e-07
10 2.937862135749229e-07
11 2.510392047825031e-07
12 3.431481645567469e-07
13 2.634539156157569e-07
14 3.3245329532247193e-07
15 2.2621679068892848e-07
16 3.213236394360696e-07
17 2.5092443950444246e-07
18 3.4071494193600647e-07
19 3.340316394565063e-07
20 3.4269153151338445e-07
21 2.918927239470057e-07
22 2.6802902612934576e-07
23 3.4774407924064824e-07
24 3.655251807050275e-07
25 3.3519477202906014e-07
26 2.558830077453321e-07
27 3.526338900358173e-07
28 3.318540225675052e-07
29 3.905061237661336e-07
30 3.4537500889780536e-07
31 3.338014860623675e-07
32 3.5764226885883893e-07
33 3.1049851707079433e-07
34 3.065152273742312e-07
35 3.050996807436037e-07
36 2.6047485604786016e-07
37 2.8469818351580386e-07
38 2.7200870555801104e-07
39 3.1515790373490097e-07
40 3.72616684568528e-07
41 3.3501848582075126e-07
42 3.2443847013844777e-07
43 2.9655338910732056e-07
44 2.272875176070572e-07
45 3.0745512578365797e-07
46 3.0823342403038586e-07
47 2.9818941188792185e-07
48 2.9507744788858465e-07
49 2.592795083549941e-07
50 2.5625572809490433e-07
51 3.3068495063387875e-07
52 2.9240219490890824e-07
53 3.5850702410054895e-07
54 3.116574485186593e-07
55 3.866278239510862e-07
56 3.333411617286472e-07
57 3.1752712344640934e-07
58 2.0455008878794082e-07
59 3.599339180936386e-07
60 2.8985305803843655e-07
61 3.677447957462372e-07
62 2.7427420610158455e-07
63 3.0201632834216014e-07
64 3.1072700510462283e-07
65 2.5663786046448367e-07
66 2.7774069414034036e-07
67 2.7751911567189446e-07
68 3.1899532523682826e-07
69 2.9221494712756003e-07
70 3.075039366914086e-07
71 3.7038675455332263e-07
72 3.034893748344275e-07
73 2.9140912697981854e-07
74 3.12357308817589e-07
75 3.8444886266464053e-07
76 2.0811648244132278e-07
77 2.712466628180871e-07
78 3.33240743932359e-07
79 2.5046727361964033e-07
80 3.2510632948906534e-07
81 2.837989967233834e-07
82 2.5851296399301035e-07
83 2.5351642094984014e-07
84 2.4837053861858804e-07
85 3.652594995573541e-07
86 2.9467511227322175e-07
87 3.4008140692499945e-07
88 2.83088917367022e-07
89 3.6204205256058674e-07
90 3.6584450758351633e-07
91 2.3814459526012592e-07
92 2.406064563456105e-07
93 3.3455261999022054e-07
94 3.5154541086450747e-07
95 2.6441132231834923e-07
96 2.697054260493964e-07
97 3.157898649520569e-07
98 3.1637150499253057e-07
99 2.5971466165801533e-07
100 2.919881641748706e-07
101 3.2227866130555635e-07
102 2.8540073593990796e-07
103 2.7737398579045666e-07
104 2.776379933963118e-07
105 2.5437866578883623e-07
106 3.2477935489330367e-07
107 2.214904912748598e-07
108 2.5232783346146314e-07
109 2.8382040793078715e-07
110 2.3804906746113545e-07
111 3.399134639951146e-07
112 3.42012873098003e-07
113 3.1943867278281346e-07
114 3.339741649594265e-07
115 3.3512881368514033e-07
116 3.0119782016410226e-07
117 3.119894927232016e-07
118 2.931717983575914e-07
119 3.187399685726529e-07
120 3.686783694312802e-07
121 3.827604588212843e-07
122 2.7499847874079516e-07
123 3.343510827634735e-07
124 3.562689044675276e-07
125 3.0173469042591824e-07
126 3.4038498630264187e-07
127 2.441465306019147e-07
128 2.194437120464835e-07
129 2.373433862751954e-07
130 3.402122617481116e-07
131 3.0619875506681567e-07
132 2.426057218436924e-07
133 3.422355207882309e-07
134 3.2445065999990527e-07
135 2.532147934800492e-07
136 3.188813392092474e-07
137 3.686913201034782e-07
138 2.9858988280697096e-07
139 2.0611561362634303e-07
140 3.4134935331648894e-07
141 4.2046575862462345e-07
142 3.1850809999711485e-07
143 3.2624689212549487e-07
144 3.4605528502306504e-07
145 2.889585811133217e-07
146 2.833125257039831e-07
147 3.3197436373158026e-07
148 2.3649012191294525e-07
149 2.635659236316167e-07
150 2.894126365625347e-07
151 2.8812770141675635e-07
152 2.402908915639777e-07
153 2.8951921584774554e-07
154 3.353754908609054e-07
155 3.2759346188728013e-07
156 3.2344495824150183e-07
157 3.1380400903769726e-07
158 2.8659333839762375e-07
159 2.958901707069621e-07
160 2.859594413657622e-07
161 2.562572918771423e-07
162 2.999325949594319e-07
163 3.966237457874506e-07
164 3.0105736568951044e-07
165 2.845781216909022e-07
166 2.584341817953791e-07
167 2.377703428352553e-07
168 2.629511702321632e-07
169 3.160467439647634e-07
170 2.937288538145931e-07
171 2.8925962546890484e-07
172 3.4397359738332e-07
173 2.740032415920601e-07
174 2.861517711747893e-07
175 3.292059953478374e-07
176 3.184340545901075e-07
177 2.9073398127296447e-07
178 3.2828539890389355e-07
179 2.163067990879734e-07
180 3.2868259985619653e-07
181 3.643989859993294e-07
182 2.74412772730636e-07
183 2.658398613601556e-07
184 2.795568379173754e-07
185 2.7490718098661837e-07
186 3.309185385130596e-07
187 2.1351173886671068e-07
188 3.3933686174934513e-07
189 2.8329310370598457e-07
190 2.8065126901280874e-07
191 2.9892958483539595e-07
192 2.599118620304311e-07
193 4.0930361601017364e-07
194 3.209125112065829e-07
195 2.739401476226682e-07
196 3.2943810129478225e-07
197 2.92453284307593e-07
198 2.560057852304975e-07
199 3.0992913297222897e-07
200 2.906562322555414e-07
201 3.54457772036501e-07
202 2.838371063409643e-07
203 3.344722253324492e-07
204 3.0315528462203984e-07
205 2.5096739221438493e-07
206 2.9840579763992776e-07
207 3.490971726064715e-07
208 2.790603952814449e-07
209 2.992368871154872e-07
210 3.614001758591321e-07
211 2.5870845070418556e-07
212 2.741978355558684e-07
213 3.0025120021299503e-07
214 2.8656423906096844e-07
215 3.405812552800593e-07
216 3.114578692879117e-07
217 3.6319074182252077e-07
218 2.8520498637055015e-07
219 2.7167155901952505e-07
220 3.0747992202710493e-07
221 3.278846924794982e-07
222 2.637200181641325e-07
223 2.821992153785922e-07
224 2.763368513629982e-07
225 3.1985600091761864e-07
226 2.5739784402869724e-07
227 2.774755587762292e-07
228 3.9262381508459593e-07
229 3.499265586598823e-07
230 2.529803768470592e-07
231 2.9461907021238477e-07
232 2.7349064409861454e-07
233 2.7124252359525646e-07
234 2.433022733328661e-07
235 2.807735845526113e-07
236 3.440398448334937e-07
237 2.9307477008348236e-07
238 3.264956758685537e-07
239 3.369723120647707e-07
240 2.5452667225574443e-07
241 3.0292593057726564e-07
242 2.734879492962507e-07
243 3.2401456976686737e-07
244 2.6884210292263494e-07
245 3.835112304202412e-07
246 2.796213601365259e-07
247 2.9383237067891083e-07
248 2.1942583794054272e-07
249 2.2940633477339254e-07
250 2.877010415536506e-07
251 3.693126615613485e-07
252 3.1706227954304e-07
253 3.212240027852012e-07
254 3.473423366199339e-07
255 2.8959501870025604e-07
256 2.654406228412958e-07
257 3.557599627049526e-07
258 2.4619857033497746e-07
259 3.769069718610586e-07
260 2.8331779421617913e-07
261 3.121351765465393e-07
262 2.2579119466238874e-07
263 3.697178436868491e-07
264 3.582827299507179e-07
265 3.34864175146755e-07
266 4.357089979612638e-07
267 3.1337263869936265e-07
268 3.47629244541827e-07
269 2.194709824256872e-07
270 3.218655757868367e-07
271 2.4260348393595955e-07
272 2.7758193573312343e-07
273 2.5807335089370225e-07
274 2.602666110936547e-07
275 3.29033586469711e-07
276 3.605782666056329e-07
277 3.323373686818121e-07
278 2.848226294640477e-07
279 2.756998117036571e-07
280 3.056133796145876e-07
281 2.6374706619708955e-07
282 2.767418244222367e-07
283 2.446935243141462e-07
284 3.054728830751169e-07
285 3.557981377383139e-07
286 3.6692161269156924e-07
287 2.8793327175666657e-07
288 2.8311452164399384e-07
289 3.209966173573843e-07
290 3.113732240762002e-07
291 3.750815562215795e-07
292 3.17580665539998e-07
293 2.6359750157717857e-07
294 3.190069158149958e-07
295 3.594557798058357e-07
296 3.6284643680230377e-07
297 3.1337223487163503e-07
298 2.8472674850488473e-07
299 2.927708969037481e-07
300 2.1396917245183463e-07
301 2.9893097062488835e-07
302 2.918869823743928e-07
303 2.910937497348416e-07
304 3.0836954208969426e-07
305 2.4481745924387184e-07
306 2.707918826990476e-07
307 3.279448908431814e-07
308 2.3843024122715923e-07
309 3.895118155958835e-07
310 3.0479608748702147e-07
311 3.264639741796884e-07
312 3.745381700528905e-07
313 2.472133825036252e-07
314 2.997785000119551e-07
315 3.3029626806500597e-07
316 3.0122044910250574e-07
317 3.2389973697456967e-07
318 3.304005315862333e-07
319 2.7418633312726816e-07
320 2.603196980164178e-07
321 2.9153431561094094e-07
322 2.1554662370053487e-07
323 2.580990426013446e-07
324 4.235973418615996e-07
325 2.4922500954786553e-07
326 3.3924153416576055e-07
327 3.338615293549488e-07
328 3.2634473317609874e-07
329 4.1830667032348933e-07
330 3.083953947107202e-07
331 2.623623867415822e-07
332 2.897246443742018e-07
333 3.646060362940297e-07
334 2.510573867595175e-07
335 3.300098429661686e-07
336 3.169190051927998e-07
337 2.4834886488253917e-07
338 2.922048594784916e-07
339 3.755356933733115e-07
340 2.7396389440266103e-07
341 2.986041789849677e-07
342 3.340087600746126e-07
343 3.234753519580661e-07
344 2.5299635387071795e-07
345 2.152031535190602e-07
346 2.7579023513824675e-07
347 3.567490322838015e-07
348 2.8349782307569807e-07
349 2.7250405416398666e-07
350 2.808644286550273e-07
351 3.6440777832353186e-07
352 2.2512301058767827e-07
353 2.33844180335444e-07
354 3.0487735751665575e-07
355 3.0716114478890777e-07
356 3.8135409298806386e-07
357 2.420459309453486e-07
358 3.203791554007054e-07
359 2.215479182729935e-07
360 2.5355824036834786e-07
361 2.939781791674172e-07
362 3.561514495226754e-07
363 3.935833504594979e-07
364 3.2540042481040014e-07
365 2.503269520643203e-07
366 2.86689366481496e-07
367 2.3689417262176072e-07
368 2.56220797398e-07
369 3.1781394572463926e-07
370 3.4154297858588864e-07
371 2.661887366702896e-07
372 3.09671226948619e-07
373 3.479858690804366e-07
374 2.9713529783168917e-07
375 3.056585933367137e-07
376 3.1427352498168656e-07
377 2.62213393672611e-07
378 2.590818611534434e-07
379 3.105615677626637e-07
380 3.188125387084061e-07
381 2.066785670213587e-07
382 3.6700615196919814e-07
383 2.8592615017247246e-07
384 2.8370624511511556e-07
385 1.960406500836271e-07
386 3.094036185209002e-07
387 3.647621355414952e-07
388 4.0054695294664845e-07
389 2.762743108976603e-07
390 2.356441471772436e-07
391 2.7575153551811743e-07
392 2.8358478733358667e-07
393 2.633802268741388e-07
394 2.7845380713796796e-07
395 3.533141155569253e-07
396 2.419065080613152e-07
397 3.313354820043541e-07
398 3.488501068914542e-07
399 2.8437146009117505e-07
400 2.86816202815846e-07
401 3.3290620394553666e-07
402 3.641197812815115e-07
403 3.20510653883261e-07
404 2.471339724498506e-07
405 3.1671394961960795e-07
406 3.0310960757260827e-07
407 3.4551550744321485e-07
408 3.14523558182838e-07
409 2.5875072899695265e-07
410 2.544215480943535e-07
411 3.818590755264062e-07
412 2.2774071032084891e-07
413 2.927708590038015e-07
414 3.131623769977766e-07
415 2.5194400049452274e-07
416 3.485971298049291e-07
417 3.629405724874642e-07
418 2.766553848437848e-07
419 3.0485535219795225e-07
420 3.07061164623743e-07
421 3.2637463018620785e-07
422 2.8434246339305416e-07
423 2.9781808261421046e-07
424 3.289776024863849e-07
425 3.44956027913981e-07
426 3.1271620664640256e-07
427 3.0528730027082375e-07
428 3.280815372276175e-07
429 3.5236253499689155e-07
430 2.1715172362304015e-07
431 3.29617562679467e-07
432 2.5728998877751505e-07
433 3.2734987892830895e-07
434 3.0592608265239797e-07
435 1.7949120183072864e-07
436 3.441424172904972e-07
437 3.168278621353958e-07
438 2.86087566088538e-07
439 2.7828627714131446e-07
440 3.2677643445840137e-07
441 2.8032953329462773e-07
442 3.0422776662259745e-07
443 3.290608778021127e-07
444 2.90134637233804e-07
445 1.9694365184290202e-07
446 2.750331506345005e-07
447 2.829131128169579e-07
448 2.1599788859215392e-07
449 3.0702403641623573e-07
450 3.13988704664939e-07
451 2.750385865938507e-07
452 3.132242964795224e-07
453 3.6631685485247056e-07
454 3.8481786154056483e-07
455 3.308728994603107e-07
456 2.983905694273863e-07
457 3.0248365349754997e-07
458 2.5961642675465945e-07
459 2.2894346285512764e-07
460 3.1595284967685945e-07
461 3.28412961973167e-07
462 3.309346063420673e-07
463 3.612353717493294e-07
464 2.8489542241199056e-07
465 3.4082171280931533e-07
466 2.7549769165514657e-07
467 2.7316994084587516e-07
468 3.5866267944086147e-07
469 2.927905415286486e-07
470 3.1183278263973676e-07
471 3.465987945092109e-07
472 3.508380036267625e-07
473 2.8009969332577456e-07
474 2.707124508165153e-07
475 2.9100895655364676e-07
476 2.374905615596786e-07
477 2.930509302388376e-07
478 4.010689674170999e-07
479 2.9593856563084136e-07
480 3.488831317637198e-07
481 2.744685782692448e-07
482 2.877936435337264e-07
483 2.631401075070209e-07
484 2.795315406301632e-07
485 3.3943689310998e-07
486 3.2065023995767204e-07
487 2.951182501010278e-07
488 4.1032308216793153e-07
489 3.034727593956706e-07
490 3.1533737252719385e-07
491 1.9288645744392662e-07
492 2.5453052188262784e-07
493 3.269829050209106e-07
494 2.3153483885765533e-07
495 3.044641096014489e-07
496 2.720946311008117e-07
497 3.034152704516764e-07
498 2.634414175796334e-07
499 3.3846352083002864e-07
500 3.1705589352451153e-07
501 2.926464679268591e-07
502 3.097067347340804e-07
503 2.577607981047729e-07
504 2.5003960202651623e-07
505 2.6167755128445035e-07
506 2.789722432407217e-07
507 2.604345195844769e-07
508 2.870313707489445e-07
509 2.970948337060585e-07
510 2.7912790063432317e-07
511 3.318893330753715e-07
512 2.9674066043165504e-07
513 3.353316538296432e-07
514 2.6541612736709295e-07
515 3.3997940215821575e-07
516 3.299061020061409e-07
517 3.4904175461276086e-07
518 3.1476845120159786e-07
519 3.855887762959008e-07
520 2.82567119164026e-07
521 3.076680579812364e-07
522 2.908077508300165e-07
523 3.5667414821692767e-07
524 1.5767989639562004e-07
525 2.4470807830817053e-07
526 2.9782167717683173e-07
527 2.8942394513934044e-07
528 2.865143783450868e-07
529 3.0645942753372276e-07
530 2.4981025898689865e-07
531 1.923587337923336e-07
532 3.2223416968850817e-07
533 2.853597919681334e-07
534 2.833149729687987e-07
535 3.5663667451841757e-07
536 2.9617697638187764e-07
537 2.3043796640140264e-07
538 3.7752428216275773e-07
539 3.2374808998476286e-07
540 3.338538696906445e-07
541 3.497243213138382e-07
542 2.2994975452484006e-07
543 3.511638465876314e-07
544 2.8251516048948963e-07
545 2.6899216925011163e-07
546 3.045530457420883e-07
547 2.705669536178127e-07
548 2.54573443746198e-07
549 3.184541335773654e-07
550 2.903894777381386e-07
551 2.5172675702659703e-07
552 3.488816703708179e-07
553 2.271548568693899e-07
554 2.9773262189489294e-07
555 2.8642122096451e-07
556 2.626308004711484e-07
557 2.4725647567690974e-07
558 3.0237546668245085e-07
559 3.1891562836043356e-07
560 2.8278016515854213e-07
561 3.400938182637579e-07
562 3.0616649242689325e-07
563 2.201820825165579e-07
564 2.920300618725623e-07
565 3.940282650081675e-07
566 2.726158498228727e-07
567 2.683983257035913e-07
568 4.3210906408391467e-07
569 2.4711720041352346e-07
570 3.476204941937474e-07
571 2.7436591131947206e-07
572 3.3452722996141847e-07
573 3.323626279598454e-07
574 3.13599320360836e-07
575 2.516706353529524e-07
576 2.828558093747117e-07
577 2.5110613503283527e-07
578 3.020626347877097e-07
579 2.8689052238155434e-07
580 2.7706865951214813e-07
581 3.1478297160728837e-07
582 3.049722593803144e-07
583 2.900057108891382e-07
584 3.039926721129102e-07
585 2.855887601301257e-07
586 3.49335621225229e-07
587 2.661906942887001e-07
588 2.772113086522205e-07
589 2.4347822272618095e-07
590 2.7533880574486953e-07
591 2.7689097043151597e-07
592 2.891836267598113e-07
593 2.5707657012824155e-07
594 3.078032954571313e-07
595 2.230988700130233e-07
596 3.1556094792143446e-07
597 2.8933311195649646e-07
598 3.419613729262028e-07
599 2.8104036922875596e-07
600 3.2629934496079175e-07
601 3.707759750279731e-07
602 2.4705112835683136e-07
603 2.6505126105028864e-07
604 2.6244598372166006e-07
605 2.9967809492529166e-07
606 3.1020921272531243e-07
607 3.52175761847581e-07
608 2.983232247498329e-07
609 3.488742124245859e-07
610 2.5037759709574015e-07
611 3.243243958658247e-07
612 3.4169466631206337e-07
613 3.3380780993473653e-07
614 3.6903109034896624e-07
615 3.771083327699992e-07
616 2.588700558364771e-07
617 3.164635066854323e-07
618 3.551205307163082e-07
619 2.8934403612910317e-07
620 3.068352621369271e-07
621 2.917185546166321e-07
622 3.3071612406755623e-07
623 3.0018455823877525e-07
624 1.7368528377926235e-07
625 3.1844986123951505e-07
626 3.988855356142811e-07
627 3.0010859311646384e-07
628 2.9561472700778194e-07
629 3.781392449481462e-07
630 2.0736462983098618e-07
631 3.4452713363470106e-07
632 3.022207142320816e-07
633 2.259934989739249e-07
634 2.7100628536943454e-07
635 3.2684509544751814e-07
636 3.418818718744707e-07
637 1.8812354593134877e-07
638 3.1535389437605517e-07
639 2.1990259686907632e-07
640 3.516530478968148e-07
641 2.8175079975070035e-07
642 2.547832392316715e-07
643 3.3623131594896404e-07
644 2.974427732882563e-07
645 3.2867146913673534e-07
646 2.6565911519390445e-07
647 2.964744279688303e-07
648 2.426242241996585e-07
649 3.8801081027140605e-07
650 3.1894266938221516e-07
651 3.5102778495670206e-07
652 2.847146118241247e-07
653 3.768106864084484e-07
654 3.4966339478450656e-07
655 3.1653891848058526e-07
656 3.343947736536729e-07
657 2.65644555595358e-07
658 2.8132266518727365e-07
659 2.3566540264208656e-07
660 3.0311793206138304e-07
661 3.433247513399377e-07
662 3.1013536072792323e-07
663 2.2731788504608373e-07
664 3.2498679394675674e-07
665 2.8136590943507955e-07
666 3.063686933327536e-07
667 3.1922978784467603e-07
668 3.075014500334882e-07
669 2.9393483876642846e-07
670 3.240527199294403e-07
671 3.5031908878149706e-07
672 3.149499876446382e-07
673 3.2346479809723965e-07
674 2.7349412543565946e-07
675 2.95655010714153e-07
676 3.1102393308392997e-07
677 3.0843065443878303e-07
678 3.1226396301506135e-07
679 2.793288492972586e-07
680 3.094904206338086e-07
681 3.121467752176413e-07
682 2.779189968438679e-07
683 3.472668746476753e-07
684 2.612507820885762e-07
685 2.8396307261212777e-07
686 3.5539516462244163e-07
687 3.197328050865081e-07
688 3.327153153210756e-07
689 3.587316023079187e-07
690 1.6407316640613317e-07
691 2.773780771730044e-07
692 3.69601392772032e-07
693 2.588839254403486e-07
694 3.047036241674115e-07
695 3.4852929376109276e-07
696 2.8044484216216957e-07
697 3.3667171210585395e-07
698 2.9315331357915857e-07
699 2.8924941734603633e-07
700 2.922242587327111e-07
701 2.2142055350206176e-07
702 2.9460953830262304e-07
703 2.8364296468357917e-07
704 3.030316959678341e-07
705 2.316433398597181e-07
706 3.8542039272056856e-07
707 3.0459239477798653e-07
708 2.9008984168555943e-07
709 2.533188617042012e-07
710 2.8915520526815713e-07
711 3.236797093913855e-07
712 3.621235379967459e-07
713 2.3961982408939884e-07
714 2.764706318722688e-07
715 1.992529023944656e-07
716 3.053144609795962e-07
717 3.1181341423785795e-07
718 3.470534511003426e-07
719 3.265892978270943e-07
720 3.036528881192318e-07
721 3.0505070661884287e-07
722 3.0574396924834925e-07
723 3.439506767194707e-07
724 2.2105817868189972e-07
725 2.826177970304981e-07
726 2.573740827313951e-07
727 3.5933314842597966e-07
728 2.9672656566852056e-07
729 3.542463576963008e-07
730 3.227368160507404e-07
731 2.7149182354225165e-07
732 3.380789264292709e-07
733 2.885846197392348e-07
734 3.0239525464847725e-07
735 3.1899152341496974e-07
736 3.281543942418502e-07
737 2.818946899661783e-07
738 3.6992623906928824e-07
739 2.979105992520346e-07
740 2.7370900664282053e-07
741 2.883770124909539e-07
742 3.123454988511457e-07
743 3.257219864383341e-07
744 2.90967531985096e-07
745 3.04051389747325e-07
746 2.4268112467737124e-07
747 2.554847589417354e-07
748 3.5876138932169906e-07
749 2.812662629188669e-07
750 3.0465172355364484e-07
751 2.964127188654897e-07
752 2.4485176514861396e-07
753 2.961102487767624e-07
754 2.946386935674503e-07
755 3.4814589518071304e-07
756 3.8683762642556175e-07
757 3.563513825358226e-07
758 3.271780377304189e-07
759 2.2245780515952794e-07
760 3.314543369215547e-07
761 2.7603707200327404e-07
762 2.9001445809178286e-07
763 2.622864296530369e-07
764 3.1932570396614777e-07
765 2.777030616099427e-07
766 3.4369822035187717e-07
767 4.11504703849615e-07
768 3.6523749284159385e-07
769 3.4924645970829647e-07
770 3.441026512904103e-07
771 3.2962962686646207e-07
772 2.997000473891285e-07
773 2.323099529811622e-07
774 2.768938100761955e-07
775 3.0625875030321313e-07
776 2.454753771484713e-07
777 2.538002196984882e-07
778 2.7660773653557007e-07
779 2.3926435132900284e-07
780 3.038496075875982e-07
781 3.173757125978383e-07
782 3.7959521997860417e-07
783 3.066356530062888e-07
784 3.0715348684702346e-07
785 2.9942630739294057e-07
786 3.2165023852419543e-07
787 2.942950372267035e-07
788 3.2251140754243054e-07
789 2.553843449758831e-07
790 3.8039237023657265e-07
791 2.755670032522708e-07
792 2.7337754312073614e-07
793 3.0756099858744917e-07
794 3.045896074273431e-07
795 2.0938140772867844e-07
796 3.094799931989841e-07
797 3.585912942733004e-07
798 3.526370060077245e-07
799 2.3703606853879614e-07
800 2.3763522521136761e-07
801 2.6053100033241145e-07
802 3.2503017485495264e-07
803 2.627768281160162e-07
804 2.957968179768087e-07
805 3.4951571891140126e-07
806 3.229442589284554e-07
807 2.7709091164505844e-07
808 3.20693894261048e-07
809 3.2643529177081207e-07
810 3.202580834671874e-07
811 3.215154087059877e-07
812 3.474401227174082e-07
813 2.622135200316291e-07
814 3.0817131649263986e-07
815 2.315404003404219e-07
816 2.7986017582013554e-07
817 3.427230405608581e-07
818 3.844814458730955e-07
819 2.4618140798862887e-07
820 3.3303172426578885e-07
821 2.70267644635598e-07
822 2.640460209955522e-07
823 3.3490734372078504e-07
824 3.3969007218649245e-07
825 3.3750165030729233e-07
826 2.181208425372665e-07
827 2.98989717933699e-07
828 2.560658443644391e-07
829 2.423670701004644e-07
830 3.524326862951175e-07
831 3.517997167207288e-07
832 2.869573663729114e-07
833 3.617540211008155e-07
834 2.663051477000916e-07
835 3.8716181459704726e-07
836 2.610350299430961e-07
837 3.120596865981535e-07
838 3.449344884756913e-07
839 3.2177432052088747e-07
840 2.9914120689042877e-07
841 2.8668415951309256e-07
842 2.9144681822121714e-07
843 3.0163807515740545e-07
844 2.548524141951152e-07
845 3.7176619763902576e-07
846 2.2156452790842377e-07
847 2.814865240018387e-07
848 2.1649799278376047e-07
849 2.850068603776981e-07
850 3.78960950029376e-07
851 2.426386077447111e-07
852 2.9956901199662224e-07
853 3.2795948914624927e-07
854 3.167830834476889e-07
855 3.188605978884877e-07
856 2.9449617845368737e-07
857 2.769194233461128e-07
858 2.755915812130088e-07
859 3.6491223624143696e-07
860 3.496725452880047e-07
861 2.692487847645078e-07
862 2.766212119490107e-07
863 2.6413660482761657e-07
864 2.4989025634342734e-07
865 3.280530757898234e-07
866 2.699488281607954e-07
867 3.5945876987793287e-07
868 3.0062180362730003e-07
869 1.9693249182006033e-07
870 2.774962082887135e-07
871 3.1409639721955893e-07
872 3.15827972395978e-07
873 3.1793080712199604e-07
874 2.670309526879506e-07
875 2.791745342993455e-07
876 2.9552063041446423e-07
877 2.9425350009701515e-07
878 2.7765059817875783e-07
879 2.986680418479758e-07
880 2.9084905716175037e-07
881 2.2943483206625747e-07
882 2.7132859266510256e-07
883 2.7710422771071225e-07
884 3.5040737286532576e-07
885 2.0854719562480106e-07
886 3.827495243924867e-07
887 2.955391421399497e-07
888 2.5052418257182276e-07
889 3.296196196053673e-07
890 3.3040383606866445e-07
891 2.8533408342858513e-07
892 2.044437789460913e-07
893 3.417541431268629e-07
894 3.8393721423691447e-07
895 2.685074846394245e-07
896 2.759251156831684e-07
897 2.7945654686340515e-07
898 2.4091011572301573e-07
899 2.8992538206700283e-07
900 3.2284972593636185e-07
901 3.173749010506203e-07
902 2.522604178065219e-07
903 3.176150700275249e-07
904 3.1445598013248315e-07
905 2.881311078906186e-07
906 3.4927220955543436e-07
907 3.2864219811392206e-07
908 2.584543422084577e-07
909 3.3060315292143374e-07
910 2.7577715514839e-07
911 2.1802332353264526e-07
912 3.52063485462634e-07
913 3.070239088545819e-07
914 2.899472877728458e-07
915 2.7327622575069977e-07
916 2.497684566166793e-07
917 3.1294139439967644e-07
918 2.634818063260672e-07
919 3.2248409681009124e-07
920 2.3544022870815647e-07
921 3.1827776302351586e-07
922 3.534590730843202e-07
923 3.1312852249016927e-07
924 2.3872148673288366e-07
925 2.705298907082417e-07
926 3.37358152861812e-07
927 3.7404503125288853e-07
928 2.4292207757055364e-07
929 2.631232353162556e-07
930 3.2734958135215876e-07
931 2.7062760068386334e-07
932 2.95801161766902e-07
933 3.404411146934157e-07
934 3.274037197304519e-07
935 2.895681021640599e-07
936 3.3111560956559944e-07
937 3.0411780622938836e-07
938 2.9785730098198186e-07
939 2.9807290748583584e-07
940 2.536772737899776e-07
941 3.188005299182792e-07
942 2.9651617869733117e-07
943 3.2239249821849064e-07
944 3.682325380552969e-07
945 3.697304555888828e-07
946 3.3316765948215497e-07
947 3.443365645808331e-07
948 3.264704744780796e-07
949 2.0795019574757693e-07
950 1.7191124393495866e-07
951 2.9802195386857565e-07
952 2.46360532241653e-07
953 2.8112160437910306e-07
954 2.835067990107998e-07
955 3.2932321072300904e-07
956 2.889388494293784e-07
957 2.3025628833326785e-07
958 3.338716702918684e-07
959 2.9892384557407383e-07
960 3.3376235334799433e-07
961 3.3308070579461704e-07
962 2.9093110695913375e-07
963 2.886186860156987e-07
964 3.23732870709123e-07
965 4.2876076636989665e-07
966 2.6117862870826053e-07
967 3.218108203084289e-07
968 3.291688662783971e-07
969 3.095804975775318e-07
970 2.9572689273516426e-07
971 4.156268133468428e-07
972 2.598588515147523e-07
973 2.737772925724768e-07
974 3.3065541680968363e-07
975 3.602961364626929e-07
976 3.469051698303725e-07
977 2.6388467144384146e-07
978 3.384613822643589e-07
979 2.674121990669903e-07
980 2.991842070267361e-07
981 2.512159946051289e-07
982 3.1015367037964316e-07
983 2.89809717168965e-07
984 2.9933245684232814e-07
985 3.2467194749099634e-07
986 3.343750585535321e-07
987 3.274098147960596e-07
988 2.462377435492821e-07
989 3.0927352561394885e-07
990 3.856710561039475e-07
991 2.2605835670002537e-07
992 2.425651001683436e-07
993 2.981252399442323e-07
994 2.7058862296888263e-07
995 2.9308326370985946e-07
996 3.5005124128802386e-07
997 2.412014425381782e-07
998 2.1236163596319516e-07
999 2.308814928197353e-07
