0 2.3087686488065576e-08
1 2.455574718453754e-08
2 2.7458900335823006e-08
3 1.0494857639700131e-08
4 3.3879008684294695e-08
5 1.7980709140617264e-08
6 1.5329568670902237e-08
7 1.6878971010278082e-08
8 2.7006424772675346e-08
9 8.74454747731757e-09
10 1.9420761435416468e-08
11 3.0522979184377e-08
12 1.4000637356139029e-08
13 1.9436057892192523e-08
14 2.454854708997818e-08
15 1.6832728374081257e-08
16 1.646664085616277e-08
17 1.552563297416736e-08
18 2.632164315627236e-08
19 1.7941459368943248e-08
20 1.5208741145358207e-08
21 2.1416618291711096e-08
22 2.470744318134561e-08
23 2.1261376475997505e-08
24 1.1282724845199284e-08
25 1.5090614133187095e-08
26 2.23444999123846e-08
27 2.2709517435800014e-08
28 2.6098693131486465e-08
29 1.569572829648188e-08
30 2.1245163093062324e-08
31 9.435925662285324e-09
32 9.929626296123188e-09
33 1.6569073270990815e-08
34 1.193271492924496e-08
35 2.8097002034880956e-08
36 2.244990697078407e-08
37 1.5490247929431248e-08
38 1.6115216553907036e-08
39 1.3534197786768749e-08
40 1.701593342839066e-08
41 1.5167016408218425e-08
42 2.003603988431228e-08
43 2.5458548754395543e-08
44 1.6705082099230045e-08
45 1.3824650305066027e-08
46 3.440481849661479e-08
47 1.6444302611947795e-08
48 1.5210936144290464e-08
49 2.894387061006023e-08
50 2.4880865306441224e-08
51 1.1915193386469762e-08
52 3.362201230026154e-08
53 1.6033347838120675e-08
54 2.874999810546202e-08
55 1.2988763455882667e-08
56 1.3666634161526483e-08
57 1.8668484649623516e-08
58 3.73680452007181e-08
59 2.2842182377728915e-08
60 2.219261305307118e-08
61 1.1510976745027752e-08
62 2.685083024560882e-08
63 1.6431615342517883e-08
64 7.945949026448376e-09
65 1.7224137043324776e-08
66 2.28042146513349e-08
67 2.8631663064906768e-08
68 1.821520197752099e-08
69 2.5221815775936072e-08
70 2.0933846965327204e-08
71 2.2406517454533885e-08
72 1.1878879446712408e-08
73 1.6204804723213862e-08
74 1.4082987178046943e-08
75 1.2023354112604446e-08
76 2.3179052918076597e-08
77 1.9072834241997278e-08
78 2.633069688081683e-08
79 2.5277898402329047e-08
80 2.475619500608842e-08
81 2.7923002210923654e-10
82 2.872857640462292e-08
83 1.5998728979613495e-08
84 5.2072377654684805e-09
85 1.016012592021594e-08
86 1.618970007501964e-08
87 1.0186472813917949e-08
88 2.0869482302101115e-08
89 1.5368027047064943e-08
90 2.7928213939733588e-08
91 2.363498296714482e-08
92 1.6709079415666983e-08
93 1.0557260222938443e-08
94 1.4416200123073117e-08
95 1.79447560421627e-08
96 1.383454980478645e-08
97 1.2767095432822593e-08
98 1.9673991465672078e-08
99 2.6878781068750893e-08
100 1.9101327290189628e-08
101 1.7333996118433636e-08
102 1.709250825449646e-08
103 2.983417957903414e-08
104 3.0004665739226245e-08
105 2.406326614202114e-08
106 2.988213289873315e-09
107 2.749792988878463e-08
108 2.781655330133993e-08
109 1.661519859667544e-08
110 2.716508828134086e-08
111 1.0708107928333223e-08
112 2.293503932375986e-08
113 1.1612830687675252e-08
114 1.8364435850668397e-08
115 1.4026556993554544e-08
116 2.354952229717133e-08
117 1.1423486503573823e-08
118 1.929862643587838e-08
119 2.0968880710859066e-08
120 2.5959573737838466e-09
121 1.3276953608337266e-08
122 1.8635979769139317e-08
123 2.457387249424466e-08
124 1.220849017030313e-08
125 2.3711576203341725e-08
126 2.2831130599124118e-08
127 4.182052635818157e-08
128 3.483063880990174e-08
129 1.1374237111305868e-08
130 3.192688704035285e-08
131 2.3718699823759697e-08
132 5.8103008756569195e-09
133 2.2608028612320255e-08
134 2.254337139935864e-08
135 1.9415687883031943e-08
136 1.4521838464844797e-08
137 1.717017987741495e-08
138 1.767843382425843e-08
139 2.027772718830234e-08
140 1.43536706605323e-08
141 2.719710216160727e-08
142 2.172072692212933e-08
143 2.1178745388373125e-08
144 1.9944016799137196e-08
145 2.863677449807264e-08
146 1.6810140305678092e-08
147 2.1269734145050993e-08
148 1.6987134886831215e-08
149 1.928960893819346e-08
150 2.3622052710901324e-08
151 2.0613336715003568e-08
152 3.578263225105843e-08
153 2.566291386691723e-08
154 1.6390441918000423e-08
155 1.6323644932875535e-08
156 1.8431941046890083e-08
157 1.6934248214951168e-08
158 1.1062477968926474e-08
159 1.5113311081960692e-08
160 1.5144350367053898e-08
161 2.3769499386197724e-08
162 1.2611556694784233e-08
163 1.9969215776893217e-08
164 1.747957426904838e-08
165 1.0889012746986818e-08
166 2.4037164689014416e-08
167 2.7381839646881207e-08
168 2.8799214471694302e-08
169 1.966271531742457e-08
170 1.1572663940842772e-08
171 3.031179883919827e-08
172 1.851158225122774e-08
173 2.2165333258818574e-08
174 1.391938643580844e-08
175 2.9278581508232195e-08
176 2.1435142038728473e-08
177 1.4432524182143252e-08
178 1.462808878931178e-08
179 2.8837912085608143e-08
180 8.200326873038197e-09
181 1.768976521995593e-08
182 1.0062780592090871e-08
183 2.541972230503107e-08
184 1.9775399753316122e-08
185 2.0851536516182664e-08
186 1.3748353741376413e-08
187 1.5106911968036956e-08
188 1.158289715896468e-08
189 1.7355877217819853e-08
190 1.796379749694393e-08
191 2.3586271975530715e-08
192 3.18947043139114e-08
193 1.3924239904048477e-08
194 1.845613990098191e-08
195 2.066747756796705e-08
196 2.476776054463322e-08
197 2.5595228098853405e-08
198 2.079879411064165e-08
199 2.1526377046493736e-08
200 2.3681718540380854e-08
201 1.2100450410795468e-08
202 1.644388926988152e-08
203 1.7168519724324428e-08
204 2.1627247426348245e-08
205 3.6469646347505704e-08
206 2.270089939087734e-08
207 1.1553419879881327e-08
208 1.3691540411901303e-08
209 1.9050880886178027e-08
210 2.3153670881380164e-08
211 1.6443941515044484e-08
212 1.989406377483474e-08
213 1.6950657750928712e-08
214 3.2255344055762916e-08
215 1.8929549271446187e-08
216 1.502654639092352e-08
217 1.6566521137589254e-08
218 2.7272985107668536e-08
219 2.3531452721379295e-08
220 2.536750277836575e-08
221 2.4934350803393677e-08
222 3.668191589534435e-08
223 2.5983077234119486e-08
224 1.7007550961426697e-08
225 2.2959536694034146e-08
226 1.4145220334343408e-08
227 1.66194953457465e-08
228 6.995321194280883e-09
229 3.228916448504889e-09
230 1.2416748347979452e-08
231 1.653279204409113e-08
232 9.251353195574135e-09
233 2.202907306604231e-08
234 2.785045226255019e-08
235 1.632435558364378e-08
236 1.4133633725324695e-08
237 2.149087691276434e-08
238 7.147910390914562e-09
239 9.066425973203946e-09
240 9.401144751915578e-09
241 1.2348524485404636e-08
242 2.2324864265427173e-08
243 1.9062323678310402e-08
244 1.214729679266125e-08
245 1.519876422594265e-08
246 1.9434159928096242e-08
247 2.4345496329614834e-08
248 1.721936424804163e-08
249 2.8279961042886866e-08
250 1.7036465529897334e-08
251 1.9459963358412633e-08
252 9.097915842099238e-09
253 2.6176994936242426e-08
254 8.365776693067117e-09
255 2.751434878245514e-08
256 1.3923382215237732e-08
257 1.21955139135979e-08
258 2.0824576909583637e-08
259 9.575003112965144e-09
260 2.2600776547036022e-08
261 2.0831186533664667e-08
262 3.343144484762034e-08
263 2.101544195653009e-08
264 1.342692297997272e-08
265 1.6835055081681563e-08
266 1.81079818872119e-08
267 1.758403445174271e-08
268 1.846523259480192e-08
269 1.9024557859235798e-08
270 1.8442758953889946e-08
271 2.1458254631251814e-08
272 3.295600191262118e-08
273 8.799924156766955e-09
274 2.3793205534089692e-08
275 9.404798922991364e-09
276 1.3672433659003485e-08
277 1.130844484719699e-08
278 1.831510061973172e-08
279 2.5694575872687666e-08
280 2.2610353673804494e-08
281 1.723348405189514e-08
282 2.125868862011615e-08
283 2.313716747865476e-08
284 2.156385326123273e-08
285 2.9613001158434815e-08
286 2.277452081090588e-08
287 2.357848855944765e-08
288 1.7317470320159425e-08
289 1.6054179252228862e-08
290 1.46181252056561e-08
291 1.4505760091545351e-08
292 2.7858511284778186e-08
293 2.3863181533395243e-08
294 2.015799823313231e-08
295 7.280146693925633e-09
296 2.1614510679752508e-08
297 1.3303810210757827e-08
298 1.8045334446582982e-08
299 1.3899092142500977e-08
300 1.9056136446621093e-08
301 1.7031022363593213e-08
302 1.9766902190288476e-08
303 1.878883513480527e-08
304 2.65148112007967e-08
305 2.864945799194587e-08
306 2.737989665870402e-08
307 1.2666879657542507e-08
308 2.192619402769563e-08
309 2.733537522768021e-08
310 2.2646096821177452e-08
311 1.6277743323499633e-08
312 1.7039471693427568e-08
313 2.443352018299736e-08
314 1.8321729510351118e-08
315 1.690790563258122e-08
316 2.136746541227028e-08
317 2.1623677739617118e-08
318 2.3543182547330406e-08
319 2.4075860475963478e-08
320 2.1845100935378087e-08
321 2.4712076247503898e-08
322 3.3194049866711314e-08
323 2.7510454611238028e-08
324 1.4769337937564338e-08
325 2.3372296795960253e-08
326 2.3962289839493887e-08
327 1.1643904179859607e-08
328 2.0382894979084147e-08
329 4.4400571664417925e-09
330 2.8323223119525375e-08
331 1.849700742718054e-08
332 2.7176618863960063e-08
333 1.0133433048211429e-08
334 1.8005190278583047e-08
335 2.429401779648055e-08
336 2.2674391227804248e-08
337 3.072942139623933e-08
338 1.5726442710175018e-08
339 1.623481349360441e-08
340 1.742160886060077e-08
341 7.907473665148167e-09
342 1.2381130252207415e-08
343 1.7186898511175448e-08
344 2.3184825684910705e-08
345 3.216387566294861e-08
346 2.436058633142345e-08
347 1.625745751473376e-08
348 2.0072287202145543e-08
349 1.5487216536898925e-08
350 2.669119703321166e-08
351 2.0995886383378777e-08
352 3.1683289497061124e-08
353 2.686585442476607e-08
354 1.630019218494143e-08
355 2.5584563597068393e-08
356 2.0500940010170517e-08
357 2.0215862811845385e-08
358 2.0453384883480713e-08
359 2.475869614283906e-08
360 2.4760198399399892e-08
361 2.1333871705921708e-08
362 1.2792520921739465e-08
363 1.4057668845966853e-08
364 1.687873085811077e-08
365 1.7869098459913398e-08
366 2.1574429401993115e-08
367 3.191882395554622e-08
368 2.331680693541419e-08
369 2.1374977572680895e-08
370 2.1795027374881373e-08
371 3.455727414121627e-08
372 1.7217710172462743e-08
373 1.341366697732802e-08
374 2.0148858242326906e-08
375 1.1449947368263397e-08
376 2.0787347366573983e-08
377 3.141512758007328e-08
378 2.6994842151472874e-08
379 1.9773937121381226e-08
380 5.478785374312372e-09
381 3.7286720790483074e-08
382 1.941382587205114e-08
383 2.6213533362835128e-08
384 2.119904478521194e-08
385 3.974792279673566e-08
386 3.490658123216806e-08
387 1.3965874345689988e-08
388 1.8237186373828836e-08
389 2.004454735980943e-08
390 3.0013933570952976e-08
391 2.1495189733964156e-08
392 2.480884207586543e-08
393 1.9681214981133772e-08
394 1.8751308733062953e-08
395 1.456759652094866e-08
396 1.8001971751973562e-08
397 1.7165368677490346e-08
398 6.92302868626003e-09
399 1.6604288992018263e-08
400 1.3774135610250535e-08
401 3.428447151910142e-09
402 1.4468883147512078e-08
403 2.185522529666021e-08
404 3.0219962812247914e-08
405 1.811175013601827e-08
406 2.9809595841965884e-08
407 2.4129163593075092e-08
408 1.7601115121628538e-08
409 1.8499346948854143e-08
410 1.6340849129024567e-08
411 1.3941515828103608e-08
412 1.2281517464200054e-08
413 1.2307278508282636e-08
414 1.7576286074970376e-08
415 2.416505734118431e-08
416 2.249242027207669e-08
417 2.5364127992196132e-08
418 2.0363125855473765e-08
419 1.935188004682511e-08
420 1.7957661424810583e-08
421 1.1541522828711237e-08
422 1.778903650303423e-08
423 2.8167667633645473e-08
424 1.4411829686509982e-08
425 1.435529744154069e-08
426 1.5337582331591138e-08
427 2.3831804096643642e-08
428 2.1514212459223513e-08
429 1.8459105857346688e-09
430 2.9061608626231648e-08
431 1.259329854983323e-08
432 1.8827350731552452e-08
433 1.1425981534569158e-08
434 1.7582447231184403e-08
435 2.1749401102130882e-08
436 1.3578640425483305e-08
437 8.644087893068256e-09
438 2.2394005276467756e-08
439 9.852690602037587e-09
440 2.291825455924541e-08
441 3.202692107912245e-08
442 2.636940611586967e-08
443 7.627871840447272e-09
444 2.6734466070119835e-08
445 1.6666497954351255e-08
446 1.970458800594291e-08
447 1.7913984348208577e-08
448 2.7431630731982852e-08
449 1.0826210540287587e-08
450 1.8622461884585314e-08
451 1.671867594381927e-08
452 1.682072719243462e-08
453 1.6014741171778495e-08
454 1.0511985257379961e-08
455 2.82376139184958e-08
456 2.7119347350650277e-08
457 1.2262904783871186e-08
458 2.464054503273232e-08
459 1.687461406207999e-08
460 1.3341198567960169e-08
461 1.799168413989307e-08
462 2.3580795042426393e-08
463 1.5600056837910447e-08
464 2.6552652077449656e-08
465 2.1947985316954158e-08
466 2.0467283218747974e-08
467 2.0511041592319546e-08
468 1.136879627997896e-08
469 2.58946017950823e-08
470 1.4240389490560957e-08
471 2.050554826473138e-08
472 1.8133205063473357e-08
473 3.3534432957538434e-08
474 2.9457712599114433e-08
475 2.0116482906783347e-08
476 2.2732363246955187e-08
477 1.4925582352540837e-08
478 6.7734974247241765e-09
479 1.6685115444780518e-08
480 5.347440049424604e-09
481 1.6162546580415925e-08
482 2.8235318917852813e-08
483 3.145163480678854e-08
484 2.033364327012711e-08
485 2.5443589946051636e-08
486 1.2184245102381773e-08
487 1.6655850634070315e-08
488 1.3621068772506689e-08
489 1.4412843733081596e-08
490 3.615689694329997e-08
491 2.2786851437266773e-08
492 6.426832594969709e-09
493 1.4075901060161583e-08
494 8.346607238582798e-09
495 2.820264831640663e-08
496 2.4410852931132372e-08
497 7.48568396720398e-09
498 1.0926878588565651e-08
499 1.3005444169947591e-08
500 1.386691742133285e-08
501 2.1694446175253925e-08
502 1.2006358419041215e-08
503 1.0743439713302163e-08
504 2.073004504366898e-08
505 2.6884140251883497e-08
506 3.0505243849507e-08
507 2.3212653959443592e-08
508 1.78795595589289e-08
509 1.9209132412299378e-08
510 2.095170686564049e-08
511 1.5363285508254214e-08
512 2.0909742402194362e-08
513 1.0503477553480368e-08
514 2.2879527856705195e-08
515 1.859073543620774e-08
516 2.508974301461722e-08
517 2.007085507776882e-08
518 2.040410633520867e-08
519 1.492209336369711e-08
520 2.0975876928317732e-08
521 2.212607576875562e-08
522 1.911353664150197e-08
523 1.7703875334255276e-08
524 3.470407239177665e-08
525 1.7825627272611255e-08
526 2.2642686984754233e-08
527 2.3252259294411906e-08
528 2.191057771960596e-08
529 1.8033981697917772e-08
530 3.10359784620354e-08
531 2.976879123547735e-08
532 1.086004781329664e-08
533 2.5035097759949298e-08
534 2.2002467737419774e-08
535 2.5894979953875444e-08
536 1.3911227091164329e-08
537 3.052249437475765e-08
538 1.1925776142211682e-08
539 1.622423319893071e-08
540 2.5248107914238725e-08
541 1.1414453685251775e-08
542 3.7841868420066905e-08
543 7.93065191019756e-09
544 1.8099411822104057e-08
545 2.6161455952259934e-08
546 1.1263049192247603e-08
547 2.0337336613853757e-08
548 2.6707145014152556e-08
549 2.732088312858564e-08
550 2.745291657911176e-08
551 1.6906218057983104e-08
552 1.7659149460600285e-08
553 2.365169128526601e-08
554 2.301226265493857e-08
555 2.922708494167914e-08
556 1.4835886957835975e-08
557 2.856710826884186e-08
558 1.6234906923494313e-08
559 1.9258290322497835e-08
560 1.6688291374993133e-08
561 2.2945815115696948e-08
562 2.1571036294332352e-08
563 1.210426020764369e-08
564 2.6955270914973806e-08
565 1.585909458463369e-08
566 3.1278364352940525e-08
567 1.1878328348766078e-08
568 1.2741992927119059e-08
569 1.9789853608576616e-08
570 8.393098201818569e-09
571 2.0039353073890908e-08
572 1.6964673286939642e-08
573 1.8570653482561026e-08
574 1.7348020406770808e-08
575 2.1196411436430492e-08
576 2.8437310178216306e-08
577 2.5708922507972002e-08
578 1.6714802350568677e-08
579 1.6362993730249597e-08
580 2.0303879276112176e-08
581 1.7302723934376927e-08
582 1.1103584485313593e-08
583 2.892004524571649e-08
584 2.0194521101148505e-08
585 2.4313273260085128e-08
586 1.660628539762417e-08
587 2.6964567245243006e-08
588 1.9526102954197648e-08
589 9.12089540173975e-09
590 1.3341619916321327e-08
591 1.8579718375619594e-08
592 1.3575081351010895e-08
593 1.8923838837267798e-08
594 1.6834521649463592e-08
595 1.8298246653973563e-08
596 1.729934430599633e-08
597 1.3087189086832827e-08
598 1.4615631601272472e-08
599 3.029044957572332e-08
600 1.2591044688110119e-08
601 1.849928748993225e-08
602 2.1426221186233793e-08
603 2.2538794283956613e-08
604 2.1043536700158527e-08
605 2.3376697427909247e-08
606 1.45955493415124e-08
607 1.1221864510124023e-08
608 1.0494942517843305e-08
609 1.2863461387889181e-08
610 2.4406587740529988e-08
611 1.3877846565073853e-08
612 1.4002809300735789e-08
613 1.5662338391324282e-08
614 5.43657867826073e-10
615 1.716435098408363e-08
616 2.3801801657584734e-08
617 3.341610252741416e-08
618 1.3690041451654998e-08
619 2.21045233889875e-08
620 2.5717663154842666e-08
621 2.5192929557750384e-08
622 1.0222284998330967e-08
623 2.3651589193521892e-08
624 3.53279542473963e-08
625 2.5385657340221884e-08
626 1.0004205707888104e-08
627 1.605862471190144e-08
628 4.573067337520684e-09
629 9.912113312312884e-10
630 2.4996855492634947e-08
631 1.4192806916139157e-08
632 2.01121316330952e-08
633 2.7697348165695012e-08
634 2.1794880214277256e-08
635 9.63398182433295e-09
636 2.0094701669876036e-08
637 2.998021372806743e-08
638 9.56299803728147e-10
639 3.897729405816629e-08
640 1.923985745836179e-08
641 2.67438262595074e-08
642 2.7214077473170597e-08
643 2.166435584201383e-08
644 2.2817063082933752e-08
645 1.332882405253556e-08
646 2.507784721141847e-08
647 1.508384058240955e-08
648 2.3272535602180207e-08
649 1.599814843940903e-08
650 2.0381022911870354e-08
651 1.6220190497092747e-08
652 1.942742171169441e-08
653 5.7192438891261754e-09
654 1.086358714990734e-08
655 1.187836923258497e-08
656 1.7487036963873117e-08
657 2.1974948749475606e-08
658 2.372517088982683e-08
659 2.1089979073640395e-08
660 2.1843742181068464e-08
661 3.780499356976352e-09
662 2.8616192672181178e-08
663 2.0923921440657417e-08
664 2.743941901394084e-08
665 1.3536330419876676e-08
666 1.9079068051893113e-08
667 1.1527015602401371e-08
668 2.694305934779727e-08
669 2.0305996594365747e-08
670 1.3257832032084215e-08
671 8.09669965488052e-09
672 3.28058066764187e-08
673 1.9527611617047623e-08
674 2.848049774409011e-08
675 1.0762516432388869e-08
676 1.6548231220545202e-08
677 1.5915997913224794e-08
678 1.6077913302026385e-08
679 1.5439310106049544e-08
680 1.8566936985321296e-08
681 1.2912483880553237e-08
682 1.491833630298367e-08
683 6.619978832208405e-09
684 2.4536027678155334e-08
685 1.5427499653040025e-08
686 1.4729858114971067e-08
687 2.3120037107661037e-08
688 2.2041828051926125e-08
689 1.40230134657494e-08
690 3.224182640533154e-08
691 2.4599131582272702e-08
692 2.5605904010658024e-08
693 2.1552115381852144e-08
694 1.58174939143531e-08
695 1.1360849176348885e-08
696 2.4886291935243857e-08
697 9.717424892012115e-09
698 1.8186272622538937e-08
699 2.332644099229192e-08
700 1.6507747298041503e-08
701 3.081828412279183e-08
702 1.8783781816165556e-08
703 1.7649013567649005e-08
704 9.07940105861676e-09
705 1.1820484393865403e-08
706 1.6868899746324543e-08
707 2.4906030416981496e-08
708 2.017032306562564e-08
709 1.4760613698869156e-08
710 1.1636471002014615e-08
711 1.5005596420495136e-08
712 5.387074721532541e-09
713 2.3231937631067364e-08
714 2.1429863332090424e-08
715 2.7305331079755926e-08
716 2.5133374059749682e-08
717 1.997978761513437e-08
718 1.6501601139438223e-08
719 1.939267583937199e-08
720 2.008985211767061e-08
721 1.9248974234775544e-08
722 3.725932795430266e-08
723 2.197968662084819e-08
724 3.105005912345138e-08
725 2.239855127496672e-08
726 1.6566521817577524e-08
727 6.812792961366104e-09
728 2.263943326790967e-08
729 2.4443735314283292e-08
730 5.968478302270064e-09
731 1.6816454041694974e-08
732 1.7523012772558e-08
733 1.726202501175008e-08
734 2.811374621280339e-08
735 2.6688330871267046e-08
736 2.5936262511366465e-08
737 1.5785247270070392e-08
738 1.5215668057864813e-08
739 2.2013191240762704e-08
740 2.908560902852302e-08
741 1.2843413636003538e-08
742 2.568208123975874e-08
743 1.8491937670775255e-08
744 6.837064047721927e-09
745 1.4237573611972569e-08
746 2.0700388197135055e-08
747 1.7895899343094726e-08
748 1.209616782409325e-08
749 1.1238740026353866e-08
750 3.048290061723325e-08
751 2.2401200221959327e-08
752 2.1498964065200637e-08
753 1.976644036664074e-08
754 -2.0093804250562004e-09
755 1.2888619742115224e-08
756 2.7150221032727655e-08
757 2.199767565902669e-08
758 1.6267987408176177e-08
759 1.8155169743833008e-08
760 1.904929440343408e-08
761 2.342657250555881e-08
762 1.872893453758975e-08
763 3.391774354624516e-08
764 9.13107470040642e-09
765 1.6999857103495605e-08
766 4.321977900354925e-09
767 2.04580495463214e-08
768 2.6887272146182688e-08
769 2.3762677028772487e-08
770 1.9551769046493315e-08
771 1.2904129939979281e-08
772 1.386578827996596e-08
773 2.6263773561807867e-08
774 2.345019605508535e-08
775 1.882195654420378e-08
776 2.617362544824321e-08
777 1.9172566373287228e-08
778 1.9789885942805123e-08
779 2.8353338110838848e-08
780 1.821546733411433e-08
781 1.575659183477397e-08
782 9.7547046444844e-09
783 1.17954218503355e-08
784 2.3350426950094673e-08
785 2.135867697836297e-08
786 2.1806952870178214e-08
787 2.5207423310914992e-08
788 1.4706891557750775e-08
789 2.3941890156780457e-08
790 3.7416984026348105e-09
791 1.6385752995066688e-08
792 2.9610432762136788e-08
793 2.5097290954856714e-08
794 1.608402030122978e-08
795 1.7147097930780242e-08
796 1.2067252410984137e-08
797 1.730973110213043e-08
798 1.667648378439834e-08
799 1.8511902651540998e-08
800 2.1811567054406317e-08
801 3.360442806269774e-08
802 2.185123652331864e-08
803 1.9555217296829913e-08
804 2.2817727165062083e-08
805 1.0253452783178931e-08
806 1.7668358515519185e-08
807 2.6706581958051793e-08
808 3.511932841557791e-08
809 3.2385599301809755e-08
810 1.4058678486495078e-08
811 2.178743066636328e-08
812 2.7785619018263202e-09
813 1.01619533637381e-08
814 1.902357179015464e-08
815 2.372052331869492e-08
816 2.7800380987580263e-08
817 2.0044530065567223e-08
818 1.62288314587669e-08
819 2.117719454746664e-08
820 2.8399492912335048e-08
821 1.6974938611973828e-08
822 1.1070929080375497e-08
823 2.441256262434909e-08
824 5.56559352039338e-09
825 1.4954227647689787e-08
826 3.578644236209267e-08
827 1.4041979237778582e-08
828 2.0439904358016536e-08
829 2.1523722108804256e-08
830 1.7777552596510127e-08
831 2.198491076332001e-08
832 2.4750639193109333e-08
833 1.845417245017032e-08
834 3.06429409461815e-08
835 1.39693448038795e-08
836 2.703004992215157e-08
837 2.8873776215790553e-08
838 1.817640550326292e-08
839 1.41531097993532e-08
840 2.0012326766488117e-08
841 2.5970540716530806e-08
842 3.556866358932836e-08
843 3.235293100969076e-08
844 1.7493834365379164e-08
845 1.0421042132110064e-08
846 2.2022750152932243e-08
847 2.013321509603684e-08
848 2.6048249694156453e-08
849 1.7851037631845823e-08
850 1.5113326654847484e-08
851 3.033420976376538e-08
852 1.6701380018828276e-08
853 2.3757500482374413e-09
854 9.526679776193895e-09
855 1.7507021830115885e-08
856 1.3957846355839569e-08
857 3.026922821369239e-08
858 2.7424099963392043e-08
859 1.3059001224815465e-08
860 1.6908578886152595e-08
861 1.2733373423482748e-08
862 1.9247101640078713e-08
863 2.7805487576339587e-08
864 2.395853427782106e-08
865 1.4637061918015807e-08
866 2.7948407446951732e-08
867 1.9379301935058108e-08
868 1.714215442165627e-08
869 3.118274647224909e-08
870 3.16451226967372e-08
871 2.055920532995598e-08
872 2.8938833820527323e-08
873 1.5785257049925314e-08
874 1.4813774286519454e-08
875 2.427717048122766e-08
876 2.144288248750815e-08
877 2.238798407909292e-08
878 1.872533060816577e-08
879 2.2567796675515577e-08
880 2.3746639850364836e-08
881 3.7763798637348824e-08
882 2.489733702440832e-08
883 2.1330488444580376e-08
884 1.854257193258903e-08
885 2.7873783313700458e-08
886 9.39529680723187e-09
887 1.9504626097125034e-08
888 3.6098844975219685e-08
889 1.3847098905209703e-08
890 2.3811292620020783e-08
891 1.3778311937871585e-08
892 2.513306694273987e-08
893 -3.8709740348611287e-10
894 7.590207694351852e-09
895 3.1762392307318445e-08
896 1.4801491184327658e-08
897 1.4063902798365666e-08
898 2.4304671877049597e-08
899 1.926655487433413e-08
900 1.6380251892562052e-08
901 1.3316307471615536e-08
902 1.3481028555964298e-08
903 2.459746695624737e-08
904 1.124126552528959e-08
905 2.3347524912769496e-08
906 8.920598133694635e-09
907 2.3528032342791085e-08
908 1.609325725746541e-08
909 1.1331829800213047e-08
910 1.9938146105961985e-08
911 1.9324018884785253e-08
912 1.5455446207454527e-08
913 1.599177891926511e-08
914 3.723180737554691e-08
915 2.0636454094133454e-08
916 1.0439410713184374e-08
917 1.430216948440722e-08
918 1.5937966923024064e-08
919 2.4271640351534752e-08
920 2.0507361499468795e-08
921 6.419193617375329e-09
922 1.5615144976585297e-08
923 2.0203343107579308e-08
924 3.629840554543631e-08
925 2.7489386687316983e-08
926 1.1750114540412176e-08
927 1.9947892337006686e-08
928 2.3102951210107786e-08
929 1.8750932421709748e-08
930 2.4197640449881155e-08
931 3.004485549864245e-08
932 2.552408501169275e-08
933 2.3872063272517218e-08
934 1.1876564838139584e-08
935 3.084969486358682e-08
936 1.6250047784838665e-08
937 2.0354149971188253e-08
938 1.9768422047344004e-08
939 7.967468857992928e-09
940 2.5159922380186394e-08
941 2.0960569912969783e-08
942 2.190860478685944e-08
943 2.331448064431315e-08
944 1.6603542686351833e-08
945 2.2545060949913652e-08
946 1.126838692227238e-08
947 6.272460707509976e-09
948 1.851881737254775e-08
949 2.437003216020629e-08
950 2.3967877975592154e-08
951 2.4258861852762316e-08
952 2.218069841492722e-08
953 1.7068740709333794e-08
954 1.7831762355504956e-08
955 1.966875911139293e-08
956 9.197179841678215e-09
957 2.3004621786177436e-08
958 3.08352185662787e-08
959 2.6652096329418343e-08
960 2.1432259525463764e-08
961 -6.01643998853313e-10
962 2.413952814859705e-08
963 2.6594378038835238e-08
964 2.464981539161032e-08
965 8.789492991040754e-09
966 1.8484765666792956e-08
967 1.6700674296666646e-08
968 2.06833552354836e-08
969 1.9211691017153676e-08
970 2.3252806431823684e-08
971 1.5208269129111544e-08
972 2.2221528572777712e-08
973 1.888561489829929e-08
974 1.5672994771885576e-08
975 1.543122570003312e-08
976 3.194742869981154e-08
977 3.2061819417752194e-08
978 9.039619887879794e-09
979 1.730613603700188e-08
980 2.380790865908784e-08
981 2.2065953200469328e-08
982 8.665443462791036e-09
983 2.2574116802827073e-08
984 2.1476473174062543e-08
985 2.7353752494258692e-08
986 1.531988177078717e-08
987 1.4625788660920744e-08
988 2.105024107049446e-08
989 2.2835080300911225e-08
990 1.6088290209423805e-08
991 3.720607764075006e-08
992 2.351289867569119e-08
993 2.505774997030286e-08
994 1.2428856478707652e-08
995 3.1283775607489894e-08
996 2.577956687273234e-10
997 2.696951448110269e-08
998 2.2963451380148056e-08
999 3.423443921324617e-08
