0 1.861167372419079e-09
1 3.8060525366573436e-08
2 6.572368808503084e-08
3 -2.1145351282846156e-08
4 6.979457423072673e-08
5 -2.3640617722209348e-08
6 -9.652673856784089e-09
7 1.3612559739288807e-08
8 2.061344809411819e-08
9 -3.470516779447484e-08
10 1.194266099696442e-08
11 5.923872829790182e-08
12 -2.7143090717194965e-08
13 5.0398560124832214e-08
14 2.378968688971103e-08
15 7.188365493397776e-08
16 -5.009083107433808e-09
17 5.5906447904367315e-08
18 -1.6807533529964336e-08
19 -1.61699806442746e-08
20 -1.1424515162872292e-08
21 1.721705978030149e-08
22 4.0174160803829864e-08
23 1.846144425464972e-08
24 -2.0460676615612177e-08
25 -2.7035774937343142e-08
26 7.008433437657043e-08
27 -5.582711718404093e-10
28 2.2556575296272833e-08
29 -5.28133857329326e-08
30 8.88535894348e-09
31 -1.9864635138394244e-08
32 -3.944207080288142e-08
33 2.0615638017913407e-09
34 -1.6673341025844015e-09
35 2.1382615405261663e-08
36 4.2661748478558535e-08
37 1.6102400950518376e-08
38 -2.4421724107294896e-09
39 -6.672419104733099e-09
40 -3.5950274005713484e-08
41 -1.0697703206989389e-08
42 -3.8458675969903225e-09
43 4.2668739565219596e-08
44 7.899229386657334e-08
45 1.2427237252521427e-08
46 6.599747241464174e-08
47 1.951584524990283e-08
48 2.822567498030975e-08
49 7.479113808359738e-08
50 5.213313201874616e-08
51 -2.251387477202321e-08
52 6.70540095803014e-08
53 -1.7715282961215888e-08
54 3.678088754318141e-08
55 -4.9595601809532137e-08
56 -1.4463021645420336e-08
57 3.496057423215862e-09
58 1.1099744987478047e-07
59 -9.52630011378705e-10
60 3.4958449017641435e-08
61 -2.8346124628186545e-08
62 6.022226999471579e-08
63 2.6024702623893338e-08
64 4.569358218443878e-09
65 4.402182254266425e-08
66 5.057640171289259e-08
67 5.621127324369033e-08
68 9.540840366570253e-09
69 4.6301097288766436e-08
70 2.8761415841155778e-08
71 -3.855955889633465e-08
72 1.110481786578595e-08
73 2.765433841217367e-08
74 1.3728971717210356e-08
75 -3.11913608760771e-08
76 9.734636254712305e-08
77 4.48812874932766e-08
78 1.6349676113138e-08
79 6.395814043540274e-08
80 1.9770516748314867e-08
81 7.369270837365785e-09
82 7.479344752955917e-08
83 1.6964808996381788e-08
84 4.55050752324823e-08
85 -5.045309700852504e-08
86 1.1887130250058803e-08
87 -1.3792551415141201e-08
88 4.155402176113601e-08
89 -3.885159328234154e-08
90 -2.4967173585508408e-08
91 7.843186933819005e-08
92 4.370902300274721e-08
93 -3.682868104672476e-08
94 -1.6296283503874354e-08
95 4.1698600261797125e-08
96 4.111906369501169e-08
97 3.3259880475519435e-09
98 7.06181757566635e-09
99 7.01840566410805e-08
100 2.3752885997273448e-08
101 1.793256364360325e-09
102 2.8835503548026675e-08
103 5.5957082218224806e-08
104 4.741887020003348e-08
105 6.402461348412775e-08
106 -5.6956983077181996e-08
107 8.283037149431162e-08
108 4.007087839678142e-08
109 3.526056665762716e-08
110 1.079114119897949e-07
111 -3.947566995201822e-08
112 -1.7685105362893614e-08
113 1.736607586514054e-09
114 -3.067566274846826e-08
115 -3.6809098414392453e-08
116 3.4931526433297546e-08
117 2.1622561173162464e-09
118 2.437216130712491e-08
119 2.4527438331922846e-08
120 -3.628719426021205e-08
121 -2.9701313641400006e-08
122 1.9899123261022667e-08
123 -1.0618974079588608e-08
124 -3.258509464029816e-08
125 3.163832469582038e-08
126 9.32998808131196e-09
127 1.0132579651846973e-07
128 1.081433896103415e-07
129 5.5306120140122514e-08
130 4.2011009299550414e-08
131 2.0656378415609412e-08
132 1.640677452233004e-08
133 5.873317578970778e-09
134 2.2112139114398722e-08
135 5.1311459860352884e-08
136 -6.8488329678558445e-09
137 -3.237386757427144e-08
138 1.9341192678101688e-08
139 6.481922832638766e-08
140 -1.4994137324226397e-08
141 -2.352451346610428e-08
142 1.7640984255397626e-08
143 2.7329804761287733e-08
144 -1.276203339110408e-08
145 2.462756171702332e-08
146 3.592677758681131e-08
147 5.938785823904591e-10
148 4.2860271058576244e-08
149 4.076173581267524e-08
150 3.485878314729029e-08
151 1.556093901967392e-08
152 8.381978399520983e-08
153 2.9788738598702642e-08
154 -1.7065194546440674e-08
155 -7.148178452531585e-09
156 -2.738099242266903e-08
157 3.0221032827807023e-09
158 2.1613882696059213e-09
159 1.6043667733147516e-08
160 1.8839374322769274e-08
161 3.994117747690054e-08
162 1.0602232294726815e-08
163 -1.891051315711088e-08
164 2.4004744535236164e-09
165 1.4123753325458808e-08
166 3.5516621390916374e-08
167 5.3860655912939927e-08
168 6.1559734040829e-08
169 1.0753886619042746e-09
170 2.0384253944928625e-08
171 6.498781641835399e-08
172 -7.67533233016173e-09
173 3.534325828498517e-08
174 -4.34234601521867e-09
175 1.073213053045476e-08
176 2.6040867502038842e-08
177 4.288582060244814e-08
178 -1.1624857698478662e-08
179 1.0438228821560246e-07
180 -3.008748060657655e-08
181 -1.6867299113427678e-08
182 1.9587035312596718e-08
183 4.7172530331106844e-08
184 2.4242941611704068e-08
185 3.191234887868802e-08
186 -1.4898375112071022e-09
187 4.44919627524644e-08
188 -3.171168421394461e-08
189 4.192544179193434e-08
190 3.4394075097226205e-08
191 -9.465310616378108e-10
192 8.29205321298591e-08
193 -6.37222476657715e-08
194 -8.52154520354498e-09
195 5.73584452959161e-08
196 3.92609467542518e-09
197 4.9702171315243067e-08
198 4.328307288108374e-08
199 3.733330973164068e-08
200 2.6462202175327307e-08
201 -1.9600926720575925e-08
202 3.66642410587844e-08
203 -2.8012713641373644e-08
204 3.6981030515657513e-08
205 8.362113785321633e-08
206 1.3964140975663051e-08
207 -3.193064221256838e-08
208 2.1804742220474222e-08
209 2.3033319766879084e-08
210 -1.3737364600806947e-08
211 5.071763340766244e-08
212 4.501231537754156e-08
213 2.201958568885419e-08
214 3.884882605319329e-08
215 -1.0996817110060019e-08
216 7.515761651355025e-09
217 -1.4414000754444736e-08
218 3.397646304799789e-08
219 5.749065681670114e-08
220 2.9052905291768938e-08
221 1.8676397048928486e-08
222 9.018118552834726e-08
223 3.792499312772081e-08
224 2.355513186560832e-08
225 1.3400194380049487e-08
226 4.9662534468473134e-08
227 4.011968556015623e-08
228 -6.005872279589157e-08
229 -6.443181313599651e-08
230 3.917109813610429e-08
231 1.3130957799842568e-08
232 4.847598078846555e-09
233 5.8947169935012965e-08
234 8.763455017550912e-08
235 1.405041407663513e-08
236 -2.2538839703051973e-08
237 1.6323341161305543e-08
238 -8.046655148843652e-09
239 -3.650711254968824e-08
240 3.9812879785486526e-08
241 -5.458417350457206e-09
242 5.718746823163091e-08
243 8.075686970174408e-09
244 1.761904273161522e-08
245 -3.240756062569118e-08
246 4.338958617015094e-08
247 4.189890821591262e-08
248 5.48005416731764e-08
249 7.7079788423438e-08
250 2.8849834272139894e-08
251 6.925293485610837e-09
252 -2.8214341869411134e-08
253 1.0261803392518292e-08
254 -2.7109016606456386e-08
255 4.758743905426923e-08
256 4.136001569568265e-08
257 -5.97786875482468e-08
258 5.423742068841616e-08
259 -5.1575122265085316e-08
260 2.322089807133091e-08
261 1.837300427129519e-08
262 9.924352632498445e-08
263 -4.261444374634643e-08
264 -1.2681020673934657e-08
265 -1.5827193528028615e-08
266 -8.922877753261741e-08
267 -6.022357151619397e-09
268 -2.5575717962673537e-08
269 7.543065174599806e-08
270 -8.653646806987055e-09
271 6.632301032574795e-08
272 5.814885409903828e-08
273 2.2508193218887634e-08
274 6.107506403870824e-08
275 -1.5715669250267088e-08
276 -3.799370035577095e-08
277 -1.8350488844172542e-08
278 2.6220764413709077e-08
279 5.7348403460929566e-08
280 7.912595010294482e-09
281 2.076527579856885e-08
282 2.8776986397557805e-08
283 5.955955984527502e-08
284 3.0681148352884404e-08
285 1.7437517923935762e-08
286 -1.5987566329806053e-08
287 3.7263908452881835e-08
288 1.0782574686114941e-08
289 -1.716007585690524e-08
290 8.879083924463053e-09
291 -2.627517656500218e-08
292 1.0981370431357939e-08
293 5.8775117034819813e-08
294 1.7874779311103494e-08
295 -3.191964416453691e-08
296 -2.10215935685571e-08
297 -4.478255218198317e-10
298 4.337405946879663e-08
299 -9.196204285571046e-09
300 7.117173150641773e-08
301 2.0905207756851454e-08
302 3.963894237325437e-08
303 2.755903063020502e-08
304 4.241195039166069e-08
305 8.473519459105536e-08
306 5.7088499457129194e-08
307 -1.8458872532037814e-08
308 7.89553763264168e-08
309 -7.128472970836791e-09
310 3.7530138561537055e-08
311 -1.139623563123896e-09
312 -4.8867165610368474e-08
313 3.4915370133605356e-08
314 4.4303839571565315e-08
315 -1.8116629248200847e-08
316 3.1500370310218256e-08
317 -3.996408759784987e-09
318 1.0191774967919152e-08
319 7.735100076781247e-08
320 4.359564201200526e-08
321 4.197497063829285e-08
322 1.1232036376768074e-07
323 6.398477512432898e-08
324 -7.28494951531877e-08
325 7.206838413910736e-08
326 2.772832048432365e-08
327 -2.42779696336394e-08
328 -1.0543023702830648e-08
329 -7.392110660191251e-08
330 3.699829508737672e-08
331 5.561255291207432e-08
332 5.519814644933927e-08
333 -3.688320437560555e-08
334 4.624831533600771e-08
335 2.0895921492284546e-08
336 6.75238370727611e-09
337 5.636166998040677e-08
338 2.7981258874286107e-08
339 -1.4850127545753403e-08
340 3.9024010330487046e-08
341 2.5263912985888485e-09
342 -2.536265160935047e-08
343 -1.4621473497302405e-08
344 5.0054488389363314e-08
345 1.0272321554954047e-07
346 3.389359891025855e-08
347 -2.6889796434794832e-08
348 2.8047005502638613e-08
349 3.5281907030094165e-08
350 5.49259678411646e-08
351 -6.482024904650692e-09
352 1.0805648992648351e-07
353 6.163265525860165e-08
354 3.375805894740838e-08
355 4.537006078041095e-08
356 -5.3091802625587796e-08
357 6.503219038636974e-08
358 1.0158428385431975e-08
359 9.767995558639394e-08
360 2.7850784763087188e-08
361 2.2341091148436695e-08
362 -2.2673028698057298e-08
363 -7.93945628874133e-08
364 7.910827087785133e-09
365 3.7872075575330186e-08
366 6.683224274220566e-08
367 8.557820082893298e-08
368 8.538448128840216e-08
369 -2.3915862545220637e-09
370 -9.377636623781859e-09
371 5.9178864419611704e-08
372 -2.100290252800968e-09
373 -4.1775700585068374e-08
374 1.258400477333984e-08
375 5.578734172575823e-09
376 2.989825753691673e-08
377 7.671265824624961e-08
378 3.960882557276545e-08
379 2.6193051686356728e-08
380 -3.309785225905532e-08
381 9.433538823219262e-08
382 -9.62966068443575e-09
383 4.2231392631822676e-08
384 3.340409214339502e-08
385 1.0939677202563323e-07
386 5.692831795510187e-08
387 -6.157094856392796e-08
388 -4.7133372773888266e-08
389 4.090797954913652e-08
390 7.342466858829894e-08
391 3.833414283715034e-08
392 1.4127579505610558e-08
393 3.765732149837751e-08
394 4.469654081823539e-08
395 -3.8777164929471133e-08
396 5.972246710713284e-08
397 1.1633870061356694e-08
398 -2.7116474812385698e-08
399 2.8507010078442164e-08
400 2.605849420452949e-08
401 -2.9103715179060335e-08
402 -2.3134143368110966e-08
403 1.0173436725998427e-08
404 7.60315061882622e-08
405 -1.3349741226900146e-08
406 5.049418580260179e-08
407 -2.9330018598390063e-08
408 1.8767612404209557e-08
409 5.04647326283365e-08
410 3.476444488804596e-08
411 -3.5363939673966e-08
412 4.3682811386928036e-08
413 6.276423900049388e-09
414 1.0480190027507618e-08
415 7.962691752654994e-08
416 -2.109802449757947e-08
417 -1.73770751571918e-08
418 2.980657677884146e-08
419 2.342609108340888e-08
420 1.7547666080102763e-08
421 -3.026578099869089e-08
422 2.3369576794226432e-08
423 3.245288278662804e-08
424 -1.1662263730249368e-08
425 -1.7371759683489974e-08
426 2.4392345280824054e-08
427 5.7810266586338485e-08
428 3.726329609791282e-09
429 -4.761795799444179e-08
430 1.017378300507185e-07
431 -1.6677150174629867e-08
432 4.594992271308081e-08
433 5.51534784764804e-11
434 3.972282845168676e-08
435 9.501526618234737e-08
436 -1.172462764687862e-08
437 -2.0327946380115883e-08
438 6.791088441665303e-08
439 8.657493402091721e-09
440 3.9078748858507446e-08
441 6.124742143443277e-08
442 1.8936417969634818e-08
443 -3.579241417019162e-08
444 5.020728338265498e-08
445 6.97160929476101e-08
446 2.923704420108974e-08
447 3.178818249737011e-08
448 8.56921095601783e-08
449 -1.6723026945490742e-08
450 6.349851709625757e-10
451 1.6591990457150002e-08
452 6.707321959625986e-09
453 -3.199871931295735e-08
454 -2.9876366499712216e-08
455 2.1592337239222956e-08
456 3.6976928835805503e-08
457 5.39647688108332e-10
458 4.6395728566609515e-08
459 3.942643534097447e-08
460 9.520601939074381e-09
461 -1.7861048009657442e-08
462 -5.7416506773267525e-09
463 -2.479052615076259e-08
464 4.364245078152743e-08
465 6.638861074576369e-09
466 2.8373638969420305e-08
467 3.916468043393797e-08
468 -2.81963814464796e-08
469 5.852369983864169e-08
470 -2.407930624281671e-08
471 -2.7275203004550583e-09
472 -1.9300118326076462e-08
473 5.296863591628727e-08
474 8.130848889566939e-08
475 1.5809625401705514e-08
476 7.387252645194163e-08
477 7.152462694477815e-09
478 -5.835551518948046e-08
479 -7.396094365304232e-09
480 -5.0562078012647484e-08
481 2.026406537587009e-08
482 8.040367440486708e-08
483 7.516109149200559e-08
484 3.868290463597741e-08
485 8.067827685171485e-09
486 8.535520515006853e-09
487 1.4219366831258198e-08
488 -8.284782980086767e-08
489 7.353606089840892e-09
490 4.411017339420246e-08
491 7.497653696524167e-08
492 2.1794126923653877e-08
493 -1.6220588786436132e-08
494 5.383284827002874e-08
495 4.036072803578209e-08
496 7.096306743384844e-08
497 -4.025335968081272e-08
498 2.26717671038676e-08
499 -1.5191400216944807e-08
500 1.1359367365568002e-08
501 3.9369700774183976e-08
502 2.3697583460088194e-08
503 1.492603545960705e-08
504 4.535267636853652e-08
505 7.856131601868825e-08
506 4.7691191983834093e-08
507 5.5017822889284664e-08
508 1.3095261338553824e-08
509 2.5303372594908615e-08
510 2.7883545667843025e-08
511 2.3081968845025887e-08
512 1.4190846510361235e-08
513 -1.884952363259872e-08
514 4.551688925334888e-08
515 -2.748842597015296e-09
516 -3.2992373807148757e-09
517 -9.106013355070787e-09
518 1.8195876739819474e-08
519 -4.310069416808034e-08
520 3.2933496090095686e-08
521 1.6193403882486306e-08
522 9.681111059751355e-09
523 -1.905045347133391e-08
524 1.4605311556751524e-07
525 5.1463713586330217e-08
526 -1.1060679320338826e-09
527 2.77705160690516e-08
528 2.9273821018783462e-08
529 -1.1883984595466876e-08
530 8.193765474820091e-08
531 1.1777937356255728e-07
532 9.678528355474141e-10
533 5.933061853481397e-08
534 3.6964078463170544e-08
535 -4.569329549847209e-09
536 2.1548394185233333e-08
537 6.811401197323752e-08
538 -3.891333189908655e-08
539 8.041305076157684e-09
540 1.6417147778548356e-08
541 -2.1664390326461023e-08
542 1.316736609352385e-07
543 -3.0779091659411324e-08
544 2.7173466626607013e-08
545 6.186388750445675e-08
546 1.0853707558188465e-08
547 5.20064700674535e-08
548 5.9161865219535605e-08
549 4.319847764359723e-09
550 3.3580302883445826e-08
551 3.44300992072916e-08
552 -5.475583476651432e-09
553 1.0659951765235207e-07
554 3.543618600700638e-08
555 5.8444790053813423e-08
556 2.567614591169729e-08
557 8.234839057387218e-08
558 2.0372882341802668e-08
559 2.4714543871360332e-08
560 2.7666656078371255e-08
561 4.0224947664722804e-09
562 2.2245532113125365e-08
563 5.848036590129583e-08
564 4.962176907545652e-08
565 -3.8714638319378594e-08
566 6.012938044352131e-08
567 4.7202763506858106e-08
568 -8.364787761483341e-08
569 5.186109940165608e-08
570 -2.9491264090567946e-08
571 3.859567608127771e-08
572 -1.672094151552937e-08
573 2.1449520875099678e-08
574 9.142710520486714e-09
575 6.315080366055696e-08
576 5.253771666271567e-08
577 6.009991022372219e-08
578 8.368030731697358e-09
579 3.390204106251859e-08
580 1.8608422302835927e-08
581 -1.3844942175182534e-08
582 2.329358741028914e-08
583 4.1496288496346235e-08
584 -1.0451962927099626e-08
585 2.852107801828137e-08
586 -3.759060295805151e-08
587 4.531953503103572e-08
588 1.955767535310539e-08
589 3.981444651476707e-08
590 1.8994997787815277e-08
591 3.217317434831557e-08
592 8.717351210313853e-09
593 4.269143901695785e-08
594 2.0096278552158493e-08
595 7.764862102354557e-08
596 1.0400531276911367e-08
597 1.8336998236878213e-08
598 -2.1633126833053704e-08
599 6.60880300390265e-08
600 -7.108623040335178e-10
601 -2.3470651115545736e-08
602 6.356057972402818e-08
603 4.212501312544603e-08
604 4.520014179812712e-08
605 4.1158052547102015e-08
606 -3.0989295085855536e-08
607 -5.5663345551891657e-08
608 -3.1409192114968982e-09
609 -2.238455588504759e-08
610 3.7750607841648784e-08
611 -2.2241365270839996e-10
612 -1.9415703565598155e-08
613 -2.009756019265095e-08
614 -4.9129811888013116e-08
615 -5.691059542746212e-08
616 6.00715076838987e-08
617 5.254978132083686e-08
618 -1.716786193967615e-08
619 4.697504884869319e-08
620 3.426467624385835e-08
621 6.112026246511032e-08
622 -2.799185146087388e-08
623 2.6720014261714544e-08
624 1.2397333659946157e-07
625 -9.351785334543821e-09
626 -7.114537969200471e-08
627 9.084056056761652e-09
628 1.5302199896700803e-08
629 -8.092677044975636e-08
630 9.84288502773856e-08
631 6.868241058603867e-09
632 3.2253679890722337e-08
633 7.677603281367477e-08
634 3.45114807834425e-08
635 -2.5507415446663172e-08
636 1.0222567712934092e-09
637 1.207558719358076e-07
638 -1.9561167774873588e-08
639 1.2115148708489006e-07
640 2.3967457379666317e-09
641 3.911247578984669e-08
642 8.342231784212519e-08
643 9.58451625058774e-10
644 2.3116370856848443e-08
645 -1.0556091957607382e-08
646 3.37478511360762e-08
647 8.178633225341512e-09
648 5.81607376119046e-08
649 -4.562840711706809e-08
650 1.2652357635227685e-08
651 -2.8376497085890178e-08
652 1.3136598095675465e-08
653 -3.154198038049181e-08
654 -2.8744241193076866e-08
655 -1.5577691967387567e-08
656 2.0951337951634635e-10
657 2.991213580579058e-08
658 4.0971295869695315e-08
659 7.338573606114617e-08
660 1.9444711811437007e-08
661 -3.929592376471044e-08
662 4.0078019127126595e-08
663 7.598376665876265e-08
664 1.9374001286442233e-08
665 4.448354467450004e-09
666 3.609685108356391e-08
667 -2.3930547128917143e-08
668 2.52416806754495e-08
669 2.449915370673805e-08
670 -2.102762397492838e-08
671 -5.7440890983117945e-08
672 4.6828019358134e-08
673 1.4443868886477463e-08
674 5.247219933526758e-08
675 -1.605951696466762e-08
676 1.5370844627301893e-08
677 2.45361044729191e-08
678 -6.91154329411006e-09
679 1.934860995753834e-08
680 2.938556787473169e-08
681 -6.233096613764746e-09
682 2.556982464738283e-08
683 -3.121555001115753e-08
684 4.915039441538367e-08
685 4.536246477067909e-08
686 -3.789223814677124e-08
687 2.6582740068689773e-08
688 1.6666296338544663e-08
689 -4.236029536990166e-08
690 1.2908334552759006e-07
691 4.1661791712653575e-08
692 -2.289285865228633e-08
693 6.738510715420273e-08
694 5.636974471432429e-09
695 -3.637237031364188e-08
696 4.4524374781324455e-08
697 -1.0821546218667481e-08
698 4.229751518650713e-08
699 1.6098952124004276e-08
700 3.1529357385757117e-09
701 9.900566183831664e-08
702 4.685529828720057e-08
703 1.9336225052942892e-08
704 -2.4780995497679817e-08
705 6.736592014997045e-08
706 -3.557556773994814e-08
707 3.391307297840367e-08
708 9.722939541452664e-09
709 5.024378469314789e-08
710 1.1154335740143114e-08
711 -1.8002728788106465e-08
712 -5.668630567398579e-08
713 5.868192116154153e-08
714 3.975641856168759e-08
715 1.0469253073093877e-07
716 2.2511790586172246e-08
717 -5.527682361515714e-09
718 -2.7327209343274175e-08
719 -1.224306150159256e-08
720 2.9272898773966718e-08
721 2.345836449030997e-08
722 7.017871602333557e-08
723 2.7689721067032807e-08
724 9.66615101781098e-08
725 4.319054357199498e-08
726 3.98436926177475e-08
727 -4.956342568045709e-08
728 3.267932287696742e-08
729 -1.1724362267512158e-08
730 -2.2152926921551954e-08
731 1.2721100423061118e-08
732 -1.8092763061641773e-08
733 3.782631512025696e-08
734 2.827086737396451e-08
735 2.2586851010969283e-08
736 3.049465078274025e-09
737 2.8903936834785454e-08
738 -2.006585992475054e-08
739 3.4173651631577475e-08
740 6.182316907907304e-08
741 -5.4002495169034454e-09
742 1.8703205583296965e-08
743 7.3176432773453835e-09
744 7.55570357918293e-09
745 2.369087581376123e-08
746 7.148339503771197e-08
747 6.117866577885631e-08
748 -1.5401192734845556e-08
749 2.2860662267222563e-08
750 4.304833028941338e-08
751 2.3405826114262186e-08
752 5.468689882361755e-08
753 1.44028840997741e-08
754 -1.4382698984022641e-08
755 -2.027073635575339e-08
756 -5.643297670869617e-08
757 3.1811274082651166e-08
758 -1.945225972297121e-09
759 7.424432231711788e-08
760 -1.8635644716864446e-08
761 2.969725260088192e-08
762 2.3681612388252194e-08
763 7.168584537615106e-08
764 -2.7915473965099835e-09
765 4.025451263586914e-08
766 -2.3375691130632953e-08
767 -4.106466039881472e-08
768 -5.881699086811667e-10
769 1.3376729865448784e-08
770 -6.933380241446789e-09
771 -3.2063218388986954e-08
772 7.756005713456108e-09
773 4.803673218233048e-08
774 5.032513229547587e-08
775 1.3205661653566943e-08
776 7.45533367645867e-08
777 5.4996220840466254e-08
778 2.5176306795098517e-08
779 8.910142064945948e-08
780 2.931863492138435e-08
781 1.9820371284121404e-08
782 -4.631897483359716e-08
783 -1.9321454296821283e-08
784 2.8316524523600717e-08
785 2.333755754502352e-08
786 -2.073084006047308e-09
787 3.8843599994971865e-08
788 1.7777541160785003e-08
789 5.213154555212051e-08
790 -8.516782299596364e-08
791 3.341413813678449e-08
792 6.204890015255836e-08
793 -2.125095512030369e-09
794 9.535811391361865e-09
795 8.941090705449527e-08
796 -1.2381866624471172e-08
797 -2.6861193817977643e-08
798 -1.2326878774470147e-08
799 5.814541260169049e-08
800 7.423229271609667e-08
801 9.037647366159945e-08
802 -3.055327136885362e-09
803 2.3040502162654557e-08
804 3.4259331423505143e-08
805 -3.442695597728114e-08
806 -5.000925450856005e-09
807 5.098505183789857e-08
808 3.5333112180129086e-08
809 2.8969911921735743e-08
810 -1.3231026361598712e-08
811 4.68978188426149e-08
812 -5.745381046194751e-08
813 2.342953420279414e-08
814 3.989831107794974e-08
815 6.754645889230639e-08
816 4.1935222350189827e-08
817 -3.5138185191669503e-09
818 -4.625915485843055e-08
819 6.862359506524354e-08
820 8.994022952248491e-09
821 2.6352763153556143e-08
822 2.6976916391825398e-08
823 -2.9521784126577067e-09
824 -3.3063169372959784e-08
825 -9.550571458044396e-09
826 9.45965899192683e-08
827 -1.2406539366780333e-08
828 5.404306038910263e-08
829 6.240518610705421e-08
830 -1.9026080694419653e-08
831 6.734203161179236e-09
832 4.5046795537941616e-08
833 -2.27359436391672e-08
834 9.049269494628975e-08
835 -5.993108685504906e-08
836 8.1121564945223e-08
837 6.344716325327837e-08
838 -1.2098023321009606e-08
839 -5.50736100018047e-09
840 1.6542114209551537e-08
841 4.412461776862392e-08
842 6.060983047929552e-08
843 3.602094063633885e-08
844 3.370895043937122e-08
845 -4.6549704805249826e-08
846 7.314209756935821e-08
847 1.4331641999401382e-08
848 8.712274402262796e-08
849 1.4082683620996456e-08
850 -4.919914996555453e-08
851 7.121964286999325e-08
852 1.1275026405949166e-08
853 -4.538591900817394e-08
854 -2.5210062605989577e-08
855 1.193774004855555e-08
856 2.582734940253845e-08
857 7.224373393416231e-08
858 7.098865866957218e-08
859 -2.8363942314488818e-08
860 -1.82574757835595e-08
861 2.950529199342003e-08
862 3.039987999198051e-08
863 5.660606597707789e-08
864 4.2594182742233984e-08
865 -1.513599086062773e-08
866 6.146092587992544e-08
867 3.812593752039487e-09
868 1.0572413833527821e-09
869 9.240516363372503e-08
870 7.769064534325478e-08
871 1.8587315776760825e-08
872 5.162798289814837e-08
873 4.2225800463343455e-10
874 2.6784493462583802e-08
875 3.944189118594815e-08
876 2.0497977950631335e-08
877 2.4116336398422398e-08
878 4.658576500244389e-08
879 2.9588630151811196e-08
880 2.2828564852577697e-08
881 1.1881881396595616e-07
882 3.806446181855969e-08
883 4.3484927879027746e-08
884 -3.234871864824345e-09
885 1.0051662523376523e-07
886 -5.785507496909445e-08
887 1.9369488003444194e-09
888 8.481573898975149e-08
889 -5.059895728229115e-09
890 1.335837965997151e-08
891 2.8107623789197718e-08
892 9.799237516134062e-08
893 -6.057919499449239e-08
894 -4.8129094227322074e-08
895 8.311255037169381e-08
896 2.6823930798506307e-08
897 2.8939780132402502e-08
898 5.924674843495941e-08
899 2.3235704534531707e-08
900 -8.857993530619962e-09
901 5.4184215075737505e-09
902 5.280744607362881e-08
903 1.555738499705507e-08
904 -1.4207149500714248e-08
905 3.458251714798513e-08
906 -2.0175826866961607e-08
907 4.490408965788478e-09
908 3.801513534706169e-08
909 -2.034284832102728e-08
910 3.0397822547686866e-08
911 7.784293053419385e-08
912 -7.96447688255297e-09
913 1.031155507435394e-10
914 8.23588100942133e-08
915 5.453984675752322e-08
916 1.924513920556083e-08
917 -1.7992584358505305e-09
918 4.730407820511254e-08
919 1.6301582656743533e-08
920 5.804060582030364e-08
921 -2.1049257870322933e-08
922 -3.443429121249494e-08
923 1.508943452603054e-08
924 1.038486523157348e-07
925 6.10710070684946e-08
926 -2.4192057655881742e-08
927 -1.3118783366266721e-08
928 6.002760251746826e-08
929 3.81130063966653e-08
930 8.129288893001259e-09
931 9.259647109326212e-08
932 3.110914776136845e-08
933 -2.705599374711099e-10
934 -2.2890884714117734e-08
935 4.4993958993433347e-08
936 1.0809704370670984e-08
937 2.412756091113324e-08
938 4.143406565625386e-08
939 9.566471617412025e-09
940 6.705367625518126e-08
941 1.570036420321556e-08
942 3.761466538686417e-08
943 3.3606192231242225e-09
944 -1.4607906078744493e-08
945 -8.726154426632752e-09
946 -3.494985021430359e-08
947 -1.4727226399107477e-08
948 3.645070734152704e-09
949 9.58526071960444e-08
950 9.408799158209381e-08
951 3.819211697455593e-08
952 7.55313062135368e-08
953 3.995957345233332e-08
954 1.4928822667231143e-08
955 4.14274393897576e-10
956 7.75875321797615e-09
957 6.723240191330694e-08
958 1.6362457626060694e-08
959 2.906914961580984e-08
960 2.3499645006939965e-09
961 -4.11766845452296e-08
962 2.414606346589667e-08
963 5.5743613250956174e-08
964 1.5291179579071006e-08
965 -1.0498116489679147e-07
966 4.155179114131579e-08
967 -8.636513263578103e-09
968 -1.0077834444332498e-08
969 5.398886259499749e-09
970 2.2836662335245035e-08
971 -6.3341205348597e-08
972 4.189442906830594e-08
973 5.428713040134083e-09
974 -1.3530144164849897e-08
975 -3.840714271815733e-08
976 1.3893189438852448e-08
977 6.048075431131443e-08
978 -2.851708174872408e-08
979 1.8162416245842728e-08
980 1.0137259198649932e-09
981 4.97332233232758e-08
982 2.485001257132932e-08
983 4.918115213674665e-08
984 2.5221331506386042e-08
985 2.0539225349206417e-08
986 -1.1573953937575747e-08
987 -2.1986227140904422e-08
988 4.770357652784132e-08
989 1.620032711098351e-08
990 -3.8291287192499855e-08
991 8.76954784909147e-08
992 7.073325635441429e-08
993 2.4511235364549334e-08
994 1.3711125942625432e-08
995 6.474235179637868e-08
996 -3.400893208275835e-08
997 5.4294669238106085e-08
998 1.0370627716140315e-07
999 9.682919152238662e-08
