0 3.2368411134101497e-07
1 2.7516332891958046e-07
2 2.4373451581755625e-07
3 2.6504805266019186e-07
4 3.035331290388243e-07
5 2.651335524967625e-07
6 2.825254847005358e-07
7 2.7694874616937727e-07
8 3.528727923535468e-07
9 2.8356142889882565e-07
10 2.521091076320997e-07
11 2.444698625960629e-07
12 2.916566396860572e-07
13 2.3831599287007724e-07
14 3.279734680443867e-07
15 1.757955385568849e-07
16 2.764862350405683e-07
17 1.984558914320757e-07
18 3.1510475345609944e-07
19 2.87088251550211e-07
20 2.9176588654840225e-07
21 2.504999787592366e-07
22 2.394471320653929e-07
23 3.339079916647272e-07
24 3.179546788881669e-07
25 2.985039392777236e-07
26 2.3157706269832278e-07
27 3.3459137266608795e-07
28 3.135405913169802e-07
29 3.546642087302119e-07
30 3.3083174900841114e-07
31 2.520247066014207e-07
32 2.9306841449114224e-07
33 2.7454767737407217e-07
34 2.412969861042711e-07
35 2.943523037977461e-07
36 2.3468628332610134e-07
37 2.2958346188438173e-07
38 2.1107591508061635e-07
39 2.6730917745093653e-07
40 3.478555064462842e-07
41 2.8665801973458357e-07
42 2.9532766813149445e-07
43 2.808112261665441e-07
44 2.057667424194259e-07
45 2.655319449221728e-07
46 3.223850044125673e-07
47 2.789270575734965e-07
48 2.533618359549749e-07
49 2.5648975319281016e-07
50 2.2930176497340766e-07
51 2.7622808924610795e-07
52 3.260054208091261e-07
53 3.2635615169054724e-07
54 2.998759582215336e-07
55 3.2792032528902014e-07
56 2.7365096110802715e-07
57 2.799219283914196e-07
58 2.0970922935374147e-07
59 3.330644995792888e-07
60 2.706682154710926e-07
61 3.2656781321735744e-07
62 2.5936334660506907e-07
63 2.661250460623321e-07
64 2.509649474260235e-07
65 2.136443900320767e-07
66 2.6889485388934764e-07
67 2.683828800103861e-07
68 2.8332653074956306e-07
69 2.752310616013644e-07
70 2.8784195067542597e-07
71 3.4310704757177285e-07
72 2.426339280453305e-07
73 2.419203401006323e-07
74 2.7265434510721164e-07
75 3.547221318773513e-07
76 1.8796364186215836e-07
77 2.4634463061281254e-07
78 3.0605363566262617e-07
79 2.316994399223442e-07
80 3.2049578724795154e-07
81 1.9081001779391086e-07
82 2.4808174028057553e-07
83 1.8098276742835303e-07
84 1.7450374499147624e-07
85 3.023876992060292e-07
86 2.5028659051141114e-07
87 2.8157423023430466e-07
88 2.6278366365286936e-07
89 3.1066205036456486e-07
90 3.573258425392666e-07
91 2.1917035525888576e-07
92 1.7854965953669307e-07
93 2.7136335361357383e-07
94 3.155463619636598e-07
95 2.3517498236671206e-07
96 2.2831024632480357e-07
97 2.710808734146938e-07
98 2.7913333732727714e-07
99 2.4255734508306156e-07
100 2.584761286672012e-07
101 2.7507553727614127e-07
102 2.3699307550000944e-07
103 2.7548769965516305e-07
104 2.7564367560429796e-07
105 2.2700021652595462e-07
106 2.2328706103381124e-07
107 2.016841410683855e-07
108 2.198853229064003e-07
109 2.408481742615746e-07
110 2.3137021833144617e-07
111 2.8036697123712755e-07
112 3.1094876174878657e-07
113 2.675347714176314e-07
114 2.7168442336930606e-07
115 2.643197171841706e-07
116 2.873935401603221e-07
117 2.6346385768322754e-07
118 2.5526248661523025e-07
119 2.864450697901954e-07
120 3.0763968103740585e-07
121 3.478445637772611e-07
122 2.2717880572749757e-07
123 3.0244099652306636e-07
124 3.0914032121122246e-07
125 2.789786943121114e-07
126 3.1593490737690495e-07
127 2.7129187665574603e-07
128 2.3160943252749697e-07
129 1.755220743825225e-07
130 3.695458893795676e-07
131 2.8706425450287134e-07
132 1.6360858949468565e-07
133 3.168605746474875e-07
134 3.281446195203037e-07
135 2.1089490258846158e-07
136 2.7297076110818363e-07
137 3.270644839970683e-07
138 2.6820154778042506e-07
139 1.5580482872832236e-07
140 2.9245230006953826e-07
141 4.2909587956703205e-07
142 2.9182897621555366e-07
143 3.186512437882449e-07
144 3.1542717942059463e-07
145 2.7080246105735953e-07
146 2.4555819518869925e-07
147 3.209565418474856e-07
148 1.8060570182602825e-07
149 2.3471471105486503e-07
150 2.6604258998434645e-07
151 2.4405186284887873e-07
152 2.4987163298917264e-07
153 2.766808462136261e-07
154 2.799036137802959e-07
155 2.817957219627552e-07
156 2.7512150050031995e-07
157 2.6481694811181227e-07
158 2.1374633479137918e-07
159 2.503498115296281e-07
160 2.3702222315124713e-07
161 2.1629876417691277e-07
162 2.395173068646977e-07
163 3.8390238543219286e-07
164 2.4679300542097235e-07
165 2.1622750060791638e-07
166 2.2624428495240524e-07
167 2.159307480094312e-07
168 2.5893548808487694e-07
169 2.805363376098084e-07
170 2.5235454742528046e-07
171 2.921961587594814e-07
172 3.261125194791789e-07
173 2.5606745096306757e-07
174 2.366167487092453e-07
175 3.119476228151815e-07
176 3.0728365585180556e-07
177 2.388751949382349e-07
178 2.770555656557083e-07
179 2.155425045216776e-07
180 2.63149907953153e-07
181 3.2592803600512447e-07
182 2.0591766920746256e-07
183 2.4452008262542573e-07
184 2.3329738493921458e-07
185 2.446525876423771e-07
186 2.9007341939526275e-07
187 1.5692259039333394e-07
188 2.714178337565454e-07
189 2.3168684374799935e-07
190 2.407266096391903e-07
191 2.6739940323797076e-07
192 2.6995728312086065e-07
193 3.596962076572203e-07
194 2.838614907231768e-07
195 2.639932000690376e-07
196 3.1612120048220597e-07
197 2.918922700342995e-07
198 2.3356155737721606e-07
199 2.844119626672378e-07
200 2.5727329478600524e-07
201 3.140142595637109e-07
202 2.47251315463428e-07
203 2.8983964812002923e-07
204 2.773501527232761e-07
205 2.718912959918062e-07
206 2.7004263483996755e-07
207 2.8669152409664736e-07
208 2.2796277789768065e-07
209 2.5649916800106594e-07
210 3.374079339913783e-07
211 2.0781775500326116e-07
212 2.5316014654350025e-07
213 2.6796807500163053e-07
214 2.6690404964629573e-07
215 2.9213437627607927e-07
216 2.495728210501577e-07
217 3.262198224616574e-07
218 2.6569029215959836e-07
219 2.539766892724608e-07
220 2.9113073056616814e-07
221 3.0963133366284676e-07
222 2.96677441048269e-07
223 2.685935445662805e-07
224 2.101522944043798e-07
225 2.9995212538492816e-07
226 2.231848685549881e-07
227 2.427445485532925e-07
228 3.323058658016244e-07
229 2.5959618531630476e-07
230 2.1363928819042604e-07
231 2.480390976088031e-07
232 2.0854184854327523e-07
233 2.3965190204125344e-07
234 2.4503955046180203e-07
235 2.2194364998885574e-07
236 2.927046607065575e-07
237 2.633211870737184e-07
238 2.7976495184739847e-07
239 2.540796450896388e-07
240 2.050008454306325e-07
241 2.4211453919065043e-07
242 2.5232680847590287e-07
243 3.067862168620752e-07
244 1.9210959738398247e-07
245 3.5102621245096263e-07
246 2.564558127410233e-07
247 2.7844374999466517e-07
248 1.661257884371032e-07
249 2.1606828541060182e-07
250 2.5081529838879443e-07
251 3.766004028456429e-07
252 2.461560304999621e-07
253 2.9167867179972343e-07
254 2.822289328359807e-07
255 2.8562753833036155e-07
256 2.2529304332751127e-07
257 3.0027178731135226e-07
258 2.1329865760406531e-07
259 3.1462225484463475e-07
260 2.3465959137262505e-07
261 2.7527251173552345e-07
262 2.1893693709807507e-07
263 3.304276680407478e-07
264 3.2835635710404167e-07
265 3.0926412217571744e-07
266 4.0173883731172037e-07
267 2.54958078562462e-07
268 3.0929538858747754e-07
269 1.894252430067856e-07
270 2.820004625551856e-07
271 2.1292037849339907e-07
272 2.8016442983234986e-07
273 1.7522350433403277e-07
274 2.3281131017561848e-07
275 2.6265502091174826e-07
276 3.146115338175464e-07
277 2.7207851653437604e-07
278 2.5360177121542897e-07
279 2.6282908011813963e-07
280 2.6509039829334986e-07
281 2.1908376863491862e-07
282 2.2778781445196843e-07
283 2.227023378218263e-07
284 2.877829739008814e-07
285 3.589641920923476e-07
286 3.319521275817526e-07
287 2.6469085463177493e-07
288 2.397382574052561e-07
289 2.703872172477294e-07
290 2.6833292278797006e-07
291 3.3940777412152357e-07
292 3.2212046160453213e-07
293 2.4851039198844344e-07
294 2.913850256338442e-07
295 2.983374865847795e-07
296 3.4772803300597356e-07
297 2.7148847230938495e-07
298 2.419962394000763e-07
299 2.308436782917555e-07
300 1.7320741753360836e-07
301 2.491875842678459e-07
302 2.6738990704199414e-07
303 2.596133764542473e-07
304 2.9568437716229697e-07
305 2.521345214867247e-07
306 2.6095450868924824e-07
307 2.8627120136643026e-07
308 2.1418171474516024e-07
309 4.050373736152319e-07
310 2.9103393946861105e-07
311 2.8914562587737904e-07
312 3.3053674433357284e-07
313 2.0598011778713715e-07
314 2.7490066928913745e-07
315 2.8454717190011904e-07
316 2.8139201731202064e-07
317 2.8452554347750836e-07
318 3.180852926528792e-07
319 2.612216400420776e-07
320 2.3404010968020072e-07
321 2.600684457507097e-07
322 2.230090325830055e-07
323 2.419479518801903e-07
324 3.8200334128270233e-07
325 2.3311988080329413e-07
326 3.263824756456568e-07
327 2.6721848062637046e-07
328 2.8725240499658934e-07
329 3.5186703192466343e-07
330 3.097060973278269e-07
331 2.398736178363339e-07
332 2.830765550507864e-07
333 3.2405661437621567e-07
334 2.0370670221617177e-07
335 3.1188253729231573e-07
336 2.96691179121413e-07
337 2.353982647106326e-07
338 2.5020995410943497e-07
339 3.5739334229933874e-07
340 2.3067567437872503e-07
341 2.4028819480205264e-07
342 2.654973359793943e-07
343 2.6311708622742147e-07
344 2.19653105269529e-07
345 2.1283395865544714e-07
346 2.5610301617687303e-07
347 3.0741041564620736e-07
348 2.334556812380317e-07
349 2.2915043309389373e-07
350 2.7751260340026676e-07
351 3.5010550135466094e-07
352 2.1879052828863555e-07
353 2.2254070034609748e-07
354 2.782395112766006e-07
355 3.0772106090338985e-07
356 3.4375898071014073e-07
357 1.9461819224554862e-07
358 2.9142544649532375e-07
359 2.1781129840974246e-07
360 2.1250896296147325e-07
361 2.725590822211285e-07
362 2.884493970406442e-07
363 3.4272331437801613e-07
364 2.879522043335278e-07
365 2.071345362268148e-07
366 2.882155619544508e-07
367 2.3246049252674506e-07
368 2.5658468376726175e-07
369 2.7172297874057187e-07
370 3.104237831290537e-07
371 2.5805935024834825e-07
372 2.674418599338982e-07
373 2.8181635002608556e-07
374 2.432366522053885e-07
375 2.4510620354328936e-07
376 2.9742444721105135e-07
377 2.572158490006631e-07
378 2.4009709355874955e-07
379 2.939353394682198e-07
380 2.3328921961049854e-07
381 2.0753158522991318e-07
382 3.674297341999293e-07
383 2.6371502251491655e-07
384 2.558951549379578e-07
385 2.0366849287804492e-07
386 3.2418101573626455e-07
387 2.9844322598624023e-07
388 3.7298279797759765e-07
389 2.497737369940442e-07
390 2.2860502588306614e-07
391 2.4435495993941717e-07
392 2.5518974045120636e-07
393 2.2308108203849399e-07
394 2.450280735675426e-07
395 2.936835298981275e-07
396 2.0297459503756278e-07
397 3.006240210468407e-07
398 2.901505416418798e-07
399 2.2507006468154747e-07
400 2.3716208783210305e-07
401 2.566819744555845e-07
402 3.377615284058149e-07
403 2.839489339511346e-07
404 2.456267826145061e-07
405 2.6067744819409626e-07
406 3.02782919538237e-07
407 3.1169344487023816e-07
408 2.898630778212453e-07
409 2.1192820808073455e-07
410 2.125770548509942e-07
411 3.4775595863868946e-07
412 1.63771199312572e-07
413 2.397372956713781e-07
414 2.724643329651755e-07
415 2.47519582343829e-07
416 3.1831937146791477e-07
417 3.4258272579053175e-07
418 2.2830500301262266e-07
419 2.7366904381219677e-07
420 2.668496029388229e-07
421 2.7397065190553597e-07
422 2.3702742717764598e-07
423 2.8823452647211926e-07
424 2.846613343188045e-07
425 3.029361103404479e-07
426 2.7473182102309204e-07
427 2.933728964051332e-07
428 2.94798573870009e-07
429 2.652984647909785e-07
430 2.3030263878237932e-07
431 2.82644796277835e-07
432 2.2316163300234172e-07
433 2.827687795185848e-07
434 2.9284791023067944e-07
435 1.4771602513507823e-07
436 3.034559250067421e-07
437 2.507575814914685e-07
438 2.7258821163190246e-07
439 2.2348769923567828e-07
440 3.279152401057902e-07
441 2.8263282671722543e-07
442 2.747736612466822e-07
443 2.5211112419139e-07
444 2.761354696465214e-07
445 1.4089932604263605e-07
446 2.272615936539531e-07
447 2.2503872445031372e-07
448 2.0094667857054345e-07
449 2.579332929196693e-07
450 2.6898028148339485e-07
451 2.1201100104377494e-07
452 2.809818491163248e-07
453 3.2574493659596446e-07
454 3.41595977985385e-07
455 3.324857381794846e-07
456 2.8167352696373655e-07
457 2.407661990094234e-07
458 2.4067059614870033e-07
459 1.6128047666062848e-07
460 2.6173386879637106e-07
461 2.7533330398009423e-07
462 3.0163896368290675e-07
463 3.233574638514074e-07
464 2.7474875035432284e-07
465 3.246600014995999e-07
466 2.3496579186807226e-07
467 2.2770122433041257e-07
468 3.0745330842045577e-07
469 2.858101547396721e-07
470 2.4441789428739584e-07
471 3.2383155285399834e-07
472 3.069127095420706e-07
473 2.8837927016706813e-07
474 2.7086353444400386e-07
475 2.6187266780413834e-07
476 2.1063365753610817e-07
477 2.2985999670757663e-07
478 3.577327691372352e-07
479 2.4607457598069465e-07
480 2.5649080229784726e-07
481 2.106364465501657e-07
482 3.096693366813558e-07
483 2.6793794119430803e-07
484 2.4336802746984386e-07
485 3.234117156076622e-07
486 2.7245001190312815e-07
487 2.483858108605322e-07
488 3.5784286042201075e-07
489 2.541795208573581e-07
490 3.3247912416309537e-07
491 1.7354678682079724e-07
492 1.6266618406965873e-07
493 2.8183851159658414e-07
494 1.7275419481940226e-07
495 3.0923806673976486e-07
496 2.7456148811970565e-07
497 2.0708612296196592e-07
498 2.02001015253738e-07
499 2.9281860891146476e-07
500 2.710949199969144e-07
501 2.753426108444009e-07
502 2.654180362372704e-07
503 1.7625733825518003e-07
504 2.0324101293033335e-07
505 2.522340784924812e-07
506 2.7032336069403096e-07
507 2.472789538676757e-07
508 2.470097819303691e-07
509 2.675788576629567e-07
510 2.4222786202694925e-07
511 2.9723843476531085e-07
512 2.56903250116244e-07
513 2.8667429969237785e-07
514 2.4572935362930805e-07
515 3.0869656997318845e-07
516 3.100405747423818e-07
517 3.2158615455128396e-07
518 2.7921342496273453e-07
519 3.5020841596453387e-07
520 2.539754973146333e-07
521 2.8663137214234115e-07
522 2.519854273952479e-07
523 3.1609333380035877e-07
524 1.615706243509858e-07
525 2.0957413187112036e-07
526 2.475380644773185e-07
527 2.544333222330408e-07
528 2.5564334302875723e-07
529 2.5366848667876163e-07
530 2.4865583972346884e-07
531 1.9470291251733423e-07
532 2.8870497698520444e-07
533 2.735387606513427e-07
534 2.6202249648607305e-07
535 3.465056210027077e-07
536 2.5613838361276447e-07
537 2.145413458865626e-07
538 3.196901274367566e-07
539 2.911068080110868e-07
540 3.322836968895823e-07
541 3.0476562338949926e-07
542 2.718165446582663e-07
543 2.9909279103092165e-07
544 2.453587473944557e-07
545 2.703978614176952e-07
546 2.5403788592129674e-07
547 2.5156021546912925e-07
548 2.296519021913328e-07
549 3.1771663074238416e-07
550 2.604508612678418e-07
551 2.0504074387860172e-07
552 3.0240547431307297e-07
553 2.2887848430113247e-07
554 2.7669198509231905e-07
555 2.9168632346615314e-07
556 2.0045431370140424e-07
557 2.4023737698385195e-07
558 2.6157226153135094e-07
559 2.880569789035546e-07
560 2.548143927079933e-07
561 3.2262125555564997e-07
562 2.861010043470719e-07
563 1.701332976661375e-07
564 2.7877159346720327e-07
565 3.6342459330065736e-07
566 2.7616818113186803e-07
567 2.0691910076880685e-07
568 3.8537782533716647e-07
569 2.0208973665532655e-07
570 2.998586498277596e-07
571 2.3379925458201024e-07
572 2.8735159060093715e-07
573 2.985809880033806e-07
574 2.6952487649414785e-07
575 2.2224429027126744e-07
576 2.8370389138792834e-07
577 2.3687731811894267e-07
578 2.637366118948195e-07
579 2.4950269158853276e-07
580 2.3431922673295912e-07
581 2.7382696071288616e-07
582 2.536072078366144e-07
583 2.775590003960124e-07
584 2.5143458751621167e-07
585 2.688797638703595e-07
586 3.027494127422619e-07
587 2.3271332073488126e-07
588 2.3038090013133636e-07
589 1.6149676102684384e-07
590 2.2640457622262045e-07
591 2.317489014161062e-07
592 2.3764625515510791e-07
593 2.1271980580829577e-07
594 2.7127326889632816e-07
595 1.9778861262485194e-07
596 2.789317556864014e-07
597 2.3357221515530599e-07
598 2.939248326534646e-07
599 2.7791461079232767e-07
600 2.862334132675704e-07
601 3.309911166821959e-07
602 2.172217839400002e-07
603 2.5770057637123e-07
604 2.2368272878028476e-07
605 2.8159679496996067e-07
606 2.5099177116133317e-07
607 2.740009653399954e-07
608 2.284835096606748e-07
609 2.9377273755707027e-07
610 2.1071056476107675e-07
611 2.7542820483054685e-07
612 2.961691409600552e-07
613 2.987142243102369e-07
614 2.9417444312583767e-07
615 3.2091101410682346e-07
616 2.3311859882876666e-07
617 3.1790570667741164e-07
618 3.140848778133114e-07
619 2.6904162813856533e-07
620 2.8844002004044696e-07
621 2.7986979513880067e-07
622 2.5757728663835157e-07
623 2.713892258242389e-07
624 1.8582752487709492e-07
625 2.8412615555416285e-07
626 3.404596687206605e-07
627 2.4790530337288504e-07
628 2.2044685511445826e-07
629 2.8973475156702986e-07
630 1.9417376034747058e-07
631 3.0263924266913614e-07
632 2.7454354796970886e-07
633 2.0064417557240706e-07
634 2.3119931775476916e-07
635 2.61055827650549e-07
636 3.203154961630281e-07
637 1.7795714962572536e-07
638 2.4615860885482185e-07
639 2.262643972930873e-07
640 3.2094847233132074e-07
641 2.6668270359851297e-07
642 2.4067861881202187e-07
643 3.1549716589741354e-07
644 2.779887047122717e-07
645 2.8795792885224855e-07
646 2.415707172863461e-07
647 2.4576404552643326e-07
648 2.2152729104710897e-07
649 3.4733345532880677e-07
650 2.960126563694435e-07
651 2.9990235056366134e-07
652 2.359818513491891e-07
653 3.061138441804572e-07
654 3.0393648286035313e-07
655 2.478382999073171e-07
656 2.9837223482972425e-07
657 2.2408288379042516e-07
658 2.561308310011441e-07
659 1.9734165160960876e-07
660 2.740533362707064e-07
661 2.7291161032921475e-07
662 3.0477285343484466e-07
663 1.9822794624943692e-07
664 3.007047611480566e-07
665 2.1258264937912487e-07
666 2.834701574298112e-07
667 2.53973149743725e-07
668 3.031290179582394e-07
669 2.624110285003932e-07
670 2.7279821520835464e-07
671 2.681426195789816e-07
672 3.232749816498383e-07
673 2.997878563492985e-07
674 2.6828359446999537e-07
675 2.2302038208748985e-07
676 2.7202513417614057e-07
677 2.755532837922833e-07
678 2.5920418532829523e-07
679 2.1172669609434087e-07
680 2.8418336937936074e-07
681 2.541337124809273e-07
682 2.310467222865222e-07
683 2.8459142110874273e-07
684 2.3185609602488012e-07
685 2.6590450247302803e-07
686 2.9997739113442347e-07
687 3.320211933760676e-07
688 3.13621323896049e-07
689 3.1315305233510214e-07
690 1.6140295856707502e-07
691 2.655344314094141e-07
692 3.352404052497835e-07
693 2.522129766868684e-07
694 2.534829528246984e-07
695 3.016976697310346e-07
696 2.5892753296855475e-07
697 2.8591991116660715e-07
698 2.6329761757783843e-07
699 2.5999576263203156e-07
700 2.5581280050687024e-07
701 2.3197901008062997e-07
702 2.7957316939273065e-07
703 2.2323864489022158e-07
704 2.1573600764220648e-07
705 1.8694298972330335e-07
706 3.51168832339459e-07
707 2.891459397778613e-07
708 2.3765457068422747e-07
709 1.9986552641113894e-07
710 2.3840181987691944e-07
711 2.888238261432071e-07
712 2.744873533532832e-07
713 2.1808217830256376e-07
714 2.6902246002632895e-07
715 1.833546808427271e-07
716 3.108380728930755e-07
717 2.6948575751336843e-07
718 3.0754804009297913e-07
719 2.972488532825615e-07
720 2.8429270370014216e-07
721 2.8547358429397645e-07
722 3.306887034934412e-07
723 3.4362649639688905e-07
724 2.1306588449501538e-07
725 2.5640308881055513e-07
726 2.1375855858063085e-07
727 2.892788105302839e-07
728 2.801893911202559e-07
729 3.445330840258627e-07
730 2.5034526549564873e-07
731 2.1634631707443216e-07
732 3.0604667945034136e-07
733 2.627868255108316e-07
734 3.079457591795159e-07
735 3.0625713596809743e-07
736 3.041317918694908e-07
737 2.4123431864545635e-07
738 3.2964267937573297e-07
739 2.827463090434835e-07
740 2.678635514544147e-07
741 2.3416234497217352e-07
742 3.0554068322786945e-07
743 2.987757421180305e-07
744 2.1459882503575284e-07
745 2.504067931865756e-07
746 2.1390409478046818e-07
747 2.2601779186094802e-07
748 2.9979927218616485e-07
749 2.2140637926228512e-07
750 3.043951504875086e-07
751 2.718682764314457e-07
752 2.1133297558722255e-07
753 2.795537949275981e-07
754 1.9899899189565877e-07
755 3.0419703614258014e-07
756 3.6514365739495265e-07
757 3.718333112740484e-07
758 2.8721263210193264e-07
759 1.9760608583383212e-07
760 2.8367559202854417e-07
761 2.397173875633453e-07
762 2.6559228369965753e-07
763 2.6949668579616853e-07
764 2.7607179657361554e-07
765 2.4806028940173095e-07
766 2.788126592855765e-07
767 3.9613579281705146e-07
768 3.5640726662802107e-07
769 3.268155301560135e-07
770 3.107984633195693e-07
771 2.696531543997438e-07
772 2.46870257946072e-07
773 1.9968691741207396e-07
774 2.5765991632688225e-07
775 2.774877617996616e-07
776 2.2067793076132623e-07
777 2.2507517110750972e-07
778 2.327684088905766e-07
779 2.2613391678309902e-07
780 2.819436136759527e-07
781 2.953748524434914e-07
782 3.224128096332848e-07
783 2.2575013814800836e-07
784 2.8796309890587644e-07
785 2.6465564116650117e-07
786 2.836044373396731e-07
787 2.63429215491201e-07
788 2.9438633335315405e-07
789 2.1885483646183026e-07
790 2.970238323765461e-07
791 2.3471211863430242e-07
792 2.600615646296597e-07
793 2.7240159417929013e-07
794 2.5736018509031145e-07
795 1.7975290353943645e-07
796 2.426962715213447e-07
797 3.199802429609266e-07
798 3.146065613430489e-07
799 2.0017442299186295e-07
800 2.1324634025426774e-07
801 2.824686337429765e-07
802 2.930058587446544e-07
803 2.0721112126981716e-07
804 2.7753057652202296e-07
805 2.8900739884115576e-07
806 2.7422787197501486e-07
807 2.601703482787645e-07
808 3.295941178341678e-07
809 3.4006601292853497e-07
810 2.534881411665843e-07
811 3.1410653370498644e-07
812 2.460216374791016e-07
813 1.9728945375626835e-07
814 2.9604221315939e-07
815 1.8967163092654116e-07
816 2.686379899103744e-07
817 3.110901606718269e-07
818 3.4516503861280347e-07
819 2.1196671355463445e-07
820 3.3363254197200494e-07
821 2.276886355547979e-07
822 1.9939561538126922e-07
823 3.324679437015718e-07
824 2.716507280669947e-07
825 2.9514624013021275e-07
826 2.2700238116233314e-07
827 2.402971987211048e-07
828 2.397545979864012e-07
829 2.1646398926352083e-07
830 3.1339307791983624e-07
831 3.3811487265580673e-07
832 2.7290979353614503e-07
833 3.312953707423359e-07
834 2.65561468998643e-07
835 3.2722193698933466e-07
836 2.608453009166612e-07
837 3.3107426388570325e-07
838 3.134249602060442e-07
839 2.574181812778357e-07
840 2.5084023390114743e-07
841 2.702968347808522e-07
842 2.979263549801251e-07
843 2.948383045480445e-07
844 2.2105844589250397e-07
845 3.224545870195005e-07
846 1.997168049706418e-07
847 2.447000387754824e-07
848 2.1015385884893017e-07
849 2.438833702838706e-07
850 3.277134877765473e-07
851 2.2978655696582084e-07
852 2.646243529234689e-07
853 2.4292876545683757e-07
854 2.3843163096817426e-07
855 2.853927136001628e-07
856 2.4177075168904325e-07
857 2.731817610460905e-07
858 2.7619047940073576e-07
859 3.247149345192222e-07
860 3.139886765603475e-07
861 2.1524587701587742e-07
862 2.3058172658482792e-07
863 2.4652567642974736e-07
864 2.162297516875579e-07
865 2.817909585883806e-07
866 2.5500975646150613e-07
867 3.430776004820338e-07
868 2.3092382013650226e-07
869 1.8178998311736656e-07
870 2.8817889203904677e-07
871 2.9748394593049217e-07
872 3.2868623007847834e-07
873 2.824738282165641e-07
874 2.228795568603582e-07
875 2.57885532099668e-07
876 2.723744478516204e-07
877 2.619623689805134e-07
878 2.481906990601192e-07
879 2.808051100965001e-07
880 2.5962879120496224e-07
881 2.577878798148531e-07
882 2.4416432736525327e-07
883 2.5765036097578007e-07
884 3.3785075451760554e-07
885 1.9475704354029542e-07
886 3.1855745230222277e-07
887 2.607307641567119e-07
888 2.589060524918011e-07
889 2.990448196040875e-07
890 3.167038919576811e-07
891 2.467414579565297e-07
892 1.8214619934943085e-07
893 2.3798896966129339e-07
894 3.3363801150787434e-07
895 2.692594691752701e-07
896 2.2450426261224106e-07
897 2.3861167868631886e-07
898 2.1958782444585092e-07
899 2.535319845385071e-07
900 2.8799811132273894e-07
901 2.7851329304278343e-07
902 2.080213561855474e-07
903 3.0335727252924084e-07
904 2.663819763186006e-07
905 2.6279553645713114e-07
906 3.100700491515642e-07
907 3.053923542090299e-07
908 2.0582618579629585e-07
909 2.6558164369777357e-07
910 2.3616390217587838e-07
911 1.8802862676964443e-07
912 3.1726870560254673e-07
913 2.574588785910453e-07
914 3.188533039364051e-07
915 2.541093090112754e-07
916 1.848661100523679e-07
917 2.677770487560256e-07
918 2.2434774806677916e-07
919 3.055340139089579e-07
920 1.9672167660160816e-07
921 2.359290415390263e-07
922 3.0360896960816984e-07
923 2.829024053001029e-07
924 2.6490855860890103e-07
925 2.648432972447134e-07
926 2.675129514621992e-07
927 3.44475652067377e-07
928 2.040404786272912e-07
929 2.2851524836514974e-07
930 2.934041080773437e-07
931 2.913430593886459e-07
932 2.8348851538062793e-07
933 3.1784292862260667e-07
934 2.6791865926536397e-07
935 2.911750218670842e-07
936 2.8851419978996904e-07
937 2.780111080065849e-07
938 2.6691398103575346e-07
939 2.2382394020873446e-07
940 2.313143207943488e-07
941 2.9477190245828204e-07
942 2.7244631511175483e-07
943 2.9488243679634655e-07
944 3.307372030764177e-07
945 3.56041962179214e-07
946 2.544660048137215e-07
947 2.857784100317562e-07
948 2.975131755417225e-07
949 1.8655522201908127e-07
950 1.4193631614423305e-07
951 3.0304379822503035e-07
952 2.418369013151151e-07
953 2.455942512102836e-07
954 2.3111246766294324e-07
955 2.8926909549723846e-07
956 2.277548495211552e-07
957 2.0850209202656577e-07
958 3.40306249920587e-07
959 2.817988561886262e-07
960 3.0006230442842603e-07
961 2.47461629900537e-07
962 2.6514081971029267e-07
963 3.0118563606741563e-07
964 3.1837348636111995e-07
965 3.565718056660229e-07
966 2.1745350502617031e-07
967 2.665052754007891e-07
968 2.9284360651851913e-07
969 2.7147503063914154e-07
970 2.589118290848443e-07
971 3.667352496402675e-07
972 2.2511760509712158e-07
973 1.93185340976582e-07
974 2.854937089662237e-07
975 3.203176255467794e-07
976 3.6837479018723247e-07
977 2.758762324933689e-07
978 2.650944888218739e-07
979 2.1025518723988358e-07
980 2.7217137042712417e-07
981 2.123431799007672e-07
982 2.5681689849667224e-07
983 2.750740316767643e-07
984 2.7207685607803917e-07
985 3.2020865174395916e-07
986 3.009365284260729e-07
987 2.7683897661700567e-07
988 1.9891860757337319e-07
989 2.94325122937324e-07
990 3.4511471717802066e-07
991 2.3214747795918456e-07
992 2.277572158085123e-07
993 2.8086636125930747e-07
994 2.1576464659553935e-07
995 3.0122082932676057e-07
996 2.630309851321413e-07
997 2.1250954195304128e-07
998 2.027751824084642e-07
999 2.3201971431619097e-07
