0 3.3125918493349094e-07
1 3.823817431069167e-07
2 3.1483785931402814e-07
3 3.3951751640084077e-07
4 3.694037057943119e-07
5 2.9456992111023816e-07
6 2.83811063085258e-07
7 2.7821450474972197e-07
8 3.4407123071594237e-07
9 3.176189880486294e-07
10 2.5320096925660433e-07
11 2.687150563488441e-07
12 2.821716055933283e-07
13 2.680048629894254e-07
14 3.5836591946223945e-07
15 2.954158430995579e-07
16 3.7724645782263986e-07
17 3.578337128638471e-07
18 3.1295283264856493e-07
19 3.319350168223488e-07
20 3.555818744889277e-07
21 3.7594092088340144e-07
22 3.627784155224691e-07
23 3.376049874871819e-07
24 3.3025543788949573e-07
25 3.6875611773023443e-07
26 3.7899192949720706e-07
27 3.247390408245711e-07
28 2.689175600304034e-07
29 3.148739355777492e-07
30 3.212572883836255e-07
31 2.887417637197998e-07
32 3.176678959687879e-07
33 3.9101800786356744e-07
34 3.98071472951827e-07
35 3.426531503146887e-07
36 3.5869483116972395e-07
37 3.4804818992312297e-07
38 3.208718197701951e-07
39 3.113401869405578e-07
40 2.7534505932211663e-07
41 3.3723782723583856e-07
42 3.415403229519644e-07
43 2.767780405653679e-07
44 4.236023637300434e-07
45 3.336350986718766e-07
46 3.110663832345561e-07
47 3.591384409617299e-07
48 3.022981300842819e-07
49 2.946360146973112e-07
50 3.178388878725115e-07
51 2.6929350730373316e-07
52 3.6690474444403123e-07
53 3.2268678160514713e-07
54 3.2188200562385463e-07
55 2.681511098886485e-07
56 2.928498513563411e-07
57 3.270050383344793e-07
58 3.556056551747379e-07
59 3.447311392442693e-07
60 2.719941577007842e-07
61 3.2174720841779616e-07
62 2.928371074407929e-07
63 2.7513652165117007e-07
64 3.5269692310073565e-07
65 3.4310724073215125e-07
66 3.3393322946834647e-07
67 2.6263584816712955e-07
68 3.5700334471754796e-07
69 2.2679451760522612e-07
70 2.640458895194094e-07
71 3.0379715949484234e-07
72 3.027665127107552e-07
73 3.18671444918933e-07
74 2.977209147629811e-07
75 3.404496778360822e-07
76 2.654334305254987e-07
77 3.6324819780034274e-07
78 3.486616302425637e-07
79 3.281778086084434e-07
80 3.3646340200383567e-07
81 2.6956469739485746e-07
82 3.6264769498075455e-07
83 3.047778026380089e-07
84 3.41881051497041e-07
85 3.0748644459100774e-07
86 3.551001638321011e-07
87 2.7220995827194626e-07
88 3.736592921371876e-07
89 4.1699188326733067e-07
90 3.407676868356221e-07
91 2.6679198928669025e-07
92 3.2509874800984806e-07
93 3.2049269584586766e-07
94 2.612359256563128e-07
95 3.1451391334377053e-07
96 3.1682226440109e-07
97 3.7002707727946706e-07
98 3.3012984512331733e-07
99 2.6200249245260605e-07
100 2.968927505112096e-07
101 2.8448199172395576e-07
102 3.6533202756017094e-07
103 3.2215157600974893e-07
104 2.62947599618598e-07
105 2.962568053571243e-07
106 3.193160364246917e-07
107 3.5230624277223203e-07
108 3.0214035212122284e-07
109 3.160257878806157e-07
110 3.141908822187016e-07
111 3.062027879699335e-07
112 3.241609601524099e-07
113 3.2116679889854974e-07
114 4.0261828733484215e-07
115 3.105281946555268e-07
116 2.9284674190943976e-07
117 2.830087546433002e-07
118 3.325201254890405e-07
119 2.663064506753813e-07
120 2.987304563478923e-07
121 3.51395333611176e-07
122 3.1166179846353283e-07
123 2.689333831493568e-07
124 2.892264323640951e-07
125 3.598304192821435e-07
126 2.9711762546416237e-07
127 3.3535503598432417e-07
128 2.9839237214274876e-07
129 2.8090763113685006e-07
130 3.9963618559486433e-07
131 3.2475705043617787e-07
132 3.5688831585473967e-07
133 3.4909015392155256e-07
134 2.608281654087222e-07
135 3.1489904054752417e-07
136 2.842198371147461e-07
137 3.622361615971887e-07
138 3.2560799809642634e-07
139 3.259622585406168e-07
140 3.57610204379172e-07
141 3.7429228674185256e-07
142 3.3713180492901285e-07
143 3.681461641935469e-07
144 3.3253435200763975e-07
145 2.981540079823468e-07
146 3.1197374865788265e-07
147 3.0200332495484745e-07
148 2.8103665837497866e-07
149 3.0692705497894167e-07
150 3.404686828564466e-07
151 3.951841424719507e-07
152 3.637388989529356e-07
153 3.738792067384684e-07
154 3.372537468962462e-07
155 3.7363014293260146e-07
156 3.771807927704154e-07
157 3.215324310756196e-07
158 2.736629513898372e-07
159 3.08893672127241e-07
160 3.873412749003414e-07
161 3.3527921977543245e-07
162 3.690698510393296e-07
163 2.8077248538596137e-07
164 2.785110771173038e-07
165 3.466260818223256e-07
166 3.864158021217804e-07
167 2.890964422342999e-07
168 2.699043994957062e-07
169 3.276437491186921e-07
170 3.6065231806115343e-07
171 3.631099125705242e-07
172 3.2041940292927265e-07
173 4.215420518362508e-07
174 3.331574619478997e-07
175 3.109490300184413e-07
176 3.006494770572303e-07
177 3.723086028686381e-07
178 3.469863730070661e-07
179 3.2499089618198505e-07
180 2.791667591428073e-07
181 3.1215793764545964e-07
182 3.400628529864595e-07
183 2.994494587006743e-07
184 2.4721762483405425e-07
185 3.2248168087198804e-07
186 3.4509917564319067e-07
187 3.744871631409405e-07
188 3.0240409886568143e-07
189 3.3006197933415774e-07
190 3.728875676779352e-07
191 2.1013225649086456e-07
192 2.926866908964808e-07
193 3.3279335386057414e-07
194 2.734165164214892e-07
195 4.067336502038077e-07
196 3.280265870756015e-07
197 3.2489440994225777e-07
198 3.842995652763729e-07
199 3.8817230712369076e-07
200 3.337642812526847e-07
201 2.947205846136636e-07
202 2.3832751715223645e-07
203 3.7081182167325695e-07
204 3.573588577961347e-07
205 3.065709557958135e-07
206 3.137057551242197e-07
207 3.2312273064486064e-07
208 3.2407984877377254e-07
209 3.26019772826269e-07
210 3.8363641429092503e-07
211 3.7972924548487e-07
212 3.461335831744702e-07
213 3.4007820788203094e-07
214 2.5323612128521407e-07
215 3.2613175858974377e-07
216 3.697122066075236e-07
217 3.360804216259715e-07
218 3.170437979157257e-07
219 2.8449992301475386e-07
220 3.0417860541414626e-07
221 3.047212787487255e-07
222 3.2234327059364036e-07
223 3.662840184562647e-07
224 3.19225391192488e-07
225 2.937926175641253e-07
226 2.4944363637817723e-07
227 3.841747936649783e-07
228 3.627841978389369e-07
229 2.69990474551518e-07
230 3.069769594931046e-07
231 3.1866077452502117e-07
232 3.5364719193721916e-07
233 3.514612127584108e-07
234 2.540885890367505e-07
235 3.4792233187131086e-07
236 3.313057380960108e-07
237 3.5686501785286823e-07
238 3.4313718519164506e-07
239 3.0140494732638306e-07
240 4.0079484204129097e-07
241 2.443654175583658e-07
242 2.7140985880859907e-07
243 3.8393864998183184e-07
244 3.927587649037417e-07
245 3.5474403939727836e-07
246 3.270494180636728e-07
247 2.6494341982664635e-07
248 3.267559487147711e-07
249 2.959587099204976e-07
250 2.4036082741249615e-07
251 2.975078203786437e-07
252 3.0005947265196946e-07
253 3.0104717931896105e-07
254 2.5806739739015075e-07
255 3.130602388898305e-07
256 3.201176938935932e-07
257 2.774277718301976e-07
258 2.950323480379684e-07
259 2.941784985600996e-07
260 3.7901582173187135e-07
261 2.765504931742114e-07
262 2.56386669358985e-07
263 3.361706791645064e-07
264 3.6384227538231896e-07
265 3.1126707268395393e-07
266 3.4361619392203275e-07
267 3.084381407788506e-07
268 3.1243050741390163e-07
269 3.7194959959832313e-07
270 3.6514643471090903e-07
271 2.9959306791413734e-07
272 3.8197619220026785e-07
273 2.918550645364727e-07
274 4.3631068614851047e-07
275 3.6995500164716873e-07
276 3.526427897188601e-07
277 3.438371766042944e-07
278 3.4032868721221784e-07
279 3.850124027170632e-07
280 2.8056805583714793e-07
281 3.1143599236536317e-07
282 3.4953980276072586e-07
283 3.17341905226072e-07
284 2.8589337367889556e-07
285 3.26563903031202e-07
286 3.692868885413805e-07
287 3.268637525694801e-07
288 2.4789809548204133e-07
289 2.319361273690461e-07
290 3.515691790385212e-07
291 3.341862256970282e-07
292 2.9123855360780977e-07
293 3.137867536054859e-07
294 3.8213987704317267e-07
295 3.060983627120188e-07
296 3.0943464535339755e-07
297 3.87614459768874e-07
298 2.8353477849432517e-07
299 3.0120354796606937e-07
300 3.2882442271561367e-07
301 2.999299987367752e-07
302 2.841228119725579e-07
303 3.567895046383412e-07
304 3.7369836141845016e-07
305 3.062872493822586e-07
306 3.6157400694294704e-07
307 3.217994493683543e-07
308 2.2742061106770853e-07
309 2.792853317101841e-07
310 3.759198367822174e-07
311 3.51253010538914e-07
312 3.1523362615399606e-07
313 3.04072329783947e-07
314 3.8613202120406003e-07
315 3.2717740002495125e-07
316 2.751971278601749e-07
317 3.6193158576002857e-07
318 3.10635231664922e-07
319 3.213023953872052e-07
320 3.506655645789224e-07
321 3.3507978389288285e-07
322 3.471809207782405e-07
323 3.4775755807620715e-07
324 3.590638327245682e-07
325 2.5586785662245485e-07
326 3.6458356091781414e-07
327 3.433398447102381e-07
328 2.9444078627934625e-07
329 3.591094095216021e-07
330 2.860170045419228e-07
331 3.2947948653002864e-07
332 3.5090420345635017e-07
333 3.338353782947229e-07
334 3.210687255248828e-07
335 3.48537863531659e-07
336 3.4678627206435743e-07
337 3.6309610197284763e-07
338 3.212742945686529e-07
339 3.278189259597427e-07
340 4.0277472315634347e-07
341 2.8723299289931003e-07
342 3.316234910248083e-07
343 2.6301780201775175e-07
344 3.2674393301785387e-07
345 3.241834849837505e-07
346 3.6427578637494696e-07
347 3.4708271481512485e-07
348 3.111610605283457e-07
349 3.426493871564479e-07
350 3.726441126061866e-07
351 2.772091919088697e-07
352 3.4973185213452915e-07
353 2.890557616323257e-07
354 3.897770825493495e-07
355 2.8493053630487986e-07
356 3.245693601341369e-07
357 3.6954637346560744e-07
358 3.3101482880266027e-07
359 3.4299543827690207e-07
360 3.267243232663758e-07
361 3.3385778416944556e-07
362 3.1449644744805845e-07
363 3.4287284756398223e-07
364 3.0730724502682683e-07
365 3.399217900063551e-07
366 3.491732353804403e-07
367 3.311443061085794e-07
368 2.658925110515734e-07
369 3.3074238342568633e-07
370 3.6870962598137453e-07
371 3.2677446981402113e-07
372 3.5368787652647715e-07
373 4.204785623400554e-07
374 3.234428702756848e-07
375 3.767554278180035e-07
376 3.130733507350401e-07
377 2.781104715023549e-07
378 3.778330568420836e-07
379 4.367727278013636e-07
380 2.506308281284852e-07
381 3.566904275966694e-07
382 3.887520423702058e-07
383 3.0306001543745055e-07
384 3.8989129572158937e-07
385 3.49769698769756e-07
386 3.504792698037873e-07
387 3.160437567615777e-07
388 3.5155828743042227e-07
389 3.4618824642633693e-07
390 2.7858114171582194e-07
391 3.321317970234435e-07
392 3.050159163732064e-07
393 3.1308396643472064e-07
394 2.6888660770416945e-07
395 3.625402366528587e-07
396 2.885170267164425e-07
397 3.708538295261109e-07
398 4.1931982540463963e-07
399 2.974173054550237e-07
400 3.677254128875907e-07
401 3.729453283581582e-07
402 2.959077203859569e-07
403 3.131488141085355e-07
404 3.462904884357015e-07
405 3.3730587096302145e-07
406 3.1513670075343744e-07
407 3.3173324538121537e-07
408 3.550976739592833e-07
409 3.4877457248494064e-07
410 3.3823331042040995e-07
411 2.8167139876215865e-07
412 3.1652138486839165e-07
413 3.535495793237497e-07
414 3.686858702170427e-07
415 3.3016624537173257e-07
416 3.247868229383802e-07
417 3.364291355914663e-07
418 3.524886294940248e-07
419 3.254727276538937e-07
420 3.7729323025838113e-07
421 3.799677501751792e-07
422 2.8734068847981493e-07
423 3.542129405895535e-07
424 3.371883891201396e-07
425 3.3601558162060587e-07
426 3.651136754064711e-07
427 3.381987303863626e-07
428 3.424074361891896e-07
429 3.3192561115570355e-07
430 3.1414496204435925e-07
431 2.9715438831181757e-07
432 2.9887037945460997e-07
433 3.171930798834323e-07
434 3.8125219586139584e-07
435 3.521125984794531e-07
436 2.800535069910771e-07
437 3.0787934966613836e-07
438 3.427235642473194e-07
439 3.1776779356608097e-07
440 3.3618488194262507e-07
441 3.919551253059194e-07
442 3.338158797286815e-07
443 3.4762465017617985e-07
444 3.548092897192481e-07
445 3.769802654974873e-07
446 3.160418255163786e-07
447 2.667661394946449e-07
448 3.327563961712332e-07
449 3.803372473813196e-07
450 2.895442537997776e-07
451 3.1650488357723097e-07
452 3.246638717381776e-07
453 3.1051214328525633e-07
454 3.463325638707554e-07
455 3.4286904011015003e-07
456 3.4307045874376426e-07
457 3.359926834714308e-07
458 3.810831747079354e-07
459 3.1041251959336147e-07
460 2.669588158389685e-07
461 3.2059069698950566e-07
462 2.8578283546680713e-07
463 3.392471230203238e-07
464 2.841493062688819e-07
465 3.811392891677828e-07
466 3.133629253350313e-07
467 3.362494112326634e-07
468 3.8477196842521913e-07
469 3.6253286585384624e-07
470 2.809813182268105e-07
471 3.1828811533030443e-07
472 3.2443334534714154e-07
473 3.2375668400215117e-07
474 2.9753927138394744e-07
475 3.0823715116854855e-07
476 3.062402661308796e-07
477 3.508794411820613e-07
478 3.7888010472663004e-07
479 3.1714720186209946e-07
480 3.600721923535958e-07
481 3.35433848892354e-07
482 3.4909080430419226e-07
483 3.2705872448569843e-07
484 3.4680339617811027e-07
485 3.1988422025842185e-07
486 3.9360914036061315e-07
487 2.8850077176189974e-07
488 3.0921437418045813e-07
489 3.289774850080228e-07
490 3.983229811281259e-07
491 3.3249135107019183e-07
492 2.63303152611052e-07
493 2.927426540090552e-07
494 3.569769842366901e-07
495 2.655370359399659e-07
496 2.643866785197043e-07
497 3.5357639609201904e-07
498 3.028709488524878e-07
499 2.2898959882294983e-07
500 2.7665567406735047e-07
501 3.902451296745225e-07
502 4.063801867989526e-07
503 3.458171193604231e-07
504 3.164240802383288e-07
505 3.212742172662094e-07
506 2.47847665664471e-07
507 4.043541849756958e-07
508 2.691018236402045e-07
509 2.3473447262571648e-07
510 3.329706944199897e-07
511 3.0978348907397447e-07
512 2.7458249415483975e-07
513 3.6721320091710473e-07
514 3.263912688582469e-07
515 3.128804454815741e-07
516 4.114526726389007e-07
517 3.2821434706950826e-07
518 2.9378880081033236e-07
519 3.3382594052865963e-07
520 3.0593550459889205e-07
521 3.42867368636192e-07
522 3.9331993962286416e-07
523 3.5842675810492473e-07
524 3.060497530870354e-07
525 3.500236821749333e-07
526 3.084728385623751e-07
527 3.265408548582794e-07
528 3.2115277330426026e-07
529 3.264236585001223e-07
530 4.1623016962250706e-07
531 3.060292832549306e-07
532 3.3766178353236924e-07
533 2.445521606059858e-07
534 3.634202554842255e-07
535 2.866527832902231e-07
536 2.679152817302816e-07
537 3.4668263431405653e-07
538 4.0255961450733266e-07
539 2.778191252378422e-07
540 4.113074776055388e-07
541 4.0999085602940053e-07
542 3.3240835534791244e-07
543 3.408662168239882e-07
544 3.2719061598137477e-07
545 3.0824318163755155e-07
546 3.5785344513289893e-07
547 3.1081433135321047e-07
548 3.281885649947162e-07
549 2.916170040060929e-07
550 3.3231906080226877e-07
551 3.028821840769722e-07
552 2.9646873109454e-07
553 2.865442727749513e-07
554 3.4613409056733325e-07
555 2.680105916824041e-07
556 4.13690567318572e-07
557 3.7695047577111574e-07
558 3.8512552924122846e-07
559 4.0483861262541113e-07
560 3.2221132851014446e-07
561 3.167469132191145e-07
562 2.9444742533126577e-07
563 3.097879134407884e-07
564 3.323271953559531e-07
565 2.83623859092952e-07
566 3.509018582236191e-07
567 3.4361405062089534e-07
568 3.1634138843420057e-07
569 2.9178973963403667e-07
570 3.4349522272177843e-07
571 3.226074891199365e-07
572 3.798775021375557e-07
573 3.573817217809791e-07
574 3.6196152125751576e-07
575 3.266890039173019e-07
576 3.396801753529398e-07
577 3.6850775507372815e-07
578 3.9929176221249935e-07
579 3.1544415620447684e-07
580 3.265967203155058e-07
581 3.379174400835869e-07
582 3.041161507515078e-07
583 3.32933343382786e-07
584 3.134961872398422e-07
585 3.1134681118521404e-07
586 2.590998722133137e-07
587 3.136244487229506e-07
588 2.989951456359985e-07
589 2.9321738046009443e-07
590 3.3537228230634417e-07
591 3.0915231573193374e-07
592 3.7597733975877793e-07
593 3.14173596985021e-07
594 4.356168713061712e-07
595 3.646170313041367e-07
596 2.558576155533729e-07
597 3.3365230297669973e-07
598 2.039645832025371e-07
599 3.6721614380787256e-07
600 3.0635236868161535e-07
601 3.635777611435923e-07
602 3.289176372672792e-07
603 3.9173534378521943e-07
604 2.7298282016118064e-07
605 3.316446117016369e-07
606 3.0060356488665e-07
607 2.607109013620461e-07
608 3.642259066585857e-07
609 2.8527684081603445e-07
610 2.823456294734215e-07
611 3.135611464416056e-07
612 2.834491359235981e-07
613 2.56533685084389e-07
614 3.0813588156005553e-07
615 3.0070525373968574e-07
616 3.383474717417216e-07
617 3.755472271861829e-07
618 3.3688448402011555e-07
619 3.2095338457737463e-07
620 3.6680505343703733e-07
621 3.3556511646862553e-07
622 3.3519932282093217e-07
623 3.347250758057401e-07
624 3.7325829408407903e-07
625 3.271300855608942e-07
626 3.3752764162340227e-07
627 2.62835209554762e-07
628 3.285097394606384e-07
629 2.6347987297617205e-07
630 3.006519412204804e-07
631 2.8777586018142225e-07
632 2.736546892935115e-07
633 2.67130659406095e-07
634 3.2634108972092994e-07
635 3.458779365382188e-07
636 3.1064714438853333e-07
637 3.3126663943839165e-07
638 2.987836159479262e-07
639 3.8900969516024584e-07
640 3.3105365707484285e-07
641 2.659886398537983e-07
642 3.5011055941259067e-07
643 3.6926336414747335e-07
644 2.980543147348157e-07
645 3.8637347348954665e-07
646 3.1098811998623917e-07
647 3.255489154468879e-07
648 3.0310067593325007e-07
649 3.2033364837598475e-07
650 2.936720499668033e-07
651 3.256614231526681e-07
652 2.729304574880641e-07
653 3.2468193765076367e-07
654 3.2027073493146817e-07
655 2.700923038539386e-07
656 3.5209650135012313e-07
657 3.041094289190194e-07
658 3.1350955629238157e-07
659 3.0009947467795415e-07
660 3.672836310954471e-07
661 3.6235092759889585e-07
662 3.3774071737289774e-07
663 3.129929261089715e-07
664 3.43846311183777e-07
665 3.159116817888221e-07
666 2.534901401679219e-07
667 3.573154850020993e-07
668 2.9642528944013073e-07
669 3.098249617146487e-07
670 3.073271504498355e-07
671 3.5407265067276007e-07
672 2.454384359139921e-07
673 2.4778469247990667e-07
674 3.2740804533314065e-07
675 3.5903428759236004e-07
676 3.2772264702054906e-07
677 3.2171143733519477e-07
678 3.244389557915556e-07
679 2.9955856644022955e-07
680 3.504779500812301e-07
681 2.834011028135391e-07
682 3.823666441584241e-07
683 3.7927263857795924e-07
684 3.4570741534933305e-07
685 3.79925771520785e-07
686 3.0458651845664274e-07
687 3.2839494049194384e-07
688 2.942670071384431e-07
689 3.20887007058534e-07
690 3.353054207536818e-07
691 3.4981427888826983e-07
692 3.4947853931601796e-07
693 3.1774137466304775e-07
694 3.417154765120863e-07
695 3.7345573321955167e-07
696 3.611213718557977e-07
697 2.6848386426370785e-07
698 3.779034070993799e-07
699 3.329655183728473e-07
700 3.702577132587948e-07
701 3.684853592598102e-07
702 3.0176517664513423e-07
703 3.4710321024814357e-07
704 2.828917945922946e-07
705 3.1494876686079524e-07
706 3.040082625427063e-07
707 3.2711871512477243e-07
708 3.008222630631942e-07
709 3.668005412534737e-07
710 3.5960765226077697e-07
711 3.620004849418105e-07
712 2.8683017423599786e-07
713 3.1222977522334217e-07
714 3.556001319171614e-07
715 3.1368929725467855e-07
716 3.560740410454066e-07
717 3.6244543683061245e-07
718 3.651353854752591e-07
719 3.618275112353898e-07
720 3.0628834203125366e-07
721 3.411314177746825e-07
722 3.1089059338230306e-07
723 3.2880478209180526e-07
724 3.5530587446583867e-07
725 3.4412579899964415e-07
726 3.6382587385123445e-07
727 3.859054377036459e-07
728 4.1865732143125665e-07
729 2.8794901161438407e-07
730 3.7487919036222083e-07
731 3.413980962845486e-07
732 3.4422310328447636e-07
733 2.7764441814847315e-07
734 2.4702319309709987e-07
735 3.2004437434411167e-07
736 3.5006037315144634e-07
737 2.8631856360450466e-07
738 2.730445003466639e-07
739 3.269839578414002e-07
740 3.473065457105991e-07
741 3.1576835339838885e-07
742 3.4059731307946886e-07
743 2.928173613669428e-07
744 3.253273631723605e-07
745 3.105221657270503e-07
746 3.4555068392461117e-07
747 3.616236741235979e-07
748 3.7679737740301515e-07
749 4.0475263612576534e-07
750 3.700561750474016e-07
751 3.3961687810758967e-07
752 2.809888804205298e-07
753 3.14589240342199e-07
754 3.304240493514065e-07
755 2.8768376358252286e-07
756 3.6945823112362845e-07
757 2.891462009546767e-07
758 3.0841142067580085e-07
759 3.284326714747652e-07
760 3.324077611416057e-07
761 3.7772946925361327e-07
762 2.8941851447541505e-07
763 3.5440495198842684e-07
764 3.1430992183628737e-07
765 3.544859942410293e-07
766 3.458797466042829e-07
767 3.35843587604749e-07
768 2.4748087811485015e-07
769 2.8550472183359645e-07
770 3.5867235592668156e-07
771 3.470652648059148e-07
772 3.6309273340833745e-07
773 3.0552940043968035e-07
774 2.994947364875179e-07
775 3.0818843228062137e-07
776 3.0126626331237076e-07
777 3.942642455049476e-07
778 3.038134305201428e-07
779 3.684558063637474e-07
780 3.5823815650742466e-07
781 3.352386542343864e-07
782 2.6340779241482e-07
783 3.288913223259093e-07
784 3.128067509658282e-07
785 3.1909993383187044e-07
786 3.308157853802317e-07
787 3.071359829808743e-07
788 3.065133993091359e-07
789 2.415163810895779e-07
790 3.1200438215654185e-07
791 2.5401576296432417e-07
792 2.893387220973037e-07
793 3.2651074797880606e-07
794 2.988688857993686e-07
795 3.495289875003164e-07
796 3.075051627798991e-07
797 2.924948788975547e-07
798 2.3453204687518428e-07
799 2.2637992779367256e-07
800 3.6823640187123637e-07
801 3.0333413504858054e-07
802 3.38426918452248e-07
803 3.5887667950521255e-07
804 3.180134476452219e-07
805 3.132633502064931e-07
806 3.936066799316282e-07
807 3.3343265940500626e-07
808 3.2764712026695507e-07
809 2.871340850671437e-07
810 3.067067139837229e-07
811 2.7263870969032805e-07
812 3.817810677952296e-07
813 3.1164637331451253e-07
814 3.233164663924123e-07
815 3.3603982465388565e-07
816 3.3791398057539866e-07
817 3.263104410388595e-07
818 3.147571359341275e-07
819 3.0712055245276966e-07
820 3.0868766145404527e-07
821 3.660920305523048e-07
822 3.5942649244332065e-07
823 3.5182373198232477e-07
824 3.403964929088984e-07
825 3.6675698011162146e-07
826 2.7964115185969093e-07
827 2.8162441656512496e-07
828 2.8194974971767455e-07
829 3.120743904923487e-07
830 3.117739097598671e-07
831 2.897089109763007e-07
832 3.237543587806455e-07
833 2.725515571523795e-07
834 2.791167363066917e-07
835 3.831362673821113e-07
836 3.550098602050873e-07
837 3.9522739899953785e-07
838 3.454282158848553e-07
839 3.335144536061317e-07
840 3.4842493760738187e-07
841 2.8742590375689524e-07
842 3.132779604309089e-07
843 3.0657760447568897e-07
844 3.1099127371342855e-07
845 3.3404783580675255e-07
846 3.111995219865335e-07
847 3.012766803588921e-07
848 3.6134458013789646e-07
849 3.269649371599936e-07
850 2.8645036664803243e-07
851 3.3624302929563417e-07
852 3.3678684021787123e-07
853 2.6420545282384026e-07
854 3.70941779802653e-07
855 3.3925614907619987e-07
856 3.086258788278402e-07
857 2.8330268662294853e-07
858 3.4017373556453703e-07
859 3.464655473643092e-07
860 3.5489583107955445e-07
861 3.4456872883189606e-07
862 3.236970649472892e-07
863 4.252706017109284e-07
864 3.618587827782423e-07
865 2.5208945494671253e-07
866 3.016732016280952e-07
867 3.321973896211924e-07
868 3.0474956076838225e-07
869 2.972886757618492e-07
870 3.4113742876473886e-07
871 4.124948706600119e-07
872 3.7946302709267775e-07
873 3.0033025192736275e-07
874 2.9637891733211013e-07
875 3.1454697904006547e-07
876 3.658769634816569e-07
877 4.1973817555808367e-07
878 2.3652685392423752e-07
879 3.5256455537095224e-07
880 3.681001472219469e-07
881 3.3799495446505444e-07
882 3.0972716352931215e-07
883 3.3053364357952053e-07
884 3.109423790050008e-07
885 3.1412556897966876e-07
886 3.063675478608974e-07
887 3.236674197048168e-07
888 3.1281985179144816e-07
889 3.213616711576775e-07
890 3.5728953042797693e-07
891 2.7817321464979785e-07
892 3.7654723758673777e-07
893 3.16966035679308e-07
894 4.4004771689733156e-07
895 3.345723569453252e-07
896 2.8189031968992447e-07
897 2.9055821850824266e-07
898 3.186935644839963e-07
899 3.1829940460055805e-07
900 3.72332392222071e-07
901 3.2592181467724393e-07
902 2.715169476637422e-07
903 3.7634894724876023e-07
904 2.7763178034782326e-07
905 3.54202888629919e-07
906 3.2673855687947757e-07
907 3.57415823083973e-07
908 3.102412862113004e-07
909 2.7523974922964266e-07
910 3.2021112415118663e-07
911 2.8148742412417946e-07
912 3.589701684826469e-07
913 2.988239388714529e-07
914 3.2876182066372514e-07
915 3.6230864605347174e-07
916 3.143427281959369e-07
917 2.139417974846186e-07
918 2.9516358485808856e-07
919 3.3753246852887645e-07
920 3.6154718972923494e-07
921 3.0846448011050026e-07
922 2.946981253261813e-07
923 3.783380222673315e-07
924 3.089557252225209e-07
925 3.216800500056643e-07
926 3.704491467170342e-07
927 2.3786800864798312e-07
928 3.9830159657822633e-07
929 3.139167585739579e-07
930 3.208837295332433e-07
931 3.762252617516505e-07
932 3.6217178976378776e-07
933 3.022707346670692e-07
934 2.969988105380835e-07
935 3.8183598033808813e-07
936 3.667866630346605e-07
937 3.5823105820418997e-07
938 3.333804800857008e-07
939 3.6119966247620623e-07
940 2.2701394113421554e-07
941 3.1923414489881666e-07
942 3.3192416281647796e-07
943 3.5142027793600995e-07
944 3.1653445870926157e-07
945 2.7191192346242625e-07
946 3.322374702739289e-07
947 3.9366753818441206e-07
948 3.0644652911534133e-07
949 3.372369133382028e-07
950 3.029189633545246e-07
951 2.8046644316107563e-07
952 3.409963957041693e-07
953 3.283751028438705e-07
954 3.938299201305363e-07
955 3.235340598671077e-07
956 3.0116905057823767e-07
957 3.497762041999772e-07
958 2.9588723325039004e-07
959 3.0742255246321794e-07
960 2.9310115251716305e-07
961 3.1392221489634644e-07
962 3.1719114449249547e-07
963 3.390033950235068e-07
964 3.5424513654727886e-07
965 3.139220885626969e-07
966 3.61061565842155e-07
967 3.2036739325862274e-07
968 2.485349716116255e-07
969 3.8197863339797615e-07
970 3.015163973213592e-07
971 3.2107837988278256e-07
972 3.5161503829474906e-07
973 3.781912315920414e-07
974 3.804002209144263e-07
975 3.513712586105367e-07
976 3.095236053416433e-07
977 3.5983201649299294e-07
978 3.743138899742721e-07
979 3.853901605583565e-07
980 2.9615783935131774e-07
981 2.8342594758844343e-07
982 2.89320440769354e-07
983 3.561770334613692e-07
984 3.630781549121009e-07
985 3.5410573325597915e-07
986 3.6687950833156017e-07
987 4.5537917647068384e-07
988 3.347211875722007e-07
989 2.978761179350277e-07
990 4.1216057108872544e-07
991 4.042207024710876e-07
992 1.9195908224349308e-07
993 3.034228317950074e-07
994 3.1326440712163434e-07
995 3.348961229370857e-07
996 4.066195915640271e-07
997 3.536456176117788e-07
998 3.120597039373576e-07
999 2.929671696880412e-07
