0 1.2474836774922413e-07
1 1.473441349853725e-07
2 1.4030069342220297e-07
3 2.0181477058421273e-07
4 1.0770099207542731e-07
5 1.3401233968614116e-07
6 1.4058293137789821e-07
7 2.0659906862466373e-07
8 8.338256929283222e-08
9 1.5724678632589118e-07
10 2.366554264184628e-07
11 1.9430709104337955e-07
12 1.4698794088443878e-07
13 2.3653442752464965e-07
14 1.121688993942115e-07
15 1.358109616673729e-07
16 9.76859272615715e-08
17 6.780267848796579e-08
18 5.040386196139656e-08
19 2.0997249108561788e-07
20 9.883680901684641e-08
21 2.2837551205266815e-07
22 9.217123079057326e-08
23 1.4831187838258413e-07
24 1.3493757491125623e-07
25 1.0873364270182295e-07
26 1.539914045274814e-07
27 1.9839637809443863e-07
28 1.6573647772213866e-07
29 1.9692701767609054e-07
30 9.781920636072428e-08
31 1.7026485215511523e-07
32 1.3544748521772965e-07
33 1.8768936504312441e-07
34 5.2673130757418264e-08
35 1.402155342990652e-07
36 1.3152621508689938e-07
37 9.865627063781222e-08
38 2.8741159715717456e-07
39 1.2650164142061602e-07
40 1.5234501833892617e-07
41 1.1712221846986975e-07
42 1.2444284695705424e-07
43 1.7495351568371055e-07
44 7.154609079398909e-08
45 8.854859632731727e-08
46 1.935733876987606e-07
47 1.410305956533157e-07
48 1.583799909349362e-07
49 2.0155765303745558e-07
50 1.341978098976828e-07
51 1.1435797623869728e-07
52 1.2903403323295553e-07
53 1.0013478569819877e-07
54 1.6845520962174296e-07
55 1.1405211518535381e-07
56 1.7835906280212493e-07
57 1.5328392671594823e-07
58 1.0612534652665904e-07
59 1.948605051936964e-07
60 2.099586772263354e-07
61 1.8490060273903387e-07
62 2.1375671934837527e-07
63 1.761574452466068e-07
64 1.5637199337034855e-07
65 7.887970762954784e-08
66 7.228152695155315e-08
67 2.2872688420516997e-07
68 1.5724596779614894e-07
69 2.1592263528108507e-07
70 1.71319457567074e-07
71 1.6207256318873964e-07
72 1.1247950248920934e-07
73 1.170159386170055e-07
74 1.3336324517582992e-07
75 1.1660420053827706e-07
76 2.0295776076898742e-07
77 1.1922305740885997e-07
78 1.473317206765569e-07
79 9.814046237680127e-08
80 1.8542575404320232e-07
81 2.041062174998353e-07
82 2.0245982295676796e-07
83 1.823083190087812e-07
84 8.054318411654495e-08
85 1.4149338491266392e-07
86 1.0125529981343342e-07
87 1.732343952181701e-07
88 6.450820576481567e-08
89 2.980046848394797e-09
90 1.112640774934089e-07
91 1.643438353943842e-07
92 1.957711368650297e-07
93 1.7903731362242357e-07
94 2.664230011620596e-07
95 2.3242876269101396e-07
96 1.3944842571267216e-07
97 1.6404613325219158e-07
98 2.1753227145266912e-07
99 1.7209846278103526e-07
100 2.0359681314065954e-07
101 1.9230110324877927e-07
102 1.0830124178898487e-07
103 1.6574992100050225e-09
104 2.903190603061504e-07
105 1.7647522661381354e-07
106 1.2692386657356227e-07
107 1.9786410924578106e-07
108 2.023920339424906e-07
109 1.7147270190812289e-07
110 2.1205879225729472e-07
111 2.1775179267062935e-07
112 1.5741242786552695e-07
113 1.7658392794410966e-07
114 6.405623013273307e-08
115 2.3475974929033625e-07
116 2.0741373989194998e-07
117 1.1528402038999812e-07
118 7.096758389364955e-08
119 1.0273465373368329e-07
120 1.6240866531048182e-07
121 3.0214521176556665e-08
122 1.3528159290198528e-07
123 1.1232814273303955e-07
124 1.0192338668979717e-07
125 8.746015508760626e-08
126 2.591211202894535e-07
127 1.410746638978341e-07
128 1.4461901829297132e-07
129 1.4539640573371574e-07
130 5.8313040442823697e-08
131 6.812262714902897e-08
132 1.2579168495576287e-07
133 9.168679618691945e-08
134 1.7347853872748868e-07
135 1.5931593712812242e-07
136 1.7773504694646864e-07
137 1.9154188842435133e-07
138 7.47270193767316e-08
139 3.007953821028301e-08
140 1.1666492852255234e-07
141 -3.506148721120416e-08
142 1.765040737180527e-07
143 4.1837541561644416e-08
144 1.295120602067053e-07
145 7.57424818141764e-08
146 5.900519972642737e-08
147 1.5258768511557125e-07
148 1.264334946742217e-07
149 2.75880600813912e-07
150 6.77319760823892e-08
151 1.0578898107451023e-07
152 1.287217818150426e-07
153 6.905872360655645e-08
154 9.852556282821138e-08
155 6.801419971522232e-08
156 1.39562407229961e-07
157 1.403425580856867e-07
158 1.3615676032539183e-07
159 1.0742267628506466e-07
160 6.072375398695153e-08
161 1.5743939256222416e-07
162 1.2980432944219175e-08
163 1.643659014296438e-07
164 2.1271363194491885e-07
165 7.232273261301044e-08
166 8.139099944333462e-08
167 1.281309633834261e-07
168 1.998545054374494e-07
169 1.6442937046288952e-07
170 1.2563075274471962e-07
171 1.2348352328776916e-07
172 2.0043718229921143e-07
173 8.218273549167575e-08
174 1.1619827999046524e-07
175 1.9642332696807398e-07
176 2.1586132776589248e-07
177 9.905531687247615e-08
178 6.869954193945872e-08
179 1.6543438972380586e-07
180 1.5072895398927775e-07
181 1.3822241764197888e-07
182 5.460795477827988e-08
183 1.4782222457485442e-07
184 1.853811142107745e-07
185 1.1770747225266838e-07
186 1.6183222985335952e-07
187 8.626207029535066e-08
188 1.5146573618423965e-07
189 1.6743269156127638e-07
190 1.1571205801943167e-07
191 3.491254513545715e-07
192 1.9554153783960265e-07
193 2.151810994322489e-07
194 1.1170904683574325e-07
195 4.5517452200389806e-08
196 1.9979969189427692e-07
197 2.0032641256866717e-07
198 1.007910432667027e-07
199 9.951642361932008e-08
200 1.0050920345867248e-07
201 2.1434143538320696e-07
202 2.2760759742768465e-07
203 1.0127563432393493e-07
204 1.598881551756335e-07
205 2.613790221948434e-07
206 1.037072250163633e-07
207 1.251093873542892e-07
208 1.5241763575895156e-07
209 1.102056914723877e-07
210 8.364534680886706e-08
211 1.1553497091561557e-07
212 1.2284922099429862e-07
213 1.0951692572968118e-07
214 2.47953295182807e-07
215 1.341405286217476e-07
216 1.1251100988995651e-07
217 4.762783439536503e-08
218 9.346195348706027e-08
219 1.6437790719325213e-07
220 2.180135349059168e-07
221 1.8804773629702884e-07
222 1.1339917831564776e-07
223 1.2980922952851995e-07
224 2.1389118835854017e-07
225 2.0712663536073857e-07
226 1.608210359350927e-07
227 1.6639081910048414e-08
228 8.198239752979823e-08
229 1.8073421677750126e-07
230 6.965979236869068e-08
231 1.5082930777678743e-07
232 9.454766721457551e-08
233 1.79644526950087e-07
234 2.5205803971940507e-07
235 2.9100858824130436e-07
236 3.218904113398601e-08
237 1.4715986709914295e-07
238 1.9663409488586447e-07
239 2.640528684829238e-07
240 1.1743426517866327e-07
241 1.9194467698901137e-07
242 2.3180666277613176e-07
243 7.76288940788062e-08
244 2.348156706200749e-07
245 1.3108292159358315e-07
246 1.8043224875276963e-07
247 1.8758903471526823e-07
248 1.0016898214901197e-07
249 2.0602972294850852e-07
250 2.0035406228733775e-07
251 2.205264942876078e-07
252 1.8125686684449694e-07
253 2.0081137381368713e-07
254 2.1288785406146073e-07
255 1.211730441772779e-07
256 1.07474317293963e-07
257 2.9815059736842783e-07
258 1.8224554507139892e-07
259 6.923354875729769e-08
260 1.26685296756951e-07
261 1.2172584078144164e-07
262 2.0315180871856593e-07
263 8.883504004357442e-08
264 2.0082589204344676e-07
265 2.0035412212135223e-07
266 1.559461605936855e-07
267 2.1099674961794053e-07
268 2.1840758366697034e-07
269 1.1663670569195053e-07
270 1.3750856816820823e-07
271 6.482820629478943e-08
272 3.2764407653567315e-09
273 6.807633834674883e-08
274 -1.0343725340879674e-09
275 2.71699718573976e-08
276 1.463087198543076e-07
277 1.7145370659800909e-07
278 1.274255358363736e-07
279 8.324678379962118e-08
280 6.879943120381548e-08
281 9.904142078827845e-08
282 1.1963489791638864e-07
283 1.182163662676993e-07
284 2.569897371571147e-07
285 1.7589039307303578e-07
286 1.6129361404198175e-07
287 1.367406150910575e-07
288 1.9316071464774596e-07
289 1.9900967150415356e-07
290 8.800710178985314e-08
291 2.221807415205814e-07
292 2.0135006984626837e-07
293 1.3594812664714813e-07
294 1.5046931074325866e-07
295 1.0054933270097838e-07
296 9.632343299448849e-08
297 1.2642584099689804e-07
298 2.4687979827987086e-07
299 1.9560409130570835e-07
300 8.555901423630297e-08
301 1.1619473013419154e-07
302 2.3885331578159076e-07
303 3.3269932781803626e-08
304 2.3938954897655268e-08
305 1.4551794512790198e-07
306 2.1387691817506797e-07
307 1.2928873877802797e-07
308 1.9655484172249566e-07
309 1.8274473043450396e-07
310 -4.0101863175230824e-09
311 5.5709238425341065e-08
312 1.9861244813069918e-07
313 2.1946798327086076e-07
314 1.530291587768044e-07
315 1.3157078233752165e-07
316 2.4249902595881543e-07
317 8.507717249089928e-08
318 1.3004722698673454e-07
319 1.0356463476719015e-07
320 8.535191231034998e-08
321 1.2477451826021204e-07
322 8.581371528667497e-08
323 1.4354912878502068e-07
324 1.761335505454442e-07
325 1.8304755437925838e-07
326 1.571209393918181e-07
327 1.5910528582786313e-07
328 1.5705451729972697e-07
329 2.0022680344373476e-07
330 1.632838129380015e-07
331 2.897105914214526e-07
332 6.85161455639488e-08
333 1.46292385016846e-07
334 1.7076117066227223e-07
335 1.0977829009847245e-07
336 1.689285271600203e-07
337 7.944340312181332e-08
338 1.6272072966311188e-07
339 1.9015870459762e-07
340 1.5137453971014823e-07
341 2.108901492549274e-07
342 5.732675229508409e-08
343 1.5098976324435415e-07
344 1.581408680437058e-07
345 1.6605995083226352e-07
346 9.37924198342717e-08
347 1.5916544018489913e-07
348 1.7598931370953576e-07
349 1.2503027952602512e-07
350 2.1015358693340643e-07
351 1.286108092977319e-07
352 1.4070256260656001e-07
353 1.5176946821276201e-07
354 5.195611357613323e-08
355 1.9260957551900125e-07
356 1.530373091056035e-07
357 1.7955565023734676e-07
358 1.2767390837227688e-07
359 1.393198764960076e-07
360 2.0078622351651288e-07
361 1.5517488562154226e-07
362 1.2147317491134865e-07
363 1.71971820580713e-07
364 1.7386971777633078e-07
365 1.1080546259826611e-07
366 1.3078554561988913e-07
367 1.9695642012435941e-07
368 1.5060704459131936e-07
369 2.3635165149981898e-07
370 9.61834402183412e-08
371 2.3736239563131984e-07
372 8.227191093221637e-08
373 2.0143945468856768e-08
374 1.3612442632088805e-07
375 4.224641426525362e-08
376 1.5782261151788763e-07
377 1.791688647427923e-07
378 3.872737517584675e-08
379 8.667638337014093e-08
380 2.3595325222892496e-07
381 1.5000226724965577e-07
382 7.672006977543934e-08
383 1.8081102093653575e-07
384 7.791007164545203e-08
385 1.5716795409982592e-07
386 3.863180537138434e-08
387 1.0550310884479175e-07
388 9.21734092566043e-08
389 1.042786466902475e-07
390 2.0552197833887528e-07
391 9.195031211388598e-08
392 1.0365478300662266e-07
393 2.030828408051894e-07
394 1.99847069220217e-07
395 1.1805410453225292e-07
396 1.0925299303129679e-07
397 1.3922967248849185e-07
398 7.926953100504338e-08
399 7.230727788446148e-08
400 2.6270384211526894e-08
401 1.0935704760871503e-07
402 2.1536837834064295e-07
403 1.6617822815747243e-07
404 2.1451497472639901e-07
405 1.5692287252571544e-07
406 1.2312645169544865e-07
407 1.5372357077830955e-07
408 5.8631220860028035e-08
409 9.19143262149348e-08
410 1.2086152542596126e-07
411 2.8986277009096156e-07
412 3.9055267765669156e-08
413 1.3137652427845808e-07
414 7.408032923622239e-08
415 6.556823805593673e-08
416 2.1300937899578013e-07
417 1.1885418551349143e-07
418 9.809924774836345e-08
419 1.1363609965423767e-07
420 1.9090459100034027e-07
421 7.486587310016372e-08
422 1.8569114358382046e-07
423 1.5330555804775891e-07
424 8.536994582800855e-08
425 1.470503835528258e-07
426 1.792890039709518e-07
427 1.696584365672853e-07
428 1.1656693334459043e-07
429 6.616145736670731e-08
430 1.0011823027282478e-07
431 1.4354888174095327e-07
432 2.253106921183311e-07
433 1.74144362989795e-07
434 1.1739007982436947e-07
435 1.2063114763266542e-07
436 7.078230248029599e-08
437 1.0295155804139456e-07
438 1.7041394423527975e-07
439 2.0641523647401236e-07
440 5.732303147529711e-08
441 1.3482460837048202e-07
442 1.7680806602976395e-07
443 1.384026144694565e-08
444 1.6615337932012392e-07
445 1.2081096638759388e-07
446 1.5876690924133993e-07
447 1.924095744405235e-07
448 1.912366630850714e-07
449 9.125805824568516e-08
450 1.0245098955766247e-07
451 1.6197491223823407e-07
452 1.2111640293030297e-07
453 3.8771278071242564e-08
454 5.903817314977513e-08
455 2.196492279044277e-07
456 1.1245836888709914e-07
457 1.545067815198382e-07
458 2.0396980680208515e-07
459 5.948065147218636e-08
460 7.025492482866258e-08
461 8.362131537746846e-08
462 1.1091380159016154e-07
463 1.474821532323896e-07
464 2.9083074811655986e-07
465 4.6622830992746184e-08
466 1.910304821567177e-07
467 1.6689342994357951e-07
468 8.434080575816942e-08
469 1.3581592861171606e-07
470 9.661869947184236e-08
471 1.8182540591330906e-07
472 2.548603155585683e-07
473 1.0553241867965753e-07
474 1.2510076918572734e-07
475 2.1106321958592203e-07
476 1.1377156353807612e-07
477 1.586873207626767e-07
478 5.924978883312934e-08
479 1.011368678772148e-07
480 1.5442786029047286e-07
481 1.6909477230938361e-07
482 1.4734906512555297e-07
483 1.720501329583363e-07
484 1.1274313333817962e-07
485 1.4165659009256601e-07
486 1.2158086222007023e-07
487 1.4102952060768753e-07
488 1.490157222704009e-07
489 1.818352526706146e-07
490 8.089834316713445e-08
491 2.1787193576474193e-07
492 6.464550419174063e-08
493 2.1041454597683875e-07
494 4.977162904639562e-08
495 1.9803483813867124e-07
496 1.1969183225463723e-07
497 1.6742692610910378e-07
498 2.012641066949102e-07
499 2.437133935582002e-07
500 1.8390735748791666e-07
501 1.098813371381679e-07
502 1.4301643887182623e-07
503 1.4970328236604364e-07
504 1.227975025718487e-07
505 3.5630496782660844e-07
506 2.2180871923424433e-07
507 1.4804546416628801e-07
508 2.364567629302003e-07
509 2.7456615644012285e-07
510 1.8241649267402996e-07
511 1.3276501753094444e-07
512 1.8958628806397534e-07
513 9.770850319119326e-08
514 9.370542305889132e-08
515 8.711298343295917e-08
516 -5.4508207333667914e-08
517 6.953010903694414e-08
518 1.4860041621603337e-07
519 1.9561847098611045e-07
520 2.6822705940272937e-07
521 1.5780525864260317e-07
522 7.812538399173511e-08
523 1.135726150093916e-07
524 1.4663726299509522e-07
525 1.3743304983030188e-07
526 2.074879860078411e-07
527 2.356781934678337e-07
528 1.965206799578524e-07
529 1.5202925227511408e-07
530 9.424848026503038e-08
531 1.1074388864218508e-07
532 9.680695459951445e-08
533 2.507952759954597e-07
534 9.768785959087735e-08
535 1.6142491560274858e-07
536 2.1896308093231667e-07
537 1.3269453758847924e-07
538 1.0209493865584229e-07
539 2.016605143249564e-07
540 1.2705573874886196e-07
541 1.2062372085727807e-07
542 1.4952175668861343e-07
543 6.297438663542996e-08
544 1.2066183552295667e-07
545 1.2633632217215882e-07
546 1.2081657764911874e-07
547 1.479615994796418e-07
548 2.565910945115659e-07
549 1.731562448231323e-07
550 1.323675600545269e-07
551 1.5883438381171116e-07
552 1.8148277161390685e-07
553 1.5859940713376408e-07
554 1.2555470094753024e-07
555 1.3882262764139627e-07
556 1.298518116947819e-07
557 8.43788523264094e-08
558 1.3019608466273043e-07
559 1.0601481166542406e-07
560 2.4611258137368655e-07
561 1.805812446966394e-07
562 1.7236650232661822e-07
563 1.3571888710314692e-07
564 1.3805602559260774e-07
565 1.9027755995485552e-07
566 1.4140497345212736e-07
567 1.4192002394479105e-07
568 1.5026827464148226e-07
569 2.2683962863320164e-07
570 1.633536278307677e-07
571 1.9310643956311347e-07
572 8.800245968907928e-08
573 5.992121940443784e-08
574 6.522762745183369e-08
575 1.419590564206381e-07
576 1.0330330322018205e-07
577 1.1924418917587996e-07
578 1.0385300231451857e-07
579 1.2918727419340427e-07
580 2.6501319463803646e-08
581 3.941036527215494e-08
582 9.721627601090451e-08
583 1.089234513186344e-07
584 2.331973252699651e-07
585 2.0357172575049202e-07
586 2.5988097761318e-07
587 2.0377572017993765e-07
588 1.378237020320551e-07
589 1.997617239237923e-07
590 2.014085686566724e-07
591 1.3935992637829515e-07
592 1.8040913185121518e-07
593 1.7696952066048644e-07
594 6.805669801926424e-08
595 6.132724415624734e-08
596 2.3960697824436054e-07
597 7.108664158926022e-08
598 3.239280396861967e-07
599 1.3031446544176818e-07
600 1.9058003310702027e-07
601 1.2534088108584318e-08
602 1.384054273903113e-07
603 3.5166115161064935e-08
604 1.295697686601252e-07
605 1.4013149912459535e-07
606 1.809672665658098e-07
607 1.7401895512093657e-07
608 4.757666877042563e-08
609 2.9145932190568216e-07
610 2.01500296719646e-07
611 1.490778616565294e-07
612 2.3296654186631637e-07
613 1.8274939792511448e-07
614 1.1264859406654315e-07
615 1.9059804714483293e-07
616 3.441307851887797e-08
617 8.651497553910473e-08
618 1.9451947980646164e-07
619 2.434476573976138e-07
620 1.1646105061760916e-07
621 2.6726861683780886e-07
622 2.029549953255036e-07
623 9.654201729094146e-08
624 1.1996566221980806e-07
625 9.985127779903355e-08
626 1.214125878589853e-07
627 1.587416753976321e-07
628 1.9647166176381678e-07
629 3.0012532717005877e-07
630 1.0282906610662074e-07
631 1.1667807305343238e-07
632 1.903241835722495e-07
633 1.6563925118144656e-07
634 1.6110222594552314e-07
635 6.463094721670893e-08
636 1.1026017149160432e-07
637 2.8939832928414433e-08
638 1.6971741556818026e-07
639 1.070384531851965e-07
640 1.6511356070239045e-07
641 1.1827881306418035e-07
642 1.1928903416446052e-07
643 7.931802905350729e-08
644 1.5011330228924907e-07
645 1.0995369608386897e-07
646 9.872659322483052e-08
647 1.7211977226356532e-07
648 1.5344427898296004e-07
649 1.9328790971752883e-07
650 1.2031390157879502e-07
651 1.0779457473830045e-07
652 1.5957764766925848e-07
653 1.0899156626195013e-07
654 7.545019958825564e-08
655 2.0575429237174919e-07
656 6.277709433259724e-08
657 1.3612825213944298e-07
658 1.2282792022208372e-07
659 1.9891083651128906e-07
660 1.7440449287100532e-07
661 8.333894995131283e-08
662 1.2065746322247024e-07
663 1.554408468919114e-07
664 1.16004918961225e-07
665 1.856966615592604e-07
666 2.199840661042365e-07
667 9.335313852166725e-08
668 2.1706905454899528e-07
669 1.623975692717705e-07
670 1.3790761430316492e-07
671 1.4498096908014934e-07
672 1.5653178301901398e-07
673 1.484193912054531e-07
674 1.5648176056093999e-07
675 1.5635689330371188e-07
676 1.0656906834646828e-07
677 7.967537328482884e-08
678 1.943981683310873e-07
679 2.0166426222053463e-07
680 1.7185125074966826e-07
681 3.3973938307570376e-07
682 1.3298782577993788e-07
683 1.2265461451924537e-07
684 1.0670722473771106e-07
685 6.656873402196609e-08
686 1.427865627441843e-07
687 1.9200426619892986e-07
688 7.98574717690588e-08
689 1.6526065696539255e-07
690 1.863266037823398e-07
691 6.955000174041867e-08
692 2.2147085497041927e-07
693 1.3066982706053046e-07
694 4.234467083091164e-08
695 -4.446028129527809e-08
696 1.4373992074537178e-07
697 2.1581906885461648e-07
698 9.891489021150419e-08
699 1.5433108672415957e-07
700 1.0301041815536192e-07
701 9.628930747192083e-08
702 2.0359484210217388e-07
703 6.9543544656115e-08
704 1.7910513793424109e-07
705 1.0956693733566762e-07
706 1.9997418843595858e-07
707 1.8986286077416268e-07
708 1.86754897533929e-07
709 1.2214935626706876e-07
710 4.353637823909044e-08
711 9.194660918333916e-08
712 2.133061051528539e-07
713 2.3417859113733471e-07
714 4.824441127743542e-08
715 2.010091820385415e-07
716 1.423979263043231e-07
717 1.653784135643862e-08
718 2.1210721204740736e-07
719 6.196821481987065e-08
720 1.0924482103387845e-07
721 1.5589977242400254e-07
722 1.8062703371953655e-07
723 5.062937997078505e-08
724 1.0034961773333255e-07
725 1.0262080805974286e-07
726 5.053611511975815e-08
727 3.367237033573573e-09
728 1.213465127768024e-07
729 1.721706549424435e-07
730 8.9426918704943e-08
731 1.7693316965980324e-07
732 1.2537141642955647e-07
733 1.1381210351755541e-07
734 2.1140619524908743e-07
735 1.895192472678726e-07
736 9.916889482620101e-08
737 1.00901838071794e-07
738 7.82665405725904e-08
739 2.0307855915543637e-07
740 5.817216480007791e-08
741 1.786079162533482e-07
742 1.4852121302520353e-07
743 1.2698898533033504e-07
744 1.2238699234573817e-07
745 1.842338744358897e-07
746 7.985741332408318e-08
747 1.478116217561224e-07
748 1.1045455133405213e-07
749 1.0730406461928242e-07
750 4.060219221392696e-08
751 1.4230368032093608e-07
752 1.635427035845701e-07
753 1.5838261165337727e-07
754 9.168008168714878e-08
755 1.9169238811137832e-07
756 1.1602783459843721e-07
757 2.2422823877557918e-07
758 8.533320426389215e-08
759 1.4367267415749085e-07
760 5.889686249706568e-08
761 2.0247971903322652e-07
762 1.5272364940271057e-07
763 3.3163221585884456e-08
764 2.9834235298216823e-07
765 1.1138340249271559e-07
766 1.2652296422918917e-07
767 1.584729713872774e-07
768 2.1409892074005125e-07
769 1.8797711007243656e-07
770 1.422151432419107e-07
771 1.9690033457601148e-07
772 1.8589224532038116e-07
773 1.140202610048893e-07
774 2.0033962988711276e-07
775 2.11038175647323e-07
776 1.9790062393399258e-07
777 7.810558211467594e-08
778 2.740476425642024e-07
779 7.234861207581835e-08
780 1.207693973063727e-07
781 1.3228921180749226e-07
782 1.2501516186397013e-07
783 9.5686086513768e-08
784 1.978414851537814e-07
785 1.9013173370748333e-07
786 2.0832634132307094e-07
787 6.966453773291262e-08
788 1.3384758585338458e-07
789 1.4918764842308099e-07
790 1.2385244199316416e-07
791 8.645899579062472e-08
792 2.11450459873386e-07
793 5.995981700995452e-08
794 2.238407023703246e-07
795 1.165812862590572e-07
796 1.532308484831125e-07
797 1.9774223980202423e-07
798 2.4136210755676757e-07
799 3.2068088732038706e-07
800 9.192848058046032e-08
801 1.8089368827802052e-07
802 1.774357404844818e-07
803 1.2091220964600925e-07
804 1.7929013828089326e-07
805 7.213084658539611e-08
806 7.801926358517661e-08
807 1.292084093173012e-07
808 1.4662116456184935e-07
809 1.256818454714864e-07
810 1.5085961879255492e-07
811 1.66988719503106e-07
812 9.364022407378202e-08
813 1.8195644957383743e-07
814 1.5282128865712054e-07
815 1.6053777289133806e-07
816 1.4658540741564093e-07
817 -4.049914727054383e-08
818 8.851598942281963e-08
819 1.6364291060665542e-07
820 1.5651500317012282e-07
821 1.7066987450765e-07
822 7.95214398351377e-08
823 8.335119386285425e-08
824 1.1009952645906469e-07
825 7.782320318223923e-08
826 1.8012637242470092e-07
827 1.5504943376732687e-07
828 2.443896045964447e-07
829 1.3847877715441685e-07
830 1.5790215947039435e-07
831 5.1530126917075325e-08
832 1.675353615070115e-07
833 1.220644730039991e-07
834 2.708365128040379e-07
835 -3.395252906457474e-08
836 1.3842437825171216e-07
837 1.8140936614798604e-07
838 1.3144780505531377e-07
839 1.955507648832669e-07
840 1.3660404080338575e-07
841 1.7540962923747433e-07
842 2.1342206984241405e-07
843 1.110186022316498e-07
844 1.9807581006148202e-07
845 1.6910957346919264e-07
846 2.0478472447713942e-07
847 2.2605082050945575e-07
848 2.2649946881736376e-07
849 9.906956545728321e-08
850 1.7613674976901362e-07
851 1.419600709250593e-07
852 1.5706108364964228e-07
853 2.418089549632134e-07
854 1.0847275902630972e-07
855 2.499591562795329e-07
856 1.3498366255338818e-07
857 2.0438958464952757e-07
858 1.5311172196983046e-07
859 1.1438948641643677e-07
860 8.047079179344349e-08
861 1.0592817316927615e-07
862 1.763222490504021e-07
863 8.933269561453473e-08
864 1.9665227021866074e-07
865 2.004233176798577e-07
866 5.616236816606123e-08
867 8.310198639118412e-08
868 1.5407654295434296e-07
869 1.5789978082584283e-07
870 9.730485337220346e-08
871 2.5139750998798307e-08
872 1.7302854328675945e-07
873 1.99730466447083e-07
874 1.4945858560679563e-07
875 1.8893327954892925e-07
876 8.087970146938803e-08
877 1.401373993830876e-07
878 3.0635510473513897e-07
879 8.147911114561215e-08
880 1.435714712247067e-07
881 -8.614196667904567e-09
882 1.4104987342730806e-07
883 6.478328539885828e-08
884 1.8171342029936026e-07
885 1.4082874230891912e-07
886 2.0307534386866107e-07
887 1.1138326106806538e-07
888 1.2409393760934135e-07
889 9.9692010223793e-08
890 7.1118054208688316e-09
891 1.1855133885799936e-07
892 1.327978311660417e-07
893 1.4752212096377026e-07
894 1.0982550252126921e-07
895 7.02208856944309e-08
896 1.8548541935606682e-07
897 2.1809968386491465e-07
898 7.707614578899047e-08
899 1.4937726203659548e-07
900 1.6408530430865364e-07
901 1.0107773004822761e-07
902 2.2302467660544103e-07
903 7.207992426065567e-08
904 1.8099523001566148e-07
905 1.328771593100536e-07
906 1.2090250635726133e-07
907 1.7082576635064419e-07
908 2.2263265920759297e-07
909 1.8723547941117948e-07
910 1.4980810265188803e-07
911 1.732728976455334e-07
912 6.180419889107493e-08
913 2.5825436115447124e-07
914 1.3029709757552686e-07
915 7.603029761582001e-08
916 1.4693033221210011e-07
917 2.184173617578184e-07
918 8.505424835042034e-08
919 1.5028851010991811e-07
920 7.471256133446301e-08
921 2.426024790110432e-07
922 8.794421864019484e-08
923 6.636533084282321e-08
924 2.3155825623379387e-07
925 1.1566855879230913e-07
926 1.2718596439329557e-07
927 1.7836604887786567e-07
928 1.110816343486843e-08
929 8.215281091611634e-08
930 1.2573474265484278e-07
931 9.733418549399051e-08
932 1.960154872631929e-07
933 1.6025864546365873e-07
934 1.3517697191566707e-07
935 6.527199574205012e-08
936 4.1737645937885386e-08
937 1.7415768678995102e-07
938 7.950932089544347e-08
939 1.0989927698946555e-07
940 2.057524126778801e-07
941 1.5429342563333013e-07
942 1.4245135780296334e-07
943 1.3383169803777586e-07
944 2.391953245881638e-07
945 6.345536138664876e-08
946 1.3202218030902923e-07
947 1.0153776684657198e-07
948 1.4718415552303968e-07
949 9.560691568862486e-08
950 2.167942003857841e-07
951 1.7841385604378224e-07
952 9.174524974009338e-08
953 1.2570424427744266e-07
954 6.537501848453108e-08
955 2.0305054051297142e-07
956 2.3945334696603155e-07
957 9.672933822075211e-08
958 2.204885797341319e-07
959 1.6242926445784932e-07
960 1.3075432758285044e-07
961 1.22811196416274e-07
962 2.4334641175303296e-07
963 7.918257606713681e-08
964 1.338310614463075e-07
965 2.0847920243302803e-07
966 1.0354332713407582e-07
967 9.417443635059043e-08
968 2.4861736176320604e-07
969 1.0573531063700746e-07
970 1.0442241637979165e-07
971 1.1257928238671543e-07
972 8.237098550655842e-08
973 -3.042803832078737e-08
974 1.0882489364125364e-07
975 7.290815705715845e-08
976 1.667792857326471e-07
977 1.3178121190620077e-07
978 1.2628827226792725e-07
979 1.5449211345264198e-07
980 1.49022746258386e-07
981 1.9583372844637278e-07
982 1.8184501183080833e-07
983 1.772168947925051e-07
984 6.091819247609411e-08
985 8.954123637772576e-08
986 1.7877909721810802e-07
987 6.973336666908555e-08
988 9.04308440880308e-08
989 1.6741889817361579e-07
990 1.2426605830785273e-07
991 7.112671033828837e-08
992 1.6367807649335712e-07
993 1.911486051790573e-07
994 1.296945116364887e-07
995 1.84101298379216e-07
996 1.2546803776619334e-07
997 7.673997492629625e-08
998 1.6121818219927306e-07
999 1.2247439081161633e-07
