0 2.371112508301451e-08
1 -4.268481691019441e-08
2 2.630733523745254e-08
3 2.661260476316192e-08
4 1.0334375640514965e-08
5 6.065492734021119e-08
6 5.118359820521378e-08
7 7.995707502338718e-08
8 -1.6651434851283913e-09
9 3.058645335912663e-08
10 1.3302277918275136e-07
11 1.1931052498250453e-07
12 6.714755782147368e-08
13 1.0002192888817528e-07
14 -1.1558523683318844e-08
15 6.30867816256635e-08
16 -2.355646412387498e-08
17 -2.3228859230665455e-08
18 1.6215584614458443e-08
19 3.099146655109279e-08
20 -1.4185077682682234e-08
21 -1.88872848500013e-08
22 -2.412694127589395e-08
23 2.9157545773417935e-08
24 1.8463855318833123e-08
25 1.6742266253139058e-09
26 -2.0914775171383068e-08
27 4.272020681400359e-08
28 4.743794762618923e-08
29 4.594457228185147e-08
30 2.1896979259656237e-08
31 7.934391674716076e-08
32 2.1753311200839277e-08
33 -3.0365262056060305e-08
34 -8.093078581362924e-08
35 -5.207697071286873e-09
36 4.04771017376978e-10
37 -1.4538249086844729e-08
38 5.1179672675434244e-08
39 3.40557747120873e-08
40 6.452134732452242e-08
41 3.264696051462137e-09
42 1.3983090729293908e-08
43 7.129263838025855e-08
44 -9.840604765192016e-08
45 2.0460517537352913e-08
46 4.020902368265286e-08
47 -1.7889371902289073e-08
48 4.400955576719171e-08
49 8.38858089422674e-08
50 3.438036491161362e-08
51 8.096688503657514e-08
52 -1.81516290894614e-08
53 1.3134256653269971e-08
54 3.1148947590604545e-08
55 7.600111947261287e-08
56 5.6960128204255844e-08
57 3.760964501969181e-08
58 -6.991200469938924e-09
59 1.592475362423879e-08
60 8.962369314399243e-08
61 3.029233972400035e-08
62 8.167244510042497e-08
63 8.393469831125627e-08
64 3.8387712175961065e-09
65 -1.5166584741402197e-08
66 1.0226088696761603e-08
67 1.3492322475797017e-07
68 -3.3277361960410425e-10
69 1.4499448444501376e-07
70 8.482460320449583e-08
71 5.14395784968299e-08
72 4.224497516200651e-08
73 3.500431089803408e-08
74 3.320160904455047e-08
75 1.781074524417199e-08
76 8.987884175879674e-08
77 -2.1875745672121333e-08
78 2.066741217851839e-08
79 2.1748174797720525e-08
80 3.0061463860048825e-08
81 9.079613138365524e-08
82 1.6744866284182008e-08
83 5.399544213602119e-08
84 -1.6705986863454077e-08
85 5.3355141900016915e-08
86 -1.802836749213939e-08
87 8.703287706668326e-08
88 -4.91158235981166e-08
89 -1.0130995963865375e-07
90 1.001731478675107e-08
91 9.10062893154917e-08
92 3.962530151369336e-08
93 2.993214190625194e-08
94 1.291823895957618e-07
95 5.75418248637361e-08
96 4.882628686019481e-08
97 -2.1436407813206053e-08
98 3.7863513220381424e-08
99 9.472634311383074e-08
100 6.534913942167264e-08
101 9.14647273114131e-08
102 -1.3078443588070843e-08
103 8.396720339875195e-10
104 1.2537389296897922e-07
105 5.774426434230167e-08
106 3.046905991357615e-08
107 2.8417423617850566e-08
108 5.501797803251975e-08
109 1.8564937375752432e-08
110 6.315087631448843e-08
111 3.967859454288114e-08
112 9.106479132558593e-09
113 2.5827376058890542e-08
114 -7.112904000843355e-08
115 7.217492918094038e-08
116 6.551476064323358e-08
117 5.578920971226481e-08
118 1.6182926900172555e-08
119 8.293311576349694e-08
120 5.738997482607031e-08
121 -4.1643580881274285e-08
122 3.2155548914249765e-08
123 8.221886272336703e-08
124 4.221088150034117e-08
125 -1.0570689723879526e-08
126 9.353812405113666e-08
127 1.2148781966491309e-08
128 5.539790941866161e-08
129 8.568819556437854e-08
130 -7.83003308258697e-08
131 6.087560191574748e-09
132 5.768807778416745e-09
133 -7.605900104667734e-09
134 1.0632459452736143e-07
135 4.2176564762920525e-08
136 7.999441260608722e-08
137 1.0326909924512248e-08
138 9.823540843202363e-09
139 -8.269624607707919e-09
140 -2.085774404037294e-08
141 -8.727521501773231e-08
142 1.3508266787129253e-08
143 -5.630129805019228e-08
144 1.6566521383590045e-08
145 2.9650171609162633e-08
146 1.7914986557483367e-08
147 3.386141770563155e-08
148 7.495547545669747e-08
149 8.85353003073867e-08
150 -6.2711521955502845e-09
151 -5.459850994402329e-08
152 -1.7472104231708436e-08
153 -3.5976289542475654e-08
154 3.961841263355702e-09
155 -5.119304096245905e-08
156 -3.260330251419258e-08
157 3.726568350610039e-08
158 7.169745745060349e-08
159 2.6841636368523256e-08
160 -6.754030216317372e-08
161 -4.231727855125963e-09
162 -1.9185256093271048e-08
163 9.020205890232382e-08
164 7.051510824425186e-08
165 -1.999546129172082e-08
166 -5.3247695821804534e-08
167 6.713763252384529e-08
168 1.0509346157522189e-07
169 2.673529048845638e-08
170 -3.908713646208058e-08
171 -5.794747814270584e-09
172 6.273028785243366e-08
173 -9.136145233732845e-08
174 6.047609754628927e-09
175 7.087603193532491e-08
176 6.67535446702941e-08
177 -1.6697298174491086e-08
178 -2.6195462533420546e-08
179 4.5200682607069877e-08
180 7.365653786636965e-08
181 3.9511558683090436e-08
182 -2.4645645749377265e-08
183 4.593615229295938e-08
184 1.0620399764066543e-07
185 1.3532778507281239e-08
186 1.888262256378036e-08
187 -5.0923329462629465e-08
188 5.586675673087918e-08
189 2.2574624618165728e-08
190 -2.6134404081185396e-08
191 2.0010489082493937e-07
192 7.165288777827546e-08
193 2.3379427659236314e-08
194 7.968456301630751e-08
195 -8.472785999123593e-08
196 4.363767102217665e-08
197 1.8978749785827118e-08
198 -4.08859848934798e-08
199 -3.2290747635712266e-08
200 1.0160872581714408e-08
201 7.194624368616529e-08
202 1.4413795129827225e-07
203 -5.7366992563528595e-08
204 -2.422169496442254e-09
205 7.473655787821836e-08
206 2.789969960641901e-08
207 3.3906546660100394e-08
208 3.5933700528223755e-08
209 1.519937785008951e-08
210 -4.270481814326081e-08
211 -4.040640854873177e-08
212 2.7556817472130068e-08
213 3.2438648003980734e-08
214 1.422426627512755e-07
215 1.8224792265128108e-08
216 -3.0385902205075934e-08
217 4.653645630020973e-09
218 2.8456422675440153e-10
219 8.349154596336179e-08
220 5.110173015603765e-08
221 5.188985221922612e-08
222 1.4574025917494822e-08
223 -2.7145574151835814e-08
224 4.335095195408225e-08
225 7.770436678887286e-08
226 1.0657666423719624e-07
227 -6.86248640460939e-08
228 -2.565320997798994e-08
229 8.37368262375817e-08
230 3.8279791004030744e-08
231 3.281732976683301e-08
232 -2.12211317113869e-08
233 1.2244883539555156e-08
234 1.3692995446588688e-07
235 7.357033067496928e-08
236 -1.927998867783121e-08
237 -1.1952072004845225e-08
238 1.905448927821691e-08
239 8.872941856756126e-08
240 -6.094879401882327e-08
241 9.952790376267304e-08
242 9.827722117357252e-08
243 -5.7670129393345376e-08
244 1.5377542955785057e-09
245 5.163203997915392e-10
246 3.067025941582589e-08
247 1.069655099468659e-07
248 1.3619722842853304e-08
249 6.437432180903411e-08
250 1.3567482210644585e-07
251 6.286468353135892e-08
252 6.094121738259898e-08
253 5.029624063461127e-08
254 1.171707967819209e-07
255 3.234988504682678e-08
256 2.9440125670685205e-08
257 1.194109355180693e-07
258 5.795696183942731e-08
259 3.007746533744566e-08
260 -3.095519166264213e-08
261 5.9015800294285014e-08
262 1.0662541944939213e-07
263 -1.7765188729262285e-08
264 -1.6933461886047228e-09
265 5.520538828999007e-08
266 1.7579893224369805e-08
267 6.289880840042048e-08
268 7.006607750460815e-08
269 -2.288386856512604e-08
270 -3.9510155386463806e-08
271 3.762786389251384e-08
272 -8.558032915251394e-08
273 3.8308853545191015e-08
274 -1.154272137853174e-07
275 -3.4443719710690905e-08
276 -1.1427408356621079e-08
277 9.666076114466709e-09
278 1.5418345624069577e-08
279 -3.5553457530734855e-08
280 6.958468723201968e-08
281 2.983562982826111e-08
282 -1.5570046603652196e-08
283 2.6639622486582806e-08
284 9.1951276689824e-08
285 2.5877226406891013e-08
286 -3.4805359249890355e-08
287 3.138794028736641e-08
288 1.0199760208884129e-07
289 1.376937847767248e-07
290 7.799666117083404e-09
291 4.448254367739022e-08
292 8.732268015496305e-08
293 4.42821959668713e-08
294 -2.1993718926246067e-08
295 5.187147697212663e-08
296 2.2322280923503674e-08
297 -2.8507929640667323e-08
298 1.0806875029969898e-07
299 8.091954685953071e-08
300 1.3535324491142291e-08
301 3.9941847123518754e-08
302 1.040291305178181e-07
303 -9.768995723109688e-09
304 -3.60981480191005e-08
305 6.014321301123388e-08
306 2.472363515864527e-08
307 2.2673023333296418e-08
308 1.5822499256200872e-07
309 6.647358571353158e-08
310 -8.127753395885956e-08
311 -3.2647707191797215e-08
312 4.5888843174980464e-08
313 9.741019298198173e-08
314 -2.0708606965707852e-08
315 3.002382125166743e-08
316 1.0569411429601464e-07
317 -1.5569956499417527e-08
318 3.434594938454388e-08
319 8.529069921975427e-09
320 -1.2812491641095422e-08
321 -9.416245694081256e-10
322 -1.916823789641537e-08
323 2.5546999427095885e-09
324 3.446048551000835e-09
325 1.1753135012442077e-07
326 -2.2379364086040897e-08
327 3.264122976124749e-09
328 5.44936856715539e-08
329 9.063906636613657e-09
330 7.172602103511195e-08
331 4.5507810980874984e-08
332 -1.990511616323957e-09
333 2.511374307662766e-08
334 6.865992903784915e-08
335 5.381737548304792e-09
336 5.4797203178663215e-09
337 -2.3011696037608862e-08
338 7.2235776323953905e-09
339 3.0323496900977576e-08
340 -5.2179688593426255e-08
341 1.0076595029708619e-07
342 6.815735581120563e-10
343 7.726065341931244e-08
344 2.7082622509996493e-08
345 2.4300353218118113e-08
346 -4.185539683852311e-08
347 2.1033099655434084e-08
348 3.963892848443474e-08
349 -3.814840304260511e-09
350 3.744069373300239e-09
351 7.61528105468655e-08
352 -2.419777150522675e-08
353 8.171200000076515e-08
354 -9.237686640321246e-08
355 9.245380784425526e-08
356 -8.839732161668898e-09
357 -5.788887165462266e-09
358 1.84494360221372e-08
359 -2.86587632220615e-09
360 6.097044884197111e-08
361 1.6751627858401877e-08
362 1.8089425077972166e-08
363 1.3239895951105408e-08
364 5.827841596484692e-08
365 -6.8726628649559935e-09
366 -3.9347314897819154e-11
367 1.087123849080228e-08
368 9.629403211178063e-08
369 5.8481986756239707e-08
370 -3.6104290948934515e-08
371 3.886923197020351e-08
372 -3.5649823654115355e-08
373 -9.377203819939969e-08
374 1.1399199872933644e-08
375 -4.1934752753304204e-08
376 4.585607311431422e-08
377 7.549655576100932e-08
378 -6.18254345283321e-08
379 -1.2572333444254304e-07
380 1.2633485089864704e-07
381 -2.9949126738551576e-09
382 -5.0400554740714456e-08
383 7.252966055443006e-08
384 -5.1316927866821816e-08
385 9.456830755076254e-10
386 -2.8697419160594512e-08
387 4.2579194700459967e-08
388 1.4760201227561653e-09
389 -1.391979307057224e-08
390 6.904753994377391e-08
391 1.3485657502271826e-08
392 2.4692359179558206e-08
393 5.693516586002228e-08
394 9.252621533147878e-08
395 -1.4328457550829315e-08
396 6.040178967055198e-08
397 -1.4297056117818503e-08
398 -7.817209729076033e-08
399 3.009120596746816e-08
400 -4.2947443927701235e-08
401 -1.615813962064848e-08
402 5.975242969835902e-08
403 3.6848325485720933e-08
404 1.5731464257749078e-08
405 1.6486541617783645e-08
406 1.4560326066952635e-08
407 1.8928920619037957e-08
408 -3.5121949598984876e-08
409 -1.0626228112346933e-08
410 -1.65688440537346e-08
411 9.183547463120023e-08
412 2.2451674596456243e-08
413 -2.4739851332473545e-08
414 -4.632751934318401e-08
415 3.6606515485878025e-10
416 3.272525725265648e-08
417 2.4485196159811996e-08
418 -3.1970344809496e-08
419 3.006062419856509e-08
420 -3.7238752418079224e-08
421 -2.726023186715967e-08
422 6.392990396839393e-08
423 -1.3103356054697195e-08
424 -1.1357502663566594e-08
425 -6.419787602528087e-09
426 -2.6555333749725632e-08
427 1.0577295877376161e-08
428 2.5465662601898906e-09
429 3.284692885828136e-09
430 1.508139308817164e-08
431 4.7807422720805366e-08
432 6.768183898897713e-08
433 5.6694146500557626e-08
434 -5.118677287877413e-08
435 1.1225343363881468e-08
436 6.320319483893469e-08
437 3.21064128515595e-08
438 7.014040438305991e-09
439 3.8749888353255895e-08
440 1.3248773334911752e-08
441 -3.8977510195158935e-08
442 2.988791613136094e-08
443 -1.1899473973734956e-08
444 -5.218756128781543e-09
445 -2.5597692968604525e-08
446 4.137733105211286e-08
447 1.0526682954795984e-07
448 1.8077662888977572e-08
449 -3.1749589762904756e-08
450 5.327168684074629e-08
451 3.4531353039891185e-08
452 2.2779765139803788e-08
453 1.9753390347225043e-08
454 -2.6110549540234077e-08
455 2.1898628469878902e-08
456 -6.001488759815048e-09
457 1.2435377830888474e-08
458 -1.108946428503405e-08
459 8.766742738135277e-09
460 4.6002541123932045e-08
461 1.6594492883836156e-08
462 4.2530820036914775e-08
463 2.52581754349465e-08
464 1.0978390987862918e-07
465 -7.093137059082562e-08
466 4.34648931021908e-08
467 9.078474630341079e-09
468 -2.7863984602621318e-08
469 -1.070110394653067e-08
470 5.523031625997817e-08
471 6.63945767863793e-08
472 6.001513143909186e-08
473 1.5924969743164614e-08
474 6.115685231103806e-08
475 6.023708672770326e-08
476 4.011803755192044e-08
477 2.129928808574269e-08
478 -5.274642757197865e-08
479 3.0783660776474345e-08
480 -1.315369385136576e-08
481 1.9797680796668574e-08
482 -2.5282284481974593e-09
483 4.5201880588929784e-08
484 1.692262094581285e-08
485 4.8612689072284776e-08
486 -5.472325405679173e-08
487 7.24032316963724e-08
488 3.87709961138683e-08
489 4.602493610303721e-08
490 -7.261365734954422e-08
491 -5.417728066179498e-10
492 6.305548539793799e-08
493 9.040028687080029e-08
494 -1.8116533073067344e-08
495 1.0401464926468961e-07
496 7.82582465016645e-08
497 5.2554236991312684e-09
498 6.748336214324903e-08
499 1.5210685126154285e-07
500 7.511312283505418e-08
501 -4.4148569997947754e-08
502 -4.340005725307832e-08
503 2.764991970566263e-08
504 2.0618183775258434e-08
505 6.882753604214056e-08
506 1.312737474723999e-07
507 -6.69976255276888e-08
508 1.1523727542786286e-07
509 1.50623986781936e-07
510 3.32863100379415e-08
511 7.925524148173627e-08
512 1.0520378058867668e-07
513 -4.753873727840523e-08
514 1.5084260893824362e-08
515 2.7237302672763467e-08
516 -1.1631706194238018e-07
517 -1.2563310905234336e-08
518 3.498969727653534e-08
519 2.7123756035993775e-08
520 7.048523346780991e-08
521 -8.001790803440705e-09
522 -4.740721610125115e-08
523 -4.3573155021237355e-08
524 5.434356650721921e-08
525 -1.5910055751736555e-08
526 7.627694961624613e-08
527 2.8801161991875624e-08
528 4.014758907670161e-08
529 2.597304711459076e-08
530 -6.335250442007905e-08
531 5.462992903981049e-08
532 1.0502281592866038e-08
533 1.098589691810529e-07
534 -4.057017446079379e-08
535 9.498248227461108e-08
536 1.2207996530146037e-07
537 1.6081461420341882e-08
538 -5.0785886651243524e-08
539 7.777688940327305e-08
540 -7.718227108575747e-08
541 -6.334334744739046e-08
542 1.1246735851434213e-08
543 -4.907904816819765e-09
544 -1.530882161716067e-08
545 5.54192089673147e-08
546 -2.4174722581424585e-08
547 3.773636759302325e-08
548 5.801934407876872e-08
549 7.189836605034881e-08
550 1.2532417886782837e-08
551 2.8566838866450696e-08
552 5.1691687910599905e-08
553 4.1273461794629527e-08
554 2.576327707498311e-09
555 9.449949264018032e-08
556 -6.058305326813573e-08
557 -4.6282148330563625e-08
558 -3.183651582389692e-08
559 -5.789124608739212e-08
560 6.378373556076138e-08
561 3.637570450927248e-08
562 5.596998376963554e-08
563 4.6849708890076494e-08
564 -3.0586072315494523e-09
565 7.76584207861868e-08
566 1.098555140887086e-08
567 -1.424626529358401e-09
568 2.087787844526756e-08
569 9.31066562851219e-08
570 1.3289389618467756e-08
571 7.547166983998365e-08
572 -5.705993267710566e-08
573 -2.18728311284074e-08
574 -3.4489622816095365e-08
575 4.0240228429312735e-08
576 -1.1157722992116974e-08
577 -1.4101156170522155e-08
578 -7.072184715147898e-08
579 5.148454986125686e-08
580 -1.4303974828453724e-09
581 -6.48947751815225e-09
582 3.331490025913892e-08
583 -6.363588850550676e-09
584 5.363963752553513e-08
585 4.991466677359381e-08
586 1.2104979330349776e-07
587 5.1276887494504475e-08
588 4.67331197529159e-08
589 6.928842349861206e-08
590 3.6727407463881944e-08
591 4.885054645802378e-08
592 -2.4726686215831687e-08
593 5.662879018361461e-08
594 -1.0323858603342697e-07
595 -4.2330754932311435e-08
596 1.2007438010757149e-07
597 -1.185058102315246e-08
598 2.0632438078499873e-07
599 -2.726272674216411e-08
600 7.14291210030759e-08
601 -5.8170226724396457e-08
602 2.7869856354084168e-08
603 -7.340518812975321e-08
604 8.956909568826598e-08
605 2.3447369821277713e-08
606 4.974007629563965e-08
607 8.787623781096177e-08
608 -1.4084797966764151e-08
609 9.211118830306274e-08
610 7.774997985790746e-08
611 1.3046019498750685e-08
612 1.0901706670893049e-07
613 1.1057412498541024e-07
614 1.7747108864192304e-08
615 5.5843946943420376e-08
616 -1.26306846671029e-08
617 -4.08224188806604e-08
618 3.4846233539247245e-08
619 6.761706085755876e-08
620 -4.4016912474689355e-08
621 4.251694617450663e-08
622 2.3309585716106097e-08
623 -2.4080305357700477e-09
624 -1.91674905144095e-08
625 -6.639161360342602e-09
626 1.8042711263917026e-08
627 6.644339225099034e-08
628 3.062643050220452e-08
629 1.0982989589644329e-07
630 4.9222749947933033e-08
631 5.083949021800803e-08
632 9.802145045909982e-08
633 9.835662588519939e-08
634 2.0078505829488713e-08
635 -1.3970764483938996e-08
636 3.885623637650232e-08
637 -2.2391794149478277e-08
638 6.987853073383588e-08
639 -3.7729534716482126e-08
640 1.5041523415121428e-08
641 7.049496373113178e-08
642 8.992643857789842e-09
643 -4.054644480223796e-08
644 5.6510294713586965e-08
645 -2.8195465115603773e-08
646 1.6572465872440472e-08
647 3.035112502423355e-08
648 6.429267493757734e-08
649 3.523626893254093e-08
650 5.420337131910649e-08
651 3.7062596432685773e-09
652 8.965869350762127e-08
653 5.1926356924402056e-09
654 1.8210838076444295e-08
655 8.044212586014094e-08
656 -3.102772469521528e-08
657 4.226604755862807e-08
658 1.857609406987302e-08
659 6.407280980822025e-08
660 -1.3107843726725771e-08
661 -3.9434222217987296e-08
662 2.263130099389865e-08
663 3.8662197333756596e-08
664 1.7459817389657933e-08
665 4.269363623113505e-08
666 1.1780479436037603e-07
667 -1.7362790628238815e-08
668 7.602849042342096e-08
669 3.68566529298607e-08
670 4.427424756650049e-08
671 -1.6915583005796998e-08
672 1.06763304289631e-07
673 9.593412514596889e-08
674 3.746644870852681e-08
675 -3.0636753649576685e-08
676 1.0175621433697852e-08
677 -7.89942439242697e-09
678 4.8396866916512734e-08
679 6.043609969956247e-08
680 8.771203561523245e-09
681 1.2998479704716088e-07
682 -1.940599940771449e-08
683 -3.0668658292594513e-08
684 -1.5168030667744584e-08
685 -3.953752417481723e-08
686 3.073835418948626e-08
687 5.317134372085459e-08
688 3.159839604684739e-08
689 3.927778543569974e-08
690 2.657465024273003e-08
691 -4.0360330370821085e-09
692 2.179668682937162e-08
693 2.399966740023e-08
694 -1.1176876158398222e-08
695 -7.145104553317082e-08
696 -7.875119756271636e-09
697 1.1247513308526354e-07
698 -4.216898021966192e-08
699 2.0317900688647912e-08
700 -4.525139045446951e-08
701 -3.4313739118009846e-08
702 6.673026849640025e-08
703 -8.20079559834106e-09
704 7.584963895208886e-08
705 3.431312253542701e-08
706 7.214848251862661e-08
707 2.7117767271785477e-08
708 7.384970401854581e-08
709 -1.2659378579848657e-08
710 -5.0789359903259e-08
711 -2.0973080287818703e-08
712 7.719284088046177e-08
713 6.674987283335946e-08
714 -4.836866686561419e-08
715 3.840266803441359e-08
716 -1.2840064200413035e-08
717 -3.3158294745804456e-08
718 -9.453627923848987e-09
719 -3.4750704535359276e-08
720 2.5783885364479092e-08
721 -1.6186053298915789e-09
722 7.369865820770559e-08
723 -2.8105687084396247e-09
724 -2.7141850601467886e-08
725 -1.7553330470934074e-08
726 -4.5106343231762303e-08
727 -6.196743067248002e-08
728 -8.298865701856724e-08
729 8.891399112620242e-08
730 -3.7454905149544864e-08
731 3.170442212187247e-08
732 -7.76358794850896e-09
733 6.373149028022652e-08
734 1.2660031142025442e-07
735 3.6187188937429784e-08
736 -9.86169599546109e-09
737 5.3207435174364675e-08
738 7.695034012146656e-08
739 3.3077935829641385e-08
740 -3.12080339087183e-08
741 4.793401533056891e-08
742 1.602287534892039e-08
743 7.496767221634475e-08
744 -1.6524651684102943e-09
745 5.228683333473903e-08
746 -1.825347531644117e-08
747 -2.1977106855630464e-08
748 -2.7156388078745175e-08
749 -6.201703683258005e-08
750 -3.956142076882189e-08
751 2.5092205260658507e-09
752 6.040534757290306e-08
753 5.714167631750278e-08
754 7.014351315866874e-09
755 7.915022967463117e-08
756 -1.4258061410105498e-08
757 7.172125167837745e-08
758 2.346709225244073e-08
759 1.8035593002842136e-08
760 5.023297293309281e-09
761 -1.1623882519002105e-08
762 7.348392426112116e-08
763 -2.686743724328212e-08
764 5.908188306942732e-08
765 -1.4100822745136622e-08
766 8.95019651409406e-09
767 4.3638716628738245e-09
768 1.1430415704926552e-07
769 1.0244492079684929e-07
770 -5.654658880915244e-09
771 2.481611974280949e-08
772 -2.422039158344122e-09
773 2.1171962644502033e-08
774 7.674823834820844e-08
775 3.787295133733916e-08
776 4.2527792796102804e-08
777 -7.081773507583144e-08
778 9.845601176857578e-08
779 -4.3761149036924226e-08
780 -1.8770221987255794e-08
781 3.311454495370312e-08
782 7.674826806166204e-08
783 5.3576850143372846e-09
784 5.61634150019568e-08
785 4.387333857315811e-08
786 3.9498974499248624e-08
787 1.7652994788644356e-08
788 4.72180857465255e-08
789 1.128510052312038e-07
790 1.615219141151848e-08
791 6.76386654998888e-08
792 1.0759670586962923e-07
793 -3.1957593729995497e-09
794 8.633306222290386e-08
795 -9.494821679332534e-09
796 4.334181784927093e-08
797 7.706242168502742e-08
798 1.4042220398227405e-07
799 1.5786364414551578e-07
800 -3.7208255529882064e-08
801 5.263469713271918e-08
802 1.6789653996754003e-08
803 -3.2546205127707946e-08
804 3.6443555084482145e-08
805 9.290985992561614e-09
806 -8.522578547061709e-08
807 3.648664391793458e-08
808 3.9961510923835436e-08
809 5.608480087802654e-08
810 3.1999090040396334e-08
811 8.829239185283983e-08
812 -4.3325437756638964e-08
813 5.3732781596966026e-08
814 3.365734078894293e-08
815 9.974044330955626e-09
816 8.088680166961503e-09
817 -1.3994588334212554e-08
818 -1.1887869194141774e-09
819 5.8730371384143755e-08
820 3.2202624759250006e-08
821 8.121716484119635e-09
822 -1.6060081423112765e-08
823 4.625882844269109e-09
824 2.7959998768858476e-10
825 -2.933861543156267e-08
826 8.362284261565402e-08
827 3.7972383252994207e-08
828 9.707812786749836e-08
829 2.002514872848488e-08
830 3.624544723908203e-08
831 4.476722646290799e-08
832 2.2254739641062367e-08
833 9.133194360164133e-08
834 1.0807676442387505e-07
835 -9.161409458508615e-08
836 8.767940372864033e-09
837 -3.983345571880491e-08
838 1.277080552163022e-09
839 3.7384749576323536e-08
840 -7.72182190530817e-09
841 9.3105270729238e-08
842 4.3145884305159704e-08
843 2.66082518531576e-08
844 5.720227460500008e-08
845 2.9733453119438413e-08
846 4.403109476513723e-08
847 6.30530942785338e-08
848 -9.026218718302352e-09
849 2.511990833623934e-08
850 6.954036178274608e-08
851 1.1278607877130953e-08
852 2.041312919867149e-08
853 1.3503648798858625e-07
854 -5.423437993985505e-08
855 2.5299729941597308e-08
856 1.9816067897920716e-08
857 7.643683906563617e-08
858 1.5109424358139562e-09
859 -3.148322523641792e-09
860 -3.147149492688827e-08
861 -1.3217711770277621e-08
862 4.917947998144586e-08
863 -9.522083762842814e-08
864 2.745108399993267e-09
865 1.1332171647223362e-07
866 3.3041931670235744e-08
867 5.961450072044632e-09
868 5.936740697897455e-08
869 6.908606772233611e-08
870 1.0688992902916857e-08
871 -9.89954723854671e-08
872 -4.448346500799876e-08
873 5.6956218212245195e-08
874 5.6824367109624726e-08
875 4.130736424278525e-08
876 -1.8632448277747803e-08
877 -6.324201422654068e-08
878 1.5813799034809044e-07
879 -2.0963782292707175e-08
880 -1.593215963423576e-08
881 -1.2352279805382082e-08
882 4.1595959852548105e-08
883 1.1652146356228215e-08
884 6.266712713313697e-08
885 2.6231041749406188e-08
886 6.847378373854718e-08
887 3.774115967185679e-08
888 4.9461712274883795e-08
889 2.485732562777953e-08
890 -4.2888988068520066e-08
891 8.329547470328135e-08
892 -3.178638854153087e-08
893 3.6245040442896876e-08
894 -8.827017302219969e-08
895 -1.6310944625475894e-08
896 8.272746722800823e-08
897 1.0287009421995449e-07
898 2.0501797850954894e-08
899 3.3062012820165174e-08
900 -3.798084114066121e-08
901 1.9625687704254668e-08
902 1.1895381227006068e-07
903 -1.7115681280874865e-08
904 8.157661109080787e-08
905 -4.5645064319135235e-09
906 2.4971766188153508e-08
907 -1.8673249918845368e-08
908 5.942181778343038e-08
909 9.077151475488266e-08
910 2.9420662181048426e-08
911 8.783084373927373e-08
912 -3.7246943911154626e-08
913 7.476508706914439e-08
914 1.0797345242813841e-08
915 -2.25725006960242e-08
916 3.339724114618814e-08
917 1.6504372971034986e-07
918 6.564371857833178e-08
919 -1.1121103657300102e-08
920 -2.8442575215804893e-08
921 4.0264841831747095e-08
922 5.602314579465767e-08
923 -4.159544996142092e-08
924 7.331661398918885e-08
925 1.4859376518522253e-08
926 -4.2273695721121073e-08
927 1.3992263656794827e-07
928 -7.79109642288861e-08
929 3.989458277105982e-08
930 3.128053766638486e-08
931 -1.666991609753931e-08
932 -7.487113253559522e-09
933 5.1173785644666115e-08
934 4.5731726337466894e-08
935 -2.9319610164863378e-08
936 -3.027762030365997e-08
937 2.6881746621133648e-08
938 2.2175181713336085e-08
939 -8.844221160539869e-09
940 1.4027281904455333e-07
941 3.5951188656736284e-08
942 4.1775810090687254e-08
943 9.728100752953742e-09
944 3.046676847984667e-08
945 4.247162429229894e-08
946 1.463578698453108e-08
947 -6.864934436913672e-08
948 5.717625645195822e-08
949 2.3097569010807582e-08
950 6.057514346435805e-08
951 8.72699785134158e-08
952 -2.030368319733002e-08
953 2.195696074992322e-08
954 -7.901261515506473e-08
955 2.5004909395887624e-08
956 8.112794608115453e-08
957 -2.0316796769793704e-08
958 8.732705896033481e-08
959 2.8017358064885993e-08
960 5.2052256786823566e-08
961 3.63953723974447e-08
962 5.722628017839749e-08
963 -6.035803492104576e-09
964 -3.0809067957098684e-09
965 6.629594021864837e-08
966 -2.412346174846237e-08
967 2.950166938486338e-08
968 1.2791749440064567e-07
969 -4.4489092742621524e-08
970 2.790955175077157e-08
971 1.8271627008047637e-08
972 -3.479595398875846e-08
973 -4.7600760349638154e-08
974 -3.5912484998828894e-08
975 -1.6006125079381967e-08
976 6.322397177752516e-08
977 -3.2977364369278207e-09
978 -4.257380330108828e-08
979 -1.4873762407842379e-08
980 6.16614064448729e-08
981 9.456321201477157e-08
982 6.711156973190477e-08
983 -7.383684948688633e-09
984 -3.2317524623723265e-08
985 -2.359322697201812e-08
986 -2.0753064537958878e-08
987 -1.2946267527075203e-07
988 2.9803407683347345e-09
989 6.474850117594377e-08
990 -7.168728470272132e-08
991 -8.152725482503735e-08
992 1.5434776669746622e-07
993 3.658931397418839e-08
994 2.980575158697094e-08
995 2.204298713169846e-08
996 -5.691586698439423e-08
997 -1.3090670962705692e-08
998 4.272948598844766e-08
999 3.8168325737631676e-08
