0 1.3153303707099295e-07
1 1.0566668859740552e-07
2 1.3649557150147592e-07
3 1.2502446102336622e-07
4 1.038018716733861e-07
5 1.5430275210445867e-07
6 1.5823217055760652e-07
7 1.4547937495501669e-07
8 1.3411606867271567e-07
9 1.3438587832184322e-07
10 1.5639992917462707e-07
11 1.4841455236812747e-07
12 1.5963465425832043e-07
13 1.5023655009606516e-07
14 1.208709471743677e-07
15 1.4382495386881506e-07
16 1.0469810677540038e-07
17 1.2269086375718184e-07
18 1.551683999183443e-07
19 1.2189889374846794e-07
20 1.2223122894589626e-07
21 8.734151016607944e-08
22 1.3048746874770221e-07
23 1.267572718301188e-07
24 1.5092199764164836e-07
25 1.0926212904333012e-07
26 9.483935142654909e-08
27 1.2463201494793802e-07
28 1.5105907800224193e-07
29 1.3102702621843176e-07
30 1.3662986993406556e-07
31 1.5506305534631353e-07
32 1.4334304285531818e-07
33 9.178726934010053e-08
34 1.0986013253051329e-07
35 1.2668908259288575e-07
36 1.237444141349916e-07
37 1.3228453199780395e-07
38 1.1462101573865657e-07
39 1.3996103511748637e-07
40 1.5949944318622063e-07
41 1.3716588431130772e-07
42 1.1702908648623667e-07
43 1.5669449551850657e-07
44 1.010142186018158e-07
45 1.350803968097132e-07
46 1.2168372160482159e-07
47 1.0564280004505889e-07
48 1.3653856939376346e-07
49 1.3634353193926574e-07
50 1.3178080787357933e-07
51 1.6716030933241578e-07
52 1.1457839880764672e-07
53 1.3960035648934414e-07
54 1.3469681274412785e-07
55 1.6643533059390448e-07
56 1.519008751440491e-07
57 1.3721540322148112e-07
58 1.3206379964515495e-07
59 1.1248950153065068e-07
60 1.5889594030639817e-07
61 1.2809695120260662e-07
62 1.5172093534833588e-07
63 1.5801932867916243e-07
64 1.032015811386202e-07
65 1.3621508458564493e-07
66 1.4790789255210498e-07
67 1.46669572054189e-07
68 1.196336832968705e-07
69 1.7729012399021004e-07
70 1.57337058050866e-07
71 1.3940110479977023e-07
72 1.579813263101217e-07
73 1.3798066912852366e-07
74 1.502603285667015e-07
75 1.3398440665983544e-07
76 1.7128872509905023e-07
77 1.1385688730130954e-07
78 1.1546225758225027e-07
79 1.3181482595140352e-07
80 1.0744944498275009e-07
81 1.4892128289745156e-07
82 1.0138974315835918e-07
83 1.24224818814632e-07
84 1.4161250519667855e-07
85 1.428959533897084e-07
86 1.2893947813650232e-07
87 1.56199533027912e-07
88 1.2398745402921034e-07
89 1.0618125739180431e-07
90 1.331260388490898e-07
91 1.6162422093830347e-07
92 1.12153973521086e-07
93 1.3376001573489995e-07
94 1.595486086503816e-07
95 1.270741942093469e-07
96 1.451853656547555e-07
97 8.861217027711165e-08
98 1.3073052991341645e-07
99 1.615049193809357e-07
100 1.2904340935672364e-07
101 1.5011297122079996e-07
102 1.195279692131423e-07
103 1.5148338966351764e-07
104 1.3833311606752734e-07
105 1.3859062071924985e-07
106 1.3445465210153236e-07
107 1.001705149543914e-07
108 1.3830528566596165e-07
109 1.3111959631525133e-07
110 1.2444243727203868e-07
111 1.26393899282084e-07
112 1.2946259950110308e-07
113 1.201409167060002e-07
114 1.010584506667481e-07
115 1.2767816723797476e-07
116 1.4551941053978098e-07
117 1.74970340638663e-07
118 1.4855350364285596e-07
119 1.710018085861792e-07
120 1.522889279049391e-07
121 1.382576950479504e-07
122 1.3668873040202382e-07
123 1.5701344516427596e-07
124 1.6205807742006767e-07
125 1.246898995956163e-07
126 1.3134231256651613e-07
127 1.2366303905594745e-07
128 1.4241606669550288e-07
129 1.4530966938400007e-07
130 1.0402216514252561e-07
131 1.4415893788886973e-07
132 1.1268172607952616e-07
133 1.2496934542459183e-07
134 1.60234540236962e-07
135 1.3404334830813568e-07
136 1.5714366832616137e-07
137 1.0330898140750404e-07
138 1.3326309338932158e-07
139 1.6092778895436033e-07
140 1.1874651751806557e-07
141 1.2627863012484254e-07
142 1.157998526600459e-07
143 1.2775724128096075e-07
144 1.387327224644261e-07
145 1.5890984193179632e-07
146 1.5409306155644065e-07
147 1.3066219255720304e-07
148 1.7357734707510811e-07
149 1.1770727338032343e-07
150 1.390250293555087e-07
151 9.721469474286039e-08
152 1.1299818286231587e-07
153 1.0952142447605289e-07
154 1.4101370054383842e-07
155 1.115854242767818e-07
156 1.0208361587460184e-07
157 1.4020158417087257e-07
158 1.6126749936536755e-07
159 1.4471229478831055e-07
160 1.2009700470704025e-07
161 1.2543983469449377e-07
162 1.2986887363117838e-07
163 1.5083631398302195e-07
164 1.3993531819831535e-07
165 1.444771905067448e-07
166 1.1487211897575125e-07
167 1.5914931150833953e-07
168 1.4969680649846307e-07
169 1.326587864306908e-07
170 1.2164562390956395e-07
171 1.1544779721494618e-07
172 1.3435157109377358e-07
173 9.312215639410168e-08
174 1.402495570728497e-07
175 1.2333244902725318e-07
176 1.360691955024261e-07
177 1.0449097029045062e-07
178 1.348484111864511e-07
179 1.4104604143047167e-07
180 1.5334602219878458e-07
181 1.4030578877488192e-07
182 1.447925260672399e-07
183 1.4251136340234916e-07
184 1.693089009891094e-07
185 1.442146719612675e-07
186 1.204056542012853e-07
187 1.1330183962350115e-07
188 1.3676173561600356e-07
189 1.2367422924125072e-07
190 1.0261583242171146e-07
191 1.6574025508927656e-07
192 1.464000332979844e-07
193 1.130642219501419e-07
194 1.658540629415211e-07
195 9.94882892201565e-08
196 1.329797206530763e-07
197 1.3466191512580872e-07
198 1.1816406413245145e-07
199 1.0753734321037784e-07
200 1.3521218756678942e-07
201 1.4212060100536862e-07
202 1.6305199987998893e-07
203 1.1208803115429132e-07
204 1.0499257186639944e-07
205 1.2616210908846337e-07
206 1.4606373803859858e-07
207 1.4947101510521632e-07
208 1.3526849180038554e-07
209 1.3547396035860416e-07
210 1.0600290467367825e-07
211 1.1996663105530923e-07
212 1.2693913874510433e-07
213 1.2509297889629153e-07
214 1.4922229512348906e-07
215 1.37038228666464e-07
216 1.1594429844929116e-07
217 1.468681071989529e-07
218 1.4772939437364107e-07
219 1.5583228804273078e-07
220 1.307835771544318e-07
221 1.3537773540865862e-07
222 1.4062883959358622e-07
223 1.2017395357698663e-07
224 1.2496494494313947e-07
225 1.3925981629255103e-07
226 1.85232770516901e-07
227 1.2777025328796206e-07
228 1.3268830448691445e-07
229 1.6102700538818503e-07
230 1.5287128223795737e-07
231 1.3729554791795725e-07
232 1.2837739047769505e-07
233 1.147756541008676e-07
234 1.4912395153809675e-07
235 8.696113049297584e-08
236 1.5012831433500418e-07
237 1.1088277620343792e-07
238 1.0908739597750689e-07
239 1.205566051123911e-07
240 9.808312830925258e-08
241 1.800371981318616e-07
242 1.4481990209924742e-07
243 1.0802984051358208e-07
244 7.42428544086214e-08
245 1.1715297242004628e-07
246 1.327383309681467e-07
247 1.664961155118229e-07
248 1.4191342039328798e-07
249 1.4092731066133803e-07
250 1.7138363771699746e-07
251 1.387886373549573e-07
252 1.3654750884242763e-07
253 1.4067156837083722e-07
254 1.600631440098844e-07
255 1.436020156315376e-07
256 1.4939273420047955e-07
257 1.3833214236567252e-07
258 1.605561432342482e-07
259 1.6538834888928416e-07
260 1.0370797394835114e-07
261 1.5947787757223433e-07
262 1.6382029502600524e-07
263 1.4170187719418957e-07
264 9.280488356492826e-08
265 1.198170821113194e-07
266 1.2404318986249076e-07
267 1.164167269841349e-07
268 1.3405609274371135e-07
269 1.109759250194502e-07
270 1.1288974005893196e-07
271 1.5244874228584443e-07
272 1.2503684527387233e-07
273 1.5649085126668902e-07
274 8.31356718986851e-08
275 1.283901726157798e-07
276 1.246717514295647e-07
277 1.067515531719069e-07
278 1.2378300369276909e-07
279 1.066142012702118e-07
280 1.7086785220729356e-07
281 1.5766349983624814e-07
282 1.3143082412250797e-07
283 1.458333291040479e-07
284 1.2216250491365853e-07
285 1.2492480629453871e-07
286 1.1155283486923706e-07
287 1.2791489399608343e-07
288 1.7220313911893364e-07
289 1.6235459542299014e-07
290 1.272365161709661e-07
291 1.1488375299696983e-07
292 1.4642698663688502e-07
293 1.302399308620803e-07
294 1.0762561584281938e-07
295 1.4700716145482426e-07
296 1.55627724940342e-07
297 9.516728397395074e-08
298 1.36459073590381e-07
299 1.3868298343136716e-07
300 1.4936125228554118e-07
301 1.4903752408405162e-07
302 1.4731803430766954e-07
303 1.4471441124643666e-07
304 1.3254798900247862e-07
305 1.422839326127621e-07
306 1.0541217507308476e-07
307 1.404306185321723e-07
308 1.649752501349435e-07
309 1.637848333395646e-07
310 1.4106884042528043e-07
311 1.385759147097472e-07
312 1.3361933753554717e-07
313 1.3946198982875866e-07
314 9.879078399020941e-08
315 1.2863555167642193e-07
316 1.423485396569655e-07
317 1.0729555430880097e-07
318 1.4389271416245536e-07
319 1.3973177008359607e-07
320 1.2518760282142855e-07
321 1.3343465617822963e-07
322 1.330307432619632e-07
323 1.1920206502706257e-07
324 1.008027926314167e-07
325 1.5312271961282558e-07
326 1.0579266262999788e-07
327 1.2475496296332742e-07
328 1.5079552455516238e-07
329 1.0270772701145286e-07
330 1.5340365405936788e-07
331 1.1020400987072935e-07
332 1.3501681805603088e-07
333 1.2637588052070382e-07
334 1.3244024467841981e-07
335 1.2505363830386207e-07
336 1.0566249770840489e-07
337 1.1874389439293494e-07
338 1.2968055453942505e-07
339 1.2141058196001755e-07
340 7.787385458769737e-08
341 1.5103041916730373e-07
342 1.4325987053114205e-07
343 1.7817779261297695e-07
344 1.4166320991168658e-07
345 1.3960171904508862e-07
346 1.2360195917712725e-07
347 1.2231890439910763e-07
348 1.348125044108601e-07
349 1.2796376622710946e-07
350 1.047976130624482e-07
351 1.5698585542409992e-07
352 1.2464922314592896e-07
353 1.5865366602899951e-07
354 1.1608485446367625e-07
355 1.4082676684464335e-07
356 1.429969519946489e-07
357 1.0338928003901623e-07
358 1.3794313053462915e-07
359 1.1821799494350366e-07
360 1.1296512680269993e-07
361 1.294753958916662e-07
362 1.399043422240814e-07
363 1.1280611914306195e-07
364 1.4029615685563786e-07
365 1.257610480351592e-07
366 1.3210598818518167e-07
367 1.0974685293170242e-07
368 1.6489200576809086e-07
369 1.2377592868660778e-07
370 1.180757814930816e-07
371 1.1425357942381617e-07
372 1.2780392967652927e-07
373 1.0348373756133992e-07
374 1.334770453982084e-07
375 1.1368442872351719e-07
376 1.3920644140832607e-07
377 1.637199366675095e-07
378 1.2218293747769901e-07
379 8.99674041067344e-08
380 1.623416833291061e-07
381 1.1522122871549632e-07
382 1.0597821495471269e-07
383 1.324264787781565e-07
384 1.1723855693396856e-07
385 1.2175557009596483e-07
386 1.3780076824460878e-07
387 1.4039968965537006e-07
388 1.2852232872643172e-07
389 1.1925589101915017e-07
390 1.3792335924096858e-07
391 1.4351308842273236e-07
392 1.4827142599372608e-07
393 1.3316333153672396e-07
394 1.529078996899073e-07
395 1.1684113133772827e-07
396 1.6125106871171036e-07
397 1.126309680814586e-07
398 9.739054593118106e-08
399 1.567889692954951e-07
400 1.2144624454983063e-07
401 1.0788779675536489e-07
402 1.3768238467131685e-07
403 1.3547482104455105e-07
404 1.0936565806414942e-07
405 1.1328446203677967e-07
406 1.3951046534653277e-07
407 1.321470287979402e-07
408 1.2846491510204012e-07
409 1.3299420061951346e-07
410 1.2407231891866387e-07
411 1.361752902670493e-07
412 1.626634208177186e-07
413 1.2705794984459754e-07
414 1.1810997302682855e-07
415 1.4975145504997061e-07
416 1.1843647253067646e-07
417 1.2427671593822845e-07
418 1.3215770201653053e-07
419 1.4021020424095825e-07
420 9.396661975372607e-08
421 9.867753555458626e-08
422 1.4007241362917674e-07
423 1.1264383685225648e-07
424 1.20921450746173e-07
425 1.2701823898844626e-07
426 9.288037704976352e-08
427 1.1340444407211593e-07
428 1.3328033056281572e-07
429 1.358309555835627e-07
430 1.4194216112491834e-07
431 1.5061730634825778e-07
432 1.3343821092554742e-07
433 1.2901035385711073e-07
434 1.1020774760932218e-07
435 1.2996895637653583e-07
436 1.6481432897663463e-07
437 1.4723440936525565e-07
438 1.2960773324961861e-07
439 1.2663108922391474e-07
440 1.3515383533830126e-07
441 1.0131592262503482e-07
442 1.2082174453114593e-07
443 1.4422972212117573e-07
444 1.1228239503216507e-07
445 1.2005703906480684e-07
446 1.3269773691037112e-07
447 1.5102279192518685e-07
448 1.2387157940817779e-07
449 1.0735294397820627e-07
450 1.5403533442666885e-07
451 1.3954218385915758e-07
452 1.3742321886796916e-07
453 1.6659129336655723e-07
454 1.310650170488693e-07
455 1.0128766132768686e-07
456 1.299924545365322e-07
457 1.3830824617664665e-07
458 9.226773690131604e-08
459 1.599421429978061e-07
460 1.8845132974511964e-07
461 1.4883791149907554e-07
462 1.694733109068815e-07
463 1.2447007125062095e-07
464 1.2999799825485023e-07
465 1.1792588190197149e-07
466 1.3121272445015527e-07
467 1.283874288138419e-07
468 1.1051133785200454e-07
469 1.2080779657647774e-07
470 1.7515013330330946e-07
471 1.3124007136137887e-07
472 1.0863398360249007e-07
473 1.412282399564031e-07
474 1.5096007822425262e-07
475 1.3413992283879202e-07
476 1.5082614164731998e-07
477 1.2222296875255117e-07
478 1.2940130269075973e-07
479 1.4185775036695052e-07
480 1.0819929416581678e-07
481 1.2997891934116573e-07
482 1.1419955041619362e-07
483 1.2856653229520854e-07
484 1.2260569785474838e-07
485 1.4496511021152e-07
486 9.005414328200339e-08
487 1.4995260459198755e-07
488 1.4135420234992392e-07
489 1.1359828367977254e-07
490 1.1092959269751256e-07
491 1.202512386877191e-07
492 1.8075151011854848e-07
493 1.362300377425396e-07
494 1.3731232899480754e-07
495 1.4579105531325068e-07
496 1.629593599342162e-07
497 1.1540613804807398e-07
498 1.3325977834250858e-07
499 1.6778887811711816e-07
500 1.4660352385983188e-07
501 1.0976032474583322e-07
502 9.184176405743865e-08
503 1.1702860106884832e-07
504 1.4104346026689437e-07
505 1.005214933895333e-07
506 1.5657449669826292e-07
507 8.626455452397623e-08
508 1.4077609713270618e-07
509 1.5489843798112108e-07
510 1.195464027753965e-07
511 1.3295985982735427e-07
512 1.5604668062832983e-07
513 1.1984609665743858e-07
514 1.4248227111890497e-07
515 1.5433318639352835e-07
516 1.2450624525926173e-07
517 1.4362941131153038e-07
518 1.5215574091472317e-07
519 1.1095628823039928e-07
520 1.1238289962963891e-07
521 1.1634481579779156e-07
522 1.0338596780625503e-07
523 1.1678612270457047e-07
524 1.450043811887294e-07
525 1.2661030808884671e-07
526 1.2640872936456825e-07
527 1.2102889749595776e-07
528 1.2464239366407087e-07
529 1.2094697690627964e-07
530 8.808270945220315e-08
531 1.506354909155145e-07
532 1.309964848836278e-07
533 1.6820056996451026e-07
534 1.1549825521573407e-07
535 1.6159096174372537e-07
536 1.5164596501566274e-07
537 1.2637268194358705e-07
538 9.238020369645437e-08
539 1.5361447084561771e-07
540 8.385828282616495e-08
541 8.513765598011564e-08
542 1.2571951501124635e-07
543 1.2892026637370191e-07
544 1.374144448642123e-07
545 1.4347790506081046e-07
546 1.1868038364487829e-07
547 1.4609123961604908e-07
548 1.0832672069766714e-07
549 1.3471495330089436e-07
550 1.3223169928171697e-07
551 1.471206613766059e-07
552 1.4304043183677892e-07
553 1.6087137500968576e-07
554 1.360946961611018e-07
555 1.65595631998903e-07
556 8.839973434434256e-08
557 1.1941868806312328e-07
558 9.734666696253899e-08
559 8.860705753102047e-08
560 1.1201159559345007e-07
561 1.3359778755805524e-07
562 1.3236202092219507e-07
563 1.450416639777979e-07
564 1.2346706277804899e-07
565 1.472318852998967e-07
566 1.0753538318921312e-07
567 1.1702318513163221e-07
568 1.348397927956063e-07
569 1.4010983861760314e-07
570 1.124630310849311e-07
571 1.2457787110280434e-07
572 1.1033420596331557e-07
573 1.219046266567557e-07
574 1.3871665948288627e-07
575 1.3869309376432026e-07
576 1.223942191709241e-07
577 1.1160245619656721e-07
578 9.713078477960083e-08
579 1.3369812676588546e-07
580 1.513902172006205e-07
581 1.325238344651872e-07
582 1.4396132261876835e-07
583 1.3029817068970531e-07
584 1.1999233396666846e-07
585 1.3181524606183628e-07
586 1.5350148680063212e-07
587 1.3929186191149922e-07
588 1.5020923351696712e-07
589 1.4544834734154564e-07
590 1.1320987920598861e-07
591 1.4901870614875258e-07
592 1.0550863720945966e-07
593 1.34793504769405e-07
594 7.999564948689224e-08
595 1.2495737194943232e-07
596 1.4989905507412623e-07
597 1.297170515602946e-07
598 1.644890742752347e-07
599 1.1771583845821817e-07
600 1.431593874317071e-07
601 1.4048445252141392e-07
602 1.2635710518106937e-07
603 1.083419052368457e-07
604 1.6429853789531403e-07
605 1.3250961827155347e-07
606 1.4433375725510345e-07
607 1.5897916982887612e-07
608 1.3170344148814073e-07
609 1.3250269644050416e-07
610 1.523267305408411e-07
611 1.2849937837721563e-07
612 1.4937762779600027e-07
613 1.6095229289429156e-07
614 1.3889144419849197e-07
615 1.3056934965541861e-07
616 1.4517331245470266e-07
617 1.202473505405477e-07
618 1.2558908248111573e-07
619 1.1546407446878427e-07
620 1.2189654749751986e-07
621 1.0184988374172343e-07
622 1.138827725839955e-07
623 1.3920387043115527e-07
624 1.0611609848521511e-07
625 1.3586783669796984e-07
626 1.2650327506356328e-07
627 1.775193682765373e-07
628 1.2450501177289144e-07
629 1.3124552864517562e-07
630 1.5928266195656463e-07
631 1.637284720779513e-07
632 1.508776605984482e-07
633 1.6292734015094318e-07
634 1.223724298142211e-07
635 1.3917927452129787e-07
636 1.51730153901583e-07
637 1.660313433887871e-07
638 1.517336267810679e-07
639 9.094009432760283e-08
640 1.1639526157834977e-07
641 1.6940621472564334e-07
642 1.2424832089747255e-07
643 1.0819318680095602e-07
644 1.4391736087450536e-07
645 1.0951471396174992e-07
646 1.4561712568446814e-07
647 1.3563505847657044e-07
648 1.448604149077754e-07
649 1.196688450209529e-07
650 1.5117184814378705e-07
651 1.3555645309377153e-07
652 1.6370833697331357e-07
653 1.5047879364996641e-07
654 1.3688989192509726e-07
655 1.593602467783739e-07
656 1.3632682068589635e-07
657 1.4712186265729615e-07
658 1.5150538364603676e-07
659 1.392328291263047e-07
660 1.0876384989810841e-07
661 1.260526836363961e-07
662 1.3188260167683353e-07
663 1.2959094847977308e-07
664 1.3509190996340727e-07
665 1.3608602219668612e-07
666 1.482682318308747e-07
667 1.249574378472066e-07
668 1.392215486900855e-07
669 1.3738100949005312e-07
670 1.6150627551759177e-07
671 1.222638758737041e-07
672 1.7750093166156294e-07
673 1.7065772081815723e-07
674 1.3100540325057978e-07
675 1.102534943354133e-07
676 1.4707577042370123e-07
677 1.400740073339933e-07
678 1.2766383266699575e-07
679 1.370528905059063e-07
680 1.2229146166307136e-07
681 1.2447066682838958e-07
682 9.066364562861589e-08
683 1.006926185729378e-07
684 1.26577589799153e-07
685 1.0889798597409392e-07
686 1.4270005186722388e-07
687 1.1497377589474131e-07
688 1.8563169790008237e-07
689 1.3088766827930884e-07
690 1.2667823515681036e-07
691 1.301301199684349e-07
692 1.0685518200708563e-07
693 1.4018047366472096e-07
694 1.4595974819057366e-07
695 1.2540914368622387e-07
696 1.1007074783438102e-07
697 1.5377648421931194e-07
698 1.0690052890173977e-07
699 1.1367118817005811e-07
700 1.1403598657286084e-07
701 1.0682213222076751e-07
702 1.3336389306696074e-07
703 1.3068603988304169e-07
704 1.4259240711375997e-07
705 1.4254501275677926e-07
706 1.3136805060445524e-07
707 1.3048864568001217e-07
708 1.4397785491666924e-07
709 1.267081870227727e-07
710 1.398353430581105e-07
711 1.1690404999606146e-07
712 1.347706596539879e-07
713 1.3354314282680377e-07
714 1.4377798290718856e-07
715 1.2439614289850283e-07
716 1.1762278275131927e-07
717 1.3464444117782028e-07
718 1.0412878747581648e-07
719 1.3233048763142308e-07
720 1.4515007087082146e-07
721 1.2253967385466343e-07
722 1.2779388407713118e-07
723 1.582412788394371e-07
724 1.1741796934810747e-07
725 1.1865333971812688e-07
726 1.2948119439011382e-07
727 1.2734882523635243e-07
728 8.787576216282867e-08
729 1.4934866121413028e-07
730 1.1592462826713855e-07
731 1.1929459185866285e-07
732 1.219829119104792e-07
733 1.5736134857841336e-07
734 1.6086755766480915e-07
735 1.369715842579867e-07
736 1.3037495596230531e-07
737 1.570849162613179e-07
738 1.7760449215377557e-07
739 1.1941349952896675e-07
740 1.3308876442386034e-07
741 1.3241630900505935e-07
742 1.2463635011895093e-07
743 1.5182669697536914e-07
744 1.4247857542912225e-07
745 1.2934981738065285e-07
746 1.3760030903609416e-07
747 1.119355428450854e-07
748 1.1228608512907256e-07
749 1.0538121145671222e-07
750 1.284983202443792e-07
751 1.2604555973088898e-07
752 1.626364172317892e-07
753 1.3242824693673553e-07
754 1.3766257233434282e-07
755 1.5013469711440244e-07
756 1.1486537256399652e-07
757 1.362151063793664e-07
758 1.5558417905977108e-07
759 1.3815525746169377e-07
760 1.3664627613807856e-07
761 9.314170092500573e-08
762 1.5559307435821467e-07
763 1.3787980118517462e-07
764 1.1075763064451301e-07
765 1.168249603746263e-07
766 1.302279452690448e-07
767 1.3408676981856108e-07
768 1.5158585143327557e-07
769 1.415990811949542e-07
770 1.103580319061875e-07
771 1.0883349453155184e-07
772 1.1710124171179414e-07
773 1.4488706660643982e-07
774 1.4244157778962852e-07
775 1.3394330243454392e-07
776 1.3344742801023587e-07
777 1.0777986858733476e-07
778 1.1856903422035528e-07
779 1.2748053815303944e-07
780 1.2478122262531227e-07
781 1.2769718499889922e-07
782 1.685201962919482e-07
783 1.4389342009501507e-07
784 1.3842500584000532e-07
785 1.2731995775477571e-07
786 1.1923102250809726e-07
787 1.5653728252261913e-07
788 1.342990168227879e-07
789 1.807821823318641e-07
790 1.4209775284663358e-07
791 1.870163355369443e-07
792 1.351486794814992e-07
793 1.4049984802204758e-07
794 1.2293410648190936e-07
795 1.2363337583496415e-07
796 1.436926959012558e-07
797 1.490028451168604e-07
798 1.7354899728705235e-07
799 1.6634430494486447e-07
800 1.0877927643586063e-07
801 1.4640737156517815e-07
802 1.185471917331243e-07
803 1.2386128913573358e-07
804 1.3321430575503822e-07
805 1.5558836471162647e-07
806 1.0777213316380337e-07
807 1.3659229445235682e-07
808 1.367464074850616e-07
809 1.5289787847299241e-07
810 1.4599959911321901e-07
811 1.5484359694789712e-07
812 1.0919654693160865e-07
813 1.3757451700305076e-07
814 1.273200354945647e-07
815 1.2077128816129712e-07
816 1.2314079171881645e-07
817 1.7499127994473906e-07
818 1.530930793625065e-07
819 1.4326019284365681e-07
820 1.383985581052978e-07
821 1.0548929216394345e-07
822 1.2457875522254266e-07
823 1.2268971736395807e-07
824 1.246037858304645e-07
825 1.1649258400054367e-07
826 1.5204271941784765e-07
827 1.5806630043814175e-07
828 1.3971159497546044e-07
829 1.454056540211953e-07
830 1.3867615552866987e-07
831 1.6322336621712574e-07
832 1.3320308252739727e-07
833 1.7003466875378864e-07
834 1.3470729981898524e-07
835 1.2757221322731908e-07
836 1.1266263038242691e-07
837 8.278812490421733e-08
838 1.3625841931511236e-07
839 1.1530000755576953e-07
840 1.2610169805302764e-07
841 1.490083311327686e-07
842 1.3784618778043733e-07
843 1.5655582922572423e-07
844 1.2263717939546468e-07
845 1.2618982433019265e-07
846 1.2750604271008415e-07
847 1.2674812899696472e-07
848 8.585597188868538e-08
849 1.385340802008941e-07
850 1.41079797699343e-07
851 1.364860322214214e-07
852 1.1863628344822085e-07
853 1.5097051206653694e-07
854 1.194299868513723e-07
855 1.1835096206699923e-07
856 1.342968006921019e-07
857 1.3925380706742623e-07
858 1.2121760509040498e-07
859 1.1884967723199546e-07
860 1.372049693817261e-07
861 1.341626660872918e-07
862 1.329407726876586e-07
863 7.391868705225672e-08
864 1.1078177593417864e-07
865 1.6078190521544578e-07
866 1.7273135744491786e-07
867 1.4959871056569325e-07
868 1.425553137053302e-07
869 1.4306493719758923e-07
870 1.35237317466316e-07
871 1.0692652754263865e-07
872 9.427953608373599e-08
873 1.4372675229085425e-07
874 1.5355293624565576e-07
875 1.3518012293547578e-07
876 1.193287480221555e-07
877 7.733010005761162e-08
878 1.56400571278539e-07
879 1.3599679398273854e-07
880 1.1138451787350292e-07
881 1.5354980122540424e-07
882 1.4820058730832338e-07
883 1.5525191604111528e-07
884 1.2786448978784587e-07
885 1.3850144893556522e-07
886 1.4538838942793892e-07
887 1.4046142192973967e-07
888 1.4642312395645233e-07
889 1.3878754664561042e-07
890 1.3627528522822746e-07
891 1.6687200097114732e-07
892 1.0152220199583243e-07
893 1.3491383307935107e-07
894 7.908519441258228e-08
895 1.328731859156091e-07
896 1.5856973461295948e-07
897 1.388143360000701e-07
898 1.47456959618806e-07
899 1.4075349814311794e-07
900 1.0572389533349711e-07
901 1.5604020557752953e-07
902 1.4323680591406473e-07
903 1.1129024896893806e-07
904 1.5271936534016224e-07
905 1.226716302519439e-07
906 1.3945694668524096e-07
907 1.0361246938994147e-07
908 1.2255921832217108e-07
909 1.4842229903016256e-07
910 1.438106429815522e-07
911 1.6551339580293145e-07
912 1.3704509865548302e-07
913 1.3327924421266668e-07
914 1.36698374748637e-07
915 1.1651574108371933e-07
916 1.4341272582818916e-07
917 1.8543076970096436e-07
918 1.476815695765814e-07
919 1.2536550267260142e-07
920 1.2200229472588168e-07
921 1.312971182131311e-07
922 1.5946811284093327e-07
923 1.1306506905402583e-07
924 1.1605524041336096e-07
925 1.3254050209351896e-07
926 1.0916960720469932e-07
927 1.6477456422589013e-07
928 1.1193326492468146e-07
929 1.6320623571617866e-07
930 1.3563601588654646e-07
931 1.2033750612103326e-07
932 1.0075871596943291e-07
933 1.4087598498494774e-07
934 1.4829476042222652e-07
935 1.0725123735959168e-07
936 1.1822453753900328e-07
937 9.70892980435818e-08
938 1.4045467644313912e-07
939 1.2320105841061052e-07
940 1.743480970386052e-07
941 1.256503789381178e-07
942 1.200582339355616e-07
943 1.3310670501874314e-07
944 1.2706396167410278e-07
945 1.772367643596179e-07
946 1.314573221255169e-07
947 9.877898285536084e-08
948 1.3647114197757628e-07
949 1.339181425544105e-07
950 1.402749680816529e-07
951 1.5746749733046757e-07
952 1.2419993284624545e-07
953 1.337354189134603e-07
954 1.1203437950498705e-07
955 1.37484449109857e-07
956 1.247200322423779e-07
957 1.341041449372095e-07
958 1.3676602631425794e-07
959 1.3622055087008343e-07
960 1.562110179534874e-07
961 1.3916155429904618e-07
962 1.1384517516415943e-07
963 1.4032819260859446e-07
964 1.200433270333064e-07
965 1.3103847231314377e-07
966 1.2520156391926703e-07
967 1.4889363789765967e-07
968 1.5116707765052626e-07
969 1.0525619180829766e-07
970 1.6353077946923746e-07
971 1.4061402967034075e-07
972 1.369004704210942e-07
973 1.2089720586306887e-07
974 1.0367648262938248e-07
975 1.3064461984021765e-07
976 1.2301678469405587e-07
977 1.1153608206854443e-07
978 1.1072322495494175e-07
979 9.246256039728311e-08
980 1.4539231156977566e-07
981 1.4493275277794517e-07
982 1.4239981318389685e-07
983 1.067817011174967e-07
984 1.2146198318280355e-07
985 1.33619157104006e-07
986 1.0311307263211708e-07
987 6.726451245801849e-08
988 1.3083267004711844e-07
989 1.499542154357209e-07
990 8.818130296938122e-08
991 1.129059239800651e-07
992 2.0652120157668215e-07
993 1.5497942001155434e-07
994 1.3493538219933284e-07
995 1.1329530813261864e-07
996 8.954608093068489e-08
997 1.3713479320640608e-07
998 1.3833475527528448e-07
999 1.644224028082466e-07
