0 2.486201187491948e-07
1 3.4447866295188815e-07
2 2.7182911876556876e-07
3 3.4084636897251203e-07
4 2.599622033887744e-07
5 2.2517443947145206e-07
6 2.436513280051431e-07
7 2.955458260586884e-07
8 2.220805370540379e-07
9 2.874687045443484e-07
10 2.895405877540669e-07
11 2.4797123941585253e-07
12 2.363845932882253e-07
13 3.1409256771658677e-07
14 2.8180396552479957e-07
15 2.3569565326293746e-07
16 2.768531340690074e-07
17 2.335276300727053e-07
18 1.6964505751851236e-07
19 3.460158116105507e-07
20 2.6000907347644114e-07
21 4.308162564837812e-07
22 2.543727057610764e-07
23 2.8808824275622155e-07
24 2.528637847589769e-07
25 2.684960303052899e-07
26 3.420235627252007e-07
27 3.211043064103509e-07
28 2.8322735581401424e-07
29 3.2073891635906106e-07
30 2.2251279866327398e-07
31 2.4713839059675807e-07
32 2.585573204309624e-07
33 3.911553130346714e-07
34 2.6786486929970635e-07
35 3.0450295687489057e-07
36 2.8752008434110976e-07
37 2.541214181523652e-07
38 4.26490391742537e-07
39 2.4439643491193836e-07
40 2.4562162818227977e-07
41 2.5967141662062067e-07
42 2.7381227621182784e-07
43 2.687553997574726e-07
44 3.016264413142077e-07
45 2.1410394500900344e-07
46 3.244163644586782e-07
47 3.205351129377061e-07
48 2.787407104046544e-07
49 3.0144289425159774e-07
50 2.599920690551515e-07
51 1.7780530505680583e-07
52 3.008815597941115e-07
53 2.3572437064985113e-07
54 2.981453614986339e-07
55 1.8250527686256663e-07
56 2.7848813668488195e-07
57 2.77260757306907e-07
58 2.564869608504198e-07
59 3.5106683085583496e-07
60 2.825722200005251e-07
61 3.210482405555329e-07
62 2.995612531627588e-07
63 2.543773318425863e-07
64 3.1617668184086e-07
65 2.2846391827551924e-07
66 2.0432934611221142e-07
67 2.6966211070124627e-07
68 3.1374302978729757e-07
69 2.4363791755948034e-07
70 2.452996325901834e-07
71 2.740287761793487e-07
72 2.08789875469338e-07
73 2.3704506711216767e-07
74 2.440453544594796e-07
75 2.4509958573821586e-07
76 2.714949295714762e-07
77 3.020940544858562e-07
78 2.990756996238804e-07
79 2.2301550582333886e-07
80 3.370034389578781e-07
81 2.837350151285417e-07
82 3.6828957415472366e-07
83 3.0168265366885144e-07
84 2.3565948946202043e-07
85 2.491510293645333e-07
86 2.6884898383017587e-07
87 2.4791829896129174e-07
88 2.5107253888230714e-07
89 2.2636808421698225e-07
90 2.4800562279893313e-07
91 2.3885895470488046e-07
92 3.383230539824579e-07
93 3.073649370353644e-07
94 3.091375255110795e-07
95 3.5835207125454444e-07
96 2.4496557011424386e-07
97 3.5943566068394245e-07
98 3.406432988272841e-07
99 2.3672124057992276e-07
100 3.1739040806168524e-07
101 2.7082996489733604e-07
102 2.7151564601992525e-07
103 1.3241587590466214e-07
104 3.584305890361448e-07
105 2.8807034972674903e-07
106 2.5291612736052713e-07
107 3.4767139103739545e-07
108 3.1426792434145323e-07
109 3.189204405290179e-07
110 3.348773887087598e-07
111 3.533197646651212e-07
112 3.0583089881505137e-07
113 3.2301401609620366e-07
114 2.71953236083252e-07
115 3.453285426196086e-07
116 3.060730196039876e-07
117 1.9447260651657723e-07
118 1.862735871146611e-07
119 1.6431888382224363e-07
120 2.588432583351403e-07
121 1.974365435562697e-07
122 2.6593324597846903e-07
123 1.8786087702676176e-07
124 2.0025360601498837e-07
125 2.385025068772656e-07
126 3.489721416014764e-07
127 2.902232275987524e-07
128 2.473967034759379e-07
129 2.2467965376036875e-07
130 2.8253590343355143e-07
131 1.982237567173759e-07
132 2.728971964764665e-07
133 2.417470547496064e-07
134 2.349980897536336e-07
135 2.763781753186161e-07
136 2.570741204062683e-07
137 3.5641281090077515e-07
138 2.1591255991282348e-07
139 1.6002449265217872e-07
140 2.874249626685519e-07
141 1.7075302564768865e-07
142 3.281491390100463e-07
143 2.2622885266305448e-07
144 2.550030965212241e-07
145 1.8629668506622102e-07
146 1.7520716867612755e-07
147 2.8705046747060787e-07
148 1.8871656120745616e-07
149 3.837167268835702e-07
150 2.0839305167319792e-07
151 3.146973041482779e-07
152 2.9363812331851927e-07
153 2.496163102106969e-07
154 2.3548386930631427e-07
155 2.614600839089024e-07
156 3.241577028511438e-07
157 2.550208640994099e-07
158 2.201587138665707e-07
159 2.2679131773657797e-07
160 2.6127207585229384e-07
161 3.1828728085337257e-07
162 1.5738484377349274e-07
163 2.4118295242409813e-07
164 3.1695323765942206e-07
165 2.2676242053011058e-07
166 2.7077792212962164e-07
167 2.1043727484821592e-07
168 2.738088615617891e-07
169 2.943854114377525e-07
170 3.1159873988295486e-07
171 2.8710446954035295e-07
172 3.0572013748719327e-07
173 3.130864849540623e-07
174 2.4719558719417534e-07
175 3.024343149998099e-07
176 3.1783874761523645e-07
177 2.760130326972413e-07
178 2.3449854989447118e-07
179 2.7987810269753517e-07
180 2.3452065961210825e-07
181 2.529622061427781e-07
182 2.101614297463005e-07
183 2.631236286014618e-07
184 2.473518411036531e-07
185 2.496264833426312e-07
186 3.1194045346624423e-07
187 2.793508825999127e-07
188 2.5741752731849907e-07
189 3.122646185508819e-07
190 3.0456845502573655e-07
191 3.596103732184276e-07
192 2.909683089597539e-07
193 3.707214798316486e-07
194 1.8352106380807076e-07
195 2.7089172105623304e-07
196 3.136295050851235e-07
197 3.3712046569515426e-07
198 2.8264312813030534e-07
199 2.799780268882334e-07
200 2.334452215471915e-07
201 3.153492031896284e-07
202 2.6047253339579084e-07
203 3.021999894062221e-07
204 3.3259229923204453e-07
205 3.6756627033302326e-07
206 2.225055277812451e-07
207 2.391911498839469e-07
208 2.739220197688082e-07
209 2.4718994490130445e-07
210 2.77626249720589e-07
211 3.06974001796918e-07
212 2.427320961582085e-07
213 2.3805980242303226e-07
214 2.895328648754781e-07
215 2.633334788054009e-07
216 2.8915601069515624e-07
217 1.7136546136834972e-07
218 2.3521966985444277e-07
219 2.3621045471678488e-07
220 3.40092616765053e-07
221 2.9906347559297286e-07
222 2.4500822628608556e-07
223 3.100785973814608e-07
224 3.3596300235336185e-07
225 2.995993899240947e-07
226 2.053566578259409e-07
227 2.1221395896773898e-07
228 2.485095779339607e-07
229 2.5260195499059483e-07
230 1.7412562142075118e-07
231 2.7548359541138807e-07
232 2.578981745486522e-07
233 3.312422037332597e-07
234 3.088820320609591e-07
235 4.2931949819510654e-07
236 1.8101473445285147e-07
237 3.272112760537668e-07
238 3.5665192592110794e-07
239 3.718425011803074e-07
240 3.1954377898759225e-07
241 2.4739296392970913e-07
242 3.1138298615290507e-07
243 2.8069610961075775e-07
244 4.203840330641707e-07
245 2.785164608297975e-07
246 3.1406252425060507e-07
247 2.458443417472311e-07
248 2.2445551196201662e-07
249 3.090136270670659e-07
250 2.3055764105674924e-07
251 3.314627443793296e-07
252 2.8703160712221225e-07
253 3.141173424548162e-07
254 2.671996861855446e-07
255 2.2842431994604247e-07
256 2.2452818292713456e-07
257 3.7142464616354363e-07
258 2.7149880520607287e-07
259 1.695343596581093e-07
260 3.150156367716416e-07
261 2.1261470012958794e-07
262 2.660900924882939e-07
263 2.455468333005067e-07
264 3.831198020581234e-07
265 3.3181907341191836e-07
266 3.0568149020057404e-07
267 3.3491255105747247e-07
268 3.156293189362801e-07
269 2.876299274012315e-07
270 3.372750336996444e-07
271 1.6654949691953504e-07
272 2.0939680947028286e-07
273 1.726485435978856e-07
274 2.547201773432941e-07
275 1.8409281725984623e-07
276 3.135641964188398e-07
277 3.322850483061665e-07
278 2.697352591188253e-07
279 2.6873255232916134e-07
280 1.4192355904111226e-07
281 2.1224073110219538e-07
282 2.829199603619719e-07
283 2.3325908245480906e-07
284 3.586838484804898e-07
285 3.1525927520600995e-07
286 3.5210315467354455e-07
287 2.642724692894477e-07
288 2.4858250945244425e-07
289 2.393934723285318e-07
290 2.2948434106734678e-07
291 3.6025945086342403e-07
292 2.8632485424856665e-07
293 2.575492506302827e-07
294 3.265583792671931e-07
295 2.0259604967319758e-07
296 2.0725701167744292e-07
297 3.1747475533466853e-07
298 3.2101873743842777e-07
299 2.885809266084775e-07
300 2.0777661940844756e-07
301 2.1896620268953193e-07
302 3.0758418223341675e-07
303 1.648670187236938e-07
304 1.8699248257686375e-07
305 2.408508408091529e-07
306 3.64945854669037e-07
307 2.6302937021492814e-07
308 2.196054822959253e-07
309 2.72245426315154e-07
310 1.9022082678869522e-07
311 2.1937060397702643e-07
312 3.251789046902686e-07
313 2.9675558721364765e-07
314 3.30253652314534e-07
315 2.5787753251594415e-07
316 3.24007872863622e-07
317 2.576503274995194e-07
318 2.536415659657525e-07
319 2.452257198562422e-07
320 2.4389357835611637e-07
321 2.764659150128673e-07
322 2.4868645118363704e-07
323 3.0627376380780886e-07
324 3.435208471439137e-07
325 2.448021580306466e-07
326 3.398385747371518e-07
327 3.0813031855774524e-07
328 2.5861584033383174e-07
329 3.6718381535373213e-07
330 2.532954437387627e-07
331 4.3349232380749653e-07
332 2.1390609190235947e-07
333 2.8261357683893003e-07
334 2.671038091421241e-07
335 2.5369501398406045e-07
336 3.3237395678145286e-07
337 2.435642507155419e-07
338 3.093295164684652e-07
339 3.317924885397838e-07
340 3.7646742665046626e-07
341 2.7553233512066475e-07
342 1.843204369300134e-07
343 2.190205927539552e-07
344 2.858458253290531e-07
345 2.9752767480602774e-07
346 2.7331084115408624e-07
347 2.9625244708368405e-07
348 2.998006560319058e-07
349 2.818585894739271e-07
350 3.8218734017111854e-07
351 2.105421838441883e-07
352 3.1278566558478904e-07
353 2.2479948421702997e-07
354 2.708337323063465e-07
355 2.7960275000194655e-07
356 3.145185002650378e-07
357 3.4847241329621887e-07
358 2.649091378530184e-07
359 3.029604960346805e-07
360 3.1954839685866576e-07
361 2.8994957515532765e-07
362 2.6416814989823267e-07
363 3.2292064059577674e-07
364 2.8000229696012194e-07
365 2.7266257352195824e-07
366 2.759126215271768e-07
367 3.6356495149123456e-07
368 2.0688159729846384e-07
369 3.569794940009283e-07
370 2.732120016796365e-07
371 3.794437379713269e-07
372 2.5567206559071023e-07
373 2.4354542413011554e-07
374 2.7553913750768787e-07
375 2.254562009776688e-07
376 2.7266832730548755e-07
377 2.6157086529061033e-07
378 2.2998955061080588e-07
379 3.4620626616622305e-07
380 2.8345703646992156e-07
381 3.1145919511149373e-07
382 2.763988858839939e-07
383 2.7810700341903194e-07
384 2.6807920138312996e-07
385 3.1725451265655405e-07
386 1.935097319384553e-07
387 2.2042780868429834e-07
388 2.3864819933471075e-07
389 2.801425999866964e-07
390 3.194027251270403e-07
391 2.2050224782461664e-07
392 2.2260798411284954e-07
393 3.0881044877841153e-07
394 2.712895709379062e-07
395 2.872417982975317e-07
396 1.9815021821456547e-07
397 3.104362914068496e-07
398 3.0120300870023587e-07
399 1.821647546159936e-07
400 2.114896154974868e-07
401 2.7847321374419784e-07
402 3.2435503593827535e-07
403 2.8778204752611166e-07
404 3.7223739671364705e-07
405 3.073920521817646e-07
406 2.6004299847419193e-07
407 2.912124475773406e-07
408 2.3132534937776561e-07
409 2.4541930577195666e-07
410 2.9881599389063714e-07
411 3.9292565785977183e-07
412 1.405839568374372e-07
413 3.0074957436137695e-07
414 2.6566047774116134e-07
415 1.99014852761902e-07
416 3.5729845666058926e-07
417 2.526102149529139e-07
418 2.6460766743791544e-07
419 2.317534528749288e-07
420 3.998611972800729e-07
421 2.63323906280449e-07
422 2.919632488778666e-07
423 3.269657988462807e-07
424 2.5366852952523055e-07
425 3.0531553664590893e-07
426 3.8771561666089493e-07
427 3.316303251273477e-07
428 2.5921992965790385e-07
429 2.0289670706210537e-07
430 2.3044831349085495e-07
431 2.477871169621757e-07
432 3.3318108457203183e-07
433 2.829322648462122e-07
434 3.168877033602121e-07
435 2.561879963340419e-07
436 1.4278702593144667e-07
437 2.1262695295612952e-07
438 3.2343813851289117e-07
439 3.3871553314681664e-07
440 1.8309446887319453e-07
441 3.300283174751972e-07
442 3.196148263208937e-07
443 1.5290324989030202e-07
444 3.341418567604974e-07
445 2.945202903235919e-07
446 2.8259748425289517e-07
447 2.632366176433584e-07
448 3.406113574871034e-07
449 2.7765432594027054e-07
450 1.9432487916151015e-07
451 2.838707532274675e-07
452 2.538895252861149e-07
453 1.4685678558667886e-07
454 2.2702033878391627e-07
455 3.799765965921974e-07
456 2.585946842960368e-07
457 2.914467168512075e-07
458 3.861639916277973e-07
459 1.7624171183342098e-07
460 1.4054949365382154e-07
461 2.0836187327305043e-07
462 2.110816907037137e-07
463 2.8468276468981156e-07
464 3.7979187255019e-07
465 2.485644641492269e-07
466 3.1458023525419947e-07
467 3.2110211600739167e-07
468 2.623192559439521e-07
469 3.040113773287155e-07
470 1.809117373420736e-07
471 2.812099618596939e-07
472 3.833334451853474e-07
473 2.3883775266953056e-07
474 2.214233309017364e-07
475 3.2217097581140083e-07
476 2.1792525337393514e-07
477 2.986844082068591e-07
478 2.40458052603785e-07
479 2.188193065699701e-07
480 3.334177474531707e-07
481 3.051240537418305e-07
482 3.16805931282933e-07
483 2.8961710959342865e-07
484 2.5232200445817546e-07
485 2.4475659575019396e-07
486 3.347694959155527e-07
487 2.277174036736042e-07
488 2.670871621449006e-07
489 3.1728053411410404e-07
490 2.8808112981914644e-07
491 3.818426052959223e-07
492 1.2535214265795633e-07
493 2.9783989693634216e-07
494 2.0187872854871286e-07
495 2.6955458918125213e-07
496 1.9204968665202773e-07
497 3.259781800625059e-07
498 3.065826269202645e-07
499 2.729494062027802e-07
500 2.858671421161666e-07
501 3.061774275131195e-07
502 3.432614479178063e-07
503 2.870667558742919e-07
504 2.577337337978333e-07
505 4.970020282471218e-07
506 2.687357731995733e-07
507 3.748596512947567e-07
508 3.0698202998964313e-07
509 3.193743783317646e-07
510 3.201977018908447e-07
511 2.1819254749592982e-07
512 2.4668710089855845e-07
513 2.8898047341417926e-07
514 2.2883743415263434e-07
515 2.011372391506158e-07
516 1.656305035137678e-07
517 2.1962116155746177e-07
518 2.6068794881684105e-07
519 3.470711993193869e-07
520 3.884519887580713e-07
521 3.2770452674359065e-07
522 2.732903371628789e-07
523 3.1542416056582124e-07
524 2.4883861669420126e-07
525 2.94228840561088e-07
526 3.1274776251911894e-07
527 3.8392671008569485e-07
528 3.2626622971906835e-07
529 2.9933645484898116e-07
530 3.078529604713338e-07
531 2.019103872758189e-07
532 2.4256699377742016e-07
533 3.1716577942152464e-07
534 2.816727664252421e-07
535 2.1798748330138074e-07
536 2.770305365790864e-07
537 2.7410554145133413e-07
538 3.0778019616648823e-07
539 2.8655505099756387e-07
540 3.569308613305869e-07
541 3.4716948244282954e-07
542 2.957658803036483e-07
543 2.1366542918689392e-07
544 2.7837293818989747e-07
545 2.27053483450186e-07
546 3.0036263070454124e-07
547 2.586245378666736e-07
548 3.827686727944555e-07
549 2.794619326456542e-07
550 2.7659557717625276e-07
551 2.8870535339159823e-07
552 2.982038553452304e-07
553 2.698966711224224e-07
554 2.619677393030523e-07
555 2.0267731734498807e-07
556 3.414777281778501e-07
557 2.691826871034551e-07
558 3.2832900885354497e-07
559 3.18440762071039e-07
560 3.7486966833738596e-07
561 3.044474506236422e-07
562 2.8666099524447405e-07
563 2.3764742053876232e-07
564 2.984772206053215e-07
565 2.7601859773062256e-07
566 2.887626749014422e-07
567 3.073658100462191e-07
568 2.9345625604980517e-07
569 3.084436206519432e-07
570 3.2376370975451645e-07
571 2.9673099861148754e-07
572 2.8427724450486225e-07
573 2.3300450442188516e-07
574 2.3561512700695644e-07
575 2.5325483008086996e-07
576 2.6655602696652744e-07
577 2.9062097473568155e-07
578 3.204582135092676e-07
579 2.3798839902399553e-07
580 1.4506219189759712e-07
581 1.855527186806651e-07
582 2.126759104123578e-07
583 2.7102351085602614e-07
584 3.6240733019239377e-07
585 3.290259954222318e-07
586 3.160174838437988e-07
587 3.2373760082651563e-07
588 2.4125746853806757e-07
589 3.0169337546147007e-07
590 3.4023730793586596e-07
591 2.425717304745205e-07
592 3.6460097718320806e-07
593 2.806499639540782e-07
594 3.217559126981565e-07
595 2.444969282910676e-07
596 2.917955621761919e-07
597 2.3046939284712206e-07
598 3.1995243320889674e-07
599 3.07675215466525e-07
600 2.7976279713095065e-07
601 1.8430287437649704e-07
602 2.6896655368332164e-07
603 2.393531053594658e-07
604 1.846435688450224e-07
605 2.7366786601942345e-07
606 2.926754543903837e-07
607 2.5070988625656147e-07
608 1.9803191718079804e-07
609 3.8965997332019007e-07
610 2.8826829842855414e-07
611 2.927228377108103e-07
612 3.0470713427150165e-07
613 2.389637865176125e-07
614 2.489288595383126e-07
615 3.1577627470327104e-07
616 1.6980726151040183e-07
617 2.7127125314438647e-07
618 3.264548120837611e-07
619 3.6338130425551626e-07
620 3.0316801962230843e-07
621 4.239043343416438e-07
622 3.582065173648584e-07
623 2.4040997979457693e-07
624 2.932681106171543e-07
625 2.5521113901041705e-07
626 2.6672364250315586e-07
627 2.3766198363580807e-07
628 3.3569043585558856e-07
629 3.9192998453727674e-07
630 2.0135650253436878e-07
631 2.0786083344943977e-07
632 2.629236197560499e-07
633 2.246850158087393e-07
634 3.0977706431294845e-07
635 2.0797523693870006e-07
636 2.1953125911056344e-07
637 1.6657252456187654e-07
638 2.595052307377938e-07
639 3.063757475869947e-07
640 3.1988858888497563e-07
641 1.8631686028444712e-07
642 2.5969935248469047e-07
643 2.727801153048936e-07
644 2.54843800175975e-07
645 2.839634551198626e-07
646 2.2177743619964753e-07
647 2.994186599566617e-07
648 2.4515319468817296e-07
649 3.339317761694476e-07
650 2.202819586672668e-07
651 2.4778346678846336e-07
652 2.180436490899773e-07
653 2.446759319879373e-07
654 2.0621000159115763e-07
655 2.9311364423475724e-07
656 2.2693968105922542e-07
657 2.4485969005510195e-07
658 2.429026829975704e-07
659 2.995673484179165e-07
660 3.4286497032494674e-07
661 2.5718490282073795e-07
662 2.495126761637942e-07
663 2.8561246398270445e-07
664 2.464661743972828e-07
665 3.0210157116899956e-07
666 2.8110249072719237e-07
667 2.5831756812540213e-07
668 3.1459191932512427e-07
669 2.896048757440599e-07
670 2.2727788332252876e-07
671 3.1506666868991444e-07
672 2.0374321640676133e-07
673 2.1244222596692116e-07
674 2.7171870488744966e-07
675 3.4148082147968436e-07
676 2.292892889692428e-07
677 2.260950169295113e-07
678 3.1412626421542586e-07
679 3.063337241798388e-07
680 3.241155879332763e-07
681 4.1750414800498604e-07
682 3.164348729003078e-07
683 3.1078871563040844e-07
684 2.6943963490558903e-07
685 2.5281805320430836e-07
686 2.653448852136258e-07
687 3.1365162747455273e-07
688 1.62415484570862e-07
689 2.9320450302196646e-07
690 3.2813924982661517e-07
691 2.108218984853101e-07
692 3.8038612168336256e-07
693 2.560602803466439e-07
694 1.7618968716852773e-07
695 1.3882864756791306e-07
696 3.13436791440827e-07
697 2.786549365907053e-07
698 2.900819232842443e-07
699 3.0564354720245816e-07
700 2.939110970625402e-07
701 2.822317759722449e-07
702 3.13102401864476e-07
703 2.1859388745582082e-07
704 2.690402863737278e-07
705 2.28159176800093e-07
706 3.012401344671972e-07
707 3.221875507089582e-07
708 2.8454802791554005e-07
709 2.830059550598723e-07
710 2.217344336740293e-07
711 2.576245945519157e-07
712 3.158595316548662e-07
713 3.4724785418437735e-07
714 2.2095115555412346e-07
715 3.344459111776681e-07
716 3.1208198863178963e-07
717 1.7639731888875822e-07
718 3.9565323586531537e-07
719 2.3286937554136152e-07
720 2.3660015040539725e-07
721 3.2111938511206796e-07
722 2.752079762314796e-07
723 1.814393321043185e-07
724 2.7538896116054813e-07
725 2.7443329756124154e-07
726 2.283997738855803e-07
727 1.8364546477425076e-07
728 3.593516232907892e-07
729 2.5301645366023203e-07
730 2.7324612631615395e-07
731 3.0861213144214787e-07
732 2.9067269379721854e-07
733 2.0464810098290882e-07
734 2.575701266979043e-07
735 3.076461863453967e-07
736 2.539137973163717e-07
737 2.0062209365431172e-07
738 1.3069142724719775e-07
739 3.4710564396082956e-07
740 2.240494673868788e-07
741 2.9496691647654024e-07
742 2.9129850420354773e-07
743 2.0786241097467014e-07
744 2.68226801212023e-07
745 3.027772426522871e-07
746 2.3727393268266163e-07
747 3.208248723576822e-07
748 2.856900431894384e-07
749 3.1302588964220144e-07
750 2.12118012128593e-07
751 2.9351488919622814e-07
752 2.5344148716421144e-07
753 2.646811169891143e-07
754 2.300319415090313e-07
755 2.803544204389503e-07
756 2.787433299056431e-07
757 3.3363515340336996e-07
758 2.0159124712428678e-07
759 2.7312234394488296e-07
760 1.908340326858037e-07
761 3.934112789441813e-07
762 2.313092242110551e-07
763 1.8441942025312637e-07
764 4.333596004360608e-07
765 2.8378049463633055e-07
766 2.658396434510008e-07
767 3.0734930754817795e-07
768 2.8167331470446254e-07
769 2.5861059416056647e-07
770 3.156970982190856e-07
771 3.469777050772777e-07
772 3.470331469166882e-07
773 2.403387832949862e-07
774 2.886052801127362e-07
775 3.478384452136935e-07
776 3.2448019745347987e-07
777 2.932013665584878e-07
778 3.70493817573986e-07
779 2.479444385864881e-07
780 2.8635094941386577e-07
781 2.5494885446121904e-07
782 2.0035816755348433e-07
783 2.2246050452783125e-07
784 3.1118011123463606e-07
785 3.1222464784738065e-07
786 3.460028638385333e-07
787 1.9150925456189867e-07
788 2.4866934850530675e-07
789 1.882605844032424e-07
790 2.5840319883760303e-07
791 1.5437445587531822e-07
792 2.8074985862839843e-07
793 2.0282739630333147e-07
794 3.2083486304544587e-07
795 2.8094744271561406e-07
796 2.7346011360622143e-07
797 2.8616636300919493e-07
798 2.779130203348775e-07
799 3.4851312091648724e-07
800 2.8186860224671945e-07
801 2.8696443928488675e-07
802 3.291099030897837e-07
803 3.009345910055881e-07
804 3.0507574085978835e-07
805 2.009966077765392e-07
806 3.027811441372663e-07
807 2.52982379265822e-07
808 2.6000569400066874e-07
809 2.1831488701683303e-07
810 2.7400843638876e-07
811 2.414811878096704e-07
812 2.8249452655692744e-07
813 2.892072637234501e-07
814 2.816415643674855e-07
815 3.088799784868192e-07
816 3.026070188733656e-07
817 7.532665149679573e-08
818 2.2803200157486574e-07
819 2.5988370192006095e-07
820 2.782621895476905e-07
821 3.2825703211016403e-07
822 2.4189120553204695e-07
823 2.2878754069550653e-07
824 2.5964423312769955e-07
825 2.532470448322554e-07
826 2.570648925986356e-07
827 2.7122120712875753e-07
828 3.2901109012035384e-07
829 2.733742182273579e-07
830 2.814069185485788e-07
831 1.4776789108284896e-07
832 3.119879569635131e-07
833 1.837853636523382e-07
834 3.5320844001832257e-07
835 1.6603296217067492e-07
836 2.940851530475649e-07
837 3.877595281507623e-07
838 2.7627430050456864e-07
839 3.2801491765908674e-07
840 2.9619848631975174e-07
841 2.4761623778460953e-07
842 3.36422879674666e-07
843 2.235342583481084e-07
844 3.2380231849501587e-07
845 3.0773188354399925e-07
846 3.3492983524407506e-07
847 3.419241954620493e-07
848 4.2143362301448574e-07
849 2.1702174544692735e-07
850 2.6857843178521485e-07
851 2.8805460556796594e-07
852 3.043474807676097e-07
853 2.8380897073645017e-07
854 3.0847193698427456e-07
855 4.0490786983789197e-07
856 2.7154827204067166e-07
857 3.0372928056625716e-07
858 3.093402360548085e-07
859 2.6863136211223246e-07
860 2.4876038670399215e-07
861 2.638964450426461e-07
862 2.8698442803350647e-07
863 3.403052524289626e-07
864 3.563765262084855e-07
865 2.619962232143922e-07
866 1.4754436386707405e-07
867 2.093185270709883e-07
868 2.538197186387871e-07
869 2.563447156621939e-07
870 2.227858447360778e-07
871 2.5696028438599865e-07
872 3.8045948740877386e-07
873 3.06245249832806e-07
874 2.428290829789045e-07
875 3.1195420023846373e-07
876 2.4573963006125293e-07
877 3.7057523109701453e-07
878 3.413738573052273e-07
879 2.4147773126296195e-07
880 3.1840627934097354e-07
881 1.1822623250026426e-07
882 2.469023570941616e-07
883 1.8303402959400104e-07
884 2.880054206499131e-07
885 2.735664361751139e-07
886 2.9876072134113826e-07
887 2.2884978360633715e-07
888 2.238175455445545e-07
889 2.21068418000973e-07
890 1.787688036220633e-07
891 1.8507330827031676e-07
892 3.233743795297743e-07
893 2.685412966816661e-07
894 3.526060156132252e-07
895 2.2287559108846938e-07
896 2.659660102062578e-07
897 2.965064909421458e-07
898 1.9830997143312308e-07
899 2.7349600165445827e-07
900 3.6163214330003054e-07
901 2.1367324636263455e-07
902 2.76131962055026e-07
903 2.406471298124521e-07
904 2.678872222566571e-07
905 2.928330040070259e-07
906 2.4504491447363887e-07
907 3.554575523746581e-07
908 3.462603629310089e-07
909 2.6072540941176e-07
910 2.6802980071557694e-07
911 2.39707964910717e-07
912 2.2989916548002122e-07
913 3.667243431433753e-07
914 2.7756133847206754e-07
915 2.4101895807286707e-07
916 2.634501288122107e-07
917 2.2353449470191795e-07
918 1.671199736409726e-07
919 3.141463721735713e-07
920 2.4712883243781626e-07
921 3.7448286994696794e-07
922 1.7240883938186775e-07
923 2.526285341325003e-07
924 3.437768164841371e-07
925 2.595520054098628e-07
926 3.272878309080734e-07
927 2.1275534025814816e-07
928 2.1354012086506864e-07
929 1.7708329899949757e-07
930 2.4838422255913854e-07
931 2.560322898719169e-07
932 3.772373543188061e-07
933 2.688834450931885e-07
934 2.4376590670724137e-07
935 2.464393416127914e-07
936 2.033326052304221e-07
937 3.215875061311209e-07
938 2.0076658915399862e-07
939 2.7488500348356897e-07
940 2.2839355792444364e-07
941 2.912628396478294e-07
942 2.647759014528139e-07
943 2.73863861070643e-07
944 3.833818444656128e-07
945 1.543729665898753e-07
946 2.6971353056098335e-07
947 3.215755148550598e-07
948 2.5176314982561187e-07
949 2.1748255229166159e-07
950 3.2271250561649524e-07
951 2.533726228600685e-07
952 2.594030905904399e-07
953 2.587167608483845e-07
954 2.8167360809081905e-07
955 3.3600271418278615e-07
956 3.4579781758238127e-07
957 2.532544551767964e-07
958 3.099025124983564e-07
959 2.9695270973057937e-07
960 2.3379219170347387e-07
961 2.3644342215276445e-07
962 3.7605485024792347e-07
963 2.301806957250509e-07
964 2.962169030240313e-07
965 3.1046839474816795e-07
966 2.6965729132750816e-07
967 2.0624003122440254e-07
968 3.0435225643144595e-07
969 3.0848601140234283e-07
970 2.1160163007812476e-07
971 2.473895192908891e-07
972 2.5338689266143826e-07
973 1.473549745844676e-07
974 2.9611660345604e-07
975 2.2767909634988304e-07
976 2.809391967028452e-07
977 2.9501798578183645e-07
978 3.161314376703451e-07
979 3.41990268307863e-07
980 2.5072513221663365e-07
981 2.6989499175153606e-07
982 2.847323381684902e-07
983 3.55064476321298e-07
984 2.41608993095272e-07
985 2.540276800476994e-07
986 3.6920130338494975e-07
987 3.453495486021548e-07
988 2.3588430629183662e-07
989 2.616174736637631e-07
990 3.4750114731911076e-07
991 2.8915586150029874e-07
992 1.6542363961372587e-07
993 3.037711939186475e-07
994 2.562240321388561e-07
995 3.4385300282945075e-07
996 3.403613578631893e-07
997 2.3289444157278002e-07
998 2.784498352993913e-07
999 2.2629634041467283e-07
