0 3.286127217454317e-07
1 3.411663585047731e-07
2 3.034901244822052e-07
3 3.0894551168782764e-07
4 3.5924348513772276e-07
5 2.9613872279602206e-07
6 3.4610527731088384e-07
7 3.701686811691375e-07
8 2.9149502174160384e-07
9 3.3611765937584207e-07
10 3.4695572773367293e-07
11 2.950308809783403e-07
12 3.8019301519341166e-07
13 3.244573368908487e-07
14 3.5102974618791417e-07
15 3.647876557402293e-07
16 3.3154300405442346e-07
17 3.8305043207099275e-07
18 2.7830168778489305e-07
19 3.3072980620246007e-07
20 3.529519311454786e-07
21 3.500182207230756e-07
22 3.845702290550204e-07
23 3.3014788315142103e-07
24 3.8615217431309874e-07
25 2.9017129540192655e-07
26 3.01667827998175e-07
27 3.423940958428315e-07
28 3.333484141096263e-07
29 3.192835422891693e-07
30 3.401054329946074e-07
31 3.4531671215610045e-07
32 3.11141845658536e-07
33 3.9394785740149024e-07
34 3.1517379139735546e-07
35 2.78343948677943e-07
36 3.4193674926204565e-07
37 3.4979243774878836e-07
38 3.6205885457634925e-07
39 3.1715702370380356e-07
40 3.317140314137025e-07
41 3.2809982262044673e-07
42 2.892934001569737e-07
43 3.3760412175616296e-07
44 2.9493830682509555e-07
45 3.359193450020357e-07
46 3.726227686646992e-07
47 3.325060725751256e-07
48 3.3110220376515153e-07
49 3.01495595045928e-07
50 3.596231184620412e-07
51 3.495090802177807e-07
52 3.0627421142545605e-07
53 3.0845423841054147e-07
54 3.2255898296849034e-07
55 3.149903115219657e-07
56 3.380570767943533e-07
57 3.0764258652289803e-07
58 3.5824895417086517e-07
59 3.281746582967678e-07
60 3.271507448085671e-07
61 3.2854105260962397e-07
62 3.4222869102112286e-07
63 3.1698310188171476e-07
64 3.4927365805795154e-07
65 3.152745240370499e-07
66 3.155514684312265e-07
67 3.3542754596107833e-07
68 3.749427522450013e-07
69 4.047015460037675e-07
70 3.4996243965206025e-07
71 3.783965638781834e-07
72 3.327547721409611e-07
73 2.8883336508877663e-07
74 2.959556707914817e-07
75 3.822379603046362e-07
76 3.2986110349426013e-07
77 3.07174406020686e-07
78 2.8046809778230846e-07
79 3.62039826857308e-07
80 3.3305796188441903e-07
81 3.371742605042615e-07
82 3.004266170909465e-07
83 3.317398791708268e-07
84 3.3285411088268255e-07
85 4.0714841188202303e-07
86 3.5990862669049045e-07
87 3.6429082762402894e-07
88 3.52544869431931e-07
89 3.3227409147649565e-07
90 3.6077875223314095e-07
91 3.118145846105629e-07
92 3.3634843080578794e-07
93 3.233602732783282e-07
94 3.108308351795579e-07
95 3.5798446633432214e-07
96 3.1454016541364433e-07
97 3.316710224093798e-07
98 3.186030105447149e-07
99 3.688381515020529e-07
100 3.546845633167146e-07
101 3.379557049463324e-07
102 3.4905358943835216e-07
103 3.757895942719001e-07
104 3.1493251653174695e-07
105 3.1090127921080987e-07
106 3.3627155615609717e-07
107 3.34523110806668e-07
108 3.374881005311451e-07
109 3.3068564876429026e-07
110 3.112574659763159e-07
111 3.228173073836212e-07
112 3.678995250289184e-07
113 3.641114213848913e-07
114 3.6794859600085243e-07
115 3.9042771494705933e-07
116 3.5704259885143474e-07
117 3.4093301480215576e-07
118 3.6053932928982585e-07
119 3.2936968460759993e-07
120 2.5001543614062984e-07
121 3.1878444245712237e-07
122 3.658433264648262e-07
123 3.023338682876651e-07
124 3.429928821645226e-07
125 3.2923752282623486e-07
126 3.468244578340821e-07
127 3.0892761380877885e-07
128 3.642668814597408e-07
129 3.491041059225098e-07
130 3.246790062272337e-07
131 3.427473662906892e-07
132 3.1377927815699255e-07
133 3.5482725245799976e-07
134 3.1740305075748777e-07
135 3.2332239605259764e-07
136 3.6539375581105626e-07
137 3.743978728400825e-07
138 3.5343616712409084e-07
139 3.8683758347450003e-07
140 3.271440267054529e-07
141 3.4121378076093075e-07
142 3.755934685246594e-07
143 3.8131556281365013e-07
144 3.6180323638797773e-07
145 3.377393728400834e-07
146 3.4252007645286054e-07
147 3.244950822298284e-07
148 3.373592659450121e-07
149 3.55493381431597e-07
150 3.628978394483757e-07
151 3.715967268725347e-07
152 3.586469791473504e-07
153 3.4080479993979266e-07
154 3.185967609178574e-07
155 3.1584477016163257e-07
156 3.533900742510945e-07
157 3.7659164096166306e-07
158 3.562857062447735e-07
159 3.4680861950247375e-07
160 3.101124040079491e-07
161 4.147059512652971e-07
162 3.614977897744795e-07
163 3.461794191091016e-07
164 3.0330487072067194e-07
165 3.114291001906089e-07
166 3.1442651009994267e-07
167 3.563385216330064e-07
168 3.4834987778583603e-07
169 3.309563850081043e-07
170 2.765939429465813e-07
171 3.501519491301015e-07
172 3.5700754023298786e-07
173 2.5991957284975986e-07
174 3.579085933653492e-07
175 3.139336035529328e-07
176 3.5140586747543735e-07
177 3.9259720434751287e-07
178 3.533397204199914e-07
179 3.2723343810892963e-07
180 3.28444238019858e-07
181 3.9130782554393393e-07
182 2.9966291614881227e-07
183 3.845106231229919e-07
184 3.5292836376613676e-07
185 3.1027660617650803e-07
186 3.032761921585476e-07
187 3.3703052700831024e-07
188 3.0002673339849525e-07
189 3.497751212938995e-07
190 3.2335890486791337e-07
191 3.724594292962791e-07
192 3.640857443819041e-07
193 3.360080966621268e-07
194 3.2226312718289023e-07
195 3.581927082120069e-07
196 3.4817525168290053e-07
197 3.6361775586523265e-07
198 3.253275488177472e-07
199 3.114028879679197e-07
200 3.3635150976934117e-07
201 3.446376002796248e-07
202 3.2987940342659977e-07
203 3.0769538023303984e-07
204 2.894185814470262e-07
205 3.412738366539362e-07
206 3.586639849632486e-07
207 3.5336234309379986e-07
208 3.7062527321264305e-07
209 3.403761521605373e-07
210 3.4784095641575283e-07
211 3.3035405874586994e-07
212 3.0603002232936577e-07
213 3.395123838998639e-07
214 3.4651518504705513e-07
215 3.313517405974077e-07
216 3.0723830376195794e-07
217 3.1620111982235747e-07
218 2.854678279201737e-07
219 3.5964038332100725e-07
220 3.663833436807736e-07
221 3.4340210069562556e-07
222 3.146076081755792e-07
223 2.802478542830111e-07
224 3.229680962957214e-07
225 3.522945339225063e-07
226 2.8691451953842586e-07
227 3.5255320891646864e-07
228 3.095533559972574e-07
229 3.759490323478052e-07
230 3.1721690843690233e-07
231 3.456953926277648e-07
232 3.7449885581659773e-07
233 3.2389452771491384e-07
234 3.731148393520164e-07
235 3.0381774826914696e-07
236 3.833246621299959e-07
237 3.4026690454882537e-07
238 4.02603850260979e-07
239 3.236717409885666e-07
240 3.627459388641829e-07
241 2.997802789793695e-07
242 3.2950518024980153e-07
243 3.3721850976758135e-07
244 3.496334393486833e-07
245 3.2589178739640516e-07
246 2.917803640395544e-07
247 3.322910209252342e-07
248 3.5006232569388983e-07
249 3.318101305868948e-07
250 3.628351513747271e-07
251 2.8861875687968743e-07
252 2.999568351424622e-07
253 3.1900052886349476e-07
254 3.3583944576652614e-07
255 3.8340807119690976e-07
256 3.643785446169018e-07
257 3.150787428516636e-07
258 3.204496612429104e-07
259 3.267472724054914e-07
260 3.2462069233094485e-07
261 3.185973490714642e-07
262 3.5862989394069585e-07
263 3.403330318121042e-07
264 3.6032088738406367e-07
265 3.38859922103736e-07
266 3.1474447036095376e-07
267 3.4497408867432484e-07
268 3.4739754685415606e-07
269 3.2176161721503766e-07
270 3.3050378626365126e-07
271 3.187804228559523e-07
272 3.316813048798762e-07
273 3.41482295799314e-07
274 3.2311859437400134e-07
275 3.0907137873752103e-07
276 3.2944515102006056e-07
277 3.544720055456903e-07
278 3.239691728005188e-07
279 3.623238759372964e-07
280 2.995174978462618e-07
281 2.8472180184639915e-07
282 3.587199709929534e-07
283 3.303293403224461e-07
284 3.3984613504309277e-07
285 3.1586420622162186e-07
286 3.546471341129209e-07
287 3.4487783979888394e-07
288 3.387691301096996e-07
289 2.995642182100184e-07
290 3.339214472633487e-07
291 3.848063384178409e-07
292 3.3148995171312153e-07
293 3.1461897455391606e-07
294 3.447926133417122e-07
295 3.518351786019513e-07
296 3.2890659840024445e-07
297 3.3977458327565505e-07
298 3.882007833865985e-07
299 3.376781122026513e-07
300 3.293411092933656e-07
301 3.531185631850712e-07
302 3.3793141965484776e-07
303 3.9139458038539846e-07
304 3.2995242532210373e-07
305 3.567268819085623e-07
306 3.479269272717968e-07
307 3.3146695911084725e-07
308 3.48662556220368e-07
309 3.4185670514805085e-07
310 2.7194865386814713e-07
311 3.0570035305759554e-07
312 3.828042225505957e-07
313 3.4917170185556116e-07
314 3.326256375073041e-07
315 3.4726176165160475e-07
316 3.379956211183774e-07
317 3.21990483019411e-07
318 3.5415441231238575e-07
319 2.894053591089427e-07
320 3.1006608583610025e-07
321 3.520012746731214e-07
322 3.0151588624883644e-07
323 3.21292271513219e-07
324 3.2097892827025855e-07
325 3.4399191039334113e-07
326 3.316278352882074e-07
327 3.8111920814389184e-07
328 3.173669660455285e-07
329 2.9634338429204575e-07
330 3.0141029916793426e-07
331 3.2512891466594925e-07
332 3.4158896827221346e-07
333 3.163486943466693e-07
334 3.284668072427182e-07
335 3.5170435954957926e-07
336 2.7020719764531187e-07
337 3.311837352768012e-07
338 3.257289770212134e-07
339 3.5760260748726757e-07
340 2.7719038392131734e-07
341 2.8245993765252606e-07
342 3.3356322749247314e-07
343 3.3620381215884363e-07
344 3.3506404456181646e-07
345 3.584713918536646e-07
346 3.807935448685915e-07
347 3.1721593016515854e-07
348 3.530605367861955e-07
349 3.2511472351835024e-07
350 3.5070544532158775e-07
351 3.5325467287502106e-07
352 3.5929002043542973e-07
353 3.801788986846895e-07
354 3.5412333585433773e-07
355 3.6088773922948426e-07
356 3.099370548929073e-07
357 3.3162060012527713e-07
358 3.5915122922814165e-07
359 3.2196250808626083e-07
360 3.5600939679077773e-07
361 3.242030607516433e-07
362 3.685355465133961e-07
363 3.4699997982138156e-07
364 3.526779193233435e-07
365 3.0410663792570226e-07
366 3.651497972742271e-07
367 3.4571743726559313e-07
368 3.792373068079425e-07
369 3.690960180722118e-07
370 3.376854166921673e-07
371 3.485612257068886e-07
372 2.9824878828777337e-07
373 3.048916248433203e-07
374 2.8484281877919684e-07
375 3.186694623035317e-07
376 3.3176683047835773e-07
377 3.3788510444614887e-07
378 2.8624226033208064e-07
379 3.5430679039157873e-07
380 2.603863837370946e-07
381 3.4634992360150955e-07
382 3.3904707765228715e-07
383 3.678802938731761e-07
384 3.709603195531321e-07
385 3.3128830795044005e-07
386 3.1402519634812255e-07
387 3.2587215501773144e-07
388 3.258243137512696e-07
389 3.3341854849589385e-07
390 3.508534177811266e-07
391 3.5223110811884197e-07
392 3.2527896792168484e-07
393 3.2386545712227565e-07
394 3.4249621056987966e-07
395 3.0168556708773155e-07
396 3.80357737223154e-07
397 3.502229658006786e-07
398 3.2630849478502474e-07
399 3.466757307302786e-07
400 3.4321605978376284e-07
401 3.384076983404745e-07
402 3.174829408548057e-07
403 3.6323414610242657e-07
404 3.7283827081283036e-07
405 3.2155270626397537e-07
406 4.018512839001814e-07
407 3.5951434043742183e-07
408 3.3884819280246e-07
409 3.463195065641322e-07
410 3.4717238609062615e-07
411 2.8626761613665375e-07
412 3.8637710288035874e-07
413 3.438808912435699e-07
414 3.3118762086893503e-07
415 3.2835645846209276e-07
416 3.535434241743632e-07
417 3.5480957600998147e-07
418 3.3746450820811965e-07
419 3.3612730783075817e-07
420 3.0967557279525523e-07
421 3.0740952462799117e-07
422 3.113347124256775e-07
423 3.533927617650733e-07
424 2.8735856715955426e-07
425 3.408597049015173e-07
426 3.2701555414452647e-07
427 3.5619049297082777e-07
428 3.5883838121552293e-07
429 3.298408772272699e-07
430 3.365962998986436e-07
431 3.4840378487396355e-07
432 3.522660487750493e-07
433 3.5140024256981014e-07
434 3.424794150396937e-07
435 3.7855222906911614e-07
436 3.118471912243789e-07
437 3.7372476874734577e-07
438 3.1201697879002086e-07
439 3.6491767262379306e-07
440 3.373481234143539e-07
441 3.212917588140287e-07
442 3.1195670231339186e-07
443 3.3429656265331063e-07
444 3.561427776221681e-07
445 3.7107661188898405e-07
446 3.3349077442986494e-07
447 3.119889338779092e-07
448 3.5327619333688465e-07
449 3.8486435839318364e-07
450 3.175007536868431e-07
451 3.402405409108765e-07
452 3.5694209630313446e-07
453 3.010729651747931e-07
454 3.5204564698237485e-07
455 3.687576389965777e-07
456 3.992058027727582e-07
457 3.2625697839903823e-07
458 3.683776517428823e-07
459 3.373953683484301e-07
460 3.785716076523568e-07
461 3.3430130669006757e-07
462 3.433421616072928e-07
463 3.41669449904681e-07
464 3.444240138896533e-07
465 3.166634467088282e-07
466 3.472264898123472e-07
467 3.2285247951779463e-07
468 2.610989588539687e-07
469 3.6921364152107485e-07
470 3.1678819302742494e-07
471 3.281415687229704e-07
472 3.361175538240324e-07
473 3.1426871650787727e-07
474 3.3133489787103274e-07
475 3.015888778264808e-07
476 3.160921571561245e-07
477 3.1193401241123895e-07
478 3.3944212388672486e-07
479 3.358532213969891e-07
480 3.26223136595117e-07
481 3.4649893029744146e-07
482 3.0752667808324584e-07
483 3.3474063258968185e-07
484 3.177571501675507e-07
485 3.5902013100000105e-07
486 3.529699508219656e-07
487 3.1572012896586363e-07
488 3.3655300937162564e-07
489 3.365378711186447e-07
490 3.3520723034025055e-07
491 3.8168245173535675e-07
492 3.564947217910359e-07
493 3.497951855127581e-07
494 3.270613646912664e-07
495 3.4257832558643627e-07
496 3.2266589938084726e-07
497 3.671837104491297e-07
498 3.4015264113576507e-07
499 3.594361541020367e-07
500 3.499770141277004e-07
501 2.940358097823835e-07
502 3.081924427679764e-07
503 3.1298916572363463e-07
504 3.5572570208506e-07
505 3.487429715568446e-07
506 3.863004869423616e-07
507 3.4358213744431334e-07
508 3.4601264684652724e-07
509 3.31765850683791e-07
510 3.528560952736657e-07
511 3.1572128779829693e-07
512 3.41035267460829e-07
513 3.423189310926391e-07
514 3.400118557777906e-07
515 3.5793634811981395e-07
516 3.1575807638322203e-07
517 3.4994805017983764e-07
518 3.1471776632248815e-07
519 3.686290830706683e-07
520 3.1276672362591154e-07
521 3.3561758510944704e-07
522 3.5744805993079817e-07
523 3.205724643617928e-07
524 2.932527057551863e-07
525 3.467068490081997e-07
526 3.6636555223120863e-07
527 3.5451170967904537e-07
528 3.4294029478033687e-07
529 3.1732317905569176e-07
530 3.555143683497615e-07
531 3.79279608701719e-07
532 2.8849239656506883e-07
533 3.428326676811931e-07
534 2.660925688548853e-07
535 2.882033300903397e-07
536 3.391351592331212e-07
537 3.198582100370039e-07
538 3.1515451187589837e-07
539 2.866688564682515e-07
540 3.4748369425346677e-07
541 3.657281513138099e-07
542 3.0319026146625267e-07
543 3.4473538728443906e-07
544 3.529397428579315e-07
545 3.7643339925590314e-07
546 3.744959890118387e-07
547 3.378104092050986e-07
548 3.537031726093745e-07
549 3.9615989591364945e-07
550 3.060525071083955e-07
551 3.554290134928405e-07
552 3.3876200713650166e-07
553 3.2869882972584944e-07
554 3.0321841070082367e-07
555 3.839274680351619e-07
556 3.183707681750217e-07
557 3.4268533364983745e-07
558 3.507579760040274e-07
559 3.610681321746365e-07
560 3.729236995554539e-07
561 3.242933511241487e-07
562 3.293043706509164e-07
563 3.1706716438312613e-07
564 3.3364087993853636e-07
565 3.3020915680731975e-07
566 3.666557900384049e-07
567 3.4209637650093244e-07
568 3.204807704427083e-07
569 3.38606100543932e-07
570 3.231166374389172e-07
571 3.27023045392531e-07
572 3.7642813717499034e-07
573 3.6381738122116063e-07
574 3.2162470013359477e-07
575 3.690838493216709e-07
576 3.420479571344817e-07
577 3.054786155800184e-07
578 3.4846607103548077e-07
579 2.907702496971262e-07
580 3.019272242855499e-07
581 3.417355770771124e-07
582 3.2190416661888686e-07
583 3.269611675216647e-07
584 3.4792224701933856e-07
585 3.3566400629531433e-07
586 3.2643890034894505e-07
587 3.76676277731621e-07
588 3.475777179202e-07
589 3.437355450242664e-07
590 3.509516927497468e-07
591 3.186037935935699e-07
592 2.819065765895109e-07
593 3.235712868675445e-07
594 3.360790998351105e-07
595 3.460433386155548e-07
596 3.172491692084105e-07
597 3.6500138280322036e-07
598 3.025903264645802e-07
599 3.169257858921344e-07
600 3.102578521100276e-07
601 3.710554693872107e-07
602 3.2082591115614553e-07
603 3.773143190079264e-07
604 3.2600862422021494e-07
605 3.5402447009412606e-07
606 3.331522544183766e-07
607 3.356945502330497e-07
608 3.5261629614497107e-07
609 3.521114925068517e-07
610 3.725805795013713e-07
611 3.461298112453622e-07
612 3.1231847707469683e-07
613 3.477953638645183e-07
614 3.134675735692002e-07
615 2.958445375129897e-07
616 3.415532525878198e-07
617 3.4172439514974905e-07
618 3.493322096612509e-07
619 3.414584977165786e-07
620 3.339082631869615e-07
621 3.218500955147973e-07
622 3.232217284263085e-07
623 3.101440794023903e-07
624 3.331851046197938e-07
625 3.382724742328499e-07
626 3.4649640077419987e-07
627 3.465856355898345e-07
628 3.2145163999441385e-07
629 3.876405739329578e-07
630 3.5731238470423964e-07
631 3.3633748640696497e-07
632 3.3309279098708803e-07
633 3.762977128228095e-07
634 3.3473197646779147e-07
635 3.757724459593133e-07
636 3.124402171539353e-07
637 3.0736376448653405e-07
638 3.4964205975272647e-07
639 3.331867919143714e-07
640 3.465762156621035e-07
641 3.114503086173139e-07
642 3.1759386301726784e-07
643 3.249745870201464e-07
644 3.702878304361865e-07
645 3.482129914160189e-07
646 2.957188948324274e-07
647 3.6610794344976554e-07
648 3.6105102298584685e-07
649 3.192488344207514e-07
650 3.120990641858775e-07
651 3.9563107645072835e-07
652 3.316338479516088e-07
653 3.4295031704595754e-07
654 3.105389687621013e-07
655 3.2307999708373677e-07
656 3.363062387133061e-07
657 3.2437252019042145e-07
658 3.584865244930008e-07
659 3.4532946327977725e-07
660 3.732683230288127e-07
661 3.656852167091179e-07
662 3.181095867435215e-07
663 3.689801709090402e-07
664 3.4542288547754094e-07
665 3.1301873493730505e-07
666 3.528903989642694e-07
667 3.425308491265141e-07
668 3.38349404951136e-07
669 3.095223326601497e-07
670 3.815029301604435e-07
671 3.384025829539264e-07
672 3.2878058205833654e-07
673 3.065278515974824e-07
674 3.522776735461829e-07
675 2.9616015716453166e-07
676 3.343027232666015e-07
677 3.361527285672094e-07
678 3.2404298592519663e-07
679 3.423918759978001e-07
680 2.893229431401473e-07
681 3.309046881264358e-07
682 2.999105526392879e-07
683 3.2543456033872535e-07
684 3.5935472859470755e-07
685 3.1951177556080814e-07
686 3.644771320566043e-07
687 3.286121178684998e-07
688 3.4076339134401535e-07
689 3.56474567429473e-07
690 3.2956180052652083e-07
691 3.035761381885309e-07
692 3.2836904576633966e-07
693 2.9953834976547123e-07
694 3.322494381709365e-07
695 3.3820249235825876e-07
696 3.2515303137246533e-07
697 3.850916378250864e-07
698 3.43800244339639e-07
699 3.5334168302220987e-07
700 3.437862886605769e-07
701 3.3087702959820996e-07
702 3.192594279114416e-07
703 3.4119642288060844e-07
704 3.241774525167929e-07
705 3.5797054237103445e-07
706 3.028359858803061e-07
707 3.065920549962659e-07
708 2.942151420109256e-07
709 3.234986621899005e-07
710 3.495564364628251e-07
711 3.3999381135290063e-07
712 3.2103145926891275e-07
713 3.338413713789179e-07
714 3.468546852817481e-07
715 3.359663989236408e-07
716 3.478096474504882e-07
717 3.4709081502238926e-07
718 3.778098941724993e-07
719 3.23938952903657e-07
720 3.2370767628216713e-07
721 3.482225482951969e-07
722 3.4785126394526204e-07
723 3.2226345190571343e-07
724 2.898577232767774e-07
725 3.449135306763453e-07
726 3.630149569817798e-07
727 3.3418353856700747e-07
728 3.2267211161187336e-07
729 3.680804037575608e-07
730 3.705689037624565e-07
731 2.949932104814298e-07
732 3.8082933987734353e-07
733 3.338114233767945e-07
734 3.5728426035133627e-07
735 3.282537573728062e-07
736 3.4961084561512937e-07
737 3.346800912009622e-07
738 3.154571791839609e-07
739 3.38166643772019e-07
740 3.385080503376572e-07
741 3.2199901129064714e-07
742 3.5654242383597217e-07
743 3.415860311905623e-07
744 3.507662239232709e-07
745 3.1501508269455375e-07
746 3.343273685708613e-07
747 3.789106187732109e-07
748 3.252051372300272e-07
749 2.768575345135663e-07
750 3.131000587716298e-07
751 3.4720781583438485e-07
752 2.9506911816259166e-07
753 3.3924740678263413e-07
754 3.559598605205386e-07
755 3.0274876742693834e-07
756 3.389423833418957e-07
757 3.154984614530192e-07
758 3.1459407696297156e-07
759 3.702053313476643e-07
760 3.0950033773001875e-07
761 3.2318705118595615e-07
762 3.1720499268488184e-07
763 3.637245316965188e-07
764 3.8913075912143434e-07
765 3.5252832023161056e-07
766 3.4362086480425346e-07
767 3.3347209721499964e-07
768 3.286653227468376e-07
769 3.3258653841233477e-07
770 3.4889453103559727e-07
771 3.293822265367871e-07
772 2.879101728781208e-07
773 3.685421113261401e-07
774 3.469404778878177e-07
775 3.574829988670699e-07
776 3.6339257481261566e-07
777 3.366161557097274e-07
778 3.4146180134481235e-07
779 3.50793464220537e-07
780 3.74084093671968e-07
781 3.1851809712117807e-07
782 3.5991397614247615e-07
783 3.7385909539177485e-07
784 3.4256484897907027e-07
785 3.1228396351451313e-07
786 3.3836391503434394e-07
787 3.451865989694743e-07
788 3.092890991090293e-07
789 3.703053091453756e-07
790 3.69591036753724e-07
791 3.052747527159638e-07
792 3.388054520652153e-07
793 3.2836273358252163e-07
794 3.736244546765923e-07
795 3.0588304385387825e-07
796 3.7570656662436594e-07
797 3.876580280909985e-07
798 3.2344795733557127e-07
799 3.467233584580933e-07
800 3.833003194772859e-07
801 3.194159415120622e-07
802 3.334017709595394e-07
803 2.853318373988857e-07
804 3.384397640731313e-07
805 3.1331552519845635e-07
806 2.962905936788287e-07
807 3.364008212385868e-07
808 3.066650965570328e-07
809 3.088720186165159e-07
810 3.2453333659215283e-07
811 3.704890962122908e-07
812 3.209004084541507e-07
813 3.4120509493277837e-07
814 3.2648170661640625e-07
815 3.435524818735594e-07
816 3.6313523922632635e-07
817 3.0780352748001423e-07
818 3.31989596761083e-07
819 3.444163704769556e-07
820 3.7271931606287555e-07
821 3.1546671743751905e-07
822 2.9521620913552255e-07
823 3.087216524040214e-07
824 3.0441113361084114e-07
825 3.3038474633616417e-07
826 3.098830774975429e-07
827 3.151373158015506e-07
828 3.0942463229966575e-07
829 3.525102470747889e-07
830 3.44200671157666e-07
831 3.5879133825726983e-07
832 3.3877262601539647e-07
833 3.0824483829564593e-07
834 3.3598855288570897e-07
835 3.0521239773649475e-07
836 2.724121702876559e-07
837 3.0233105099144405e-07
838 3.1102685648225406e-07
839 3.3334878655991085e-07
840 3.524560158705521e-07
841 3.530627087666291e-07
842 3.584809294159462e-07
843 2.829585512597271e-07
844 3.4603015137863813e-07
845 3.9402627595918e-07
846 2.6806122035689475e-07
847 3.1689449362233863e-07
848 3.441842180867381e-07
849 3.499476938624952e-07
850 3.703039881451256e-07
851 3.7627067764117725e-07
852 3.0763070510896907e-07
853 3.503866002405257e-07
854 3.2894602201062244e-07
855 3.568834705865235e-07
856 3.566332758282934e-07
857 3.607310873748168e-07
858 3.372358589161602e-07
859 3.177566143465438e-07
860 3.5497537167526585e-07
861 3.13709540856208e-07
862 3.4968064397655116e-07
863 3.3061189418593036e-07
864 3.3500038651725596e-07
865 3.211418713961885e-07
866 3.316832097281941e-07
867 3.5014891486521724e-07
868 3.261218323080759e-07
869 3.6348957256478163e-07
870 3.570268714007344e-07
871 3.180510828674563e-07
872 3.2245601726295036e-07
873 3.2947642218146924e-07
874 3.17876610495428e-07
875 3.2437886911970807e-07
876 3.245297204727963e-07
877 3.061672451106395e-07
878 3.302591920021058e-07
879 3.50930004387396e-07
880 3.520954055395272e-07
881 3.16085869769339e-07
882 3.610583394818862e-07
883 3.1173904804364454e-07
884 3.6947260975742044e-07
885 3.7163854797321294e-07
886 3.4820893851885965e-07
887 3.2011821143364773e-07
888 3.653543205084817e-07
889 3.091693749122496e-07
890 3.1806712772040146e-07
891 2.642156642049939e-07
892 2.912759505353688e-07
893 3.607970514775682e-07
894 3.3653912192010665e-07
895 2.9345825192730673e-07
896 3.5133191284014875e-07
897 3.04319323940981e-07
898 3.179499560029004e-07
899 3.2439131513926086e-07
900 3.3625630381660774e-07
901 2.987340887432084e-07
902 3.47249195152122e-07
903 3.240637529419904e-07
904 3.1307185508887577e-07
905 3.073650437863208e-07
906 3.4072470794140885e-07
907 3.614954346769403e-07
908 3.4511960996531747e-07
909 3.48470162469306e-07
910 3.409655780223065e-07
911 3.2131938249880537e-07
912 2.730472088928685e-07
913 3.5547415317753035e-07
914 2.999943664646448e-07
915 3.117492740486248e-07
916 3.222634192241846e-07
917 3.3427001331438526e-07
918 3.851119880506766e-07
919 2.888384208076115e-07
920 3.9147524346512576e-07
921 3.489401090029342e-07
922 3.223451275524995e-07
923 3.0375947930296037e-07
924 3.299354832597127e-07
925 3.4869663028684273e-07
926 3.4177205845487863e-07
927 3.465026539800811e-07
928 3.3532736222726544e-07
929 3.757870719741111e-07
930 3.3380631476038806e-07
931 3.1482534592354334e-07
932 3.0434832109586686e-07
933 3.432044262618222e-07
934 3.1972759687683425e-07
935 3.434324695537638e-07
936 3.228102174919914e-07
937 3.3443012856845747e-07
938 3.169074131106944e-07
939 3.274381809171254e-07
940 3.1025535789632785e-07
941 3.398315884394344e-07
942 3.399836301653684e-07
943 3.436847107244805e-07
944 3.336921545213812e-07
945 3.4642747550739053e-07
946 3.06951690454557e-07
947 3.5426547797327364e-07
948 3.2214564932729623e-07
949 3.5095008422764174e-07
950 2.9410065731732006e-07
951 3.7451250411362265e-07
952 3.311970301029581e-07
953 3.4299616994799447e-07
954 3.7314594874245015e-07
955 2.954751886822377e-07
956 3.209671126735874e-07
957 3.2721301216444223e-07
958 3.221422010968252e-07
959 3.309349566118279e-07
960 3.308356652086104e-07
961 3.3924089954081555e-07
962 3.194465403869344e-07
963 3.144044338631391e-07
964 3.23102297101593e-07
965 3.460772758962433e-07
966 3.376426758710188e-07
967 3.0907875312507706e-07
968 3.205861684473025e-07
969 3.6979056498627464e-07
970 3.1846130589359507e-07
971 3.188617314406291e-07
972 2.995673516373034e-07
973 3.4839450691831326e-07
974 3.416141638787711e-07
975 3.3026965035209535e-07
976 3.413728612765347e-07
977 3.46427002194282e-07
978 3.3626358824979104e-07
979 3.3337042792733753e-07
980 2.9156230208431777e-07
981 3.1026630012642905e-07
982 3.295840342939966e-07
983 3.833711528731776e-07
984 3.2008279119371723e-07
985 3.5710080540550384e-07
986 3.0640264050199687e-07
987 2.854195106683006e-07
988 3.475015996849956e-07
989 3.7360631958734764e-07
990 3.471564695120667e-07
991 3.235693658309531e-07
992 3.6611288237245893e-07
993 3.1337452828409476e-07
994 3.5113218743806743e-07
995 3.0732234033255164e-07
996 3.637136012373698e-07
997 3.1374366088413023e-07
998 3.1975774182407704e-07
999 3.4196812817240167e-07
