0 7.647313922667522e-07
1 6.973520897437986e-07
2 9.519866423621527e-07
3 9.672942986270556e-07
4 7.259798928564728e-07
5 9.133318951416603e-07
6 7.895494654587176e-07
7 7.66652133770388e-07
8 6.460541334625479e-07
9 5.150888951400746e-07
10 1.1642302584118804e-06
11 4.541450113437704e-07
12 6.485661013918984e-07
13 6.193298273567885e-07
14 5.791484856444416e-07
15 7.480892453411781e-07
16 1.076795447794943e-06
17 1.1170767620796478e-06
18 1.1289590462088048e-06
19 3.9871234621522984e-07
20 9.699710440694857e-07
21 5.252740055592994e-07
22 7.288433859405986e-07
23 9.056036024267666e-07
24 5.942184714555475e-07
25 1.3509862824240116e-06
26 7.577653369063871e-07
27 9.262849651187569e-07
28 1.193630558900336e-06
29 6.601663466384379e-07
30 7.831096444404457e-07
31 9.389484264782453e-07
32 1.0052813339026507e-06
33 1.0910808386913294e-06
34 5.951361621354389e-07
35 1.182578793341936e-06
36 5.805738800399937e-07
37 8.089327682843918e-07
38 3.8188810250006124e-07
39 7.75077860188246e-07
40 4.613527212433396e-07
41 5.875685831389018e-07
42 5.905281281034925e-07
43 6.751581405654487e-07
44 1.397259482188408e-06
45 1.071330302945224e-06
46 6.073162424689324e-07
47 8.217966250182716e-07
48 6.006187541152537e-07
49 1.0491297965406505e-06
50 -2.7221171531404904e-08
51 3.2642222801713724e-07
52 8.952628168484117e-07
53 1.1148853865569922e-06
54 3.7712166050352733e-07
55 1.0952798835872815e-06
56 9.332873793009602e-07
57 5.237986701463773e-07
58 6.996954961791743e-07
59 1.0430225239605888e-06
60 1.105274500389373e-06
61 7.549028051665728e-07
62 7.495115726262457e-07
63 8.71959068924069e-07
64 8.119299986291199e-07
65 1.0930607971561532e-06
66 8.195900228531083e-07
67 1.1854460449192333e-06
68 3.622727235548386e-07
69 5.839056430839424e-07
70 6.502813613383603e-07
71 2.0994793454692006e-07
72 5.48519833006985e-07
73 9.179216124501988e-07
74 8.079432867968036e-07
75 5.949642949930596e-07
76 6.371941532987214e-07
77 8.036257772736295e-07
78 8.813500027197788e-07
79 5.279192158473327e-07
80 7.685298344341927e-07
81 5.73802066648785e-07
82 8.123838859081707e-07
83 1.1418833421610827e-06
84 9.928686308327238e-07
85 2.512803671028188e-07
86 8.664237117764758e-07
87 8.268077673037501e-07
88 1.0067591917647125e-06
89 1.0147481531381111e-06
90 8.268045121958476e-07
91 1.1893776304892663e-06
92 7.552375904609034e-07
93 9.451237788491349e-07
94 7.537209501753341e-07
95 2.0903462687312605e-07
96 1.1300960087678736e-06
97 8.603832150340224e-07
98 6.626625527157668e-07
99 9.129050125395172e-07
100 9.955961475457318e-07
101 6.478676020999669e-07
102 8.037699178492875e-07
103 6.371813968893898e-07
104 9.449976284695178e-07
105 9.02574090961711e-07
106 4.3912215447346803e-07
107 2.602906525154941e-07
108 6.865342524608084e-07
109 1.1008292436670628e-06
110 1.0773648445107363e-06
111 9.499672276521891e-07
112 6.063017234999428e-07
113 8.410206560743584e-07
114 4.912174519650517e-07
115 2.7428447400834356e-07
116 4.5193454631813273e-07
117 3.727749493276712e-07
118 7.990639200166402e-07
119 7.787407037138148e-07
120 9.068034539393519e-07
121 7.495600623272219e-07
122 4.383157881383313e-07
123 8.304326042500229e-07
124 9.172852625642748e-07
125 6.213435008320388e-07
126 7.949623829049185e-07
127 1.09899571122817e-06
128 1.1175765257928453e-06
129 1.1931380727880736e-06
130 5.123782974126262e-07
131 1.0834246948249803e-06
132 1.0921541489382518e-06
133 5.433708584198031e-07
134 1.0303537832606626e-06
135 1.0683192391961542e-06
136 9.886610224427433e-07
137 5.816389545977538e-07
138 7.532072187122523e-07
139 7.65468811154163e-07
140 8.877296032761591e-07
141 9.511910845352042e-07
142 3.279455891197494e-07
143 6.153143634574433e-07
144 6.607840716062172e-07
145 7.641187558945918e-07
146 4.843926227309237e-07
147 5.529042279113158e-07
148 1.1084913189712562e-06
149 8.24110963444436e-07
150 6.287154644993621e-07
151 9.535104261895286e-07
152 8.603305679634794e-07
153 5.824899420680581e-07
154 8.526840261033175e-07
155 7.350195094563151e-07
156 9.7429494802208e-07
157 5.865324774900468e-07
158 6.07857197356974e-07
159 6.518008917011328e-07
160 8.837760088245138e-07
161 2.1463415081372169e-07
162 5.803665675669945e-07
163 7.244660003659436e-07
164 6.137076032896371e-07
165 9.792553170224554e-07
166 1.1649244170577838e-06
167 7.334277198128478e-07
168 9.286260299886521e-07
169 8.494603976152957e-07
170 1.1006339367251762e-06
171 8.766493721158708e-07
172 6.987394915443109e-07
173 1.1340521393441342e-06
174 7.053209145354956e-07
175 6.128938174338017e-07
176 7.160147760509648e-07
177 7.073957349336454e-07
178 3.2903833412836745e-07
179 6.862621443467533e-07
180 7.512119207869847e-07
181 5.422277879208884e-07
182 8.452781435165873e-07
183 9.75622558307714e-07
184 1.3266330518733419e-06
185 6.570583102718887e-07
186 4.8505618354658e-07
187 1.3452236833271655e-06
188 1.1567761528610213e-06
189 9.050739648568414e-07
190 9.016294172187728e-07
191 3.0767777494620757e-07
192 7.851638518491182e-07
193 1.4346895183079605e-06
194 8.377444785753375e-07
195 5.885099331075045e-07
196 7.372313679497513e-07
197 7.624084254309074e-07
198 9.636964136912191e-07
199 1.012468775179193e-06
200 9.614047241701048e-07
201 8.001302603724792e-07
202 6.854683831140569e-07
203 1.3339828191954424e-06
204 8.405624326693345e-07
205 1.568808579466234e-06
206 1.0116619790834607e-06
207 4.094359494033786e-07
208 6.358270860614952e-07
209 1.0194749099595588e-06
210 9.395503379575656e-07
211 9.301681813524481e-07
212 9.260240312216543e-07
213 6.797745986567359e-07
214 7.722937962437656e-07
215 7.74909863985954e-07
216 9.189084192005229e-07
217 1.0088842738156938e-06
218 7.143994302144492e-07
219 6.094974454286679e-07
220 1.074776779062837e-06
221 5.121488001358279e-07
222 1.1393292154307178e-06
223 8.711352012455017e-07
224 2.753981246084158e-07
225 1.0649202874623199e-06
226 7.674559488766513e-07
227 1.1826943425971006e-06
228 8.052556408005279e-07
229 1.2211481962760618e-06
230 5.888243966027373e-07
231 1.1460123549079675e-06
232 2.0695851742246355e-07
233 1.0369656326427452e-06
234 8.869995504444685e-07
235 1.1121687404061597e-06
236 5.44678433501396e-07
237 1.293113732553105e-06
238 7.629653053653411e-07
239 6.715589421806813e-07
240 4.383382485116071e-07
241 1.092470217443967e-06
242 7.696131578992061e-07
243 5.348704822889834e-07
244 1.2027965686826264e-06
245 8.659439981294763e-07
246 1.0890712182883563e-06
247 7.818279134291815e-07
248 6.631140532666346e-07
249 1.1223122934561993e-06
250 6.922512435133966e-07
251 8.447407425473384e-07
252 1.0918554823163475e-06
253 1.197145212165507e-06
254 6.790885572356597e-07
255 2.2037020287156966e-07
256 5.001691707098629e-07
257 9.662970038364387e-07
258 7.821353911385098e-07
259 8.626810736355349e-07
260 9.69042401775366e-07
261 6.838218023071502e-07
262 4.983920176726099e-07
263 7.255356556022578e-07
264 5.638999809677635e-07
265 6.902326920503905e-07
266 7.811228332476301e-07
267 5.850993123592082e-07
268 3.1246883145789287e-07
269 9.88769599061663e-07
270 8.258306782285028e-07
271 6.801845766458089e-07
272 9.008047882288107e-07
273 6.266452286434984e-07
274 1.1113416066330714e-06
275 6.926322535589366e-07
276 1.0387967069616348e-06
277 5.441870358559753e-07
278 8.064002351147601e-07
279 1.030607642702327e-06
280 8.404801461858306e-07
281 1.0472544376653625e-06
282 5.261933068424861e-07
283 8.248329048277248e-07
284 8.863095660468602e-07
285 1.0158824525558088e-06
286 9.790714110512711e-07
287 8.17911481919691e-07
288 7.510713739465464e-07
289 1.1078393618454701e-06
290 1.0163441097061819e-06
291 7.348948168421e-07
292 4.817426787344747e-07
293 5.608661442912404e-07
294 7.089351425710195e-07
295 7.903403954257763e-07
296 6.135455664254914e-07
297 3.4278406691197696e-07
298 6.899900070372263e-07
299 5.38889926731359e-07
300 6.961538499200583e-07
301 8.675085896627596e-07
302 9.41511280004225e-07
303 8.723531057453111e-07
304 8.301599622696451e-07
305 6.493170076671624e-07
306 3.353488843463973e-07
307 1.0232111147002388e-06
308 2.239797884350196e-07
309 9.616635876786515e-07
310 1.4573232094227565e-06
311 5.718607922772214e-07
312 8.160247097232208e-07
313 4.3766516349014107e-07
314 3.4761253600317665e-07
315 9.566589654297593e-07
316 3.4133593966644504e-07
317 6.719128535478358e-07
318 1.1009194398251018e-06
319 8.139309874660317e-07
320 1.2435263823234468e-06
321 1.0594661558445998e-06
322 7.40753396374841e-07
323 7.737876404339882e-07
324 9.501018520225448e-07
325 4.5322354519193483e-07
326 1.09941967322852e-06
327 8.376097780947808e-07
328 1.1689040269913864e-06
329 8.568644175525844e-07
330 6.832564445801469e-07
331 8.900268761555189e-07
332 9.012340657363278e-07
333 1.1064986730756844e-06
334 1.0815470602550973e-06
335 6.142501832018131e-07
336 1.0129983917298619e-06
337 8.755803365025258e-07
338 9.281582166010643e-07
339 8.216920588751168e-07
340 8.167045401023092e-07
341 1.121127606035255e-06
342 5.084699663055656e-07
343 7.857666810360963e-07
344 7.862283172884707e-07
345 9.580880045784622e-07
346 6.459802581645584e-07
347 9.855948309782288e-07
348 9.609755415759484e-07
349 5.938365638094113e-07
350 5.16355055489037e-07
351 6.9600180552588e-07
352 5.694861154384221e-07
353 7.178520592091335e-07
354 3.9204161094819613e-07
355 1.0500808642571e-06
356 1.004385136038719e-06
357 6.457954524326564e-07
358 1.0394650495396215e-06
359 6.579548797023652e-07
360 8.796560728701447e-07
361 8.523316185500207e-07
362 5.56820152798709e-07
363 1.2273456559096067e-06
364 1.1956294841617842e-06
365 9.959625526277668e-07
366 4.4183940525091054e-07
367 8.598398859707767e-07
368 5.906212668305263e-07
369 3.4519295425902744e-07
370 9.013288090071616e-07
371 5.116523731692721e-07
372 7.952438572518612e-07
373 6.847937980813374e-07
374 1.2336752347732133e-06
375 1.1801907896424043e-06
376 7.934098858650558e-07
377 1.049487427641512e-06
378 1.1131339695556812e-06
379 1.11444909535767e-06
380 9.220199817439544e-07
381 3.586755333357458e-07
382 1.2926873287069857e-06
383 3.3112877808047257e-07
384 5.484718538858526e-07
385 7.663117414429277e-07
386 9.59646345348896e-07
387 5.27227204946818e-07
388 8.962102170469674e-07
389 8.753619138500363e-07
390 1.0064531149701147e-06
391 6.499386930917316e-07
392 9.470744021806557e-07
393 9.377492445810427e-07
394 8.089170732536424e-07
395 8.614375965344885e-07
396 6.376733756133024e-07
397 7.763693075627819e-07
398 7.220909696971143e-07
399 5.897282466630475e-07
400 9.920927227279857e-07
401 7.200873353768707e-07
402 7.212739264675659e-07
403 8.746498766321801e-07
404 7.213026951568896e-07
405 8.924237068936924e-07
406 1.0562649907385378e-06
407 6.773304652386773e-07
408 6.343723500529683e-07
409 8.791407439360638e-07
410 7.204655638409512e-07
411 7.441979870883266e-07
412 5.471728254910133e-07
413 8.824448891812183e-07
414 9.2028510062256e-07
415 6.148697034799655e-07
416 9.060430635106488e-07
417 2.41460251041061e-07
418 1.0013617642158274e-06
419 7.875865869522818e-07
420 7.18546205265699e-07
421 1.1355915909010753e-06
422 3.4725028772003685e-07
423 9.625828097608525e-07
424 4.784242806302713e-07
425 7.899118645286254e-07
426 1.1391084143109986e-06
427 5.192090470339666e-07
428 6.830221573744826e-07
429 7.568049124071408e-07
430 3.4194873703384107e-07
431 2.530062983662523e-07
432 8.610918693971391e-07
433 4.995428062777993e-07
434 7.021041791934437e-07
435 5.850921235235502e-07
436 9.98612059089715e-07
437 9.536296495823165e-07
438 1.0934043346566418e-06
439 5.444964472323452e-07
440 6.752166474112666e-07
441 6.943673574846827e-07
442 7.07912191916502e-07
443 4.7323474234444675e-07
444 9.386925583720499e-07
445 9.112720880755308e-07
446 7.206929594036852e-07
447 1.0252124479703305e-06
448 1.1291847520172313e-06
449 5.350963322422525e-07
450 5.507140439142175e-07
451 1.0211089777585395e-06
452 1.73174734944516e-07
453 1.2480395135187596e-06
454 9.232844246424791e-07
455 2.6586139084763846e-07
456 1.0066966157370785e-06
457 8.834403387481379e-07
458 1.7554053617504254e-07
459 6.24855267699695e-07
460 7.013761674100269e-07
461 4.812152323590876e-07
462 9.961503753381192e-07
463 8.119278265251525e-07
464 7.427771110201044e-07
465 1.2413429653398963e-06
466 5.210373443731685e-07
467 7.955832824186131e-07
468 1.0490631549612227e-06
469 5.759014755570345e-07
470 7.219749238914714e-07
471 9.133990376576169e-07
472 8.978781321414244e-07
473 6.646544117402761e-07
474 5.059504103751776e-07
475 7.143800328241454e-07
476 1.1787097900004193e-06
477 1.0361146063967451e-06
478 1.0722011821467107e-06
479 4.677696226376022e-07
480 5.410899429358915e-07
481 9.54827260554008e-07
482 1.1482977373014068e-06
483 8.381934448146997e-07
484 9.008246061732583e-07
485 9.477445200455785e-07
486 6.08770393586788e-07
487 9.016430820330583e-07
488 6.743505902926207e-07
489 6.912714859745319e-07
490 1.2278689192133534e-06
491 5.676203259724629e-07
492 6.158084920851293e-07
493 4.114081838475264e-07
494 7.318082022129563e-07
495 9.628637322684756e-07
496 7.169925445299497e-07
497 4.991378759107301e-07
498 6.660023309513701e-07
499 5.417521427184991e-07
500 8.678484204063026e-07
501 9.85681528865274e-07
502 1.0731797949442142e-06
503 6.60546300729683e-07
504 1.034610553700983e-06
505 6.864403008200525e-07
506 7.492843230890052e-07
507 7.992934436580904e-07
508 6.544726999189233e-07
509 8.749650045989311e-07
510 5.121530547385877e-07
511 1.1898644491281645e-06
512 9.9742854222307e-07
513 6.265564975807335e-07
514 8.271506578270899e-07
515 4.0936441107911856e-07
516 6.224635525909937e-07
517 4.3221387774802746e-07
518 8.18406910047672e-07
519 1.0525044819824053e-06
520 4.4888272718343613e-07
521 1.2130249634602435e-06
522 6.881441288770413e-07
523 1.0850567748399703e-06
524 9.467247253489607e-07
525 7.675666785781703e-07
526 7.063088022942149e-07
527 1.239148062112038e-06
528 6.559932412952772e-07
529 1.0996482136322376e-06
530 9.55173874978115e-07
531 6.333765663967131e-07
532 1.155683665046469e-06
533 4.354775194980791e-07
534 1.105559632971526e-06
535 8.233260234895366e-07
536 1.1188558756242717e-06
537 7.863027035298721e-07
538 9.542482978510005e-07
539 1.0195137198956366e-06
540 6.390186389783394e-07
541 7.21744493905268e-07
542 6.071597320831635e-07
543 6.854565313995614e-07
544 3.1571294520554806e-07
545 4.0653280581311795e-07
546 7.270574510423628e-07
547 1.2728728588637906e-06
548 8.592132330170324e-07
549 6.337590454027185e-07
550 1.0946949551533016e-06
551 1.0656057362392773e-06
552 5.202145261003067e-07
553 4.4661635487173155e-07
554 1.3812632775269831e-06
555 6.187701393975307e-07
556 6.929373059267455e-07
557 6.60546531303354e-07
558 5.367817641761662e-07
559 8.40855709158404e-07
560 7.032843633784326e-07
561 1.0533282041447871e-06
562 1.1454788771358285e-06
563 9.999427908343634e-07
564 6.282702556552764e-07
565 9.294478822208486e-07
566 9.723998032710887e-07
567 2.9157491024892735e-07
568 6.959578599272205e-07
569 9.775931231559558e-07
570 1.1884112081433537e-06
571 1.0895609349877851e-06
572 7.747698326064444e-07
573 3.4087263994715515e-07
574 5.138215726052302e-07
575 6.7526667980183e-07
576 6.002367908216667e-07
577 1.0376159494078082e-06
578 9.727270761172738e-07
579 1.1522027576104582e-06
580 8.983546455878958e-07
581 9.314333106668273e-07
582 2.2749830582598146e-07
583 3.8110055568090484e-07
584 9.55456261726017e-07
585 1.2459390611341087e-06
586 7.901103596313706e-07
587 5.194249827511808e-07
588 8.318477948736836e-07
589 4.398061973360663e-07
590 6.102960806710996e-07
591 5.521785861174895e-07
592 8.149859617758601e-07
593 1.1945802139818286e-06
594 7.940821364392673e-07
595 6.018039469543544e-07
596 1.092943345119604e-06
597 1.933697660258627e-07
598 7.674091907403117e-07
599 3.4697707678168656e-07
600 5.768800781241515e-07
601 9.520535655368253e-07
602 9.69811601551806e-07
603 7.286949263147023e-07
604 5.68329638983223e-07
605 6.501279552902153e-07
606 1.1770746886186949e-06
607 8.195409489703614e-07
608 9.481588048127681e-07
609 2.9620723047425485e-07
610 4.04939650163654e-07
611 3.976931715463239e-07
612 7.676549899847451e-07
613 1.1379510784073495e-06
614 9.441046723222453e-07
615 8.400905424962796e-07
616 3.0518550666084536e-07
617 6.892388469542741e-07
618 8.991002953240744e-07
619 3.850437731630746e-07
620 7.566348071764328e-07
621 9.787819465921893e-07
622 1.0893227340038572e-06
623 6.76815332436054e-07
624 1.0088982481970012e-06
625 7.8683700731032e-07
626 3.2967239477740574e-07
627 6.510856745108184e-07
628 1.044155712533544e-06
629 4.4166575685656844e-07
630 5.609145474037453e-07
631 5.660266972704924e-07
632 8.310263503169824e-07
633 1.0713469001989686e-06
634 6.391114125583309e-07
635 7.791442413189788e-07
636 4.800790510463727e-07
637 6.988564067481087e-07
638 5.463431354602245e-07
639 4.4732963470194596e-07
640 1.6359206103560017e-07
641 5.146921275842437e-07
642 8.995549686221702e-07
643 8.09897270136856e-07
644 3.729398787702298e-07
645 5.990472840737606e-07
646 1.132597154717591e-06
647 7.691020246433848e-07
648 7.043515256792257e-07
649 9.52098798148842e-07
650 1.3538897924144768e-06
651 7.430927377966589e-07
652 1.1723919876365055e-06
653 6.46495332865609e-07
654 9.460492141411735e-07
655 1.0371148058671364e-06
656 8.322931452767791e-07
657 1.1470007306389132e-06
658 5.395962164113402e-07
659 7.656049082758119e-07
660 4.996505365986274e-07
661 6.675148758291737e-07
662 8.345149006619969e-07
663 6.328827045843743e-07
664 5.870705352229044e-07
665 8.528633709252312e-07
666 5.225953198206559e-07
667 5.874044576419237e-07
668 6.559062338391635e-07
669 4.038582007725214e-07
670 8.114935301482488e-07
671 4.4208396246090326e-07
672 1.2120994394022113e-06
673 1.023988933263787e-06
674 8.782908228162944e-07
675 9.399699593649477e-07
676 7.48753367682244e-07
677 7.14679132821969e-07
678 7.48669365063853e-07
679 1.1679474099507983e-06
680 8.77487704765503e-07
681 5.575136700651579e-07
682 1.0745575515044093e-06
683 1.156419760414541e-06
684 7.253530140482153e-07
685 6.027922301942852e-07
686 8.17498313019648e-07
687 7.960198479550635e-07
688 1.2954114703991518e-06
689 8.812972296682033e-07
690 1.0740813433556782e-06
691 8.044914326376147e-07
692 1.0371187848192619e-06
693 8.761097893923787e-07
694 1.085433868070438e-06
695 8.077617206284223e-07
696 8.24841356578288e-07
697 6.423414647319059e-07
698 7.502196661250275e-07
699 4.4788483029998615e-07
700 7.580234421503252e-07
701 7.742294975488882e-07
702 1.0381732475409304e-06
703 6.87579497291865e-07
704 3.829789774744946e-07
705 5.667073764137862e-07
706 5.447977429656088e-07
707 8.064354693982415e-07
708 6.088435315621505e-07
709 7.790685335134495e-07
710 1.210993654627249e-06
711 8.405531790903562e-07
712 7.883507574097498e-07
713 9.42162858703211e-07
714 8.769012678379529e-07
715 8.431982424620905e-07
716 1.2161504350835212e-06
717 9.682037519453458e-07
718 5.669999792635827e-07
719 7.131358485767561e-07
720 8.004529123079794e-07
721 9.443379224667808e-07
722 8.808614428350938e-07
723 4.352484781852573e-07
724 9.224811277920849e-07
725 2.4114080811977514e-07
726 8.334966075832164e-07
727 5.97063509433491e-07
728 7.410551931921162e-07
729 8.051460699513377e-07
730 8.336698659565164e-07
731 9.611194497356804e-07
732 9.156477333238475e-07
733 5.984117528673398e-07
734 9.43197215165472e-07
735 8.887787269070696e-07
736 6.653205227566684e-07
737 2.9361579615243793e-07
738 1.263249755873297e-06
739 1.3746394729957196e-06
740 6.910483631355257e-07
741 8.486182635573478e-07
742 1.2191469011915162e-06
743 4.677919861212816e-07
744 1.1844214848663434e-07
745 5.166685249337185e-07
746 9.132496119354239e-07
747 1.0240564423069027e-06
748 7.347035440570129e-07
749 8.05530671603254e-07
750 9.51164420369046e-07
751 3.7784219375882396e-07
752 1.1080866820170868e-06
753 9.440626754793295e-07
754 8.262773344252584e-07
755 9.042103560223068e-07
756 8.834058408670838e-07
757 4.838897979757938e-07
758 7.07494229626512e-07
759 1.0056007781257304e-06
760 9.204365045971441e-07
761 7.510309125304826e-07
762 1.0047525043878178e-06
763 5.163756223566042e-07
764 2.749779118768957e-07
765 5.354245904367947e-07
766 1.0092806515523466e-06
767 9.064206927625841e-07
768 9.158180693849394e-07
769 7.693867670558429e-07
770 5.474169738083936e-07
771 1.21596246726481e-06
772 5.856451341920791e-07
773 8.330793141506348e-07
774 7.339619521062237e-07
775 6.691646406588612e-07
776 6.603978650331677e-07
777 1.0976832174992682e-06
778 7.911797994154754e-07
779 7.913112183756323e-07
780 9.030540208421868e-07
781 8.047712026394255e-07
782 2.3837261447734837e-07
783 8.939085532000281e-07
784 8.722184717706021e-07
785 1.2055172192410853e-06
786 1.0603878786748209e-06
787 4.864730629698698e-07
788 6.77322395473752e-07
789 8.153886549464526e-07
790 5.477808907105745e-07
791 1.3373766844807382e-06
792 6.948561364182988e-07
793 6.621666676399418e-07
794 5.622528914285391e-07
795 1.3173577365517402e-06
796 1.215916840784493e-06
797 4.902394799863752e-07
798 1.3130253916566613e-06
799 -5.348217996950588e-08
800 7.590743056610265e-07
801 7.011003475125556e-07
802 7.13012338760951e-07
803 4.851891122824441e-07
804 6.45281336716803e-07
805 1.207404709072783e-06
806 9.576905633437697e-07
807 9.610266122963654e-07
808 7.145232389581711e-07
809 1.0390742667742395e-06
810 5.871616045449487e-07
811 5.303117833979071e-07
812 6.641166204036358e-07
813 6.993975837111353e-07
814 5.300218903789817e-07
815 7.790084915226541e-07
816 4.5386817229088055e-07
817 7.266306391368388e-07
818 8.251180287106977e-07
819 6.815995122534739e-07
820 8.162977354021236e-07
821 1.0678123154234647e-06
822 9.500152482249549e-07
823 7.211582349198784e-07
824 7.185321167995221e-07
825 7.384669385246789e-07
826 1.0348743262702618e-06
827 7.855971366679429e-07
828 9.57038681667762e-07
829 8.20088472930331e-07
830 5.616942365334e-07
831 2.1180349659425024e-07
832 8.994510427747116e-07
833 1.0235681363019519e-06
834 7.993811140726099e-07
835 1.0394588282224953e-06
836 1.269683521631058e-06
837 4.875628126538488e-07
838 6.522734191533462e-07
839 9.073533022803388e-07
840 7.395089729799282e-07
841 6.24501731912667e-08
842 9.255099086185236e-07
843 9.545041440779776e-07
844 4.197325278612886e-07
845 4.739459124144231e-07
846 9.006729716282348e-07
847 9.857574106548437e-07
848 9.129702597166172e-07
849 8.493104830466501e-07
850 9.448887474874834e-07
851 9.360544535876441e-07
852 8.739982214306136e-07
853 6.043195403261227e-07
854 6.652907650449432e-07
855 6.079851847129348e-07
856 5.458899545876205e-07
857 4.145182630179661e-07
858 4.923230273779507e-07
859 7.235709516428269e-07
860 6.752655627333832e-07
861 5.903281238732541e-07
862 1.071824863401523e-06
863 1.1294610682536423e-06
864 6.249260581396149e-07
865 9.73633954566381e-07
866 7.076728573699643e-07
867 9.441819719316324e-07
868 6.686318785896487e-07
869 6.289019579197353e-07
870 7.759574898297156e-07
871 9.260450157333091e-07
872 7.440157067674268e-07
873 6.983298107561519e-07
874 6.195906377805258e-07
875 5.180645935533005e-07
876 1.0352057891036175e-06
877 9.874495702920844e-07
878 1.1142615518736154e-06
879 7.873944838995077e-07
880 7.780392445050694e-07
881 1.2692490073133781e-06
882 8.668267553424919e-07
883 1.1094531087428452e-06
884 5.830620259178273e-07
885 8.595661448617174e-07
886 9.16689968348969e-07
887 1.072897982382195e-06
888 7.875425883318136e-07
889 9.744771050504199e-07
890 7.300497404446511e-07
891 1.1093072516923125e-06
892 9.828987723045839e-07
893 9.626567315957502e-07
894 6.582040160022525e-07
895 7.34628685985695e-07
896 1.2421275139945186e-06
897 6.460720785969426e-07
898 7.095329698763071e-07
899 1.1526443968720324e-06
900 7.204956307553601e-07
901 8.636333464690581e-07
902 7.200266104428029e-07
903 8.24833464404455e-07
904 6.726061556940819e-07
905 7.402798133373906e-07
906 7.55394435713883e-07
907 9.774567384725471e-07
908 5.803882369853673e-07
909 4.899041675311279e-07
910 4.966757965649106e-07
911 5.504721286001619e-07
912 1.0252320744346766e-06
913 3.995493440847601e-07
914 6.834356443559951e-07
915 7.8399667972615e-07
916 8.01195255199846e-07
917 1.0138372242824292e-06
918 4.726531832475936e-07
919 9.61126978472342e-07
920 3.127157768683494e-07
921 7.161897427009613e-07
922 5.589578322211302e-07
923 1.1740281351815746e-06
924 7.753532492506748e-07
925 5.2940711843981e-07
926 1.0978548416742379e-06
927 1.1792877789624783e-06
928 7.537543527814626e-07
929 5.645047577660436e-07
930 1.218417734206494e-06
931 6.599218785793296e-07
932 7.664542459057245e-07
933 8.993933010675556e-07
934 7.272502759042606e-07
935 2.760885021581439e-07
936 6.224931876733234e-07
937 6.253935757958146e-07
938 8.920845257178354e-07
939 8.090605116539876e-07
940 7.950891506416226e-07
941 1.2215150163774249e-06
942 9.308715557610482e-07
943 7.079387753915253e-07
944 9.87575588303968e-07
945 7.173459811253786e-07
946 9.653304249526994e-07
947 1.0462822150837313e-06
948 3.576770319774774e-07
949 9.286542384135959e-07
950 1.3269530048818487e-06
951 4.6305608515708454e-07
952 1.50538756139454e-06
953 3.575751265828173e-07
954 5.157281519436313e-07
955 5.202251915493191e-07
956 9.58529496619625e-07
957 4.826060161149745e-07
958 6.171066803111937e-07
959 9.078532981552911e-07
960 5.487847303352407e-07
961 7.944155732943792e-07
962 1.044962290362566e-06
963 1.078400683517113e-06
964 2.8782479809261424e-07
965 8.747998754505248e-07
966 9.366517933908977e-07
967 7.548011965115607e-07
968 6.042969350388498e-07
969 3.424159692033694e-07
970 9.766321121513514e-07
971 7.732752146496472e-07
972 1.1679115416569807e-06
973 5.343595274040676e-07
974 1.2438797265813797e-06
975 1.1365110703557174e-06
976 9.761104899715935e-07
977 9.599854975254329e-07
978 3.906264024994666e-07
979 7.744207699821916e-07
980 9.76099625109835e-07
981 2.4356340834482957e-07
982 6.859407864831211e-07
983 4.811715548617849e-07
984 1.1095739172346655e-06
985 9.438434850396325e-07
986 6.709879272766962e-07
987 1.1511686304605286e-06
988 7.717876885890937e-07
989 7.104045234985443e-07
990 6.478920762100248e-07
991 7.513775867203514e-07
992 9.960361615600074e-07
993 9.81580778242382e-07
994 8.434449332308395e-07
995 6.400170859778088e-07
996 1.0229161065017086e-06
997 1.098231364331072e-06
998 4.375687616138787e-07
999 3.687515718444956e-07
