0 3.075496158284436e-07
1 2.889749159332598e-07
2 3.6095024129616935e-07
3 3.633235327146599e-07
4 2.6945619691628265e-07
5 3.7592501803600063e-07
6 2.3803994033824503e-07
7 2.5981323358119036e-07
8 4.0206528385872125e-07
9 2.607528947066502e-07
10 2.3760973947162207e-07
11 3.3252871521626516e-07
12 2.0473073221504466e-07
13 2.9616048985097424e-07
14 2.3318461327971572e-07
15 2.376422341196788e-07
16 2.913355158688249e-07
17 1.9939888127213103e-07
18 4.0818623330385014e-07
19 2.978339346885426e-07
20 2.214344425310639e-07
21 2.5771082451477413e-07
22 2.0254810115102033e-07
23 2.829791775790038e-07
24 1.667971938002209e-07
25 4.025176150490184e-07
26 3.507643003914767e-07
27 2.595705459684495e-07
28 2.771495884766206e-07
29 3.302806595355203e-07
30 2.4662597905333995e-07
31 2.755685646839869e-07
32 3.360627649570853e-07
33 1.2933137520992e-07
34 3.053514097850448e-07
35 4.0188390198983435e-07
36 2.695719222724301e-07
37 2.4659688291888666e-07
38 2.3929855002899485e-07
39 3.0779480240368455e-07
40 3.035341990414736e-07
41 2.605526711345562e-07
42 3.668037359458152e-07
43 3.0359854731350385e-07
44 3.4433730368539834e-07
45 2.647771218711248e-07
46 2.1710549854554472e-07
47 2.9927558266744606e-07
48 2.9886450483765576e-07
49 3.5619953387550837e-07
50 2.1912452433039853e-07
51 2.606575338800337e-07
52 3.0888203307439984e-07
53 3.196296632651532e-07
54 3.2321805765356146e-07
55 3.3347687996579507e-07
56 2.7060881614379565e-07
57 3.3563773802118795e-07
58 2.597305737596289e-07
59 2.918568245569065e-07
60 3.205272376018383e-07
61 2.904975553470835e-07
62 2.885903137805993e-07
63 3.0184109007754506e-07
64 2.8340825943495836e-07
65 3.573511551342451e-07
66 3.0703427702765035e-07
67 2.638179423028637e-07
68 2.3673937935225902e-07
69 1.3689550031451283e-07
70 2.3376264641897274e-07
71 2.1191324417914814e-07
72 2.757299331391949e-07
73 3.7273433998351965e-07
74 3.4207274302189637e-07
75 1.5580744680968037e-07
76 3.1192135233442887e-07
77 3.5173769939101345e-07
78 4.2972415485705445e-07
79 2.1135686592811263e-07
80 2.7274913941052797e-07
81 2.9475817516781334e-07
82 3.415838129598845e-07
83 2.9370315491045697e-07
84 2.625537969912353e-07
85 1.4401146257458304e-07
86 2.0395888375834013e-07
87 2.1890248901652435e-07
88 2.1987917031302284e-07
89 2.601714710237192e-07
90 2.1630780902823606e-07
91 3.311204089896058e-07
92 2.727279268177683e-07
93 2.8733943924973004e-07
94 3.4428258211197204e-07
95 2.696154943268577e-07
96 3.6653056385998796e-07
97 2.8130104409555224e-07
98 3.393022330673205e-07
99 2.4041603837829344e-07
100 2.472245792992386e-07
101 2.668966386468183e-07
102 2.4939864528108476e-07
103 1.9513039067842637e-07
104 3.292795587649419e-07
105 3.520580587484079e-07
106 2.7702755249051974e-07
107 3.0506827205203657e-07
108 2.991663985020385e-07
109 3.313513090897671e-07
110 3.3805248348622083e-07
111 2.780439655055254e-07
112 1.894563851298585e-07
113 2.2611698707363736e-07
114 2.2019272108459068e-07
115 1.686992775889186e-07
116 2.493526245799805e-07
117 2.839141841079761e-07
118 1.8907417995443983e-07
119 3.083050574404242e-07
120 5.31244010827805e-07
121 3.1820850964078416e-07
122 2.312887733222923e-07
123 3.554152161038552e-07
124 2.946548766260308e-07
125 3.2989340709093303e-07
126 2.739033730854183e-07
127 3.2273182009044614e-07
128 2.4127011558140287e-07
129 2.6685002358196565e-07
130 2.49352549910001e-07
131 2.944724832523121e-07
132 4.0196857306427006e-07
133 2.4763024488327154e-07
134 3.191298432038613e-07
135 3.582563328526227e-07
136 2.1492435642447062e-07
137 2.38579719427364e-07
138 2.571355859913558e-07
139 1.8669350443582155e-07
140 2.7652958915254666e-07
141 2.9001415021654255e-07
142 2.172023215478571e-07
143 1.8074217817305773e-07
144 2.369426514742263e-07
145 3.1797856535859317e-07
146 2.7181409280045176e-07
147 3.2574269317569113e-07
148 2.7413360659654057e-07
149 2.622468235631538e-07
150 2.5143478447409213e-07
151 2.2892580995502471e-07
152 2.525676157587566e-07
153 2.4111792441370054e-07
154 3.172126839495505e-07
155 3.161221887714403e-07
156 2.4327947708814283e-07
157 1.8198257948155592e-07
158 2.3712271231168627e-07
159 2.4211384293178865e-07
160 2.9256306155632786e-07
161 1.5367368437859596e-07
162 2.2326920089267793e-07
163 2.996008248679822e-07
164 2.897501517008683e-07
165 3.5255107678531765e-07
166 3.1465894703575726e-07
167 2.3174396456971615e-07
168 2.8136873867916564e-07
169 3.1843268845237794e-07
170 4.0285974816833576e-07
171 2.976500386020616e-07
172 2.517917609251398e-07
173 4.175638372406977e-07
174 2.448797087318164e-07
175 3.749060775301379e-07
176 2.311361241554753e-07
177 1.4307623388003944e-07
178 2.714519416624109e-07
179 2.8795988261560114e-07
180 3.240792382502245e-07
181 1.5786154346855144e-07
182 3.9645281785009294e-07
183 2.1041329267242443e-07
184 2.536044508647267e-07
185 3.378969918773989e-07
186 3.322565500308732e-07
187 2.8127669217737384e-07
188 3.1936887452713097e-07
189 2.6463609592319597e-07
190 3.109221971293077e-07
191 2.4768764356559274e-07
192 2.1001868452016342e-07
193 3.1236173204232016e-07
194 3.153131857896716e-07
195 2.465843141138441e-07
196 2.536786187025779e-07
197 2.326957875043819e-07
198 2.789019570887138e-07
199 3.400486864380322e-07
200 2.6354469633904037e-07
201 2.681249455432103e-07
202 3.537199316436575e-07
203 3.2280553021353277e-07
204 4.1643738499448283e-07
205 2.820785562657325e-07
206 2.2227977164343785e-07
207 2.488144591763205e-07
208 2.4844338822773373e-07
209 2.6011493971973786e-07
210 2.7184386276713377e-07
211 3.2014453929688506e-07
212 3.499026545051915e-07
213 2.751614652079342e-07
214 2.925590050747387e-07
215 3.0233133680660455e-07
216 2.7073089951790514e-07
217 3.48979612740057e-07
218 3.8103249866231436e-07
219 2.5020130969747683e-07
220 2.4370379158698397e-07
221 2.552320692414106e-07
222 3.5601262721070704e-07
223 4.132941438675851e-07
224 3.1488594110855376e-07
225 2.7644921119731454e-07
226 4.2008390939601933e-07
227 2.4895887736346123e-07
228 3.449438090748055e-07
229 2.2337089339414087e-07
230 3.1461526275400624e-07
231 2.5242046792757914e-07
232 1.7430829016868052e-07
233 3.081033593956768e-07
234 1.8951822966498714e-07
235 3.373121391306732e-07
236 2.273933314164081e-07
237 2.5006974496600713e-07
238 1.5937817892047094e-07
239 3.4045125221286065e-07
240 2.3086394735591733e-07
241 3.839136671355448e-07
242 3.1149942242949576e-07
243 2.8483110103556767e-07
244 2.2879474174190948e-07
245 3.261864677921627e-07
246 4.104631698920579e-07
247 3.1757786449776457e-07
248 2.3944502943137134e-07
249 3.0015487408787914e-07
250 2.1917814863244142e-07
251 3.7258955859727905e-07
252 3.5972605232569516e-07
253 2.917544804266291e-07
254 2.904500932046947e-07
255 1.9307309881703732e-07
256 2.113374780164314e-07
257 3.21040895058094e-07
258 3.548833361561434e-07
259 2.731698886114183e-07
260 3.1354948034016485e-07
261 2.8686624594581574e-07
262 2.5214613207526284e-07
263 2.7971813302032394e-07
264 2.0977729576117374e-07
265 2.2532195055054043e-07
266 3.523217536070875e-07
267 2.7090282454996917e-07
268 2.5124714830268035e-07
269 2.736687856282709e-07
270 3.4206044947730346e-07
271 3.182549173304974e-07
272 2.620855196804296e-07
273 2.9531678742123665e-07
274 3.3079857592483095e-07
275 3.482529042253716e-07
276 2.9994961724921183e-07
277 2.446137019694342e-07
278 2.796186780270585e-07
279 2.270029507151516e-07
280 3.3875916183663257e-07
281 3.919418535834074e-07
282 2.6612826433301033e-07
283 2.65318462938213e-07
284 2.705550985682965e-07
285 3.527042076734984e-07
286 2.1706231864231848e-07
287 2.7937992469756953e-07
288 2.582123433738446e-07
289 3.5220584317727543e-07
290 2.8918604821539065e-07
291 1.787245844015126e-07
292 2.7156980970091085e-07
293 3.3547342698717864e-07
294 2.762265696783755e-07
295 2.8226060890890015e-07
296 3.056818420055167e-07
297 3.20022607685255e-07
298 1.4918564775302742e-07
299 2.8298517700914695e-07
300 2.772441864122285e-07
301 2.4588955958226106e-07
302 2.656042085365087e-07
303 1.645485527710078e-07
304 3.4122986417040363e-07
305 2.4714715105629924e-07
306 2.6812979473624284e-07
307 2.798830754673571e-07
308 2.237521069079806e-07
309 3.044739370740072e-07
310 3.858027815722891e-07
311 3.204012633127833e-07
312 2.1553114055721814e-07
313 2.837883211194959e-07
314 2.8961892968008715e-07
315 2.719978099335655e-07
316 2.813462904102876e-07
317 3.052921477675445e-07
318 2.463650334743796e-07
319 4.172804092907368e-07
320 3.4247694081124564e-07
321 2.7864753125804024e-07
322 3.5839814702625107e-07
323 2.892716070164583e-07
324 3.3482426451461194e-07
325 3.1528503933517074e-07
326 3.002319797115457e-07
327 2.223808787711605e-07
328 3.0047372745464584e-07
329 3.785640248969731e-07
330 3.701641461290468e-07
331 3.184979926077542e-07
332 2.522061102390048e-07
333 3.432226703763083e-07
334 2.98423808977897e-07
335 2.2962163960271845e-07
336 4.285374440925944e-07
337 3.3771071069064124e-07
338 3.059769026652269e-07
339 2.374175289913072e-07
340 4.3629140769261267e-07
341 3.8867531143157424e-07
342 3.1916607967560956e-07
343 2.8644306061880876e-07
344 2.592006641880582e-07
345 2.3038678791573032e-07
346 1.8515654879312576e-07
347 3.721167877289722e-07
348 2.4439848917638616e-07
349 2.908257231012767e-07
350 2.6997960789509846e-07
351 2.617202727139915e-07
352 2.4754148747865736e-07
353 1.8864624338771852e-07
354 2.2527116356961098e-07
355 2.5576697572920733e-07
356 3.5021843304896565e-07
357 3.0273121070429964e-07
358 2.717779272393415e-07
359 3.3298687176259816e-07
360 2.1853645067377062e-07
361 3.259202875014216e-07
362 2.2066008959695944e-07
363 2.682507022777141e-07
364 2.6189411419495487e-07
365 3.637808310697537e-07
366 2.092886849249893e-07
367 3.0190348702153133e-07
368 1.940753892053072e-07
369 2.1901663240725264e-07
370 2.8782122435475274e-07
371 2.378524274271221e-07
372 3.0982679735600783e-07
373 3.594223792993377e-07
374 3.8049624132302313e-07
375 3.197056619770402e-07
376 2.689541026306156e-07
377 2.9144357390022335e-07
378 3.958702494390987e-07
379 2.621295754454028e-07
380 4.855378105687634e-07
381 2.783201198867202e-07
382 2.546725500384718e-07
383 2.044430451146461e-07
384 2.1687025683771758e-07
385 2.980622306315708e-07
386 3.013234035709376e-07
387 3.1857289136502883e-07
388 3.654694064520993e-07
389 2.3987523651254867e-07
390 2.5641918985617067e-07
391 2.4827222527537995e-07
392 2.923399439440106e-07
393 2.894443556578482e-07
394 2.5491745753689913e-07
395 3.847106942881868e-07
396 1.7558876943478557e-07
397 2.5567034396908133e-07
398 2.9310190383216277e-07
399 2.3304618150231839e-07
400 2.9383000230440896e-07
401 2.71105253141461e-07
402 3.2272205304775133e-07
403 2.158878857513183e-07
404 1.8036052958943945e-07
405 3.3223827514164657e-07
406 1.334696842373019e-07
407 2.3861896903672467e-07
408 2.503213275068287e-07
409 2.7555240222080167e-07
410 2.401629484678451e-07
411 3.676651320857243e-07
412 2.0971144922303543e-07
413 2.5996306198641496e-07
414 3.0124236145928954e-07
415 2.693501612071227e-07
416 2.6108552251483666e-07
417 2.495249444787251e-07
418 2.805986575572051e-07
419 2.8833427775976843e-07
420 3.4849077294038796e-07
421 3.758319751267458e-07
422 3.372679036950518e-07
423 2.85680550919798e-07
424 3.8633297025358787e-07
425 2.9224429851753867e-07
426 2.996407536540226e-07
427 2.3635467233569269e-07
428 2.281622027986731e-07
429 3.011883330834781e-07
430 2.862238861246231e-07
431 2.696608636716865e-07
432 2.3675816738826196e-07
433 2.474395369319812e-07
434 2.3462008147163112e-07
435 2.0869466538845395e-07
436 3.1358627030989104e-07
437 2.1025792915446123e-07
438 3.087238783050985e-07
439 2.5888516097964075e-07
440 2.8594619260291365e-07
441 3.27901175432343e-07
442 3.4659307494058055e-07
443 2.8956104964162767e-07
444 2.6249784695893256e-07
445 2.0793346263268983e-07
446 3.0378809293365843e-07
447 3.270773284738096e-07
448 2.775534501371658e-07
449 2.056718869680907e-07
450 3.6294626473286255e-07
451 2.9464567179318984e-07
452 2.485415127734682e-07
453 3.55989470594185e-07
454 2.8370440037649763e-07
455 1.701922073903316e-07
456 1.723789155872758e-07
457 3.292328716914053e-07
458 2.2374055552872913e-07
459 2.782703113682087e-07
460 1.9606412829221707e-07
461 2.8218515288891137e-07
462 2.7005487212900365e-07
463 2.917539098164497e-07
464 2.7935478818751883e-07
465 3.2726362064678783e-07
466 2.536204114413752e-07
467 2.7080656810888997e-07
468 4.3526879090325784e-07
469 2.008706658662933e-07
470 3.7184280918145145e-07
471 2.9643558547119977e-07
472 3.011877871494925e-07
473 3.480879217143713e-07
474 2.7679279072597493e-07
475 3.6492514285900944e-07
476 3.520692260477958e-07
477 3.5049380586955285e-07
478 2.8091956558888797e-07
479 3.1530715523843796e-07
480 3.2362265269590757e-07
481 2.864927788121798e-07
482 3.359973142655225e-07
483 2.734920574091495e-07
484 3.359762356363812e-07
485 2.390670056756054e-07
486 2.530407383716067e-07
487 3.4757875845150476e-07
488 2.8155826024624267e-07
489 2.947553889533462e-07
490 2.8317292666777075e-07
491 1.7432693648193997e-07
492 2.2202690911540352e-07
493 2.6347512400272625e-07
494 2.832864729048349e-07
495 2.699766117410115e-07
496 3.1624821197335707e-07
497 1.9667184537558356e-07
498 3.0743297236270123e-07
499 2.0921967372997714e-07
500 2.864259628940148e-07
501 3.803965653476655e-07
502 3.5373134318511887e-07
503 3.717679340727872e-07
504 2.4617002759528425e-07
505 2.4091050619722944e-07
506 1.7992619208824252e-07
507 2.689789146760166e-07
508 2.5867879005523607e-07
509 3.1889173478436194e-07
510 2.2591389583896555e-07
511 2.998681214077307e-07
512 2.675759175078068e-07
513 2.3700949305548954e-07
514 2.319756365447876e-07
515 2.4766614650978063e-07
516 3.244426583533188e-07
517 2.4770235382054325e-07
518 3.094187805426068e-07
519 1.923124276446205e-07
520 2.963091423936196e-07
521 2.645094643849342e-07
522 2.800948798218864e-07
523 3.3758507251280064e-07
524 3.711595441113314e-07
525 2.6206492438565413e-07
526 2.486007902494458e-07
527 2.7281196202092514e-07
528 2.9050044188521145e-07
529 3.3157843822637867e-07
530 1.9848779903173193e-07
531 1.6986106557013117e-07
532 3.9854002119100756e-07
533 2.839247015226381e-07
534 4.4193232661613336e-07
535 3.742777483401069e-07
536 2.3562919199310365e-07
537 3.337097184951261e-07
538 3.2997321304059113e-07
539 3.556609107535189e-07
540 2.685528360654203e-07
541 2.3950833825186674e-07
542 3.6435789440603906e-07
543 2.963309711561325e-07
544 2.349779173410912e-07
545 1.9087293052933093e-07
546 1.832700890705725e-07
547 2.93579745468069e-07
548 2.6112175824401613e-07
549 1.4669770034227368e-07
550 3.8352278399946115e-07
551 2.522145071137332e-07
552 2.726510077565622e-07
553 3.102401253667975e-07
554 3.288467517660923e-07
555 1.84771495008433e-07
556 2.81433691200071e-07
557 2.6820943311484443e-07
558 2.1049593705120864e-07
559 2.3325934323065002e-07
560 2.0569776733489027e-07
561 3.115822320615273e-07
562 3.2554305148474594e-07
563 3.341962368769006e-07
564 3.1421831015342835e-07
565 3.077814677026123e-07
566 1.952413113863296e-07
567 2.5819857525355994e-07
568 2.902050404483199e-07
569 2.8036438546188217e-07
570 3.347014215969455e-07
571 3.0518748348321877e-07
572 2.332827453140082e-07
573 1.9299986111353062e-07
574 2.9697209595405765e-07
575 2.191922291221235e-07
576 2.856800706795836e-07
577 3.4799562109746897e-07
578 2.928152519061003e-07
579 3.848047154202283e-07
580 3.430580430893498e-07
581 2.6837196946426237e-07
582 3.2020809467030127e-07
583 3.170205600751847e-07
584 2.740701276344635e-07
585 2.354199468782793e-07
586 3.3352246620260735e-07
587 2.21877675371338e-07
588 2.7684226462495726e-07
589 2.577106251476033e-07
590 2.6482984737619115e-07
591 2.874528652383896e-07
592 3.519227070844651e-07
593 3.022032376946259e-07
594 2.6449514752394085e-07
595 2.622867497515682e-07
596 3.004801067632223e-07
597 1.8724414243396755e-07
598 3.79437645142457e-07
599 3.2646301628315656e-07
600 2.902276319632424e-07
601 2.132283210513033e-07
602 3.0654813405139977e-07
603 1.9601633543201078e-07
604 3.071710352619931e-07
605 2.608993947939792e-07
606 2.9631492114820196e-07
607 2.5686201856649865e-07
608 2.6812618753183493e-07
609 2.3352817079840455e-07
610 2.0947965335648176e-07
611 2.624670234302258e-07
612 3.300358363821986e-07
613 2.651973379177014e-07
614 3.272082084859122e-07
615 3.9778660691606093e-07
616 2.6215552444969914e-07
617 2.648233838961747e-07
618 2.871233873204725e-07
619 2.558691199256002e-07
620 2.6224233192304434e-07
621 3.1092644910542016e-07
622 3.258738547961008e-07
623 3.397098449774553e-07
624 2.8760601389899504e-07
625 2.472891170641755e-07
626 2.557173526691601e-07
627 2.6373220597385305e-07
628 2.939593766481758e-07
629 1.7715030408881523e-07
630 2.6330583896224376e-07
631 2.762873862898685e-07
632 2.872499971218915e-07
633 1.7450293906700793e-07
634 2.8070921610987197e-07
635 2.0548416649245911e-07
636 3.643061019663832e-07
637 3.296129674151776e-07
638 2.2007223882504808e-07
639 3.0794111164026934e-07
640 3.063847438265997e-07
641 3.409515747414513e-07
642 3.290654854687495e-07
643 3.195230225035868e-07
644 1.8101576700475833e-07
645 2.513031470535901e-07
646 3.887564922338471e-07
647 2.494649397070882e-07
648 2.709836662046032e-07
649 3.1827426298079084e-07
650 3.1697391371718774e-07
651 1.41419320908752e-07
652 2.496658925501094e-07
653 3.0780134424519565e-07
654 2.978302545755422e-07
655 3.317038960098594e-07
656 2.697080845416651e-07
657 3.076272444443041e-07
658 2.7445241606390673e-07
659 2.29599699947501e-07
660 2.0934081641305103e-07
661 2.4677783876627363e-07
662 3.0545882885057605e-07
663 2.1924381026220326e-07
664 2.888560235277861e-07
665 3.5637050508062095e-07
666 2.7194764638051577e-07
667 2.568364929906135e-07
668 2.868328185862454e-07
669 3.1144890976863455e-07
670 2.3984827015505705e-07
671 2.4961988856250717e-07
672 2.73967919766949e-07
673 3.5459421332303723e-07
674 2.7243786255419534e-07
675 3.6743774580503106e-07
676 2.7141375512078826e-07
677 2.5253908360952503e-07
678 3.248230477556168e-07
679 2.5454962830798635e-07
680 3.530137535633154e-07
681 3.1886452336864e-07
682 3.5191371806260735e-07
683 2.6710425410026454e-07
684 2.0509596736990766e-07
685 3.180779723935366e-07
686 1.974904405280792e-07
687 2.568295988781777e-07
688 2.808644579339576e-07
689 2.417134648119223e-07
690 3.001557187169518e-07
691 4.04375517371921e-07
692 3.208966374663188e-07
693 3.576861834895393e-07
694 2.6290288763288036e-07
695 2.5639709836228663e-07
696 3.250160389150349e-07
697 2.1399656334731065e-07
698 2.7210471034441095e-07
699 2.867374650975229e-07
700 2.58188778989805e-07
701 2.9056455891822527e-07
702 3.198883171977799e-07
703 2.506494114013358e-07
704 3.184054742238622e-07
705 2.1893341704321072e-07
706 3.548185606875706e-07
707 3.5287220201734184e-07
708 3.657581830327404e-07
709 3.1571385221178244e-07
710 2.756561703845053e-07
711 2.5215310293953135e-07
712 3.5726521153617976e-07
713 2.722473547921201e-07
714 2.630012123692966e-07
715 3.039616318689903e-07
716 2.402597995537334e-07
717 2.4188292204369955e-07
718 1.7753406998295865e-07
719 3.0087213844829695e-07
720 3.155698769517982e-07
721 2.674906278159841e-07
722 2.850825954146262e-07
723 3.174378023741023e-07
724 3.849129702782783e-07
725 2.624244838461274e-07
726 2.1359585956726698e-07
727 3.0662757591614303e-07
728 3.2219131327942966e-07
729 1.7417756843475367e-07
730 2.0614434776274206e-07
731 3.6420710146471036e-07
732 1.6065877986609103e-07
733 2.774446872986201e-07
734 2.319511917112502e-07
735 2.9564082136120363e-07
736 2.7656348185931885e-07
737 2.6063216331886824e-07
738 3.456478247175752e-07
739 2.689316750746775e-07
740 3.3785949104794666e-07
741 3.215769969954887e-07
742 2.69719225346593e-07
743 2.951254395768466e-07
744 2.3348893211910898e-07
745 3.6608020763844337e-07
746 2.9262638408254024e-07
747 2.09294198489852e-07
748 2.95779211173553e-07
749 4.36814807329948e-07
750 3.7801867830091016e-07
751 2.578640410885812e-07
752 4.021333277801575e-07
753 2.6279281273009245e-07
754 2.7806763580918577e-07
755 3.760567508664496e-07
756 2.703669249798844e-07
757 3.052374043995126e-07
758 3.2756519513452964e-07
759 1.9604707556970466e-07
760 3.499755044544435e-07
761 3.2685448289683144e-07
762 3.847893538062694e-07
763 2.109608976479355e-07
764 1.7092770199173048e-07
765 2.533412398366613e-07
766 2.5283812864742764e-07
767 3.252955798486891e-07
768 2.891905321176993e-07
769 2.5396734046719016e-07
770 2.4220903451732726e-07
771 2.676192963196274e-07
772 3.801233151699336e-07
773 2.004152848861957e-07
774 2.880053523733193e-07
775 2.7165086441925334e-07
776 2.2990463173422304e-07
777 2.8215221887194474e-07
778 2.668635110887725e-07
779 2.5747217931366435e-07
780 2.0930339385633075e-07
781 3.534282187286232e-07
782 2.517907202810578e-07
783 2.2087675824742136e-07
784 3.0747915393815235e-07
785 3.498680453613086e-07
786 2.491096924755531e-07
787 2.760785589244524e-07
788 2.9603742934385677e-07
789 2.3199738190231766e-07
790 2.0231011447080535e-07
791 3.896013264728322e-07
792 2.8905475073778384e-07
793 2.9913813582442794e-07
794 2.1087105211246415e-07
795 3.139446139847659e-07
796 2.3733204921724173e-07
797 1.7448022935161997e-07
798 2.88448839970426e-07
799 2.9541593694414465e-07
800 1.944419388484986e-07
801 3.3425528367119666e-07
802 2.5503434463700743e-07
803 3.969573070920017e-07
804 2.8154128701566056e-07
805 3.710804921729661e-07
806 3.417879617356856e-07
807 2.7283979280076715e-07
808 3.81020327886723e-07
809 3.213712444151387e-07
810 3.1528305907381837e-07
811 2.4115270825016715e-07
812 3.0021559776091097e-07
813 2.670179279222883e-07
814 2.7446255271222424e-07
815 2.667254093618728e-07
816 2.8786872410728045e-07
817 3.737429924056345e-07
818 2.993716647348773e-07
819 2.943958376034899e-07
820 2.0059031255141614e-07
821 3.239439650729019e-07
822 3.953839648314627e-07
823 3.571679531261098e-07
824 3.581437970679684e-07
825 2.9451636181880113e-07
826 3.2274703204161106e-07
827 2.94431300345571e-07
828 3.7628353190875685e-07
829 2.2274283494014408e-07
830 2.746067320928178e-07
831 2.2177973028036504e-07
832 2.3951403755607754e-07
833 3.391472149884209e-07
834 2.770709749791577e-07
835 3.905973376551639e-07
836 4.133800562261196e-07
837 3.6723341917690506e-07
838 3.5165833362527766e-07
839 2.439729456596229e-07
840 2.4430778132288334e-07
841 2.6873035837032463e-07
842 2.1816054791275181e-07
843 3.9040825693142616e-07
844 2.2554277651552286e-07
845 1.092596634842568e-07
846 4.2719942595273693e-07
847 2.8547782069766204e-07
848 2.4253846447538796e-07
849 2.614278489042349e-07
850 2.0119136424642675e-07
851 2.147127313382229e-07
852 3.539122785420965e-07
853 2.8887711610701647e-07
854 2.8569931741389326e-07
855 2.2414143235057248e-07
856 2.484975246238479e-07
857 2.313998307719692e-07
858 2.8539955649303986e-07
859 3.095171915203332e-07
860 2.333725168656921e-07
861 3.046343233343399e-07
862 2.0050025475135666e-07
863 3.0118464574891875e-07
864 2.8248612541671417e-07
865 3.1071242121506484e-07
866 3.083181138396283e-07
867 2.6601937679873297e-07
868 3.324718724956172e-07
869 1.956031276743229e-07
870 2.84526516950983e-07
871 3.328801803190954e-07
872 3.3684519322647076e-07
873 2.5896965599621717e-07
874 3.182630801037927e-07
875 2.8267996707622357e-07
876 3.3577691165791254e-07
877 3.8448780344066804e-07
878 2.880323241188248e-07
879 2.2231749674362885e-07
880 2.722562484636927e-07
881 3.3956054191605587e-07
882 2.501138504626915e-07
883 3.152159831679912e-07
884 2.6025323910460133e-07
885 2.02875011592212e-07
886 2.5298251695149964e-07
887 3.054803225304542e-07
888 2.2912641944268914e-07
889 3.242686930842697e-07
890 3.1698590287390617e-07
891 4.397140375726261e-07
892 3.6012745880781567e-07
893 2.0105372958433673e-07
894 2.997758019275653e-07
895 3.4845440150694763e-07
896 2.6361684312223205e-07
897 3.562121251409688e-07
898 3.2566047008485907e-07
899 3.226195129855084e-07
900 2.8004316450060796e-07
901 3.5858304184079703e-07
902 2.6718143507239035e-07
903 3.021930503880051e-07
904 3.4653573047541937e-07
905 3.3215433909276677e-07
906 2.694097568922194e-07
907 2.254224973168083e-07
908 2.7166645457787626e-07
909 2.3996836900595444e-07
910 2.666568420767733e-07
911 3.2429515386050125e-07
912 4.319922138184977e-07
913 2.620999806325939e-07
914 3.6834876698813303e-07
915 3.6551525394763017e-07
916 2.826183231297218e-07
917 3.0581343963105515e-07
918 1.7623095102254168e-07
919 3.6691238883482903e-07
920 1.6559494200527974e-07
921 2.1834271939365922e-07
922 2.98963555077383e-07
923 3.4184378099168214e-07
924 2.798439229461248e-07
925 2.536832458329938e-07
926 3.1462438595993515e-07
927 2.682854332709095e-07
928 2.8161567182220696e-07
929 1.9631382435616652e-07
930 2.878434095384945e-07
931 2.918705888544512e-07
932 3.5690931859302386e-07
933 2.5443647912371904e-07
934 2.94359402211013e-07
935 2.46441118030378e-07
936 3.104342862336249e-07
937 2.5596788565541936e-07
938 3.337105429893202e-07
939 2.770749482855284e-07
940 3.095851539278622e-07
941 2.8951493653710726e-07
942 2.776502132112454e-07
943 2.505322817804419e-07
944 2.769934607237589e-07
945 2.6974339782745205e-07
946 3.577079762976289e-07
947 2.2264883876353362e-07
948 3.391266358316827e-07
949 3.0388225745765e-07
950 3.6388159379115064e-07
951 1.8461818114999298e-07
952 2.963920022438618e-07
953 2.967631404933482e-07
954 2.2451409253567267e-07
955 3.60544179921475e-07
956 3.1574373239511014e-07
957 3.3507559680273134e-07
958 3.0190917477048335e-07
959 2.635985546671228e-07
960 2.776078278035533e-07
961 3.174851140053762e-07
962 2.860934486898077e-07
963 3.328049314879676e-07
964 3.316772414892571e-07
965 2.4204242748377205e-07
966 2.7764316511977055e-07
967 3.4550008396572365e-07
968 3.1943062129171653e-07
969 1.9365090901991513e-07
970 3.3981982435414567e-07
971 3.1278041302814843e-07
972 3.61687797674807e-07
973 2.3573084711524363e-07
974 2.5033785710038e-07
975 3.3453407434859765e-07
976 2.960337253351715e-07
977 2.758601226905526e-07
978 2.740495874869872e-07
979 3.2891704874248684e-07
980 3.5737137434425244e-07
981 3.0573825106887393e-07
982 3.203889989021919e-07
983 2.0901265961432904e-07
984 2.9457025858895747e-07
985 2.4244224160904085e-07
986 3.424012737739616e-07
987 4.068304186043835e-07
988 2.8744820636745205e-07
989 2.295764942955767e-07
990 2.4962186049272166e-07
991 3.162837259886301e-07
992 2.2574117242641407e-07
993 3.596769830632979e-07
994 2.7888477000480634e-07
995 3.2507624369893556e-07
996 2.277374767092287e-07
997 3.1661233693547444e-07
998 3.2518187910506326e-07
999 2.988086092953446e-07
