0 1.332181322886419e-06
1 1.1530568440992278e-06
2 1.5894739831672256e-06
3 1.7701579377363895e-06
4 1.2379312194888774e-06
5 1.6359927509233843e-06
6 1.4718903396777105e-06
7 9.989991960193515e-07
8 1.338163384589621e-06
9 1.255947202900448e-06
10 1.6990439816065856e-06
11 1.6405245867222523e-06
12 1.0876946571875009e-06
13 1.325291633955035e-06
14 1.2931139032719866e-06
15 1.0337211141577653e-06
16 1.6569081604005622e-06
17 1.427993085892942e-06
18 1.9230672423520043e-06
19 1.1893105551615184e-06
20 1.5754408474564254e-06
21 1.0772772558462124e-06
22 1.0021979502506738e-06
23 1.534000870834208e-06
24 9.829476659174722e-07
25 1.9236931655808693e-06
26 1.6298569672287566e-06
27 1.6180877708259259e-06
28 1.6888539073777551e-06
29 1.3188630935923444e-06
30 1.5898968410381515e-06
31 1.392825073136877e-06
32 1.6591153562468524e-06
33 1.3312866431449676e-06
34 1.4849516176568767e-06
35 1.7768634498707697e-06
36 1.1289823797328335e-06
37 1.4120116512122915e-06
38 8.579409462973927e-07
39 1.5593802940867719e-06
40 1.0986268368103824e-06
41 1.3737801836233543e-06
42 1.5675670136455e-06
43 1.2681583592185053e-06
44 2.2139962013750425e-06
45 1.7861827632652727e-06
46 9.378459621325222e-07
47 1.4562555233860072e-06
48 1.293926907217715e-06
49 1.6597864986159716e-06
50 8.230938565960464e-07
51 1.0770726808462236e-06
52 1.7900674704815412e-06
53 1.7352378725283077e-06
54 1.1611077056960287e-06
55 1.7722980721283585e-06
56 1.5804446260547999e-06
57 1.3588531372942431e-06
58 1.2774748071024535e-06
59 1.6977714555626973e-06
60 1.6155083587346267e-06
61 1.498274773777404e-06
62 1.2062657995519732e-06
63 1.6940555796061583e-06
64 1.2183830900929542e-06
65 1.7714471811548146e-06
66 1.6724336055989841e-06
67 1.7773584186008143e-06
68 7.004762390359193e-07
69 9.63654796602242e-07
70 1.3204744624107237e-06
71 8.051682171719266e-07
72 1.3649946308789191e-06
73 1.6822208695109736e-06
74 1.6304537972274365e-06
75 1.1007748461429151e-06
76 1.1850251429373267e-06
77 1.5038006212259523e-06
78 1.7336773540646113e-06
79 1.1099623991401304e-06
80 1.619981179011227e-06
81 1.1632049178047845e-06
82 1.5933680029668926e-06
83 1.6306487669437603e-06
84 1.530985780419746e-06
85 5.435373409438842e-07
86 1.364883111307602e-06
87 1.2700772977791914e-06
88 1.5691702832741063e-06
89 1.663956308186748e-06
90 1.4873292003792168e-06
91 1.794825046050003e-06
92 1.4617201242593425e-06
93 1.664058556335683e-06
94 1.4990087209775095e-06
95 6.860103608757622e-07
96 1.559089172389433e-06
97 1.579776402723801e-06
98 1.4145001205749194e-06
99 1.1202274192928262e-06
100 1.4746522066321463e-06
101 1.392757010362478e-06
102 1.3295143548461416e-06
103 1.1514979955676789e-06
104 1.566621328027657e-06
105 1.5844755369299086e-06
106 1.2712051735083083e-06
107 1.039779383111689e-06
108 1.3185239323587038e-06
109 1.5093198327514472e-06
110 1.6742092189390808e-06
111 1.79586428885237e-06
112 1.1096605621028019e-06
113 1.303110017366642e-06
114 1.0645479087387975e-06
115 9.603113216140773e-07
116 9.677482704877657e-07
117 9.756598528943201e-07
118 1.4427527786847798e-06
119 1.4485563153885639e-06
120 1.6485352181727018e-06
121 1.443999457073098e-06
122 1.0907309760193123e-06
123 1.6599710418739073e-06
124 1.4028375770993832e-06
125 1.1775707937107098e-06
126 1.318147879950182e-06
127 1.8926710240967805e-06
128 1.4901513481865603e-06
129 1.6312733858766834e-06
130 1.3767303317533065e-06
131 1.4484310646210566e-06
132 1.4800346222005425e-06
133 1.0034204340053007e-06
134 1.7765407965574832e-06
135 1.6144235071475207e-06
136 1.4884186172825705e-06
137 8.453512952550523e-07
138 1.251754013870456e-06
139 1.0488749014428995e-06
140 1.7361841526275245e-06
141 1.4746459925481555e-06
142 8.350718907004877e-07
143 9.660748311103727e-07
144 1.3452600675034526e-06
145 1.3447507055408174e-06
146 1.205126417901076e-06
147 1.2125940625882268e-06
148 1.7494648188715901e-06
149 1.2549300094139566e-06
150 1.0673241708954163e-06
151 1.2995046856654314e-06
152 1.2263832861469917e-06
153 1.5326163609616674e-06
154 1.4558897528850673e-06
155 1.4616917277491044e-06
156 1.2876600812288333e-06
157 1.022618688177787e-06
158 1.2045593176566966e-06
159 1.3754052984545587e-06
160 1.7054348143598574e-06
161 4.580121033432422e-07
162 1.126554689924244e-06
163 1.0862400830021677e-06
164 1.8161777328879766e-06
165 1.6272305769900128e-06
166 1.7872157300491085e-06
167 1.462165585829286e-06
168 1.1947188847733157e-06
169 1.3886242373995978e-06
170 1.917174562658148e-06
171 1.2084400288929687e-06
172 1.3615478056548468e-06
173 2.1187209016304988e-06
174 1.0460847075884903e-06
175 1.2014607117761932e-06
176 1.4663462196225628e-06
177 1.0620004666343656e-06
178 8.355174535865734e-07
179 1.4174036012981853e-06
180 1.3606064687706038e-06
181 9.85062049249728e-07
182 1.410714418050555e-06
183 1.2115616477276827e-06
184 1.6050930948911765e-06
185 1.3809633815808607e-06
186 1.4981385660170925e-06
187 1.783524576889632e-06
188 1.933213536042003e-06
189 1.2086577758455458e-06
190 1.497802680696256e-06
191 6.054089057577539e-07
192 1.425882189996954e-06
193 1.7905770128613661e-06
194 1.525946569192452e-06
195 1.085081357020305e-06
196 1.4256116251952452e-06
197 1.2354817049526628e-06
198 1.6951691256635084e-06
199 1.5917264627797743e-06
200 1.5917243066584663e-06
201 1.256964262517487e-06
202 1.1385436598234467e-06
203 1.9057546560178286e-06
204 1.7140601695871326e-06
205 1.9670437953023252e-06
206 1.5513727766089913e-06
207 1.0346614119655076e-06
208 1.0571363191078454e-06
209 1.6409008640808616e-06
210 1.5251006495341315e-06
211 1.355127184130827e-06
212 1.5702111196747077e-06
213 1.3626502546335826e-06
214 1.140324698721778e-06
215 1.4130318344245703e-06
216 1.9713582606211166e-06
217 1.551052032488501e-06
218 1.661049678174996e-06
219 1.1369042389647648e-06
220 1.267467153111031e-06
221 1.284007349015034e-06
222 1.6299384955764619e-06
223 1.8935505367568876e-06
224 1.1086893853725952e-06
225 1.372950007345975e-06
226 1.4230396055230976e-06
227 1.6099892960627346e-06
228 1.5202893208936251e-06
229 1.4064925206381779e-06
230 1.4158759919448366e-06
231 1.7758361506987648e-06
232 9.753406358624707e-07
233 1.5451513091299295e-06
234 1.3368226478317124e-06
235 1.8454537648050474e-06
236 8.46796947696642e-07
237 1.7545410657033417e-06
238 1.0593860790411615e-06
239 1.2923874165567448e-06
240 1.0813491211875218e-06
241 1.7264414849181048e-06
242 1.2174000517920974e-06
243 1.124024952423623e-06
244 1.9650697937655226e-06
245 1.3901179949818208e-06
246 1.6135583876616107e-06
247 1.3804168108080588e-06
248 1.348722914665813e-06
249 1.6597002758753982e-06
250 1.2021437146649326e-06
251 1.6415924381065745e-06
252 1.7106869007285492e-06
253 1.7789503237050447e-06
254 1.276716956866172e-06
255 6.822271432267382e-07
256 1.0454349002641677e-06
257 1.5811751397779474e-06
258 1.314339960804953e-06
259 1.5509150445040687e-06
260 1.6405545825194944e-06
261 1.4768952142947997e-06
262 1.1336585353139971e-06
263 1.2905442775167898e-06
264 1.167074011573767e-06
265 1.4512166620358103e-06
266 1.4156739182014516e-06
267 9.988185303654635e-07
268 9.931307951741316e-07
269 1.6904885294000784e-06
270 1.2656866100552206e-06
271 1.4379185835758331e-06
272 1.4454523269661248e-06
273 1.1331605537262748e-06
274 1.681923830130291e-06
275 1.5174790288291754e-06
276 1.5337907558459776e-06
277 1.2763565250016686e-06
278 1.6555539684618735e-06
279 1.407330721691848e-06
280 1.5143610248116773e-06
281 1.9082760527863553e-06
282 1.0777777138697063e-06
283 1.5593840867787273e-06
284 1.430831743398711e-06
285 1.6487830850924625e-06
286 1.4868638508041441e-06
287 1.3750082429759842e-06
288 1.530977030689492e-06
289 1.8335957571387534e-06
290 1.5229788313160539e-06
291 1.3864424950189556e-06
292 1.420882229732955e-06
293 1.4406499858697582e-06
294 1.0865625235868511e-06
295 1.1623915682137382e-06
296 1.2679436218969532e-06
297 9.503914670694908e-07
298 1.2374129532362128e-06
299 1.348568770818705e-06
300 1.5017764281087548e-06
301 1.398834183238576e-06
302 1.5629712903441393e-06
303 1.260812070621942e-06
304 1.3836107591963765e-06
305 1.0653168829649942e-06
306 1.011085835426058e-06
307 1.62587196501528e-06
308 1.2066305279750062e-06
309 1.4064845573570225e-06
310 2.27338721317946e-06
311 1.4881124058783621e-06
312 1.010946752447423e-06
313 1.053537816552239e-06
314 1.2018471683086885e-06
315 1.4109553021346086e-06
316 1.0574488524325878e-06
317 1.533868424549428e-06
318 1.4928815288088655e-06
319 1.4563441502243326e-06
320 1.799724004068753e-06
321 1.3487820059535143e-06
322 1.6714600621354617e-06
323 1.5029565170673418e-06
324 1.3921513392499848e-06
325 9.927452379436745e-07
326 1.67170036411751e-06
327 9.968025774599563e-07
328 1.796356885316796e-06
329 1.5709101849646534e-06
330 1.4698021976359298e-06
331 1.5999289168276297e-06
332 1.5205947205703342e-06
333 1.5958504077451483e-06
334 1.6105589444369104e-06
335 1.2361954441766605e-06
336 1.9640365839315694e-06
337 1.3810704051917012e-06
338 1.5069082565939442e-06
339 1.3835407723732832e-06
340 1.5922981691150675e-06
341 2.044610315675781e-06
342 1.0918036617505156e-06
343 1.3384226103236695e-06
344 1.5564319906197685e-06
345 1.3001366641740738e-06
346 1.0491303392221768e-06
347 1.5505909001383127e-06
348 1.4731686202234357e-06
349 1.4468391137143465e-06
350 9.63909333823186e-07
351 1.2096293111168583e-06
352 1.0041386451380619e-06
353 1.1366068935655372e-06
354 9.537536267899205e-07
355 1.407601168042897e-06
356 1.6116489268507334e-06
357 1.3408503134224812e-06
358 1.2547797189663718e-06
359 1.2456210764370904e-06
360 1.3999540630899202e-06
361 1.445255557057897e-06
362 9.671425093054174e-07
363 1.6332634779637148e-06
364 1.6042236934182643e-06
365 1.7043656169537563e-06
366 1.017911977221803e-06
367 1.1942576477111927e-06
368 1.1910598653836002e-06
369 8.680121331691569e-07
370 1.392982657898065e-06
371 1.2396520439965361e-06
372 1.7702656460218756e-06
373 1.4795561296336753e-06
374 1.96683053182949e-06
375 1.8514342252438658e-06
376 1.3650698739378746e-06
377 1.362112965666706e-06
378 1.7488581193911068e-06
379 1.5529923648639309e-06
380 1.7461046388264056e-06
381 1.142888052686365e-06
382 1.7473693252877517e-06
383 1.0457568827947931e-06
384 1.0167430089375294e-06
385 1.2844307853529723e-06
386 1.7438007387452078e-06
387 1.2213979527570387e-06
388 1.2265894624576597e-06
389 1.5535834931966656e-06
390 1.485262684154648e-06
391 1.197689580260174e-06
392 1.6473271956917243e-06
393 1.5871804293116256e-06
394 1.4077717651184703e-06
395 1.5997875207034104e-06
396 1.0855658505684057e-06
397 1.4200920488839694e-06
398 1.3975126071869178e-06
399 1.4273422765068469e-06
400 1.366037739831738e-06
401 1.3679871576715751e-06
402 1.3766418644862773e-06
403 1.3246043995291582e-06
404 1.2532857461340818e-06
405 1.4500770775013114e-06
406 1.2893238946290632e-06
407 1.0986991619399177e-06
408 1.3339723359795514e-06
409 1.2914288263853009e-06
410 1.4518824729349956e-06
411 1.6623438113846124e-06
412 8.431001098646467e-07
413 1.4037725687347916e-06
414 1.5738657829061707e-06
415 1.450159746352134e-06
416 1.2850034170707884e-06
417 8.49329940211162e-07
418 1.5508745389439104e-06
419 1.4454230237739034e-06
420 1.5233216407122302e-06
421 1.6235885279903539e-06
422 1.2173239364572235e-06
423 1.317233604894222e-06
424 1.52329737671752e-06
425 1.2811535211966594e-06
426 1.7155943697867784e-06
427 1.0206382643163112e-06
428 1.3317233652871745e-06
429 1.3754967558379737e-06
430 1.1655890283134637e-06
431 9.361565454387586e-07
432 1.4374802181874774e-06
433 1.2337424875798428e-06
434 1.4039617158163258e-06
435 8.844943631919246e-07
436 1.7650914045137435e-06
437 1.2874398700605876e-06
438 1.8406400953530498e-06
439 8.938956493365003e-07
440 1.2792365366111166e-06
441 1.3530968575972825e-06
442 1.394825849107441e-06
443 1.1129279449293712e-06
444 1.304489575772376e-06
445 1.2769680335071197e-06
446 1.0956266944236073e-06
447 1.6603969477148747e-06
448 1.5401771840207634e-06
449 8.899613510928712e-07
450 1.4107032262194586e-06
451 1.5508794671345076e-06
452 7.387141729612972e-07
453 1.9445319323593474e-06
454 1.333513277736875e-06
455 1.0631046444562477e-06
456 1.1190297079765312e-06
457 1.3532216308653976e-06
458 9.224144598868484e-07
459 1.250685990771183e-06
460 1.1581155368424035e-06
461 1.3057378213556193e-06
462 1.4983401495790073e-06
463 1.2562234409134152e-06
464 1.3049452844694874e-06
465 1.85481247433913e-06
466 1.2718420893026094e-06
467 1.6080105521053712e-06
468 1.9905220716091297e-06
469 1.1774823553396371e-06
470 1.4163945905989732e-06
471 1.4277542962916634e-06
472 1.4595423568160263e-06
473 1.21845062675339e-06
474 1.1721428039048083e-06
475 1.5171664476418936e-06
476 1.6891043966910613e-06
477 1.74890580610524e-06
478 1.6361749899791403e-06
479 8.899365094986907e-07
480 1.295611614831514e-06
481 1.205754962848762e-06
482 1.8110649856131005e-06
483 1.3941973572485707e-06
484 1.513686349227153e-06
485 1.4588326717907878e-06
486 1.1680454606383363e-06
487 1.5076144229846737e-06
488 1.3603532463961026e-06
489 1.23417034957551e-06
490 1.9208865869292315e-06
491 1.1419822132554312e-06
492 1.230985129999478e-06
493 1.0294805013660077e-06
494 1.6261119204946317e-06
495 1.585497359932791e-06
496 1.4673982843832661e-06
497 1.1223663175662923e-06
498 1.1384033839359228e-06
499 1.2248731464060857e-06
500 1.2831834363501733e-06
501 1.7206290252275654e-06
502 1.7585767688148398e-06
503 1.412162230574001e-06
504 1.6957518117960078e-06
505 1.3123316715600126e-06
506 1.0577602096425971e-06
507 1.5134138384715636e-06
508 1.220168842563784e-06
509 1.3361599404666639e-06
510 1.232691704510758e-06
511 1.8668233391817622e-06
512 1.5705266207902392e-06
513 1.3571973133945024e-06
514 1.573288491606393e-06
515 8.850157351759632e-07
516 1.3351489258383994e-06
517 1.189308070423121e-06
518 1.6941484171302614e-06
519 1.3923203529293179e-06
520 1.4501312890461447e-06
521 1.6781496306095038e-06
522 9.694512302381576e-07
523 1.605394563726813e-06
524 1.8076863119521094e-06
525 1.3783027439097633e-06
526 9.852575006800064e-07
527 1.4601374192387867e-06
528 1.2253695329488355e-06
529 1.671587327085596e-06
530 1.5633085679781746e-06
531 1.195781087644679e-06
532 1.8108587726271392e-06
533 1.0713149064809064e-06
534 2.02175849100583e-06
535 1.7279971614024552e-06
536 1.7879651534856696e-06
537 1.4280522630701802e-06
538 1.5937533966567798e-06
539 1.927838189700175e-06
540 1.15693506023158e-06
541 1.0893519928442278e-06
542 1.3972416693294467e-06
543 1.0768103218961753e-06
544 9.936013589906122e-07
545 9.892821321460066e-07
546 1.3471617105537618e-06
547 1.7595198392078599e-06
548 1.2328323989112978e-06
549 1.0534323121121578e-06
550 1.6997712757651896e-06
551 1.59934220560893e-06
552 1.3027454727158083e-06
553 1.1010327604994807e-06
554 1.9744975902194555e-06
555 9.700227765455162e-07
556 1.73695904651087e-06
557 1.393782737816347e-06
558 1.2787894834506368e-06
559 1.235657396981257e-06
560 1.099595352387739e-06
561 1.5252014642165275e-06
562 1.46328779956462e-06
563 1.647032088454472e-06
564 1.1896245874824725e-06
565 1.4289972340282182e-06
566 1.426296381185275e-06
567 1.1298523498648901e-06
568 1.6819471854532832e-06
569 1.4480332757901492e-06
570 1.631609975838881e-06
571 1.64778165240516e-06
572 1.0875186306805728e-06
573 1.1059920821269958e-06
574 1.370257942652916e-06
575 1.2022928937211612e-06
576 1.180671540026304e-06
577 1.6712711484081442e-06
578 1.3521581499145233e-06
579 1.8388650506511472e-06
580 1.8500203556505153e-06
581 1.485173468535335e-06
582 1.1598702729890095e-06
583 1.0950046993121332e-06
584 1.4022245871432943e-06
585 1.9117668639367103e-06
586 1.3301743641809374e-06
587 8.303236018022101e-07
588 1.2136763985634453e-06
589 1.2103329462403678e-06
590 1.1765839647106161e-06
591 1.4249214757310534e-06
592 1.954337902770778e-06
593 1.8441152264510645e-06
594 1.479642000955348e-06
595 1.1747961434268466e-06
596 1.666454872353034e-06
597 9.136156952311721e-07
598 1.4685644012700362e-06
599 1.2720634047049632e-06
600 1.450815490813201e-06
601 1.3035247831058396e-06
602 1.62931978821737e-06
603 1.0494586087102075e-06
604 1.3308202283004232e-06
605 1.2009017245159993e-06
606 1.7244101704828287e-06
607 1.5250932539425226e-06
608 1.3643721933998826e-06
609 1.1448336106249807e-06
610 8.757846881313516e-07
611 9.591436534972089e-07
612 1.5391450894713537e-06
613 1.5461657659299968e-06
614 1.7588925299466395e-06
615 1.5355200347797417e-06
616 9.993669117545476e-07
617 1.3010911564315313e-06
618 1.4854264312304945e-06
619 1.0940834142768133e-06
620 1.4410675059003283e-06
621 1.7315327319990386e-06
622 1.5549792701791023e-06
623 1.5538239288098116e-06
624 1.6025416058602115e-06
625 1.5386401813064454e-06
626 1.0855893472408223e-06
627 1.1280573274391778e-06
628 1.7204783209211259e-06
629 9.08734698984235e-07
630 1.1855003313168369e-06
631 1.2395452832059292e-06
632 1.4026897375353588e-06
633 1.480144856931208e-06
634 1.3258163134289894e-06
635 1.0152931810054737e-06
636 1.3505282467385202e-06
637 1.62556204053606e-06
638 1.337746717812021e-06
639 1.0599971754744463e-06
640 9.102971638207314e-07
641 1.2999039384566407e-06
642 1.5804256974224637e-06
643 1.436296002590404e-06
644 9.925121608234362e-07
645 1.1235185362636816e-06
646 1.7401909497186208e-06
647 1.1458308952422208e-06
648 1.1012701470167528e-06
649 1.5664645413543384e-06
650 2.0709661163715786e-06
651 1.0808917575107212e-06
652 1.7161085197086725e-06
653 1.113273561734815e-06
654 1.7369454552366333e-06
655 1.5508921232289079e-06
656 1.3531171363009478e-06
657 1.779927546211402e-06
658 9.309897982976589e-07
659 1.406105502713529e-06
660 1.0293032242722183e-06
661 1.1969485999469101e-06
662 1.6975817542394784e-06
663 1.0561857415025057e-06
664 1.0575202037905758e-06
665 1.4032228266857208e-06
666 1.0763584560345603e-06
667 1.3000823722244433e-06
668 1.415157377854728e-06
669 1.3250618039571013e-06
670 1.001598588087308e-06
671 1.2018205728026789e-06
672 1.8796905693539422e-06
673 1.7210483370707224e-06
674 1.364961621116087e-06
675 1.824792151780032e-06
676 1.2325336658696916e-06
677 1.4470884750159339e-06
678 1.3521999417049671e-06
679 1.6071768129564323e-06
680 1.971198036779967e-06
681 1.2131998928124049e-06
682 1.7490344644308435e-06
683 1.7721900196962963e-06
684 1.3467229458734844e-06
685 1.2695736274725555e-06
686 1.423859404252026e-06
687 1.5785093088385725e-06
688 1.6320361529542593e-06
689 1.3781603406480021e-06
690 1.7009069861684749e-06
691 1.3376250726636474e-06
692 1.4397114971838517e-06
693 1.6003732097471153e-06
694 1.8450202912464543e-06
695 1.412128002939999e-06
696 1.457958607293171e-06
697 1.1449696748021647e-06
698 1.2424278244081656e-06
699 1.0200066348063272e-06
700 1.361755315195914e-06
701 1.5006507409360696e-06
702 1.67522073143332e-06
703 1.434628095618189e-06
704 1.0467122227182134e-06
705 1.0790672657649598e-06
706 1.4159743717765848e-06
707 1.577157573254536e-06
708 1.4357069378442733e-06
709 1.5290833949078916e-06
710 1.5450569887305624e-06
711 1.3617725645081376e-06
712 1.3632618195198102e-06
713 1.508822265731266e-06
714 1.3783429851925555e-06
715 1.4085580039832976e-06
716 1.655621274239011e-06
717 1.5210101977906512e-06
718 1.1525553042627048e-06
719 1.559724469626346e-06
720 1.3703311854119826e-06
721 1.3338688925240238e-06
722 1.2964946963965408e-06
723 1.2524017293397116e-06
724 1.7074634460650753e-06
725 1.004315881144193e-06
726 1.4202570892009362e-06
727 1.2214103645752988e-06
728 1.5258907970549407e-06
729 1.257967477644399e-06
730 1.1632053306426297e-06
731 1.7971487875412873e-06
732 1.2917718052579628e-06
733 1.3637384095917e-06
734 1.434938165923802e-06
735 1.601500804683001e-06
736 1.24751786517393e-06
737 1.2100164682544568e-06
738 1.83258130343522e-06
739 1.9233672877622137e-06
740 1.1894534521094525e-06
741 1.4737901914517338e-06
742 1.4640624084117854e-06
743 1.1329689876700243e-06
744 9.200121312660707e-07
745 1.069372432171594e-06
746 1.4952542235025304e-06
747 1.2064564380423514e-06
748 1.4746843902658468e-06
749 1.564049106224414e-06
750 1.509407024053378e-06
751 1.0199994983217106e-06
752 1.8279284379864351e-06
753 1.6359783476581232e-06
754 1.1791188754693912e-06
755 1.579114961872324e-06
756 1.4411749671643538e-06
757 1.4432655623851986e-06
758 1.6310071018466543e-06
759 1.4727701590352639e-06
760 1.6814755938767585e-06
761 1.5003760821466317e-06
762 1.36740574301968e-06
763 1.204034760264268e-06
764 8.559061291867618e-07
765 9.926940139882463e-07
766 1.4859542983550333e-06
767 1.339472353638555e-06
768 1.5313936091577813e-06
769 1.5166549735419444e-06
770 1.1802712281690152e-06
771 1.8633263316490404e-06
772 1.4915266647228344e-06
773 1.2746641065069315e-06
774 1.2282705547584624e-06
775 1.0952493582719766e-06
776 1.1010503099933547e-06
777 1.6072723887135588e-06
778 1.4356832775478885e-06
779 1.3812136885774947e-06
780 1.3805888394091714e-06
781 1.352560927877877e-06
782 1.0086286890857764e-06
783 1.1121513770006662e-06
784 1.181166907523407e-06
785 1.6272327282127342e-06
786 1.8373801547269633e-06
787 1.15469920686297e-06
788 1.6069844574820942e-06
789 1.1629301700357692e-06
790 1.073652738223238e-06
791 2.018593804815891e-06
792 1.3238702816637984e-06
793 1.2748336881959861e-06
794 1.143946851300994e-06
795 2.0885260078297408e-06
796 1.3534599210815928e-06
797 1.0029333059922084e-06
798 1.81361525691697e-06
799 6.19135724564738e-07
800 1.0619434296107783e-06
801 1.485180567406499e-06
802 1.4823850554914511e-06
803 1.4954805264121728e-06
804 1.3680361185688091e-06
805 1.6697493841932985e-06
806 1.7978650437580705e-06
807 1.5435789991001772e-06
808 1.3280493376741387e-06
809 1.7232950213289375e-06
810 1.3216279215769888e-06
811 1.03123409798239e-06
812 1.5011569774299031e-06
813 1.3355126194075813e-06
814 1.3065767887073324e-06
815 1.4018950770118387e-06
816 6.765911560674102e-07
817 1.3834715010432379e-06
818 1.5490353036189714e-06
819 1.1177532941323145e-06
820 1.2184876310011441e-06
821 1.6937821864473505e-06
822 1.6720328264937305e-06
823 1.3962413333154687e-06
824 1.5306682114748666e-06
825 1.4407955273446058e-06
826 1.6348592757466701e-06
827 1.5107389826633167e-06
828 1.6221628091113088e-06
829 1.482604092367203e-06
830 1.0909257528247514e-06
831 9.179385201890526e-07
832 1.4988683264148545e-06
833 1.7166925144081663e-06
834 1.4698149731440573e-06
835 1.6812894915199196e-06
836 2.0602107458661756e-06
837 1.2541576922290625e-06
838 1.3932430735832886e-06
839 1.5711807021086849e-06
840 1.3580824911253616e-06
841 8.08212522722517e-07
842 1.455416953914572e-06
843 1.8578329041898482e-06
844 1.1918111622383805e-06
845 1.082804118795651e-06
846 1.8064982938860412e-06
847 1.8378080016702306e-06
848 1.505034900066721e-06
849 1.5332164701504555e-06
850 1.394630122176289e-06
851 1.1753886093681829e-06
852 1.6081814264295366e-06
853 1.127759224987392e-06
854 1.3540268718857096e-06
855 1.1645744013130638e-06
856 1.1957272014987348e-06
857 1.051725877244215e-06
858 1.0920287618140284e-06
859 1.5759775125463684e-06
860 1.1946239063072496e-06
861 1.5040389931055494e-06
862 1.7303606092923461e-06
863 1.6737962376453628e-06
864 1.3216246205225259e-06
865 1.6174844464106169e-06
866 1.302536042826643e-06
867 1.467574426226452e-06
868 1.4175935602768738e-06
869 1.3574056952566223e-06
870 1.0389493334381621e-06
871 1.5876996041918518e-06
872 1.475874963170843e-06
873 1.4842041550517766e-06
874 1.418913069958467e-06
875 1.3494585043930171e-06
876 1.4265922354145658e-06
877 1.5033721972902796e-06
878 1.7901102017095594e-06
879 1.3649363098461024e-06
880 1.2152593666969182e-06
881 1.8703525967736578e-06
882 1.3586930425586817e-06
883 1.8349710070548657e-06
884 9.565296278450952e-07
885 1.142527639776667e-06
886 1.4352606390829606e-06
887 1.7096058077791993e-06
888 1.1343622177611133e-06
889 1.8228685643291875e-06
890 1.5187361854193252e-06
891 2.0157248233897385e-06
892 1.8791041014519275e-06
893 1.508801544358177e-06
894 1.1626358638052463e-06
895 1.7075774964366015e-06
896 1.599224143338996e-06
897 1.4918571244161784e-06
898 1.3973054635476002e-06
899 1.7173203678723346e-06
900 1.399519959555553e-06
901 1.5664424461105484e-06
902 1.1597595157577367e-06
903 1.5590589366726762e-06
904 1.3628476688678585e-06
905 1.5916579132973315e-06
906 1.2291185278062064e-06
907 1.5447081282022207e-06
908 1.1871736812210804e-06
909 1.30608295289881e-06
910 1.3825692290482626e-06
911 1.3144022930498536e-06
912 1.816236157139451e-06
913 9.483611538867856e-07
914 1.5422867513370947e-06
915 1.3890094666785824e-06
916 1.669110459557553e-06
917 1.6011581031217663e-06
918 8.783047118641465e-07
919 1.904947024226817e-06
920 8.50301159565592e-07
921 1.3645774809723846e-06
922 1.5128194277930132e-06
923 1.776069397786401e-06
924 1.4534897390235855e-06
925 1.1260620336900883e-06
926 1.4541550285752037e-06
927 1.6713785791040128e-06
928 1.3993516685411292e-06
929 9.934826698653865e-07
930 1.7486256103519407e-06
931 1.542122063650964e-06
932 1.5407424469192532e-06
933 1.3323901978387797e-06
934 1.5458752746263023e-06
935 1.0535342164257823e-06
936 1.3811337754623244e-06
937 1.3069098854101044e-06
938 1.5384400654962335e-06
939 1.4725601290701676e-06
940 1.6989280932053505e-06
941 1.6136552776109898e-06
942 1.4122346077265752e-06
943 1.3343870458099937e-06
944 1.5180777400090868e-06
945 1.2397460038289165e-06
946 1.6505089811422763e-06
947 1.677148830655622e-06
948 1.083117872251481e-06
949 1.232032714426849e-06
950 2.0993678336934712e-06
951 1.0023389760121124e-06
952 1.923535781213181e-06
953 1.2271570664611489e-06
954 9.190964686891197e-07
955 1.4913348658684713e-06
956 1.6476184034957672e-06
957 1.1636115960988753e-06
958 1.279533009184825e-06
959 1.593598058446398e-06
960 1.1946244170372643e-06
961 1.3815143705634345e-06
962 1.7358174901301994e-06
963 1.6494359809874646e-06
964 1.0798475649533936e-06
965 1.4103874753282294e-06
966 1.4727853109384625e-06
967 1.4690131811842717e-06
968 1.3004361580447252e-06
969 9.71157898134031e-07
970 1.5830857848268024e-06
971 1.5660998627880454e-06
972 1.864861056520776e-06
973 1.1649288129842105e-06
974 1.8688036029765963e-06
975 1.5187055936737116e-06
976 1.4104713779183471e-06
977 1.3557418807782868e-06
978 1.1737752241875594e-06
979 1.3192490532114452e-06
980 1.7382990842882614e-06
981 1.2460518020244548e-06
982 1.3428766803220224e-06
983 7.696842545912861e-07
984 1.7340362836150946e-06
985 1.4459630609799246e-06
986 1.439251282835551e-06
987 1.9621468548150394e-06
988 1.2901460158196997e-06
989 9.068453961534857e-07
990 1.2907709338672498e-06
991 1.360634559999738e-06
992 1.3347393918615197e-06
993 1.5854804078970971e-06
994 1.223546743968331e-06
995 1.5197961566106263e-06
996 1.314629081837471e-06
997 1.7431009357557378e-06
998 1.2733767757024604e-06
999 9.380672334591693e-07
