0 1.85681011484694e-06
1 1.8927632659668734e-06
2 1.7862678204875516e-06
3 1.8732964736917745e-06
4 1.9270853738753153e-06
5 1.8042595965670411e-06
6 1.9113184450221746e-06
7 1.8977140434161607e-06
8 1.8962381545308032e-06
9 2.0493358957148546e-06
10 1.715054239778289e-06
11 2.1477545505682736e-06
12 1.9872409451313363e-06
13 1.95234071809134e-06
14 2.0057510361852717e-06
15 1.8549928977111047e-06
16 1.7507402747700017e-06
17 1.805110338982925e-06
18 1.7173109882021958e-06
19 2.1329657081023896e-06
20 1.9032090575724757e-06
21 1.9383105585211537e-06
22 1.8866237673058469e-06
23 1.882178886229497e-06
24 1.9927233260348377e-06
25 1.5830643967439314e-06
26 1.9095924186318173e-06
27 1.8538361482372774e-06
28 1.7034541980076105e-06
29 1.8866993006452073e-06
30 1.969708990445423e-06
31 1.8754187058396691e-06
32 1.8098176173125421e-06
33 1.7998227725083404e-06
34 2.054631507086964e-06
35 1.6606235580183266e-06
36 1.9348496217035638e-06
37 1.942682203620683e-06
38 2.0983800189928914e-06
39 1.8723419927920458e-06
40 2.0184674307803825e-06
41 2.034756802145945e-06
42 1.9874965943822937e-06
43 1.9507579436620524e-06
44 1.6712142598965341e-06
45 1.8266625749934472e-06
46 1.980094593141998e-06
47 1.9057786081022711e-06
48 2.0015613807158925e-06
49 1.748900901325161e-06
50 2.3255375760721735e-06
51 2.1409857283985314e-06
52 1.8961983523095587e-06
53 1.6786112737181673e-06
54 2.038628755080177e-06
55 1.7896678157087008e-06
56 1.8865356730484566e-06
57 1.9945928046778285e-06
58 1.9536599872350803e-06
59 1.807255620481661e-06
60 1.7616933516199611e-06
61 1.93720400447809e-06
62 1.8800348432972606e-06
63 1.9030750502367008e-06
64 1.8540387109423722e-06
65 1.7460653309349555e-06
66 1.912155950341179e-06
67 1.7201218344920432e-06
68 2.043279575657792e-06
69 2.015006847053504e-06
70 2.0643036352175723e-06
71 2.1955505426020847e-06
72 2.029402055798821e-06
73 1.8216774902225178e-06
74 1.8794971826876757e-06
75 1.987151297861461e-06
76 1.9397517235665405e-06
77 1.8955354634622535e-06
78 1.8382801603918896e-06
79 2.087095773475418e-06
80 1.9948420040079234e-06
81 1.933869279479123e-06
82 1.8372889713561639e-06
83 1.7476479354553913e-06
84 1.7990543201834588e-06
85 2.06800619892016e-06
86 1.888266080693763e-06
87 1.9082659974888174e-06
88 1.8082247279724833e-06
89 1.790958108595576e-06
90 1.9142085436836034e-06
91 1.650314416877715e-06
92 1.9484703115536187e-06
93 1.8609249778509906e-06
94 1.9294810998769278e-06
95 2.1554809023744736e-06
96 1.711737072319271e-06
97 1.899326429470052e-06
98 1.9947674048205406e-06
99 1.7473473899710818e-06
100 1.8562812688657462e-06
101 1.982282980658624e-06
102 1.8430800907715907e-06
103 2.030415931842651e-06
104 1.795744986916729e-06
105 1.780677618075613e-06
106 2.136695351824842e-06
107 2.0966193383998665e-06
108 1.9556311412459082e-06
109 1.6765583780508865e-06
110 1.7613511478970173e-06
111 1.9042814975073884e-06
112 2.0030587560148458e-06
113 1.9055953606708369e-06
114 2.0872592357263023e-06
115 2.2142284578524532e-06
116 2.0609356831283657e-06
117 2.0298466928661746e-06
118 1.959905478915291e-06
119 1.926946651110456e-06
120 1.7986700436766337e-06
121 1.9079270379846154e-06
122 2.14671632262056e-06
123 1.931538095638507e-06
124 1.7938514256761377e-06
125 1.9126019135554166e-06
126 1.9150694489159317e-06
127 1.7912989674301317e-06
128 1.7537769031454855e-06
129 1.7336348478677714e-06
130 2.0258198811652796e-06
131 1.738651679296258e-06
132 1.7290181326896229e-06
133 1.9364449139582128e-06
134 1.813318348762179e-06
135 1.8104187985707391e-06
136 1.8273023871903452e-06
137 1.9367493050586757e-06
138 1.9278328002106727e-06
139 1.8687030087039059e-06
140 1.9073327848883007e-06
141 1.845104016523193e-06
142 2.0846949746932506e-06
143 1.9330939662676837e-06
144 2.0292146705201664e-06
145 1.913091003594352e-06
146 2.0109105334216294e-06
147 1.966001650766743e-06
148 1.8237885650408028e-06
149 1.8557955275809162e-06
150 1.9299617578875044e-06
151 1.8509638994820737e-06
152 1.829922976976347e-06
153 2.0922110486588073e-06
154 1.8228414259089229e-06
155 1.909802893370698e-06
156 1.7212849646558202e-06
157 1.954875189540504e-06
158 1.9850074549150075e-06
159 2.0333102590948572e-06
160 1.8460161031771015e-06
161 2.147294454206121e-06
162 1.946912206216326e-06
163 1.884400767167937e-06
164 2.045430610550644e-06
165 1.8437472865524527e-06
166 1.7048637207765995e-06
167 2.019409000316405e-06
168 1.7497287532858818e-06
169 1.8846951599476328e-06
170 1.7300697785154899e-06
171 1.81387293760365e-06
172 1.9758237027594442e-06
173 1.6926206676906033e-06
174 1.8711881572903268e-06
175 1.9388735877107197e-06
176 2.002366119512963e-06
177 1.977617652117776e-06
178 2.0757672121233692e-06
179 1.924827655634014e-06
180 1.878643665083869e-06
181 2.0173612312726565e-06
182 1.7779773445967889e-06
183 1.8146542923239253e-06
184 1.6025766042931485e-06
185 1.932439512670625e-06
186 2.104011835922937e-06
187 1.628093366358271e-06
188 1.7531376413766769e-06
189 1.8066592431353746e-06
190 1.8166858800958262e-06
191 1.9996092600773976e-06
192 1.9713716104351717e-06
193 1.608843062286521e-06
194 1.9021769936138397e-06
195 1.9905781987175173e-06
196 1.923751221076102e-06
197 1.938206178694526e-06
198 1.8476444154646136e-06
199 1.7551621810905466e-06
200 1.8461459841525775e-06
201 1.85865400517674e-06
202 1.8389835473825085e-06
203 1.6397594026584909e-06
204 1.8478774878255872e-06
205 1.5249195836844327e-06
206 1.7999685506279476e-06
207 2.064534798491533e-06
208 1.9786038963514676e-06
209 1.8203451013807104e-06
210 1.8686185653488477e-06
211 1.8008361568846523e-06
212 1.8211579244099354e-06
213 1.996996510435573e-06
214 1.8019578375979338e-06
215 1.8552389414091427e-06
216 1.948310445799851e-06
217 1.7377089577388375e-06
218 2.0081125636747984e-06
219 1.9842051421538362e-06
220 1.7159606864829812e-06
221 2.0770017118329563e-06
222 1.687240169377719e-06
223 1.8752546907530674e-06
224 2.110863214552313e-06
225 1.740186020050608e-06
226 1.837206578700032e-06
227 1.7217067864720155e-06
228 1.87598189406519e-06
229 1.6864069915877006e-06
230 1.991018093626644e-06
231 1.812670071654221e-06
232 2.215228138031934e-06
233 1.7282315981287743e-06
234 1.901840415023029e-06
235 1.7758523342136153e-06
236 1.9683611661618735e-06
237 1.6829671989717616e-06
238 1.944622514172755e-06
239 1.904922762912093e-06
240 2.0988811026443606e-06
241 1.7490163918084694e-06
242 1.8397221253574994e-06
243 1.9969474144650327e-06
244 1.82471342188961e-06
245 1.873828853638359e-06
246 1.7143581200073732e-06
247 1.8492211000743995e-06
248 2.014961915167588e-06
249 1.7471800079030282e-06
250 1.961548022740967e-06
251 1.8221541669600965e-06
252 1.7011763829573336e-06
253 1.7027509675316529e-06
254 1.9692586034603893e-06
255 2.1416860357058296e-06
256 2.0672107193441193e-06
257 1.7688652933123268e-06
258 1.841149610755276e-06
259 1.8845394595855295e-06
260 1.8318602982876992e-06
261 1.9338197788920116e-06
262 2.0564264253036558e-06
263 1.944217471152529e-06
264 1.9997169027183926e-06
265 1.9888941270729034e-06
266 1.8579932683471291e-06
267 1.9037000412186248e-06
268 2.110967340750287e-06
269 1.8379308902157213e-06
270 1.8378273882044151e-06
271 1.932865960551932e-06
272 1.8369432970746196e-06
273 1.9722266657972596e-06
274 1.7616019269976873e-06
275 1.990824221736891e-06
276 1.7329267969401991e-06
277 2.0560825222116308e-06
278 1.9387356282916527e-06
279 1.8070705338184165e-06
280 1.839324471733936e-06
281 1.7607726365506966e-06
282 2.0540141434506833e-06
283 1.8931957422098005e-06
284 1.8621553736883129e-06
285 1.8023340553717743e-06
286 1.7966631096882592e-06
287 1.9088411446000614e-06
288 1.9502550180591304e-06
289 1.7546596647925682e-06
290 1.806983621783791e-06
291 2.0424439952316624e-06
292 2.1013131450890844e-06
293 2.0199939389584016e-06
294 1.861365153746835e-06
295 1.8475992390849606e-06
296 1.9899499594817206e-06
297 2.0623651961973937e-06
298 2.0568312834750606e-06
299 2.079517170896323e-06
300 1.9952920948947663e-06
301 1.86786830488423e-06
302 1.8318702545797181e-06
303 1.908305559826545e-06
304 1.8562991285810143e-06
305 1.8889841478355171e-06
306 2.0642247614064416e-06
307 1.8616252322048324e-06
308 2.2912660357286077e-06
309 1.8055316139123764e-06
310 1.5467533772793122e-06
311 2.035891825964785e-06
312 1.8482297153849136e-06
313 2.0631347631464323e-06
314 2.0908419375618348e-06
315 1.8030712437066378e-06
316 2.091994404970855e-06
317 2.045609068755378e-06
318 1.7368633045329905e-06
319 1.7999564522826912e-06
320 1.6588363683570518e-06
321 1.7170705924845967e-06
322 1.8812059381173668e-06
323 1.9217181368087016e-06
324 1.7915556497802009e-06
325 2.0018491924917303e-06
326 1.7643437233735389e-06
327 1.8668941671754728e-06
328 1.737412579413388e-06
329 1.8364267561813171e-06
330 1.934288133184616e-06
331 1.8653223688444486e-06
332 1.8023798640045495e-06
333 1.7289902890495098e-06
334 1.6821295269229967e-06
335 2.046181199952882e-06
336 1.853280192224244e-06
337 1.8043409015730526e-06
338 1.767340327991111e-06
339 1.8862535901886284e-06
340 1.8115439780610215e-06
341 1.7958507157799986e-06
342 1.9895313020162707e-06
343 1.8581208628335047e-06
344 1.939054028073538e-06
345 1.7849955360794927e-06
346 1.9641469966068332e-06
347 1.838329908143262e-06
348 1.8537566759442605e-06
349 2.067696848474717e-06
350 2.0266400901765383e-06
351 1.893577064119808e-06
352 1.9736308847785802e-06
353 1.9957144944419065e-06
354 2.0300529208828825e-06
355 1.7759413247981744e-06
356 1.786547546869375e-06
357 1.9547699285466175e-06
358 1.7013588302865918e-06
359 1.9179222520554414e-06
360 1.86016157287726e-06
361 1.840149757508766e-06
362 1.9913270294589483e-06
363 1.686097690558978e-06
364 1.749160754049059e-06
365 1.8120262997887626e-06
366 2.131173856766127e-06
367 1.8093939508751147e-06
368 2.0438445347535906e-06
369 2.1015646566378036e-06
370 1.8023173088774685e-06
371 2.0359373978691887e-06
372 1.8895325207944624e-06
373 1.9674992650244077e-06
374 1.6497506517957316e-06
375 1.717103001130363e-06
376 1.9051515101854255e-06
377 1.7558070889517079e-06
378 1.7217635396959684e-06
379 1.7696055342540886e-06
380 1.7590410305344378e-06
381 2.12289748163085e-06
382 1.6629682221811866e-06
383 2.1848815091477066e-06
384 2.018731906498068e-06
385 1.8905469419863066e-06
386 1.831999602254682e-06
387 1.9644404532829614e-06
388 1.768817412313512e-06
389 1.8933308325896797e-06
390 1.809350486683914e-06
391 1.9373065450614e-06
392 1.8550805959366597e-06
393 1.8562415301746578e-06
394 1.8614374646584616e-06
395 1.842189598151523e-06
396 2.0247564646396675e-06
397 1.9618676669376935e-06
398 1.9086067220403885e-06
399 2.0747194780919623e-06
400 1.8186302447109531e-06
401 1.9341244142586446e-06
402 1.9074188223542377e-06
403 1.8570077936426036e-06
404 1.9594534315099932e-06
405 1.8100394081692997e-06
406 1.7314886260688169e-06
407 1.945898829435383e-06
408 1.9477548365157997e-06
409 1.8030011220321214e-06
410 1.9838713211817807e-06
411 1.9181301706764895e-06
412 1.9999794336960148e-06
413 1.8180513336707537e-06
414 1.8603200610193954e-06
415 2.040391639399931e-06
416 1.8142726138339855e-06
417 2.1069972514883295e-06
418 1.7971785029461645e-06
419 1.9045620674234037e-06
420 1.945833837555129e-06
421 1.686576078980317e-06
422 2.084862738980747e-06
423 1.8376539461939991e-06
424 2.0467682519049846e-06
425 1.8796828778220254e-06
426 1.7395248675565779e-06
427 1.9790206486168674e-06
428 2.0251253462900763e-06
429 1.907377237142274e-06
430 2.1199615417801074e-06
431 2.1857431668109605e-06
432 1.8688501916524895e-06
433 2.119119791563422e-06
434 2.0078153699460738e-06
435 1.987239397840706e-06
436 1.839451228183744e-06
437 1.832080787280738e-06
438 1.7704529234522926e-06
439 1.9536739944592946e-06
440 1.939173617697975e-06
441 1.8895065715221237e-06
442 1.8929157797887603e-06
443 2.020088574605096e-06
444 1.8146617370485547e-06
445 1.8790365946851062e-06
446 1.8637143397667828e-06
447 1.8588407220342178e-06
448 1.7629630368014461e-06
449 2.012818207302252e-06
450 2.0349086336329823e-06
451 1.8310289997220138e-06
452 2.1521884107757907e-06
453 1.6806657961797928e-06
454 1.8397014239161435e-06
455 2.222123942383024e-06
456 1.796250467999263e-06
457 1.8182435378682296e-06
458 2.2225330253389218e-06
459 1.9834174685506864e-06
460 1.9224811002061795e-06
461 2.0625622126567645e-06
462 1.7843004067991762e-06
463 1.834714724155919e-06
464 1.91759343149637e-06
465 1.7746067796494418e-06
466 2.107951076579795e-06
467 1.9906861724537645e-06
468 1.767097252572327e-06
469 2.0274974913049073e-06
470 1.9456320120416564e-06
471 1.799118238640527e-06
472 1.8531728292882878e-06
473 1.904977392138218e-06
474 1.975496944427489e-06
475 1.9226588927270395e-06
476 1.7015814942180669e-06
477 1.8161240278321496e-06
478 1.7774834123223897e-06
479 1.953347825317408e-06
480 2.0416873535566976e-06
481 1.7086221262725998e-06
482 1.7292510827168015e-06
483 1.8519107888261171e-06
484 1.7821134585604412e-06
485 1.8293306093426555e-06
486 1.96358823083011e-06
487 1.7802510672746549e-06
488 1.97233191324803e-06
489 1.919499176470174e-06
490 1.7445321344722965e-06
491 2.0009864402639362e-06
492 2.015982746483963e-06
493 2.0641525651879022e-06
494 1.992647943114134e-06
495 1.8130800123437583e-06
496 1.9499625730677733e-06
497 2.055070481109946e-06
498 1.8716540128225626e-06
499 2.0113445755571483e-06
500 1.8104808422290701e-06
501 1.806537429323315e-06
502 1.7648639564205133e-06
503 1.9769163520900977e-06
504 1.8564445596837513e-06
505 1.944929903671976e-06
506 1.928714020763174e-06
507 1.9703587222792356e-06
508 1.9313248369806667e-06
509 1.844156029270356e-06
510 2.0331338333700465e-06
511 1.7237300655252922e-06
512 1.8030487415056728e-06
513 2.024905063032747e-06
514 1.917729873508874e-06
515 2.02057041478886e-06
516 1.989704678064913e-06
517 2.1250734752564666e-06
518 1.926301666057772e-06
519 1.7718701659395986e-06
520 2.068320382375288e-06
521 1.6830794657789431e-06
522 1.8967782703181885e-06
523 1.7146030745451237e-06
524 1.8415411696174205e-06
525 1.9283048808354097e-06
526 1.8906774905759562e-06
527 1.6535849487799864e-06
528 1.9703016986002664e-06
529 1.7329686626789585e-06
530 1.8881273785306636e-06
531 2.0507100583246224e-06
532 1.715644408247652e-06
533 2.0252574719324476e-06
534 1.7250507803570623e-06
535 1.8937942895990885e-06
536 1.828511741907149e-06
537 1.8299949324554046e-06
538 1.7876860848171712e-06
539 1.77740675371476e-06
540 1.969415145148462e-06
541 1.8864829808704072e-06
542 1.926765527634216e-06
543 1.860821472510731e-06
544 2.1423534872618572e-06
545 2.0885783444117525e-06
546 1.9586638792474085e-06
547 1.6976770797581574e-06
548 1.8125676709459419e-06
549 1.978404990292462e-06
550 1.7600113807772134e-06
551 1.800172444758266e-06
552 2.035445936904335e-06
553 2.0141830063490645e-06
554 1.6256252220381006e-06
555 1.951478478277261e-06
556 2.0025903810184876e-06
557 1.9918684250677445e-06
558 2.0316807842051426e-06
559 1.8358147214474852e-06
560 1.9104832688839247e-06
561 1.7248937090245442e-06
562 1.6895647587300636e-06
563 1.7631491655000633e-06
564 1.9379625746359975e-06
565 1.8287731771868912e-06
566 1.8231250426657e-06
567 2.1762512657991294e-06
568 2.042565441119424e-06
569 1.8049139462724596e-06
570 1.646886360414146e-06
571 1.7416973580387655e-06
572 1.8773278336732805e-06
573 2.1733622278414977e-06
574 2.032576175478848e-06
575 1.9576534499002172e-06
576 1.938921466089224e-06
577 1.7672623899739198e-06
578 1.8111475090721043e-06
579 1.7494269953465975e-06
580 1.9068842374429624e-06
581 1.8479399854396529e-06
582 2.171381899334226e-06
583 2.034163519695365e-06
584 1.8298214915726567e-06
585 1.7399901844945614e-06
586 1.883832499506185e-06
587 1.958979315401236e-06
588 1.8149035520334427e-06
589 2.0521489917814427e-06
590 1.9573036722159507e-06
591 2.046503029237997e-06
592 1.9078201784320303e-06
593 1.7250139758288522e-06
594 1.9092883152094523e-06
595 1.9196889399691304e-06
596 1.7234078180116728e-06
597 2.2220549174415457e-06
598 1.8570349355400963e-06
599 2.1008699418124856e-06
600 1.989571049722467e-06
601 1.7940994077934564e-06
602 1.8049847953441051e-06
603 1.8893756221047406e-06
604 2.050123721557861e-06
605 2.0346218855903083e-06
606 1.7791097448483046e-06
607 1.9051081405898874e-06
608 1.8612692255066777e-06
609 2.1869158310402774e-06
610 2.0900159651485854e-06
611 2.056663848324829e-06
612 1.918600927356528e-06
613 1.6939317457925283e-06
614 1.847314677510066e-06
615 1.7977247234453328e-06
616 2.0739530634966998e-06
617 1.9075486102276895e-06
618 1.852707752161554e-06
619 2.0848364753338815e-06
620 1.8854362510416224e-06
621 1.8194722308650893e-06
622 1.7213334760122352e-06
623 1.9844953317323446e-06
624 1.8032146637087198e-06
625 2.014651220829283e-06
626 2.111421514979018e-06
627 1.9342877569708797e-06
628 1.8200744000267513e-06
629 2.078274892203046e-06
630 2.010326220141839e-06
631 2.0072413013532058e-06
632 1.8676040453357387e-06
633 1.7986004382448771e-06
634 1.94997635605746e-06
635 1.8652802465556416e-06
636 2.0675460089288175e-06
637 2.015749257360509e-06
638 2.0626381313456804e-06
639 2.030991177625359e-06
640 2.218335308164494e-06
641 2.012031697419075e-06
642 1.8510726619132281e-06
643 1.8974360968798886e-06
644 2.117698523913392e-06
645 1.9582296353349733e-06
646 1.7061212814225562e-06
647 1.888603878829122e-06
648 1.8963405795929827e-06
649 1.795336420055806e-06
650 1.6739011493259347e-06
651 1.9594223886561555e-06
652 1.749033490379159e-06
653 1.915318098579157e-06
654 1.8087629208861753e-06
655 1.7829024151228086e-06
656 1.8427652460217737e-06
657 1.7489209577866721e-06
658 1.9904470262389164e-06
659 1.929908396861472e-06
660 2.0667118489460734e-06
661 1.995119861660337e-06
662 1.8744892659490567e-06
663 1.948306928144559e-06
664 1.988289512798476e-06
665 1.8194628364308092e-06
666 2.0606574966150992e-06
667 1.978764468510508e-06
668 2.03829279261673e-06
669 2.078524776797637e-06
670 1.8374927414297894e-06
671 2.098909744812962e-06
672 1.7664266668922663e-06
673 1.7303466246989582e-06
674 1.866040300218981e-06
675 1.875720571946368e-06
676 1.83067061627464e-06
677 1.9514268596736726e-06
678 1.9499942962229747e-06
679 1.7146518228751479e-06
680 1.9115640117325815e-06
681 1.9873552387611534e-06
682 1.7350800711167213e-06
683 1.7285562141910464e-06
684 2.0077041171779115e-06
685 1.954044562870835e-06
686 1.9375955552527537e-06
687 1.9671695089434667e-06
688 1.6059811753695825e-06
689 1.8623069523540767e-06
690 1.789408570178663e-06
691 1.7670018398835587e-06
692 1.7500197605826791e-06
693 1.82476914413379e-06
694 1.826360092735502e-06
695 1.8663611829538756e-06
696 1.8716872382610326e-06
697 2.002998995194909e-06
698 1.9312051899599068e-06
699 2.1061859885810488e-06
700 1.892169652080319e-06
701 1.930131623724102e-06
702 1.7830191470539266e-06
703 1.9831356827682557e-06
704 2.02245099272117e-06
705 1.981244121475126e-06
706 1.999183695271838e-06
707 1.8930801668277818e-06
708 1.9498424405456643e-06
709 1.8994757875433961e-06
710 1.6722026624209076e-06
711 1.8520635865742029e-06
712 1.9027209672105946e-06
713 1.7817326733671889e-06
714 1.8405534266611535e-06
715 1.9013623284878495e-06
716 1.6699934318459607e-06
717 1.8592871109492717e-06
718 2.094908834133268e-06
719 1.9705860711035517e-06
720 1.9051172569532542e-06
721 1.8312496254692728e-06
722 1.823903055773155e-06
723 2.0768034139911007e-06
724 1.7994861841857263e-06
725 2.138654900671143e-06
726 1.9215093248491947e-06
727 1.9814635521551653e-06
728 1.9810510710786606e-06
729 1.8860581695484238e-06
730 1.8626143217260473e-06
731 1.7969025737930221e-06
732 1.9025753330988674e-06
733 1.968759172837163e-06
734 1.8353783361253734e-06
735 1.870228946208605e-06
736 1.998595779941212e-06
737 2.168528764165307e-06
738 1.6471594862867385e-06
739 1.6647465945565743e-06
740 1.9483077631697233e-06
741 1.8374285224005294e-06
742 1.6468987302333128e-06
743 2.0491931921216887e-06
744 2.2101613643849312e-06
745 1.9984741282918005e-06
746 1.8290668926120969e-06
747 1.7137809157388634e-06
748 1.954305778918241e-06
749 1.8922547272953725e-06
750 1.8323578322908029e-06
751 2.073657080861369e-06
752 1.7523804095293375e-06
753 1.8858994994693698e-06
754 1.8500239554832054e-06
755 1.8118920379055917e-06
756 1.8213399990104191e-06
757 2.0792289731028725e-06
758 1.973730229728087e-06
759 1.8247960274050742e-06
760 1.817903063206215e-06
761 1.9045468806959847e-06
762 1.6957776746596829e-06
763 2.1006222027393693e-06
764 2.1797825029461855e-06
765 1.9460500575229534e-06
766 1.7661518528386113e-06
767 1.8029018254979091e-06
768 1.82450268575243e-06
769 1.9460154935086203e-06
770 2.038424737886204e-06
771 1.7497223098323446e-06
772 1.9807302681688247e-06
773 1.8864089233216916e-06
774 1.8427973379957342e-06
775 1.931201798573062e-06
776 1.9546308790283296e-06
777 1.7901227176720609e-06
778 1.919477454914482e-06
779 1.9545636927601506e-06
780 1.8751531544693193e-06
781 1.7987853178359936e-06
782 2.183156894623767e-06
783 1.7921524522823598e-06
784 1.7898932287765242e-06
785 1.6482303101766682e-06
786 1.8340620173533084e-06
787 2.039129223005221e-06
788 1.9552231840524353e-06
789 1.8670423584813777e-06
790 2.0189935112155533e-06
791 1.6929092920629853e-06
792 1.953530700372949e-06
793 1.9143474785982497e-06
794 2.000996221221068e-06
795 1.6454622782515088e-06
796 1.7174851982090922e-06
797 2.112011635017441e-06
798 1.587349055853277e-06
799 2.2032797706170887e-06
800 1.8793943740405327e-06
801 1.987477508531567e-06
802 1.94323197071049e-06
803 2.0487100956965095e-06
804 1.959655960406944e-06
805 1.6606049443566788e-06
806 1.8091040104510619e-06
807 1.796611129455503e-06
808 1.8516330703778793e-06
809 1.7709010116802607e-06
810 1.991282669767891e-06
811 2.0319509874139683e-06
812 1.9700508698939446e-06
813 1.9684499300119344e-06
814 2.0311556130126207e-06
815 1.919942985084545e-06
816 1.9463200407952667e-06
817 1.8661130367970217e-06
818 1.929378664264636e-06
819 1.9036856204732132e-06
820 1.8561721976617108e-06
821 1.7948343415896998e-06
822 1.7858822809349967e-06
823 1.8753813655096774e-06
824 1.8906575711464104e-06
825 1.937650939475549e-06
826 1.777613433434579e-06
827 1.9032710221795023e-06
828 1.7504476572251303e-06
829 1.897610655034855e-06
830 1.946619677521138e-06
831 2.18583007302561e-06
832 1.8590868972479038e-06
833 1.809001273585663e-06
834 1.888337807032824e-06
835 1.7776805857407199e-06
836 1.6994529144029946e-06
837 1.9851814710404626e-06
838 1.9552828410427714e-06
839 1.8377274140654014e-06
840 1.9703641436420182e-06
841 2.270516439264984e-06
842 1.8600601743891377e-06
843 1.8605338968009943e-06
844 2.0688799706220468e-06
845 2.126433410117081e-06
846 1.7911630559397748e-06
847 1.8972018774332677e-06
848 1.87226532674996e-06
849 1.942904840479325e-06
850 1.8798069504719746e-06
851 1.8544433901486473e-06
852 1.8645176692878128e-06
853 1.9322569948778914e-06
854 1.97629227154835e-06
855 1.979536208575076e-06
856 2.0176468585731833e-06
857 2.111599700495915e-06
858 1.984345318445592e-06
859 2.0039556577658637e-06
860 1.961506748206485e-06
861 2.004271232543765e-06
862 1.8221243045492667e-06
863 1.7561676271605168e-06
864 2.025967070435214e-06
865 1.798889287903669e-06
866 1.912262654320845e-06
867 1.8450679429844385e-06
868 1.99975639145051e-06
869 1.985518344635119e-06
870 1.8697510659394738e-06
871 1.875687008787546e-06
872 1.9228164491165995e-06
873 1.9234503726811685e-06
874 2.021448556770404e-06
875 2.0654215313144555e-06
876 1.6878657798195379e-06
877 1.738069795662689e-06
878 1.7812756609939318e-06
879 1.9092881999530787e-06
880 1.8233034548810365e-06
881 1.6958005256093837e-06
882 1.8902606862824542e-06
883 1.7589396716306427e-06
884 1.9663559984455327e-06
885 1.8744795644043399e-06
886 1.8138462086834868e-06
887 1.7468809231904097e-06
888 1.876231940807718e-06
889 1.844570946379038e-06
890 1.943653132260628e-06
891 1.7405007161103647e-06
892 1.7966338936042427e-06
893 1.8251788589878343e-06
894 1.9149426253156634e-06
895 1.9772556383802703e-06
896 1.6871478296492824e-06
897 1.973565040581559e-06
898 1.9322476918934175e-06
899 1.6882111542719162e-06
900 1.957556515359649e-06
901 1.800968083210065e-06
902 1.8980904553360227e-06
903 1.8381741953254528e-06
904 1.917835994680921e-06
905 1.8898707476941026e-06
906 1.885530011933087e-06
907 1.8324396114574143e-06
908 2.0357449858598984e-06
909 2.0841186949031526e-06
910 2.0891359848639445e-06
911 1.9715632383229022e-06
912 1.7736305646692909e-06
913 2.0571269824310953e-06
914 1.9798799384553477e-06
915 1.8944151027798797e-06
916 1.9508795299134014e-06
917 1.8326191941903815e-06
918 2.011162048080211e-06
919 1.8313008096348264e-06
920 2.1443780562525134e-06
921 1.923646074353464e-06
922 2.0678362637503343e-06
923 1.7149860839882025e-06
924 1.8882565973279913e-06
925 2.0316770472096612e-06
926 1.77196035637384e-06
927 1.7192069121502536e-06
928 1.953832815595297e-06
929 1.9673061051857393e-06
930 1.7636210531614927e-06
931 2.0347236306573638e-06
932 1.946557126492126e-06
933 1.7939039131863902e-06
934 1.9544968364875624e-06
935 2.088790806856963e-06
936 1.977717684387415e-06
937 1.990955592576453e-06
938 1.846676483258421e-06
939 1.9343840680770735e-06
940 1.9182254570792146e-06
941 1.6841624394010855e-06
942 1.7843715323023091e-06
943 1.9377012852423713e-06
944 1.802525980217654e-06
945 1.941448713712194e-06
946 1.8167396741631174e-06
947 1.8761409440934828e-06
948 2.0455382278496804e-06
949 1.810562677699781e-06
950 1.6845389324774677e-06
951 2.0759008815184083e-06
952 1.5653204419943707e-06
953 2.1703342645057125e-06
954 1.979720859510131e-06
955 2.037172389715273e-06
956 1.8683474593413611e-06
957 2.049685173706093e-06
958 1.8970592225173657e-06
959 1.8671657325555912e-06
960 2.015101660558483e-06
961 1.8717279218778334e-06
962 1.7896268464145781e-06
963 1.7115370464437707e-06
964 2.0933431478983782e-06
965 1.8586823917857195e-06
966 1.846991078697288e-06
967 1.8915581177739738e-06
968 1.9582066772336944e-06
969 2.1588813832354892e-06
970 1.7868026823945217e-06
971 1.919788965391065e-06
972 1.6981998509665023e-06
973 1.9710474671719076e-06
974 1.7644481576609723e-06
975 1.70777539817574e-06
976 1.7548178685346615e-06
977 1.8205997460023494e-06
978 2.086590175146516e-06
979 1.8928617175203887e-06
980 1.771745208588138e-06
981 2.1695459861714576e-06
982 1.9359560848618748e-06
983 2.036525893360484e-06
984 1.7162153946616353e-06
985 1.8826418126364106e-06
986 1.9396943650332224e-06
987 1.7869057661862193e-06
988 1.9115421442848375e-06
989 1.835086859869866e-06
990 1.9695962148652948e-06
991 1.944498278166804e-06
992 1.7950928934948294e-06
993 1.7522088357687395e-06
994 1.8479315500978404e-06
995 1.9845312445334678e-06
996 1.7508685981077992e-06
997 1.7043314310541679e-06
998 2.0507861533878017e-06
999 2.0965952394704783e-06
