0 -5.827129977224621e-08
1 1.4241449545196025e-07
2 -8.837095176194816e-08
3 -4.1460202432154875e-07
4 5.860857693149209e-08
5 -2.0334698942068562e-07
6 -2.427617019132682e-07
7 4.6581030530380987e-07
8 -1.2730686198978665e-07
9 -2.522501232407165e-07
10 -1.0671831707968076e-07
11 -9.142695092786675e-07
12 1.1626581992246397e-07
13 -2.101142316075065e-07
14 -2.7795197028055105e-07
15 3.855064433230753e-07
16 -1.57380117153547e-07
17 2.6662798682100844e-07
18 -3.50322066554083e-07
19 -3.169033661312446e-07
20 -1.613206954983857e-07
21 -8.77566929336145e-09
22 3.3619088964251953e-07
23 -1.215181481194878e-07
24 1.3081846382697758e-07
25 -3.7616324447963765e-08
26 -4.860259304191981e-07
27 -2.725780269432257e-07
28 -3.531187204392977e-08
29 -1.534293474516628e-07
30 -4.351676000097643e-07
31 1.3511931632726917e-07
32 -1.40256991599224e-07
33 3.3767118976319337e-07
34 -4.7087611834772285e-07
35 -2.4970152322164336e-08
36 -2.5031949352737453e-08
37 -1.342840558318273e-07
38 1.3954446969434743e-07
39 -3.7171658885236894e-07
40 -7.457857194705685e-08
41 -3.6695424591308837e-07
42 -5.436777351615674e-07
43 -6.43947223824261e-08
44 -4.7640768686279606e-07
45 -3.0581818960279964e-07
46 3.343593836247812e-07
47 -1.2045343666883828e-07
48 -1.86975309543252e-07
49 -7.55145134331199e-08
50 -3.851306424571965e-07
51 -3.018823466523426e-07
52 -5.323084281577323e-07
53 -1.5537004400549118e-07
54 -3.0211447973589057e-07
55 -2.277221755455931e-07
56 -1.7942462331729424e-07
57 -3.3475819916130143e-07
58 -5.620650595631925e-08
59 -1.9212895297411264e-07
60 3.963448575387664e-08
61 -2.7841692677989674e-07
62 1.8232606122948708e-07
63 -4.277409804738007e-07
64 1.5958105582860087e-07
65 -2.0940116834922778e-07
66 -5.000281486562273e-07
67 -1.6770238513345435e-07
68 3.4686515196018566e-07
69 1.7843778286652045e-07
70 -1.9591091863633155e-07
71 -7.252581325639631e-08
72 -4.2916348041854384e-07
73 -2.96888144462292e-07
74 -3.7073006446053065e-07
75 -2.5830395835166962e-08
76 3.4869862177843854e-08
77 -1.8347541386465998e-07
78 -3.682265710366301e-07
79 -4.388080299729551e-08
80 -5.120220598695152e-07
81 -5.338902605242373e-08
82 -3.238278766464686e-07
83 1.2208755649982238e-08
84 -7.469923904069977e-08
85 3.666170990760411e-07
86 1.138822685016368e-08
87 9.751496366581567e-08
88 -1.1597238588144328e-07
89 -2.0699738049502372e-07
90 -2.944532220471104e-07
91 -1.2475893658987974e-07
92 -2.5156530007260874e-07
93 -2.8674249791586284e-07
94 -2.7371179129229044e-07
95 2.1855439638972856e-07
96 1.8805804940358697e-07
97 -3.2102205729341803e-07
98 -2.724957681465877e-07
99 4.727753686074798e-07
100 6.310008158972446e-08
101 -2.8396803305357614e-07
102 -2.4022817775464467e-08
103 -1.8957996858515235e-08
104 -1.0569481737526553e-07
105 -2.2390535933839384e-07
106 -3.8529206425218193e-07
107 -2.8548345162985763e-07
108 -9.565568351604284e-08
109 2.0161464924284323e-07
110 -8.904352904442874e-08
111 -5.36223426778675e-07
112 3.067922671047366e-08
113 6.971107756779559e-08
114 -5.870372416486672e-08
115 -2.3542532618382388e-07
116 6.428448568344964e-08
117 -3.5310394404345298e-09
118 -2.474960315895363e-07
119 -1.6730959658758863e-07
120 -1.0730867679566523e-07
121 -2.1528566162019456e-07
122 -1.691012296497898e-07
123 -3.9482774134886906e-07
124 9.863164168702056e-08
125 3.897411482856144e-08
126 5.308789637639406e-09
127 -4.448339821299342e-07
128 1.3948021287658342e-07
129 8.9543385763109e-08
130 -4.906715317826207e-07
131 2.471744457476285e-07
132 2.637618265963361e-07
133 1.382116979144077e-07
134 -3.314951659288281e-07
135 -2.629311228712299e-09
136 -3.2298729192724116e-08
137 4.014232470354898e-07
138 9.31828409310751e-08
139 3.148758160695395e-07
140 -5.380449402670578e-07
141 2.6107721182574387e-08
142 7.112370061619014e-08
143 2.4955173178884315e-07
144 -2.3963548883076503e-07
145 -2.9153000644773023e-08
146 -2.6912083153833477e-07
147 -1.0834698406943704e-07
148 -2.2155540879121062e-07
149 1.377693729939492e-07
150 1.4331804460639612e-07
151 2.315018671478346e-07
152 2.499865576712999e-07
153 -6.578494886722343e-07
154 -8.059129774681684e-08
155 -2.8401907004435825e-07
156 2.682112427799951e-07
157 8.836067362850226e-08
158 -8.410762904108554e-08
159 -2.946142921669679e-07
160 -4.1804417062721534e-07
161 4.53970243050584e-07
162 3.348398904191065e-08
163 3.4818622708049896e-07
164 -1.0146520744570043e-06
165 -1.0532028501057194e-07
166 -1.8160573986915877e-07
167 -3.5370107264076223e-07
168 4.0169274499698297e-07
169 5.138064166796975e-08
170 -3.952495066552035e-07
171 3.2925319509525575e-07
172 -2.1137299125978584e-07
173 -6.552668637527535e-07
174 2.9799857754953086e-07
175 1.1143561735617775e-08
176 -3.688986995912687e-07
177 1.8930889474650817e-07
178 8.580834670743183e-08
179 -2.9664086521371563e-07
180 -2.3745941515789656e-08
181 6.986906642143251e-08
182 3.934059020252836e-08
183 4.4311678529457106e-07
184 3.1050621467321996e-07
185 -1.8681934909704737e-07
186 -6.544464891728802e-07
187 7.444514460419852e-08
188 -4.2284185320324984e-07
189 3.4417053966532706e-07
190 -1.1907520588489842e-07
191 3.8274667656086453e-07
192 -2.2998560994871188e-07
193 1.960102749563266e-07
194 -1.9077545366025905e-07
195 6.497493606752376e-08
196 -2.85478883180332e-07
197 7.814440505652865e-08
198 -3.0421545454855863e-07
199 -6.40307793909973e-08
200 -2.0120772156906223e-07
201 1.040205163812057e-07
202 2.0726534495626968e-07
203 -1.1649524301295449e-07
204 -4.268319058144346e-07
205 8.173979079498954e-08
206 -9.740706877390081e-08
207 -9.955424499601742e-08
208 1.5915394290669466e-07
209 -1.4863833024129503e-07
210 -8.080752879376128e-08
211 1.971847339653842e-07
212 -9.481548841568355e-08
213 -2.0600079787216912e-07
214 2.8082066291035693e-07
215 -1.5490230681061155e-07
216 -7.907794731012711e-07
217 6.457660199248352e-09
218 -4.952587179861836e-07
219 8.365556130501361e-09
220 4.6436882333974427e-07
221 -3.4737021979303695e-07
222 3.182496817118625e-08
223 -6.770909101538004e-07
224 -3.498972083025618e-07
225 3.1648063259790817e-07
226 -7.596550464178354e-08
227 9.78471939834907e-08
228 -2.2352643758662917e-07
229 4.545567678108452e-07
230 -3.723512542353839e-07
231 -2.0391728625179957e-07
232 -3.5162538164593844e-07
233 -3.262175936138512e-09
234 9.237695108197822e-08
235 -3.0497406097982354e-07
236 3.39903605089348e-07
237 5.233495427212511e-08
238 3.39714504875261e-07
239 -7.657985700276677e-08
240 -1.3145240913167707e-07
241 -1.0802114994357399e-07
242 1.685490597467675e-07
243 -2.748721486210316e-08
244 -4.590927524790589e-07
245 9.099980498162811e-08
246 1.0039482158567942e-07
247 -6.829094302147994e-08
248 -2.1757805263899996e-07
249 -2.3877865710437417e-08
250 1.4084884035078038e-08
251 -3.3100934612940907e-07
252 -9.458309187631275e-08
253 -1.3829899268673555e-07
254 -1.0389017254381335e-07
255 1.0878589456565864e-07
256 -2.2183411983929096e-09
257 -1.2462923035618552e-07
258 5.792769435133077e-08
259 -2.8313272398711335e-07
260 -1.9061544628177837e-07
261 -3.7283601932183123e-07
262 -1.1344888137748482e-07
263 -1.1634826985073892e-09
264 -1.1729407919662988e-07
265 -3.828673358927804e-07
266 -8.62636184030291e-08
267 2.36786998317462e-07
268 -1.6185180092691154e-07
269 -2.659610594891517e-07
270 1.898817798710303e-07
271 -2.8952175513294645e-07
272 -6.662906766912479e-08
273 8.424962417196752e-08
274 -1.2642790629939854e-07
275 -3.8544368422115894e-07
276 6.007795657611016e-08
277 -2.898072334799309e-07
278 -5.043714305161106e-07
279 1.6461254645562422e-07
280 -1.2947244717638647e-07
281 -4.3885654855418785e-07
282 2.6545991591652966e-08
283 -3.1759655974307204e-07
284 6.920998151598184e-09
285 -1.0119212955140082e-07
286 -1.890302548329248e-08
287 3.5126538321855706e-09
288 -3.9854352057041446e-07
289 -3.1980680766331946e-07
290 4.728965682806892e-08
291 -2.643158129506011e-07
292 -5.746215242397053e-07
293 -4.4336626316549767e-07
294 2.146384249279514e-07
295 2.5324593738966957e-07
296 -1.2551630351957314e-07
297 -2.796482616519036e-08
298 -8.449930647829642e-08
299 -4.1216998244640807e-07
300 -4.190628566854886e-07
301 -1.7405725019803196e-08
302 -1.7987851426666268e-07
303 1.5293503603961005e-07
304 -2.4625916805387753e-08
305 1.9079843532530674e-07
306 -1.8441036319443524e-07
307 -9.648849256243509e-08
308 -6.312435723231357e-07
309 1.4171771873445704e-07
310 -4.6577665555980145e-07
311 -5.360269216500226e-07
312 4.895710626341253e-07
313 -4.732943556835695e-08
314 -3.9690093075412963e-07
315 1.1020439386310689e-07
316 -2.317932731365569e-07
317 -4.3328321830158634e-07
318 1.6858318557949098e-07
319 -6.325260825780133e-08
320 -5.164427366163448e-08
321 3.483415447393277e-07
322 -5.562629224639849e-07
323 -3.1958975401540925e-07
324 1.841272023731488e-07
325 8.618510444362498e-08
326 -7.228075056070604e-08
327 5.448215304338503e-07
328 -2.0819575760454236e-07
329 -2.397586754555007e-07
330 -3.071043095913734e-07
331 -2.364022014657882e-07
332 -1.3859802843652802e-07
333 8.512464585127559e-08
334 2.2519694305195693e-09
335 -1.1747805108413135e-07
336 -5.750253529470342e-07
337 8.821432828490807e-08
338 -7.256798336587699e-08
339 -1.1375952919469057e-07
340 -2.4302755115348225e-07
341 -5.663773042081963e-07
342 1.6811256537751525e-08
343 -2.062089875975597e-08
344 -3.7607232210372465e-07
345 2.5280024567281805e-07
346 1.8604853824627228e-07
347 -6.135669006644864e-09
348 -2.2209458102206428e-08
349 -4.3694570932793463e-07
350 1.8743780474530243e-07
351 2.0592407792489585e-08
352 1.8617782584092797e-07
353 1.3476269098620627e-07
354 -1.0933398135430446e-08
355 2.3252203874057295e-07
356 -9.209587130963431e-08
357 -1.794530657320959e-07
358 4.519628823914788e-07
359 9.583527162142036e-09
360 -4.307512852370965e-08
361 -5.572917835923301e-08
362 1.7836415412682653e-07
363 8.811905944856199e-08
364 1.787720457068333e-07
365 -2.2629306662687453e-07
366 -2.3120365640318145e-08
367 3.1842917151126886e-07
368 -1.5431409538446912e-07
369 8.036083587658819e-08
370 2.283796299987934e-08
371 -2.834781496243535e-07
372 -6.47220194407971e-07
373 -3.1472899398097756e-07
374 -2.7525296173792973e-07
375 -2.584458428300968e-07
376 -7.379173235142424e-08
377 3.2577614670709156e-07
378 -6.012767926374254e-08
379 9.014203036989001e-08
380 -3.118724989610978e-07
381 -3.023921155770809e-07
382 4.7439315773677264e-08
383 -3.0128129945780903e-07
384 1.0826541649793945e-07
385 8.1601834324515e-08
386 -4.046697021361764e-07
387 -1.6155632205000022e-07
388 3.877869959153097e-07
389 -2.6045290662316276e-07
390 8.107667295585607e-08
391 -2.1616367767504267e-08
392 -2.6247480365190657e-07
393 -1.6332712278399407e-07
394 -1.229720776698405e-07
395 -2.6040618945689463e-07
396 1.0066811695310902e-07
397 -1.5420287414477523e-07
398 -1.6897928467754384e-07
399 -4.882537628655573e-07
400 2.4520280263558716e-07
401 -1.5383818882366092e-07
402 -2.0808114397967228e-07
403 4.305382563036678e-08
404 -4.917321500730668e-08
405 -3.2942936070495e-08
406 3.278756247968682e-07
407 1.5970965927683705e-07
408 -2.2880472883834798e-07
409 1.3616220513100273e-07
410 -3.2610599886843995e-07
411 -5.136528606640042e-07
412 3.610082717459449e-07
413 -1.440961162879279e-08
414 -1.5985448148514367e-07
415 -4.610324172578363e-07
416 2.381131130492306e-07
417 -5.954710729703723e-08
418 -4.7010635686733996e-08
419 -1.7753658768116203e-07
420 -3.58982862103543e-07
421 8.571166607855951e-08
422 -4.145919338910604e-07
423 2.6735057885568004e-07
424 -6.903530204628561e-07
425 7.417320877057577e-08
426 -1.432773781412632e-07
427 6.394945791951544e-08
428 -1.710825542829185e-07
429 -8.871378249058875e-08
430 -3.596949305312445e-07
431 -1.234797572771115e-07
432 -1.1676287547430354e-07
433 -2.925511057517219e-07
434 -2.641323764257925e-07
435 3.4666226936157526e-07
436 -3.498329393131375e-07
437 2.0602280007689188e-07
438 -3.768498902901935e-07
439 3.461012116259935e-07
440 -1.1603840152910042e-07
441 -1.168719024987014e-07
442 -1.396180993411444e-07
443 -6.387753939484967e-08
444 2.0645322135489615e-07
445 1.9134342156258484e-07
446 2.8412755047568507e-07
447 -1.325700012521347e-07
448 1.5505429678108349e-07
449 2.683590538167743e-07
450 -4.162439828104201e-07
451 -3.5939006236242476e-08
452 5.691263051327368e-09
453 -2.7587719286486504e-07
454 2.129103210421131e-07
455 -4.0426806450054594e-07
456 5.326367385331044e-07
457 1.4977529393020876e-07
458 -2.9051219031059457e-07
459 -7.558342654640005e-08
460 8.653794544750553e-08
461 -4.0565388589130725e-07
462 1.8826633311854985e-08
463 1.2854212073205926e-07
464 -4.824104049780018e-08
465 -9.75690436665814e-08
466 -3.0950598012672793e-07
467 -3.9490697579164294e-07
468 -5.517560000733766e-07
469 -1.2017075012868457e-07
470 -1.4802226395074787e-07
471 5.868007010496059e-08
472 1.983526566296414e-08
473 6.002426464784276e-08
474 -1.4697245427365912e-07
475 -4.01148831394708e-07
476 5.4861038135743266e-08
477 -2.8185802023654176e-07
478 -8.040054065719273e-08
479 2.2532752443520398e-07
480 -2.6069721771731733e-07
481 4.0278623342359045e-07
482 -2.325447174617041e-07
483 -4.306971745003492e-08
484 -9.039986567280979e-08
485 -3.09556760891873e-08
486 -5.111043326470887e-08
487 -8.958372621115433e-08
488 -1.9061476350032505e-07
489 -1.4579797803368451e-09
490 -3.2633903416291984e-07
491 -1.1139101098456401e-07
492 -1.5723661858364044e-07
493 -8.989255767395e-08
494 -5.830691023447486e-07
495 -1.9061605881591374e-07
496 -2.8102679332492103e-07
497 -8.791832341234115e-08
498 1.3706635305442722e-07
499 -2.675003534145685e-07
500 1.414411497396421e-07
501 -2.4303833575769075e-07
502 -2.2358399029873482e-07
503 -2.683568056185922e-07
504 -2.610260886859019e-07
505 -1.5290989399717527e-07
506 2.8447060482270756e-07
507 -3.073538616077733e-07
508 -5.9544896221589975e-08
509 1.4573991164805067e-07
510 -3.113376832244537e-07
511 -2.444742881778776e-07
512 -9.811342814454505e-08
513 -2.9685973851217115e-07
514 -3.82082680035195e-07
515 1.6004049343786943e-07
516 -1.7963382839077957e-07
517 -2.6928350959012575e-07
518 -5.235191973473626e-07
519 2.0539458088526114e-07
520 -6.808678717250393e-07
521 6.297610510387312e-08
522 4.134736488293315e-07
523 1.9519149492596724e-08
524 -4.194105845331077e-07
525 -1.2804327479562116e-07
526 4.012262716201855e-07
527 4.452433790941536e-07
528 -2.217617353170855e-08
529 -6.12547819711531e-08
530 -1.8157637800643325e-07
531 -6.17079416895336e-08
532 -1.228977055777019e-07
533 -1.2530584029035453e-07
534 -5.141729508893857e-07
535 -4.841035380253935e-07
536 -2.7812664945372885e-07
537 -1.3529319816820904e-07
538 -1.3911701978333798e-07
539 -5.27683975711038e-07
540 6.712682719569819e-08
541 2.2588425143536776e-07
542 -2.9649517586612285e-07
543 2.753568375266761e-07
544 -1.4141830284813739e-07
545 -7.27843805483137e-08
546 -2.1321250068372757e-07
547 3.0052927667912926e-08
548 2.3270208646778155e-07
549 9.876091205425032e-08
550 -6.909567377667269e-08
551 -8.115732282429892e-08
552 -3.615126694225855e-07
553 -8.890950924738189e-08
554 -1.1036564012308797e-07
555 2.1210729372209028e-07
556 -7.885539520537763e-07
557 -3.2326595067845103e-07
558 -2.6847662155929687e-07
559 2.0620033796444292e-07
560 1.4609318402788146e-07
561 7.229254275844438e-08
562 3.8528587447359136e-07
563 -1.7794164958676743e-07
564 7.34101019807678e-09
565 3.8531581191287415e-08
566 7.117846262712478e-08
567 -4.054358030372457e-07
568 -6.44618794204665e-07
569 1.0788738128680709e-07
570 9.521251694434239e-08
571 -8.394369488657475e-08
572 3.4655340665602327e-07
573 -3.087039606003312e-07
574 -4.104473637123431e-07
575 1.8483272961390625e-08
576 -1.7913645333168128e-08
577 -1.4516200001817054e-07
578 2.467571559166147e-07
579 -2.2831532365553889e-07
580 -5.978643308211572e-07
581 -6.45234337210854e-08
582 -5.058563058004197e-07
583 -2.1508176984078288e-07
584 9.563667693606393e-08
585 -3.3510213495417027e-07
586 5.498107702386089e-08
587 3.537684435297895e-07
588 2.0296487247756043e-07
589 -3.021059856903998e-07
590 -2.6906960448668678e-08
591 -4.327432555207203e-07
592 -9.070215491437526e-07
593 -2.511268446621754e-07
594 -2.0101639616840697e-07
595 2.5615495196319626e-09
596 -8.94510003452224e-08
597 -2.4299674889321827e-07
598 -1.530863232842528e-07
599 -4.838854231468863e-07
600 -5.02860296168461e-07
601 2.0775002245111576e-07
602 -1.8784042489609222e-07
603 3.1260465931772565e-07
604 -2.619008369431937e-07
605 9.009689683089397e-09
606 -6.588994844776382e-08
607 -2.82746193371123e-07
608 1.9045724276585307e-07
609 -4.3310007460143213e-07
610 1.1074610719465177e-07
611 5.6777092079056254e-08
612 -3.365156993171858e-07
613 1.3438767697183496e-07
614 -4.2138188095729697e-07
615 -1.755717273818675e-07
616 -1.7174440834844085e-07
617 -9.188901772325576e-08
618 -1.3369598206140737e-07
619 -1.7742180352911315e-07
620 -2.420679380515943e-07
621 -3.5485536161665936e-07
622 1.0088338194838187e-07
623 -4.793514952205684e-07
624 -1.2333378661007622e-07
625 -3.2333436000151943e-07
626 -3.019902381610818e-07
627 9.886018490759176e-08
628 -2.1099072174861387e-07
629 9.480922610632311e-08
630 -1.2987050772906926e-07
631 -1.9786130815956217e-07
632 -6.302705749819289e-08
633 9.740253586828159e-08
634 -2.1420201928974895e-07
635 4.3348797418926523e-07
636 -3.7732152150331233e-07
637 -5.472790335124657e-07
638 -4.144967293704721e-07
639 -7.191474314137585e-08
640 -2.1922390408343065e-07
641 -3.086437140680274e-07
642 -2.1071700185869436e-07
643 -1.024447029559508e-07
644 -1.487165027710424e-07
645 9.077333818759854e-08
646 -7.37451064310559e-08
647 2.1612508417476516e-07
648 2.314729793078558e-07
649 -1.1293683527289398e-07
650 -3.22661619842193e-07
651 2.453223833825355e-07
652 -4.412860681493721e-08
653 1.7951959338000554e-07
654 -3.877047689286508e-07
655 4.3637688163142135e-08
656 3.891673776419672e-08
657 -1.671491459866811e-07
658 2.61126437352367e-07
659 -2.2266244518102151e-07
660 -6.547800229046535e-09
661 -2.5511196089966265e-09
662 -5.061240255547605e-07
663 1.4341618912902915e-07
664 1.696403631873752e-07
665 4.629422889663742e-08
666 2.037204473658422e-08
667 -2.673515792601468e-07
668 -3.060355952623207e-07
669 -5.022624908754567e-07
670 5.002656414770295e-07
671 -3.2238364269817435e-07
672 -2.644925391358912e-07
673 -2.3680311954077324e-07
674 9.9147734383213e-08
675 -4.987269610117777e-07
676 6.994054772452436e-08
677 -2.8613423885436656e-07
678 -8.260611214540468e-08
679 4.4531856991480154e-08
680 -8.00912462220566e-07
681 -9.663608846545139e-08
682 -1.8075596669559141e-07
683 -2.0142030088839094e-07
684 -1.55940053520338e-07
685 -1.1994412891844346e-07
686 -1.7341387728988477e-07
687 -3.771610372571363e-07
688 2.4482813778312084e-07
689 -2.5004466881938593e-09
690 -1.711669110046426e-07
691 1.0118095140583799e-07
692 2.100627945511809e-07
693 -2.649921681036843e-07
694 -3.6680522612340395e-07
695 -9.645870164797824e-08
696 -1.0463124957269641e-07
697 -3.093833284553067e-08
698 7.024517587535493e-08
699 3.000298159802338e-08
700 -1.2136678492518853e-07
701 -2.9397408053781685e-07
702 -1.6903576240156245e-07
703 -3.066850135559176e-07
704 -8.538760569320812e-08
705 -1.0618975605961134e-08
706 -4.209708672179781e-07
707 -2.732465981312325e-07
708 -3.3103382247902653e-07
709 -3.0314485116655386e-07
710 2.65432619880354e-07
711 -1.9732948260256086e-08
712 -7.403571256835389e-09
713 -7.93766998426384e-08
714 1.8015200669222134e-08
715 -1.16719057225501e-08
716 4.772121109852575e-08
717 -6.366923232696053e-08
718 -8.516321747772265e-08
719 -4.4922623172380923e-07
720 -2.5513846229373045e-08
721 2.035655497991893e-07
722 1.8317351459729606e-07
723 -3.357103551514245e-07
724 -3.294224526741676e-07
725 -2.884190620897765e-07
726 -1.3198884421143697e-07
727 -6.703806567470542e-08
728 -3.5812369409303713e-07
729 8.002879024591882e-08
730 2.5503503381252167e-07
731 -3.880811801457072e-07
732 1.5660947818147632e-07
733 -2.9597213311213973e-07
734 6.369022314620089e-09
735 -2.761517913741876e-07
736 -2.529640062093316e-08
737 -5.096671305044756e-07
738 -8.901173758004521e-08
739 -1.2765929514081187e-07
740 1.1028919071140232e-07
741 -1.0084696460569887e-07
742 3.277657337839013e-07
743 -1.3138039635321934e-07
744 -3.523186343497279e-07
745 9.806645498102797e-08
746 -9.472170388791568e-08
747 4.6080554555515216e-07
748 -3.0700993001582105e-07
749 -1.8039795277013584e-07
750 -8.294900471740668e-10
751 -1.1850414560576865e-07
752 -2.4487946812034854e-07
753 -2.2176551728217555e-07
754 3.031522557913171e-07
755 -1.4029027275850186e-07
756 -6.505155706761188e-08
757 -5.884370796721327e-07
758 -5.619912879534245e-07
759 2.117717847501574e-08
760 -3.738154098636985e-07
761 -3.1118420605268203e-07
762 3.4040571970107514e-07
763 -2.2461647726178187e-07
764 -7.980894876054622e-08
765 1.628451476655346e-07
766 4.990928202020614e-08
767 1.781161547062032e-07
768 -1.017923026798998e-07
769 -3.380663850177761e-07
770 -1.0387146068504793e-07
771 -2.1524516623573804e-07
772 -4.2128696758187033e-07
773 7.77960389188135e-08
774 6.877830076286333e-08
775 1.5956415071065328e-07
776 7.052006662365685e-08
777 -3.6157887993362063e-08
778 -1.6047814055651012e-07
779 -9.35492722670457e-08
780 3.789197155702165e-08
781 2.8070349094350068e-08
782 -2.6083886445240734e-07
783 4.4089523675422107e-07
784 3.58654663936597e-07
785 1.710576067829119e-07
786 -3.9770552198204045e-07
787 -1.2385266406491628e-07
788 -5.550326771170207e-07
789 2.6553866878231187e-07
790 -1.1841431860451943e-08
791 -2.461384223126586e-07
792 -8.690499967450085e-08
793 -4.470402227652927e-08
794 -7.335583838557311e-08
795 -4.405984714587942e-07
796 5.306207096345405e-07
797 3.714348272583279e-08
798 -1.4686318771924927e-08
799 -5.569303156278797e-08
800 3.274443154582261e-07
801 -3.648588836173807e-07
802 -3.730962769401023e-07
803 -6.21121643880562e-07
804 -2.821739440685464e-07
805 1.403145606285058e-07
806 -4.801946066252812e-07
807 -1.3075469501631434e-07
808 -7.694568765981395e-08
809 -2.2066541264494326e-07
810 -2.2284345967084237e-07
811 6.254943011618403e-08
812 -4.671766906731932e-07
813 -1.5405204929886832e-07
814 -2.8305829687078445e-07
815 -1.4345652160681016e-07
816 5.42284603526104e-07
817 -1.2965254337379488e-07
818 -3.2987623920155213e-07
819 1.6647741862160712e-07
820 1.4057682516704917e-07
821 -1.4798468243464132e-07
822 -2.400668888314418e-07
823 -1.8686143897036502e-07
824 -3.2539009880280297e-07
825 -2.3924022837265193e-07
826 -6.794198353743844e-08
827 -2.1900350226788615e-07
828 -1.3974800026027548e-07
829 -2.7056613075751883e-07
830 2.9624625418141155e-08
831 -1.956449982070937e-07
832 -1.4524653315212715e-07
833 -2.0693732933181332e-07
834 -2.103478980758413e-07
835 -1.1682366632383624e-07
836 -3.8439915160903614e-07
837 -2.557771591097352e-07
838 -2.635209439536231e-07
839 -2.1707322199409474e-07
840 -1.6343210038350155e-07
841 -2.0333203228817304e-07
842 -5.104996227739255e-08
843 -4.6963070124648733e-07
844 -3.722764909193956e-07
845 -1.957223411522677e-07
846 -4.946148903629505e-07
847 -5.134054723470137e-07
848 -8.076569670458578e-08
849 -2.916159369188961e-07
850 4.218159186113817e-08
851 4.1159203438407895e-07
852 -2.4492537497981046e-07
853 3.1839325782451025e-08
854 -1.8274693279672354e-07
855 -2.2207995962927566e-08
856 -1.4152293275639066e-07
857 -1.5704724739331682e-07
858 -7.596575331185471e-08
859 -4.4922307511546343e-07
860 6.363135421839707e-08
861 -5.321677170185281e-07
862 -3.2206787008649607e-07
863 -3.679456069031359e-08
864 -2.3169767608199113e-07
865 -1.661654813548688e-07
866 -9.86033377549487e-09
867 -1.1375293754856862e-08
868 -2.4673656794277333e-07
869 -3.1765311085991065e-07
870 4.378772672293924e-07
871 -1.6345536663257263e-07
872 -2.505918639511909e-07
873 -4.074377255515545e-07
874 -3.533578821868297e-07
875 -4.253142548703349e-07
876 2.283973862589094e-07
877 9.040440930272242e-08
878 -2.5044446499629064e-07
879 -7.483562847198121e-08
880 1.4761263901561706e-07
881 -1.2572265529182036e-07
882 3.44908388067847e-08
883 -2.75361264008049e-07
884 2.70545062147604e-07
885 3.307749603322219e-07
886 1.7484103765126376e-08
887 -1.9663609310807532e-07
888 2.868436035294685e-07
889 -4.592110072040447e-07
890 -3.616141188849969e-07
891 -4.836884499576395e-07
892 -5.106649108274886e-07
893 -8.004262895948305e-08
894 1.1009881508108774e-07
895 -5.769688402140906e-07
896 2.0478159696640398e-07
897 -3.789813517776344e-07
898 -1.852359837704006e-07
899 -8.941472945741563e-08
900 -1.81157770733109e-07
901 -2.400191282164191e-07
902 1.793626056986991e-07
903 -3.0828240669013867e-07
904 -1.736450733206465e-07
905 -4.5403524469296333e-07
906 1.0599304268246146e-07
907 -1.1076147811507049e-07
908 -3.540682435748e-08
909 -4.4291873397927126e-07
910 -5.075066417378371e-07
911 -2.8848157508800407e-07
912 -2.994427496193874e-07
913 1.1087801892980378e-08
914 -4.115375595469615e-07
915 -3.703466930679129e-08
916 -5.026960347611438e-07
917 -7.563892592036251e-08
918 1.5494490861349426e-07
919 -6.053836383788142e-07
920 -3.457211218789734e-08
921 -2.1374552981463486e-07
922 -5.902640787312052e-07
923 -1.0465530562241168e-07
924 -2.080077519231025e-07
925 -6.130195043976106e-08
926 2.7392575847501405e-07
927 3.656517187355682e-08
928 -1.7134872935242683e-07
929 1.2056583248498128e-07
930 -3.5129865025499e-08
931 -5.178795000538264e-07
932 -2.8677647614361735e-07
933 1.322878049592103e-07
934 -4.288012074364811e-07
935 -3.5161596074541327e-07
936 -3.481247012479491e-07
937 -2.172096322017102e-07
938 -1.320816481407217e-07
939 -1.4454009552600304e-07
940 -5.368929216972087e-07
941 1.6767322533734648e-07
942 5.78732340367572e-08
943 -1.5240014008293654e-07
944 8.874843322493293e-10
945 2.3178374446179162e-08
946 -1.963231713215548e-07
947 -2.004139477785682e-07
948 -1.9471067039730946e-07
949 3.708988555153142e-07
950 -3.830201982020299e-07
951 -2.8636957849772377e-08
952 5.725410474614908e-08
953 -4.118599294983963e-07
954 1.978797708637569e-07
955 -5.947241962802207e-07
956 -1.772324625363698e-07
957 -1.2513535667512352e-07
958 -1.6178968204782227e-07
959 -2.5165448042372014e-07
960 -1.473956700893177e-07
961 -3.6904818589473594e-08
962 -2.3827424118016757e-07
963 -5.507277827329609e-08
964 -3.249571015164115e-07
965 -2.6130940168461782e-08
966 -9.20074297104909e-10
967 -2.1146914110277592e-07
968 -1.9966913830074975e-07
969 -1.3451994133324085e-07
970 -8.525623234421815e-08
971 -3.8119870245512637e-07
972 -2.2468487921121056e-07
973 -1.315558368295565e-07
974 -2.2568801915938642e-07
975 2.2845704775967408e-07
976 1.3199820181172404e-07
977 2.2291955323879323e-07
978 -3.46272377411129e-07
979 3.6992132085175284e-08
980 -3.0203073231920036e-07
981 -6.124852273905357e-07
982 -1.4695680959972416e-07
983 4.1918904666746786e-07
984 -1.7182344210115392e-07
985 1.6197919435432117e-08
986 -2.70960177040173e-07
987 -3.685217952321293e-07
988 5.8844854599007964e-08
989 5.429188858290245e-07
990 -1.3922978111306747e-07
991 -4.5170398490780255e-08
992 2.4627079868130103e-07
993 -7.402560072241359e-08
994 2.288091489966022e-07
995 -4.790099138482626e-07
996 3.39334566942005e-07
997 -1.82407031400831e-07
998 -3.448933743426357e-07
999 2.9183876067415728e-08
