0 1.67481913059474e-06
1 1.5980121086071963e-06
2 1.8274275206723542e-06
3 2.0031503675310204e-06
4 1.6711049632415688e-06
5 1.8874117934310655e-06
6 1.7924646571780448e-06
7 1.464520214936547e-06
8 1.8650184616368615e-06
9 1.8795234551867712e-06
10 1.6310988590090397e-06
11 2.3561930597640236e-06
12 1.5824106003289167e-06
13 1.8445256884643287e-06
14 1.8042300439367143e-06
15 1.4343633993538367e-06
16 1.715674317663995e-06
17 1.5367596533020593e-06
18 1.992098672532252e-06
19 1.9678338564285e-06
20 1.8146097362621782e-06
21 1.6162652037577645e-06
22 1.3600669314421018e-06
23 1.8363379000477207e-06
24 1.4849106942121589e-06
25 1.786082629066446e-06
26 1.9994760331903608e-06
27 1.835391541811198e-06
28 1.6712265856562379e-06
29 1.7573809316953904e-06
30 1.9458230578375332e-06
31 1.7003619405840875e-06
32 1.8784113782155962e-06
33 1.434629663294377e-06
34 2.0788955984016817e-06
35 1.8394412207615984e-06
36 1.6350744304977456e-06
37 1.7857285764158218e-06
38 1.6440838051338455e-06
39 1.8905261802569028e-06
40 1.7884774750792495e-06
41 1.945644727717585e-06
42 2.1259732975254193e-06
43 1.753600599303956e-06
44 2.0165119581956617e-06
45 1.902090635001492e-06
46 1.549765720654113e-06
47 1.8209842695415383e-06
48 1.8768040297443978e-06
49 1.8342876664088875e-06
50 1.96914584092136e-06
51 1.851201076108067e-06
52 2.0638494482162135e-06
53 1.7279021516977896e-06
54 1.8948298168239115e-06
55 1.877807708290832e-06
56 1.8417630639161435e-06
57 1.9832893474647345e-06
58 1.736362874543036e-06
59 1.833348137443258e-06
60 1.743153717212427e-06
61 1.9199116926356085e-06
62 1.6385207045880026e-06
63 1.9766204489735216e-06
64 1.543970547768959e-06
65 1.8533134594484956e-06
66 1.9962736009318576e-06
67 1.737380288800187e-06
68 1.4608603970534186e-06
69 1.4863016874637757e-06
70 1.8935298215223932e-06
71 1.7160035359520087e-06
72 1.941408768935703e-06
73 1.9595968298585133e-06
74 1.9873723265922438e-06
75 1.565854511634157e-06
76 1.7308772069358917e-06
77 1.9139549428910838e-06
78 2.0615231744759996e-06
79 1.7706649835486145e-06
80 2.0102792372273377e-06
81 1.6978148264866097e-06
82 1.902343291605687e-06
83 1.6799536469264588e-06
84 1.7073400309735806e-06
85 1.3194458767929435e-06
86 1.6653494849494779e-06
87 1.641718785287578e-06
88 1.6855053958179388e-06
89 1.7763593744627293e-06
90 1.7503436343612544e-06
91 1.7351778489633e-06
92 1.869786789371148e-06
93 1.8894241687125945e-06
94 1.9390265834907636e-06
95 1.6680537550503932e-06
96 1.6741956125268928e-06
97 1.8752182191042615e-06
98 1.9507169688676035e-06
99 1.3427494186810026e-06
100 1.6774609099086696e-06
101 1.887207081595527e-06
102 1.6088064323183395e-06
103 1.6649344902161608e-06
104 1.7751903212051733e-06
105 1.796017020167092e-06
106 2.007046916130304e-06
107 1.8637930866326296e-06
108 1.7956177703444012e-06
109 1.5712517041961498e-06
110 1.8259367084810469e-06
111 1.9877254942531587e-06
112 1.64425088177983e-06
113 1.6359572065495404e-06
114 1.7269892868241201e-06
115 1.7827504377013274e-06
116 1.6821903454499329e-06
117 1.6997760121456952e-06
118 1.7713694985233664e-06
119 1.8380141199651924e-06
120 2.0539052046515604e-06
121 1.846274796424205e-06
122 1.8598501090259825e-06
123 2.0514241100439754e-06
124 1.6417164350610979e-06
125 1.7011177579417876e-06
126 1.698374385993758e-06
127 1.9741548042122068e-06
128 1.5344544227612164e-06
129 1.6239357994106075e-06
130 1.9481326541022395e-06
131 1.5553973485412808e-06
132 1.664757786136127e-06
133 1.5437899054424075e-06
134 1.916319094832029e-06
135 1.8117826299486527e-06
136 1.637213163416519e-06
137 1.4064203457487492e-06
138 1.6937493088023053e-06
139 1.4076239077222467e-06
140 1.976096113646701e-06
141 1.742212935062221e-06
142 1.5996872217694367e-06
143 1.438315021787804e-06
144 1.828431687914099e-06
145 1.7614803325534412e-06
146 1.7976842216340073e-06
147 1.7825335500640717e-06
148 1.8452171413178196e-06
149 1.5576033260267873e-06
150 1.5519680981499992e-06
151 1.523647809106915e-06
152 1.5416782359773072e-06
153 2.0708269646983953e-06
154 1.758336660296053e-06
155 1.8640053014305802e-06
156 1.4100174614573275e-06
157 1.5160144709660846e-06
158 1.733746018955332e-06
159 1.8773881725238836e-06
160 1.935493682406731e-06
161 1.3603439063572585e-06
162 1.648196394458588e-06
163 1.5649859110943282e-06
164 2.281005930547843e-06
165 1.9159404057653367e-06
166 1.7805555975468687e-06
167 1.8938346971257155e-06
168 1.4070997868546875e-06
169 1.7663398159210052e-06
170 2.034448422476729e-06
171 1.5228829145924014e-06
172 1.7891788118057272e-06
173 2.1021553608434545e-06
174 1.4668087786719537e-06
175 1.7837229170170275e-06
176 1.8843948874525317e-06
177 1.5006147932048844e-06
178 1.6628026542659917e-06
179 1.827755811151872e-06
180 1.7764609452735128e-06
181 1.5209890319709372e-06
182 1.7246788879823426e-06
183 1.4395943398802983e-06
184 1.4504601964340366e-06
185 1.8995892763461795e-06
186 2.179417418276049e-06
187 1.6192221724051704e-06
188 1.9460543458596577e-06
189 1.4960107829062546e-06
190 1.7119234281981292e-06
191 1.347048602266471e-06
192 1.7981915319788477e-06
193 1.5907874013379867e-06
194 1.875721566293298e-06
195 1.654225840793155e-06
196 1.7849724628255868e-06
197 1.672899482280472e-06
198 1.895773040759943e-06
199 1.7727803408304388e-06
200 1.7764171467358203e-06
201 1.6078736993693084e-06
202 1.5866049114753105e-06
203 1.7725859700241484e-06
204 2.0350452010003917e-06
205 1.581502924949991e-06
206 1.6414902240193892e-06
207 1.743559341182343e-06
208 1.5887921756346134e-06
209 1.800472766002796e-06
210 1.757037508988578e-06
211 1.6313791931455122e-06
212 1.8483092081099996e-06
213 1.8584283285903897e-06
214 1.4716452695568842e-06
215 1.738396516805279e-06
216 2.2181628114167276e-06
217 1.6997206643857473e-06
218 2.2120832966927763e-06
219 1.6874907222799795e-06
220 1.3393199095808399e-06
221 1.921250101624656e-06
222 1.6694367830622868e-06
223 2.1721437340957054e-06
224 1.9398849013105735e-06
225 1.5075780118231669e-06
226 1.8662633384367097e-06
227 1.5905845204825875e-06
228 1.8751494072247435e-06
229 1.374065595861451e-06
230 1.9821988378817424e-06
231 1.8597537863707332e-06
232 1.8477243161127217e-06
233 1.6641516317104547e-06
234 1.6343046629539977e-06
235 1.9247841268211684e-06
236 1.4209649739719503e-06
237 1.6738703185370846e-06
238 1.4736041053677018e-06
239 1.7576259810818247e-06
240 1.773885359148365e-06
241 1.8759303775764691e-06
242 1.6071391287660362e-06
243 1.742168570623539e-06
244 1.9341984916351284e-06
245 1.7847211926250398e-06
246 1.7746975631837344e-06
247 1.7348616996109322e-06
248 1.8562353121967836e-06
249 1.738517269131436e-06
250 1.638249727530034e-06
251 1.9585925881221896e-06
252 1.8001330507943744e-06
253 1.7586041671446677e-06
254 1.7843223466421227e-06
255 1.5546194695673458e-06
256 1.7048705577401431e-06
257 1.749060257717459e-06
258 1.6947929203422447e-06
259 1.8113516947231777e-06
260 1.8481752199697913e-06
261 1.8997236830037755e-06
262 1.78059088775472e-06
263 1.7767288296743008e-06
264 1.6930815232786647e-06
265 1.8749299733694743e-06
266 1.8042149154660083e-06
267 1.5495675381580328e-06
268 1.767255889052316e-06
269 1.8793564641143115e-06
270 1.6520281169845442e-06
271 1.912410822438937e-06
272 1.6997348407176076e-06
273 1.6913299075847701e-06
274 1.7680045469171876e-06
275 2.0335770684031306e-06
276 1.647459551400009e-06
277 1.846415708963368e-06
278 1.9982249332825388e-06
279 1.5419644123336392e-06
280 1.8531983086459381e-06
281 2.0492300572370306e-06
282 1.7628404896601958e-06
283 1.8517140331506105e-06
284 1.7512926200965418e-06
285 1.8585338995014777e-06
286 1.6143774484205536e-06
287 1.7618392434343417e-06
288 1.9110922527739616e-06
289 1.9077209275249658e-06
290 1.7284905374457716e-06
291 1.798863683118864e-06
292 2.0449744067290006e-06
293 2.009158704024897e-06
294 1.5129794036172925e-06
295 1.5251547679928375e-06
296 1.8469703453517967e-06
297 1.739653740768576e-06
298 1.7101881581648144e-06
299 1.971267481250607e-06
300 1.958182672546313e-06
301 1.667920953611899e-06
302 1.755999321396918e-06
303 1.5626073739661961e-06
304 1.7045561509542359e-06
305 1.520682459005502e-06
306 1.7475413098607795e-06
307 1.8780118032929468e-06
308 2.1574371989875137e-06
309 1.6623930898930308e-06
310 1.968588564804951e-06
311 2.0630012080062724e-06
312 1.3507430684907662e-06
313 1.7780617737643936e-06
314 1.9493257717727144e-06
315 1.614036498143962e-06
316 1.8192909907760364e-06
317 2.0605406473575756e-06
318 1.5560913776897849e-06
319 1.8037931789669612e-06
320 1.74829574307788e-06
321 1.469333005651253e-06
322 2.0295241168021114e-06
323 1.8796694072892612e-06
324 1.643904536335351e-06
325 1.6888119467866534e-06
326 1.7515207767832199e-06
327 1.3731009669823652e-06
328 1.7937383670128053e-06
329 1.884718492486058e-06
330 1.9634033979622964e-06
331 1.8716846421050264e-06
332 1.6866728204624423e-06
333 1.716187248133148e-06
334 1.631270397957911e-06
335 1.8296652026502151e-06
336 2.213334317700475e-06
337 1.6623774432669744e-06
338 1.693401444748595e-06
339 1.6735206159785552e-06
340 1.97448105260044e-06
341 2.1286433954594813e-06
342 1.7521777073731441e-06
343 1.6592991076206265e-06
344 1.9109045140856417e-06
345 1.4960035741747732e-06
346 1.5436019381560664e-06
347 1.8184764617007407e-06
348 1.6837197014522424e-06
349 2.0688015034063844e-06
350 1.650152313568665e-06
351 1.6243407192832053e-06
352 1.6084878483018598e-06
353 1.6110592757208336e-06
354 1.638368800365036e-06
355 1.5535135746453493e-06
356 1.8109950598600945e-06
357 1.836641130401747e-06
358 1.3656536669277723e-06
359 1.7850636274777051e-06
360 1.6418945892147318e-06
361 1.7649029058248774e-06
362 1.5635079325165977e-06
363 1.5380144634173155e-06
364 1.660786148370227e-06
365 1.917111677714608e-06
366 1.7642138155291557e-06
367 1.5185234157683684e-06
368 1.722473242904748e-06
369 1.6625723231591154e-06
370 1.6209880395539233e-06
371 1.842036711013647e-06
372 2.0584770377592933e-06
373 1.9956236093176763e-06
374 1.9111864965204384e-06
375 1.8179035437671737e-06
376 1.7334864874240105e-06
377 1.5320989112370543e-06
378 1.879013580640572e-06
379 1.6192299866037562e-06
380 1.986493771805603e-06
381 1.913280434189617e-06
382 1.6360714517608126e-06
383 1.8258338325318563e-06
384 1.612276928303028e-06
385 1.698918639882392e-06
386 1.953828553539365e-06
387 1.8100757748650748e-06
388 1.5444126547991995e-06
389 1.8294119071069122e-06
390 1.6570893802352397e-06
391 1.6580210554406273e-06
392 1.8702843994714642e-06
393 1.8384772191220963e-06
394 1.6954776055140093e-06
395 1.9292574295550124e-06
396 1.635765093429661e-06
397 1.8355956239074776e-06
398 1.8151869588494975e-06
399 1.9721570098962173e-06
400 1.6137867609522795e-06
401 1.7715556578596615e-06
402 1.8000775469319037e-06
403 1.5705666765102724e-06
404 1.668154181287812e-06
405 1.7203644807364602e-06
406 1.3033408888649345e-06
407 1.5904661745921556e-06
408 1.8031788936544765e-06
409 1.5152893160780705e-06
410 1.8739121112211143e-06
411 2.0820318653752115e-06
412 1.4543860804205105e-06
413 1.6479210162275934e-06
414 1.820495372735785e-06
415 1.9910324461617065e-06
416 1.5341798172097883e-06
417 1.69524556542574e-06
418 1.7109826448526504e-06
419 1.795019042615062e-06
420 1.996282645390482e-06
421 1.6955475370846564e-06
422 2.0061612131730333e-06
423 1.5860001726483003e-06
424 2.170565674928834e-06
425 1.678278299912719e-06
426 1.7201681686238656e-06
427 1.6116228274175634e-06
428 1.8518267530828758e-06
429 1.7841343156525847e-06
430 1.9491761246561915e-06
431 1.8746810321536925e-06
432 1.6848965746780402e-06
433 1.918335782953902e-06
434 1.9002160443923738e-06
435 1.4709675775359173e-06
436 1.96572820667179e-06
437 1.5001298376767554e-06
438 1.8920426219733683e-06
439 1.4970476473403607e-06
440 1.7452580924496653e-06
441 1.7776866794831847e-06
442 1.8445812913453187e-06
443 1.8050517452509736e-06
444 1.5107503327061028e-06
445 1.5770968753751328e-06
446 1.5575726541176351e-06
447 1.908238821051823e-06
448 1.600207956176717e-06
449 1.502229912569637e-06
450 2.0274800827578074e-06
451 1.7471679144206857e-06
452 1.6620643724609823e-06
453 1.874287810114569e-06
454 1.6376682870742762e-06
455 1.909354226444258e-06
456 1.2851574704585808e-06
457 1.6710835691788669e-06
458 1.843113278286931e-06
459 1.8108162803698888e-06
460 1.5664439332764758e-06
461 1.940521548352059e-06
462 1.636384501685457e-06
463 1.5991547422482607e-06
464 1.714935526192783e-06
465 1.907364461407047e-06
466 1.9404483625464646e-06
467 2.044781414716868e-06
468 2.1389611628305278e-06
469 1.7238739239371152e-06
470 1.910683898843629e-06
471 1.6846316000700445e-06
472 1.7923446480634181e-06
473 1.7542618616636758e-06
474 1.7597173489376037e-06
475 1.937289936760288e-06
476 1.7117262541127255e-06
477 1.915447835997097e-06
478 1.7267869083222866e-06
479 1.5470541656562598e-06
480 1.9576373424635352e-06
481 1.375969991351465e-06
482 1.8393413797558215e-06
483 1.7021299956017295e-06
484 1.7337647679221233e-06
485 1.6312681391493307e-06
486 1.664047242762956e-06
487 1.738402014712189e-06
488 1.8352676845843927e-06
489 1.690466061730727e-06
490 1.8569247247688697e-06
491 1.6303138485776821e-06
492 1.7326348834937124e-06
493 1.7395748958865849e-06
494 2.036242580255028e-06
495 1.7517219758184724e-06
496 1.929520718717598e-06
497 1.7449155593002404e-06
498 1.596175095336594e-06
499 1.7285050424661505e-06
500 1.5406057917247246e-06
501 1.947667457478034e-06
502 1.874020550862514e-06
503 1.9570934273906582e-06
504 1.8187707875818317e-06
505 1.73713648980444e-06
506 1.4474950527655526e-06
507 1.8794570076520948e-06
508 1.671728467562563e-06
509 1.685716899436723e-06
510 1.80162635540509e-06
511 1.8470602047226387e-06
512 1.7349615535165689e-06
513 1.8784831049058602e-06
514 1.8661082951436665e-06
515 1.595047912126945e-06
516 1.8997160940397332e-06
517 1.9348969995281887e-06
518 2.0360642303387784e-06
519 1.4792016413514125e-06
520 2.0965203547367553e-06
521 1.6363659601359152e-06
522 1.472454759941543e-06
523 1.685252839742933e-06
524 2.0466153286595576e-06
525 1.7536260429304225e-06
526 1.4530751574514477e-06
527 1.4333021970436998e-06
528 1.743497167777029e-06
529 1.7518483511295927e-06
530 1.7892822486214028e-06
531 1.7347214383569718e-06
532 1.8827955378570953e-06
533 1.7210675892828148e-06
534 2.1029989633212556e-06
535 2.102657896752909e-06
536 1.8536047623845697e-06
537 1.7477289704944545e-06
538 1.7712087055617611e-06
539 2.050918887717609e-06
540 1.7028291183704704e-06
541 1.4695619285413308e-06
542 1.9147108737886656e-06
543 1.5300287427566414e-06
544 1.8565663565778163e-06
545 1.6930041175482117e-06
546 1.7108365237855193e-06
547 1.7043129425807394e-06
548 1.5291465340772606e-06
549 1.5100857206257937e-06
550 1.846550493893859e-06
551 1.6910843760615612e-06
552 1.8714132129719464e-06
553 1.7890005912622152e-06
554 1.8018072620999926e-06
555 1.4592568249054433e-06
556 2.1434541035613973e-06
557 1.8517638715519514e-06
558 1.877066188779721e-06
559 1.5103044726045576e-06
560 1.495035764609914e-06
561 1.6312203211895176e-06
562 1.5541220525320392e-06
563 1.7741061946767036e-06
564 1.7073851762241257e-06
565 1.6867197112580572e-06
566 1.5905366078850723e-06
567 1.9758689692420515e-06
568 2.160184792817892e-06
569 1.671598205112411e-06
570 1.6087483864835005e-06
571 1.710267266641433e-06
572 1.4725064194911364e-06
573 1.8807078404943656e-06
574 2.002443920616929e-06
575 1.6541659744378485e-06
576 1.701933536139469e-06
577 1.8394725626143855e-06
578 1.6054926374184442e-06
579 1.9608664480850904e-06
580 2.1369557320204795e-06
581 1.7361245665635136e-06
582 2.031068437728063e-06
583 1.8008923125185625e-06
584 1.6466729438270659e-06
585 1.7968194495232212e-06
586 1.7309749070727285e-06
587 1.4348500059578e-06
588 1.525033303346674e-06
589 1.8795790716063978e-06
590 1.7006565194708656e-06
591 2.010811410487336e-06
592 2.2344679949807364e-06
593 1.8014838368057734e-06
594 1.8361387236334704e-06
595 1.68091227998692e-06
596 1.7069643471717453e-06
597 1.8381787532998754e-06
598 1.8751695151142992e-06
599 2.0389712793805486e-06
600 1.97358137271188e-06
601 1.4868669019175192e-06
602 1.815981495845955e-06
603 1.4601152619622756e-06
604 1.9568967441552263e-06
605 1.7856402046379198e-06
606 1.796464132776817e-06
607 1.855306587011382e-06
608 1.6645493175349688e-06
609 1.95252821230269e-06
610 1.6446075806642823e-06
611 1.7040185265303953e-06
612 1.9198593889605325e-06
613 1.521685534753996e-06
614 1.9572653934760507e-06
615 1.8310206344573383e-06
616 1.7826966727024661e-06
617 1.7278688826418921e-06
618 1.7131884784470596e-06
619 1.8412782245383977e-06
620 1.7651429530479113e-06
621 1.87608811470369e-06
622 1.6549265806251428e-06
623 2.042516206805136e-06
624 1.7538178449392602e-06
625 1.999963306409491e-06
626 1.8471816981972106e-06
627 1.6422849491780004e-06
628 1.8889890150039246e-06
629 1.5859372024606368e-06
630 1.7446594827406236e-06
631 1.8131780480190638e-06
632 1.7278764608276375e-06
633 1.5818550848547358e-06
634 1.8057121830671318e-06
635 1.3868845110069834e-06
636 2.056559251492331e-06
637 2.1384159672672776e-06
638 1.898960818339983e-06
639 1.766268892366627e-06
640 1.9076609160172427e-06
641 1.9446128671775717e-06
642 1.8303632831567428e-06
643 1.822411136291415e-06
644 1.731823885774263e-06
645 1.6967130417710212e-06
646 1.8373841575511332e-06
647 1.5130856951604237e-06
648 1.5408800312043071e-06
649 1.7722455370553179e-06
650 1.9020964179782036e-06
651 1.4928717190015979e-06
652 1.7544240584792181e-06
653 1.6388143656186674e-06
654 1.930186558291441e-06
655 1.7337394451736547e-06
656 1.6685069460279116e-06
657 1.831012585776458e-06
658 1.5733645445079902e-06
659 1.7711020772503597e-06
660 1.6557426860375485e-06
661 1.708023621004109e-06
662 1.957189736702064e-06
663 1.538030696487642e-06
664 1.6811440928098143e-06
665 1.737197023137377e-06
666 1.7580293512935912e-06
667 1.7984304718503833e-06
668 1.941872715321034e-06
669 2.052925644936719e-06
670 1.3499569372607868e-06
671 1.9042680048499746e-06
672 1.8677047122545727e-06
673 1.8270906431001122e-06
674 1.694959148499433e-06
675 2.091468676802726e-06
676 1.557005367526835e-06
677 1.8615639002770691e-06
678 1.8080957256197121e-06
679 1.5828399402664778e-06
680 2.2615531937376014e-06
681 1.8275510723114939e-06
682 1.8469960222641957e-06
683 1.7496805542638674e-06
684 1.8244856110973682e-06
685 1.833189322503914e-06
686 1.7381323437021728e-06
687 1.969567375918046e-06
688 1.499157583561555e-06
689 1.6234881170226503e-06
690 1.7978774346985166e-06
691 1.6774000433917829e-06
692 1.5970308284346295e-06
693 1.8860716598273092e-06
694 1.9474126786006012e-06
695 1.7253821330713417e-06
696 1.822062943517235e-06
697 1.6265682679586744e-06
698 1.6949809915492994e-06
699 1.7910765164854357e-06
700 1.6926919301955088e-06
701 1.888127777594141e-06
702 1.8129968106300728e-06
703 1.87623117588945e-06
704 1.7947103749964552e-06
705 1.6322214665533761e-06
706 2.0251251044193392e-06
707 1.9795715201819313e-06
708 1.9891399115193347e-06
709 1.8830709484002558e-06
710 1.5291779381294083e-06
711 1.6601807376002606e-06
712 1.8017747381577136e-06
713 1.6696131217002774e-06
714 1.6328346617441743e-06
715 1.7855939066486293e-06
716 1.5641636173261128e-06
717 1.753641848309306e-06
718 1.786943193913272e-06
719 1.9870118401252202e-06
720 1.7690151277391187e-06
721 1.5845509474766393e-06
722 1.582787472085904e-06
723 1.9744486968998113e-06
724 1.9461363984005267e-06
725 1.8589193444408404e-06
726 1.7080527319308076e-06
727 1.7931618265456866e-06
728 1.9838484085849087e-06
729 1.5761858278259467e-06
730 1.467688823094993e-06
731 1.9914234695724088e-06
732 1.580011533400381e-06
733 1.8765749809292341e-06
734 1.6631714555641768e-06
735 1.8863568870151998e-06
736 1.7923722685149162e-06
737 2.0423655913082454e-06
738 1.7348722422433754e-06
739 1.7374297835011994e-06
740 1.7164090513519779e-06
741 1.771234206983057e-06
742 1.3993389167473548e-06
743 1.837556263737061e-06
744 1.8774120744700787e-06
745 1.7856893057834394e-06
746 1.7348878966490922e-06
747 1.2924444120522362e-06
748 1.8977078888277112e-06
749 2.040368131538488e-06
750 1.8048343612948415e-06
751 1.7696237156442193e-06
752 1.9438824980587883e-06
753 1.9012749106911776e-06
754 1.5403044784031517e-06
755 1.855970251731369e-06
756 1.6784257336564636e-06
757 2.0972010008811517e-06
758 2.067228204487526e-06
759 1.6105463813338069e-06
760 1.889446585830766e-06
761 1.871790975059154e-06
762 1.5553344836640867e-06
763 1.8539748059396616e-06
764 1.6816036853403428e-06
765 1.5897410634564197e-06
766 1.61653543049399e-06
767 1.6247419547086708e-06
768 1.7861645363455277e-06
769 1.9019101144060047e-06
770 1.8121989542031348e-06
771 1.8222349422236665e-06
772 2.105571018483315e-06
773 1.5772813747159255e-06
774 1.6111807017062848e-06
775 1.5956389753852349e-06
776 1.5829714860347957e-06
777 1.7159200851366678e-06
778 1.8127850544096489e-06
779 1.7923144784866155e-06
780 1.6257681087102836e-06
781 1.672617433823862e-06
782 1.8907476646320361e-06
783 1.3639700669077716e-06
784 1.4777236757891652e-06
785 1.6413924747946197e-06
786 1.9310469578564424e-06
787 1.823472706086216e-06
788 2.043191191758085e-06
789 1.5188947647763076e-06
790 1.6454559141914463e-06
791 1.912365647752374e-06
792 1.7976480478425999e-06
793 1.7729872736536124e-06
794 1.6619868897572709e-06
795 1.8881496781382872e-06
796 1.3862190846553572e-06
797 1.7044087302212895e-06
798 1.6070665983133901e-06
799 1.7487803026626747e-06
800 1.4479743883692524e-06
801 1.974668752612318e-06
802 1.8707268136967916e-06
803 2.1692849059153838e-06
804 1.8292751049215506e-06
805 1.6862104611352872e-06
806 1.959798760547199e-06
807 1.694787053917478e-06
808 1.7584996685430636e-06
809 1.8632160602224745e-06
810 1.900065879369536e-06
811 1.6529398211777408e-06
812 1.9693896185557108e-06
813 1.8210431022499237e-06
814 1.9213315992018286e-06
815 1.7936457717713116e-06
816 1.36985624113585e-06
817 1.775739834356338e-06
818 1.880077660019943e-06
819 1.5952006966622154e-06
820 1.5283908385931173e-06
821 1.8330265986809692e-06
822 1.895915736266329e-06
823 1.8042938147453503e-06
824 1.954854299149389e-06
825 1.858309458164313e-06
826 1.8113598068861974e-06
827 1.913815769391701e-06
828 1.7917266208049612e-06
829 1.750854062064763e-06
830 1.6315150231828523e-06
831 1.8264870249932016e-06
832 1.7402566630346984e-06
833 1.8929039425578894e-06
834 1.8016542522949783e-06
835 1.8788080635239666e-06
836 2.0327021882766824e-06
837 1.8839876785200383e-06
838 1.9222846312502453e-06
839 1.7987587610284396e-06
840 1.7888481078099103e-06
841 1.9182222979838173e-06
842 1.66729064137141e-06
843 2.133220092135197e-06
844 1.8453000638295502e-06
845 1.7193930533490215e-06
846 2.0591063287390934e-06
847 2.0631237337654237e-06
848 1.7507606673322154e-06
849 1.8495065117177396e-06
850 1.6192992827287076e-06
851 1.4751712944574579e-06
852 1.926572515486606e-06
853 1.6197971269844116e-06
854 1.8543386744080067e-06
855 1.687357854973851e-06
856 1.7669275359762804e-06
857 1.7766039100079685e-06
858 1.6942516669824602e-06
859 2.0632778609220982e-06
860 1.720932997482307e-06
861 2.036028823225855e-06
862 1.7880019863025196e-06
863 1.7500198193098817e-06
864 1.8783265487949961e-06
865 1.7901674467765732e-06
866 1.7515219471609496e-06
867 1.6843810507712462e-06
868 1.9611074299755133e-06
869 1.7889502651084309e-06
870 1.4511442114545492e-06
871 1.8905717748255846e-06
872 1.899081236665967e-06
873 1.8682165610571165e-06
874 1.993078979667518e-06
875 1.9909033874083524e-06
876 1.53865432765197e-06
877 1.7083409445342553e-06
878 1.8601911201618809e-06
879 1.733571588357308e-06
880 1.5329759026926233e-06
881 1.8213067545207923e-06
882 1.6667506062179814e-06
883 1.8984410573653728e-06
884 1.5287086913322262e-06
885 1.4746417093969696e-06
886 1.6288882424463882e-06
887 1.7856956240225492e-06
888 1.5338587763206672e-06
889 2.0100281892493583e-06
890 1.9624697442606966e-06
891 2.1055361272957783e-06
892 2.025479285904411e-06
893 1.6626421200349974e-06
894 1.6715461343291054e-06
895 2.188980303525324e-06
896 1.5362213341365217e-06
897 2.018989582304788e-06
898 1.860875027304669e-06
899 1.7013680075107615e-06
900 1.8504783474463106e-06
901 1.8191653342094506e-06
902 1.6301123408779483e-06
903 1.8038672587727416e-06
904 1.8434606492910188e-06
905 1.9434908275650247e-06
906 1.6252631707254343e-06
907 1.7028415787565464e-06
908 1.8114521514355555e-06
909 1.922459257627966e-06
910 1.9997662915236422e-06
911 1.8625845085870816e-06
912 2.036493413789926e-06
913 1.662702864543187e-06
914 2.070118086022652e-06
915 1.8417025594247239e-06
916 2.02430852490914e-06
917 1.8053219925451646e-06
918 1.4959320713829425e-06
919 2.0874883538351803e-06
920 1.6239199508271884e-06
921 1.7425744142042018e-06
922 2.1054205041289324e-06
923 1.8075319745439756e-06
924 1.7997342924804646e-06
925 1.7558895104643325e-06
926 1.6032593973535678e-06
927 1.6758891849459305e-06
928 1.8304687415430585e-06
929 1.5130445407758584e-06
930 1.7854359337015367e-06
931 2.0362932732179195e-06
932 1.999469179116733e-06
933 1.5646164161063516e-06
934 1.9686455937777175e-06
935 1.7925302073970166e-06
936 1.87581368492265e-06
937 1.8496203369354652e-06
938 1.8349688567789509e-06
939 1.894969118064374e-06
940 2.0243926940896983e-06
941 1.5712559754126221e-06
942 1.6107614576716964e-06
943 1.752045419326699e-06
944 1.7186706041186344e-06
945 1.6879024229362582e-06
946 1.8777038055621004e-06
947 1.8362489860936782e-06
948 1.8397979250172508e-06
949 1.524602365441586e-06
950 1.9934278185478712e-06
951 1.6625396948349222e-06
952 1.5924056495248517e-06
953 2.065184360903631e-06
954 1.5159938460099345e-06
955 2.1107071777459307e-06
956 1.9266500688868535e-06
957 1.8998625831600531e-06
958 1.7380486510750375e-06
959 1.8344505337286434e-06
960 1.8011368553848886e-06
961 1.7334661190069053e-06
962 1.8571075407205072e-06
963 1.6997079565434138e-06
964 1.873379201986653e-06
965 1.7025800511377017e-06
966 1.7399352685899958e-06
967 1.865539707576524e-06
968 1.8325028010153132e-06
969 1.797488847285075e-06
970 1.7811081755290287e-06
971 1.94756217180797e-06
972 1.8801814860563016e-06
973 1.6999955488123613e-06
974 1.809200567829773e-06
975 1.5858770412487261e-06
976 1.542624075792932e-06
977 1.6084438009955693e-06
978 1.8763462693754577e-06
979 1.7510294959271839e-06
980 1.929160961533501e-06
981 2.1237086242699664e-06
982 1.8096014559404366e-06
983 1.4761994801998515e-06
984 1.7452563108576024e-06
985 1.727921468152486e-06
986 1.9421346974854807e-06
987 2.0738542079606656e-06
988 1.7069796119615206e-06
989 1.3176874246038058e-06
990 1.7860614768255835e-06
991 1.8568852150571605e-06
992 1.5253840422337266e-06
993 1.7603643570743304e-06
994 1.540606301887988e-06
995 2.032639503629595e-06
996 1.4616602630336684e-06
997 1.7580867807969156e-06
998 1.9796742978466303e-06
999 1.7667000667717387e-06
