0 8.647000653634194e-06
1 9.265636417604944e-06
2 7.1519753775443375e-06
3 7.176065610683549e-06
4 8.541086447850546e-06
5 7.911447681102466e-06
6 7.879999887718553e-06
7 7.293558940568791e-06
8 7.5813290003236495e-06
9 7.966780263793419e-06
10 7.4198415905386935e-06
11 6.705351873069531e-06
12 6.648550239746864e-06
13 7.937638815250429e-06
14 7.277982867949211e-06
15 6.67667484242219e-06
16 7.859238821743996e-06
17 7.769953988394867e-06
18 7.956917845480466e-06
19 8.086123767463277e-06
20 7.346702594785701e-06
21 7.367711002602959e-06
22 7.62503572864675e-06
23 8.311007849199523e-06
24 6.9065348097270704e-06
25 8.564344594470905e-06
26 7.686153543962017e-06
27 7.560234521002491e-06
28 7.337081542761689e-06
29 8.683015342812061e-06
30 8.141463370054158e-06
31 8.282437397380742e-06
32 7.609138923516747e-06
33 7.921313990162698e-06
34 7.859649003174082e-06
35 8.211989065949631e-06
36 9.685841816172749e-06
37 7.747563389469871e-06
38 7.745583799281998e-06
39 8.839423319966906e-06
40 7.372647546441548e-06
41 7.827439205917298e-06
42 7.881838134520366e-06
43 8.029636231706315e-06
44 7.621343916572867e-06
45 6.589445517068069e-06
46 8.733375312780751e-06
47 8.89051844217821e-06
48 7.480532431969691e-06
49 7.279290613324638e-06
50 9.236307713270245e-06
51 7.293789002624774e-06
52 7.478063197183502e-06
53 9.311838707031839e-06
54 7.1137968331993e-06
55 7.556569852010501e-06
56 8.530331228274754e-06
57 7.209604683881558e-06
58 8.133529458926962e-06
59 7.70119872919465e-06
60 7.089210783086657e-06
61 8.54799977265959e-06
62 7.938182692703047e-06
63 7.431515954869982e-06
64 8.762358521598404e-06
65 8.15165774767231e-06
66 8.009097482408958e-06
67 8.295170383443368e-06
68 8.061042917657146e-06
69 8.060309959413951e-06
70 7.625671328758241e-06
71 8.541522261955569e-06
72 7.739088059122783e-06
73 8.13566351864821e-06
74 8.525075644541108e-06
75 7.968926281434325e-06
76 8.216244202939958e-06
77 8.079063032026948e-06
78 7.643326880674224e-06
79 7.745989520912294e-06
80 7.573693389054274e-06
81 7.169766252044909e-06
82 8.05158275452318e-06
83 9.093550340600066e-06
84 8.160767368638513e-06
85 7.980741198092817e-06
86 6.5275130651040834e-06
87 7.791039320490103e-06
88 7.956362050642006e-06
89 8.250780596648086e-06
90 7.297264092273477e-06
91 9.039617486519103e-06
92 8.49769764573767e-06
93 7.4412168694041195e-06
94 6.892335165534466e-06
95 7.550696056854924e-06
96 8.833149379346288e-06
97 8.770717006646988e-06
98 7.757422728577793e-06
99 8.345985677843935e-06
100 8.616974400815475e-06
101 8.27870471601601e-06
102 8.664125839124454e-06
103 7.714728154346292e-06
104 8.313918729187242e-06
105 8.084949442674018e-06
106 8.119445690583137e-06
107 7.542063643762121e-06
108 7.71483477774762e-06
109 8.089462786790353e-06
110 8.570840803690151e-06
111 7.948400209288262e-06
112 8.336918262592657e-06
113 8.106381805325074e-06
114 7.253860965614877e-06
115 8.58763133586245e-06
116 7.948398070046607e-06
117 7.459140855591509e-06
118 8.227958950514088e-06
119 8.192364567151026e-06
120 6.767073485420539e-06
121 7.732554015212995e-06
122 6.935165501412643e-06
123 8.110392565405503e-06
124 8.036831365918669e-06
125 7.660244126640958e-06
126 7.886037603978612e-06
127 8.597020190693997e-06
128 7.024746259521296e-06
129 7.231768003360266e-06
130 9.304821073598625e-06
131 7.447968096440176e-06
132 8.12428568364232e-06
133 8.024245076409543e-06
134 7.099092198787317e-06
135 8.105245951905894e-06
136 9.318150104424117e-06
137 7.976928635994173e-06
138 7.623267675406937e-06
139 7.833032857142843e-06
140 9.099499227893376e-06
141 7.225618148088046e-06
142 7.6065688380474965e-06
143 7.920437639386512e-06
144 6.533045555768816e-06
145 7.95150646884267e-06
146 7.871175243813431e-06
147 7.394989796047875e-06
148 8.60457614928212e-06
149 6.703992561126912e-06
150 8.496236251973373e-06
151 7.149041617568241e-06
152 7.12902885050829e-06
153 7.493636058102052e-06
154 8.07183605490019e-06
155 8.936639947857846e-06
156 8.71144144428437e-06
157 7.3606951643274675e-06
158 8.607335695001118e-06
159 6.861322949642815e-06
160 6.639501572688325e-06
161 7.981369499535341e-06
162 8.901580184148688e-06
163 7.78602723767203e-06
164 7.17338863085818e-06
165 8.169972597990258e-06
166 8.620659914601597e-06
167 6.385097938079694e-06
168 8.090259778691716e-06
169 7.611284126408705e-06
170 8.008491302357094e-06
171 7.5647574115827e-06
172 7.339690307921647e-06
173 8.420014816047627e-06
174 7.792604131563868e-06
175 6.157955959319538e-06
176 8.314399836703128e-06
177 8.294252924526809e-06
178 7.568345453650824e-06
179 8.205674077518655e-06
180 7.1002137978331325e-06
181 7.825010964829517e-06
182 8.414339359535073e-06
183 8.222973299443757e-06
184 7.81000486959063e-06
185 7.852304254169419e-06
186 7.828873372620749e-06
187 7.0011884495524865e-06
188 6.896200871086393e-06
189 8.821658607916645e-06
190 7.03921829276969e-06
191 8.503237287133462e-06
192 7.306302481796851e-06
193 8.437540677765059e-06
194 8.433479958619705e-06
195 7.909642446633415e-06
196 9.137641819296517e-06
197 7.794978224082148e-06
198 7.826342777012415e-06
199 7.001307055181179e-06
200 8.364611664895308e-06
201 8.316363911741456e-06
202 9.0308586093042e-06
203 8.167452066063325e-06
204 7.154675299962001e-06
205 7.96773158823325e-06
206 7.05729847888169e-06
207 8.612149772528138e-06
208 7.1543797679160225e-06
209 8.190104391449304e-06
210 7.697753530208553e-06
211 7.774501155195243e-06
212 7.075831609744673e-06
213 8.655884203947376e-06
214 7.801236066507744e-06
215 8.654574371698817e-06
216 6.995982523961232e-06
217 7.535558122496531e-06
218 8.12861182883394e-06
219 7.929114285057287e-06
220 7.525283317468599e-06
221 8.163660239452292e-06
222 8.054553129335179e-06
223 6.489750810154416e-06
224 7.223067230634859e-06
225 8.411514001907556e-06
226 8.1233393424801e-06
227 7.397596768436941e-06
228 8.313047473499795e-06
229 8.18660823659461e-06
230 7.910505969163887e-06
231 9.03484093087393e-06
232 8.623616827905968e-06
233 7.256845489823001e-06
234 8.541492328304886e-06
235 8.25415321757957e-06
236 6.6477342421946365e-06
237 6.627761797738223e-06
238 8.613388570949096e-06
239 7.3127080924542905e-06
240 8.02833299010885e-06
241 9.314255056903697e-06
242 8.411421794154835e-06
243 8.226328462212696e-06
244 7.4770816374685e-06
245 7.085169120061021e-06
246 7.786200348488662e-06
247 7.880219484377683e-06
248 6.782173998735906e-06
249 8.026247214693255e-06
250 7.369560411731134e-06
251 6.728119215818486e-06
252 6.288572321895018e-06
253 7.106472671690761e-06
254 7.4794652557127045e-06
255 1.0496267837355982e-05
256 7.209318857241022e-06
257 7.696053007294159e-06
258 8.410423933709669e-06
259 7.071598436658343e-06
260 7.26511963797675e-06
261 7.166792149075753e-06
262 9.674727265229807e-06
263 7.93458819407984e-06
264 8.552579767674621e-06
265 7.426935384418301e-06
266 7.683018347509756e-06
267 8.160068436995347e-06
268 7.650150833667123e-06
269 7.578415894075914e-06
270 7.3998097103439815e-06
271 7.592127961858767e-06
272 7.270913853942562e-06
273 6.722455270559276e-06
274 7.854961720319681e-06
275 8.184488448722592e-06
276 8.030266853480659e-06
277 6.448862963282557e-06
278 7.179615662798035e-06
279 8.045364742880555e-06
280 8.710239370529304e-06
281 9.035742144110644e-06
282 7.399885500210935e-06
283 8.256125920678356e-06
284 7.3289814892465846e-06
285 6.877711001086839e-06
286 7.116803815620091e-06
287 8.660616731515594e-06
288 8.695465371350876e-06
289 8.38758271290339e-06
290 7.716762231434602e-06
291 7.92469126193218e-06
292 6.637355361307897e-06
293 8.275511122293776e-06
294 8.514891317911747e-06
295 8.298820928362299e-06
296 7.565343970869436e-06
297 7.893253525827062e-06
298 6.907685478572079e-06
299 8.085262698415987e-06
300 7.439977468890627e-06
301 8.107235088294027e-06
302 7.718435192122003e-06
303 8.180326539132539e-06
304 7.514990395216666e-06
305 8.512105934362032e-06
306 8.393826708326515e-06
307 7.5461741587962935e-06
308 8.678763400751761e-06
309 6.9039525448630005e-06
310 7.752081193238286e-06
311 7.591913307298294e-06
312 8.51383767019411e-06
313 7.157790185106376e-06
314 7.943051617637351e-06
315 7.184154193954821e-06
316 8.836684545614429e-06
317 6.440058644744833e-06
318 8.315901388722851e-06
319 8.23790892497048e-06
320 7.543703379736466e-06
321 7.17679187805039e-06
322 7.700995343025222e-06
323 9.230542109633588e-06
324 7.517317825115601e-06
325 8.01358490169712e-06
326 9.115797764989085e-06
327 6.849270224631837e-06
328 7.262717847997051e-06
329 7.294927200961322e-06
330 6.589377541769669e-06
331 8.894996853785561e-06
332 6.733829130789226e-06
333 9.048746831674337e-06
334 8.114891010790198e-06
335 7.493802273571734e-06
336 8.473023312419239e-06
337 7.367768380469275e-06
338 8.20827391036931e-06
339 7.485538745307771e-06
340 8.116010109587748e-06
341 6.218108708343015e-06
342 8.881650211898382e-06
343 7.409635895294923e-06
344 9.285860348611352e-06
345 8.095346093635136e-06
346 6.9107395260383835e-06
347 8.312520063456586e-06
348 8.187990125341189e-06
349 7.331615997530535e-06
350 7.973911514552654e-06
351 7.39875211902245e-06
352 8.254283676900573e-06
353 7.386548075565703e-06
354 7.905394725983182e-06
355 8.687025798831225e-06
356 6.110627332222057e-06
357 8.94977704230624e-06
358 6.986172899799772e-06
359 8.123947323612221e-06
360 7.872493100290844e-06
361 8.124920143216097e-06
362 8.311436027925209e-06
363 7.283561835626305e-06
364 7.729992416529904e-06
365 7.203854666006443e-06
366 8.281090168711108e-06
367 7.4822498589293835e-06
368 8.367505186291118e-06
369 8.562366655777683e-06
370 8.68387010529405e-06
371 7.029493312830439e-06
372 7.513175538548741e-06
373 6.530342299727678e-06
374 6.821477468294148e-06
375 7.5415130881935154e-06
376 7.085079099500482e-06
377 7.5401226137909736e-06
378 8.231358624680928e-06
379 9.229803750900577e-06
380 8.350456162595495e-06
381 9.194079272308987e-06
382 7.967017116081312e-06
383 7.574429384793298e-06
384 9.087222495665012e-06
385 8.620505944764415e-06
386 9.373289985213512e-06
387 8.501100705115075e-06
388 8.11891466900672e-06
389 8.031289806500056e-06
390 8.6555054453832e-06
391 7.749990786713284e-06
392 8.670027223320157e-06
393 7.664650672293409e-06
394 7.511356135083325e-06
395 7.317982545767686e-06
396 8.844800194630936e-06
397 8.0515614494695e-06
398 7.440703096344862e-06
399 8.18703879434605e-06
400 7.984017131596545e-06
401 8.786625312885829e-06
402 8.130825445657939e-06
403 8.360747408402207e-06
404 6.9580143104068474e-06
405 7.078616518588896e-06
406 8.926269116176335e-06
407 7.357753965297397e-06
408 7.409675176346455e-06
409 7.193510723472278e-06
410 8.19827412545324e-06
411 7.812504298985796e-06
412 8.198589989173258e-06
413 7.653280314324252e-06
414 8.06917787239961e-06
415 8.42498509211335e-06
416 7.467616444602015e-06
417 8.544526140670875e-06
418 7.3978557267321885e-06
419 8.370321017228187e-06
420 7.648759008755314e-06
421 8.776030841896208e-06
422 8.772266480960123e-06
423 7.870047227774665e-06
424 8.064787119849491e-06
425 6.97006889807493e-06
426 8.303660600420526e-06
427 6.992381264169389e-06
428 8.013974005482633e-06
429 8.174516317705457e-06
430 7.017196798246982e-06
431 7.685014840843537e-06
432 7.730593755677762e-06
433 8.90273606209506e-06
434 8.366685443784749e-06
435 8.63238081475501e-06
436 8.640977531712327e-06
437 8.955853016475546e-06
438 7.306391204385583e-06
439 7.633965308289928e-06
440 7.137578768479289e-06
441 7.652645122806877e-06
442 8.013526846014292e-06
443 8.846690068516504e-06
444 7.705818147345419e-06
445 7.778431202567024e-06
446 7.753594986114022e-06
447 6.4245527088666115e-06
448 7.939801310347323e-06
449 8.409824316688007e-06
450 9.415241469494931e-06
451 8.292153124200275e-06
452 7.593416127518691e-06
453 6.9352703434027015e-06
454 8.335852939648378e-06
455 7.67245903820229e-06
456 7.256630223927771e-06
457 6.657484882463067e-06
458 8.660778462814962e-06
459 8.538380057665029e-06
460 8.134256803340974e-06
461 8.437283017066635e-06
462 8.127749246859054e-06
463 7.837780799834283e-06
464 8.674489725658879e-06
465 8.023049180856408e-06
466 7.947282699912838e-06
467 6.628288784936841e-06
468 7.662774301633267e-06
469 7.89996379174041e-06
470 8.334984398136609e-06
471 7.909410552733945e-06
472 7.179430371366918e-06
473 8.136657321156042e-06
474 7.57441051616021e-06
475 7.665725227540628e-06
476 7.6596445665784e-06
477 6.924388960304965e-06
478 7.609962844445747e-06
479 7.77756495571748e-06
480 6.8291939435474776e-06
481 8.587922615624605e-06
482 7.934748463213535e-06
483 8.984821468594862e-06
484 8.32603802906153e-06
485 8.368248777142648e-06
486 7.290405681276005e-06
487 7.388469197238002e-06
488 8.917244960263997e-06
489 8.531796376765148e-06
490 9.27557973523935e-06
491 9.014853958862586e-06
492 7.909062370693737e-06
493 7.74884348585739e-06
494 8.337632606420212e-06
495 8.40339027359759e-06
496 7.991821788513138e-06
497 7.08323035532693e-06
498 7.65574095150253e-06
499 8.49172234490452e-06
500 8.039507042442835e-06
501 7.4777980755592125e-06
502 7.525898010778112e-06
503 7.113398715754526e-06
504 7.4186213704084594e-06
505 8.13632645920393e-06
506 8.998959129311945e-06
507 8.512726241795818e-06
508 7.4068872269830624e-06
509 7.60136547784652e-06
510 7.158475955506272e-06
511 6.310988937487771e-06
512 7.458971723383525e-06
513 7.6272334742466785e-06
514 8.423385619642945e-06
515 7.86461977837908e-06
516 8.446133670312607e-06
517 7.994734394397568e-06
518 8.459164585419219e-06
519 8.216281551922134e-06
520 8.592874769448798e-06
521 8.022107549064886e-06
522 8.536687782120578e-06
523 9.59271547645275e-06
524 7.957999553401127e-06
525 8.280146481349582e-06
526 7.665434400514798e-06
527 8.626780726293277e-06
528 7.4466173281663684e-06
529 7.098253684878282e-06
530 7.629159717428649e-06
531 7.5478746901069265e-06
532 6.2414684112172395e-06
533 7.576893927837257e-06
534 7.540445134816135e-06
535 6.519110446634784e-06
536 8.524598793454565e-06
537 6.273348924633186e-06
538 8.198394028649632e-06
539 8.432693810355769e-06
540 7.426502070448889e-06
541 6.982505608268093e-06
542 8.84139619635348e-06
543 8.368906558411648e-06
544 7.001142927596484e-06
545 7.889348149799119e-06
546 8.415785378939878e-06
547 9.843077099039252e-06
548 7.744251568770424e-06
549 7.173379863521258e-06
550 7.50122523357317e-06
551 8.180500089392107e-06
552 8.636448958015223e-06
553 8.286736637199107e-06
554 7.147572147979923e-06
555 8.937519782898884e-06
556 8.574994057184736e-06
557 8.472987729362357e-06
558 8.078708606146116e-06
559 7.5493725071649855e-06
560 7.933302925625715e-06
561 7.000834632509442e-06
562 6.579062882578654e-06
563 7.424335445897116e-06
564 8.99432838853552e-06
565 8.290889061519419e-06
566 8.681966949029297e-06
567 7.221138800512499e-06
568 7.513222426059651e-06
569 8.419413099386936e-06
570 7.457853350944345e-06
571 7.016352970881609e-06
572 8.685436998228301e-06
573 6.277108182536761e-06
574 7.19549597454513e-06
575 7.745912281116052e-06
576 8.230526564917043e-06
577 7.69045021465271e-06
578 8.348691577619913e-06
579 8.18608830636354e-06
580 8.212995812660662e-06
581 8.62343322454648e-06
582 8.06516174841181e-06
583 7.7105005347888e-06
584 7.113309020620325e-06
585 8.350504244007775e-06
586 7.653877242653427e-06
587 8.406536866788686e-06
588 7.722154596946113e-06
589 8.340766001059716e-06
590 8.371535672360949e-06
591 7.354718305653167e-06
592 8.498919154319621e-06
593 7.920789185070553e-06
594 7.1137041434977255e-06
595 8.626184999330042e-06
596 7.164131821611195e-06
597 8.04881662239283e-06
598 6.982502082543181e-06
599 6.887630400116527e-06
600 8.77408961193702e-06
601 7.713946677620268e-06
602 7.2167612049076385e-06
603 8.154566299737828e-06
604 6.875338302234681e-06
605 7.779190283808243e-06
606 7.37231524390456e-06
607 7.942360303652209e-06
608 8.362824377041429e-06
609 6.7473487532881275e-06
610 8.187306292464798e-06
611 6.5634520299102465e-06
612 7.252233787945972e-06
613 8.884833829194984e-06
614 7.937145393822314e-06
615 8.164842608756577e-06
616 8.389758080796702e-06
617 7.206699072214749e-06
618 8.289120141190504e-06
619 7.722530102622685e-06
620 7.723106373659254e-06
621 7.874327215801293e-06
622 8.395687176855612e-06
623 7.304598411214891e-06
624 8.559447865737402e-06
625 7.391677295876054e-06
626 8.855599780366046e-06
627 8.173596519788763e-06
628 8.751941082883716e-06
629 8.094498249477662e-06
630 7.92773119488443e-06
631 9.015435766306582e-06
632 9.145290325085207e-06
633 8.439261205469562e-06
634 6.934685523470726e-06
635 7.353399672477419e-06
636 7.616825920809316e-06
637 7.74178982346476e-06
638 7.920786150547273e-06
639 8.796852870484727e-06
640 8.287791521474524e-06
641 7.825313400060068e-06
642 7.446141377814182e-06
643 7.97516662635435e-06
644 8.3063850693361e-06
645 8.122737675981932e-06
646 7.293079515312433e-06
647 8.054212207134742e-06
648 8.251788917326373e-06
649 6.7456599624328e-06
650 7.83831802960527e-06
651 8.3807157369793e-06
652 8.368543740427465e-06
653 9.007331490767765e-06
654 7.4359180037392755e-06
655 8.367690951822506e-06
656 7.275146043864553e-06
657 6.788880582505792e-06
658 6.7620718179712924e-06
659 7.222685176180379e-06
660 9.399827917073895e-06
661 9.045431565964669e-06
662 6.653782348459352e-06
663 8.55585253218328e-06
664 8.537631649304469e-06
665 8.341568601835256e-06
666 7.111892924116997e-06
667 7.75391298060681e-06
668 8.025087321554578e-06
669 5.793904035676335e-06
670 6.748998497904004e-06
671 8.14141503370977e-06
672 7.179819966437941e-06
673 8.191145137262418e-06
674 7.534387506858075e-06
675 8.782965807577752e-06
676 7.342080972257507e-06
677 8.817742569558898e-06
678 9.082211983929205e-06
679 8.178872040260947e-06
680 6.930343933065792e-06
681 7.790541081743546e-06
682 8.065618637275352e-06
683 7.202816039025648e-06
684 7.615082364589251e-06
685 6.8597275338304256e-06
686 7.424177780582848e-06
687 7.322345410199021e-06
688 7.1104814662029045e-06
689 7.922703201935925e-06
690 9.303464715060249e-06
691 8.073823722676466e-06
692 7.81094329069199e-06
693 7.423765534985409e-06
694 6.8038242986333585e-06
695 8.035394912659103e-06
696 7.008817983771509e-06
697 8.298123232846947e-06
698 7.626381310769137e-06
699 7.815075107331652e-06
700 8.603376103515204e-06
701 6.735945528441268e-06
702 7.987515881732779e-06
703 8.045571013086065e-06
704 7.66294944411826e-06
705 7.068195880698783e-06
706 7.268655658949e-06
707 7.626491936406893e-06
708 8.271449759581433e-06
709 8.313059599537379e-06
710 8.09862707065614e-06
711 8.673994804260605e-06
712 7.6075191874035196e-06
713 8.23669115746899e-06
714 7.3659469921469436e-06
715 7.719993072478156e-06
716 6.422272611887497e-06
717 8.36086210395554e-06
718 7.268815179783291e-06
719 8.341278025530922e-06
720 7.74327443529767e-06
721 8.682755329001677e-06
722 7.915284003721798e-06
723 8.53556977851511e-06
724 7.552780408606805e-06
725 8.264641556915033e-06
726 7.6270170400257345e-06
727 7.4164191826465785e-06
728 7.33650164461438e-06
729 7.756099541765762e-06
730 7.950906698062322e-06
731 6.462133873311289e-06
732 7.148826149831164e-06
733 7.468363485216276e-06
734 7.561159590557083e-06
735 8.578496287169927e-06
736 8.00518839746997e-06
737 7.049440073438928e-06
738 8.385412870661377e-06
739 7.86228110087847e-06
740 8.3727392000437e-06
741 8.67527730293206e-06
742 7.785330906809387e-06
743 6.8599501289255325e-06
744 6.7886220279960405e-06
745 8.402432099031467e-06
746 7.343994841545251e-06
747 7.411995690293963e-06
748 7.953051712300525e-06
749 7.53917516711808e-06
750 9.3132532407211e-06
751 8.976001876427226e-06
752 7.435422086557216e-06
753 8.26292231589491e-06
754 7.914537960655764e-06
755 7.057354537281361e-06
756 7.132887882177401e-06
757 7.327429981988588e-06
758 7.586878958538954e-06
759 7.845126011126704e-06
760 8.755305323083197e-06
761 7.240610098976941e-06
762 7.153530693216077e-06
763 7.2540376448717495e-06
764 7.784418752414563e-06
765 7.100006010560369e-06
766 7.950136501974525e-06
767 7.108452169714521e-06
768 8.30306476116157e-06
769 7.364915759822316e-06
770 6.8310239519388145e-06
771 7.688460143433127e-06
772 8.055140121545252e-06
773 7.643150923173642e-06
774 8.804996974500008e-06
775 7.540979159366946e-06
776 7.280311521789486e-06
777 7.728822025937355e-06
778 7.830061685708312e-06
779 7.986750918372841e-06
780 8.588724507369903e-06
781 7.724808861909051e-06
782 9.729142405220194e-06
783 6.173700436225129e-06
784 8.72465556725471e-06
785 8.10803277269601e-06
786 8.285814691267906e-06
787 8.409485447927606e-06
788 7.665032315060084e-06
789 7.76511037985403e-06
790 7.831461099208034e-06
791 8.428127891479785e-06
792 9.074210983356679e-06
793 7.594858207054151e-06
794 7.0196342115975676e-06
795 6.34361672003643e-06
796 9.366471333004638e-06
797 8.40099760852065e-06
798 9.07342737747444e-06
799 8.162664867131212e-06
800 7.765533346511952e-06
801 7.869842450475773e-06
802 7.939256365410391e-06
803 7.570261086401872e-06
804 7.888792903870094e-06
805 7.661233967416996e-06
806 6.884419350074334e-06
807 7.847047784266142e-06
808 8.57516173291849e-06
809 9.474286166250633e-06
810 7.903561972049415e-06
811 7.971783519758062e-06
812 6.628038070784191e-06
813 6.5639303804085905e-06
814 8.652278976340889e-06
815 7.939296653230306e-06
816 7.296627222993725e-06
817 7.180806590095038e-06
818 9.01397319501719e-06
819 8.510552716356978e-06
820 7.416274420493267e-06
821 8.332771404536388e-06
822 7.572987966226909e-06
823 7.887659536248673e-06
824 8.172375131549826e-06
825 8.3998476998292e-06
826 7.684193114738838e-06
827 8.120233735289617e-06
828 7.989626843579033e-06
829 7.4686983357401795e-06
830 7.394897608264768e-06
831 6.872164529166904e-06
832 9.047533486898112e-06
833 8.02016983081677e-06
834 7.419084579671164e-06
835 8.724664394060257e-06
836 7.2240457945092215e-06
837 7.4084492345472245e-06
838 7.2361437386197885e-06
839 7.906629005578809e-06
840 8.172830468172499e-06
841 7.738320233142271e-06
842 7.739608790846871e-06
843 9.068311927205218e-06
844 8.067614504937784e-06
845 7.950676101125555e-06
846 8.71456452110213e-06
847 7.921966519416024e-06
848 8.245476522549676e-06
849 7.932241871130554e-06
850 7.804454140472248e-06
851 8.490714809651555e-06
852 7.006212195018109e-06
853 8.018791798795941e-06
854 6.646860543378715e-06
855 8.06373345643732e-06
856 7.459955046209994e-06
857 7.282933307683193e-06
858 8.261963420990208e-06
859 7.651400735015745e-06
860 7.36113309686945e-06
861 7.409936490425538e-06
862 7.130241584930474e-06
863 7.944117595841096e-06
864 7.487283091876433e-06
865 7.313219106257838e-06
866 7.94527062949965e-06
867 8.769606930846891e-06
868 8.782012674484282e-06
869 7.320687187648718e-06
870 7.014662647006713e-06
871 8.568955906602387e-06
872 9.075772674584241e-06
873 8.09154267908187e-06
874 7.4304970510146366e-06
875 7.046885800319302e-06
876 8.969365357706905e-06
877 8.193385744183868e-06
878 7.78324970339262e-06
879 7.0360387432476755e-06
880 7.488705491568784e-06
881 7.1084398383189954e-06
882 7.603555771197189e-06
883 8.771519163947277e-06
884 8.174338789312163e-06
885 7.650009152385677e-06
886 7.608405148997229e-06
887 8.510802621510927e-06
888 8.650809974150224e-06
889 9.192848917417037e-06
890 8.461924677047389e-06
891 7.696610422471453e-06
892 8.39006958496409e-06
893 7.204448165133727e-06
894 8.679578392379524e-06
895 8.958318764432154e-06
896 7.66368395695684e-06
897 8.285720801147298e-06
898 7.666872780526837e-06
899 8.327513118935498e-06
900 7.590270886377746e-06
901 7.539137893839911e-06
902 7.116495491105148e-06
903 8.480029558348021e-06
904 8.319353684614146e-06
905 7.415690256127449e-06
906 8.123201419001439e-06
907 7.886274778972678e-06
908 7.4575612836216636e-06
909 7.285855450010112e-06
910 7.070888784946116e-06
911 8.399372683184025e-06
912 6.995276831328356e-06
913 8.091178547692411e-06
914 7.692495577225533e-06
915 7.3513934098452565e-06
916 8.8347793788026e-06
917 7.388227936461854e-06
918 7.544969819178368e-06
919 8.111843740169843e-06
920 8.49241557522527e-06
921 6.71942388947186e-06
922 8.408556887375291e-06
923 7.727359144533944e-06
924 7.48606852264652e-06
925 6.984904517130164e-06
926 7.740549324184973e-06
927 8.240986245796372e-06
928 8.648976659566717e-06
929 7.916947405865522e-06
930 7.457086787621443e-06
931 8.078277655856107e-06
932 7.54499756854318e-06
933 8.627325779443812e-06
934 7.186331658251374e-06
935 1.0308788848736103e-05
936 8.061297734960492e-06
937 8.972301517797238e-06
938 7.598452895750884e-06
939 7.217135173872824e-06
940 8.00153657192008e-06
941 9.209111797941713e-06
942 7.316110153114814e-06
943 6.845338130148517e-06
944 8.707489450486534e-06
945 8.30403413500359e-06
946 7.559530901445055e-06
947 8.021216315093642e-06
948 7.391648301308923e-06
949 8.041489725097685e-06
950 6.228889000163894e-06
951 9.009521537812448e-06
952 8.445866995496629e-06
953 8.863658535155536e-06
954 8.45908120660004e-06
955 6.764624271082935e-06
956 6.464024212761542e-06
957 8.745774362230625e-06
958 6.7076235976892645e-06
959 8.31962808084408e-06
960 8.208883241248931e-06
961 6.718633233984467e-06
962 6.200826687162281e-06
963 6.7179013480514995e-06
964 8.190560688938378e-06
965 8.302217314683832e-06
966 7.575600854839313e-06
967 7.217682116211785e-06
968 7.541862363771495e-06
969 9.13821347695148e-06
970 7.990509595479993e-06
971 7.518596699402857e-06
972 7.069488949223662e-06
973 7.142246553062151e-06
974 9.295409761821416e-06
975 8.004591550023211e-06
976 8.055853424348582e-06
977 8.90766312844834e-06
978 8.271243064764956e-06
979 8.825940479615588e-06
980 7.72035264330565e-06
981 7.78702690523367e-06
982 8.33991974468642e-06
983 7.236153433320938e-06
984 7.73728736815884e-06
985 7.727194478475764e-06
986 8.9249856454887e-06
987 9.276972928974995e-06
988 9.111552696088183e-06
989 8.175263018782915e-06
990 8.076074966380077e-06
991 8.115178138938489e-06
992 7.108441664509393e-06
993 8.32069127827211e-06
994 8.137024850271108e-06
995 6.952343892321309e-06
996 7.859641994196574e-06
997 7.745922723777898e-06
998 7.770236348570943e-06
999 8.100065934256427e-06
