0 2.3300490704290939e-07
1 2.4579949619438714e-07
2 2.1174539069016094e-07
3 2.7119571777751925e-07
4 2.1563345341767018e-07
5 1.6039297256248758e-07
6 1.4217507662641054e-07
7 2.4718729131098624e-07
8 2.7715751905256017e-07
9 2.0475845208066074e-07
10 2.2281584128106896e-07
11 2.2675346513376642e-07
12 1.7922123600736225e-07
13 2.3441124241618972e-07
14 2.3142017974785492e-07
15 2.0324433593316062e-07
16 2.999931435109071e-07
17 1.94059293668467e-07
18 2.2304636635554716e-07
19 2.5491238668145804e-07
20 2.330165556834469e-07
21 2.1468287107140961e-07
22 1.9037854218986034e-07
23 2.3630487735521102e-07
24 2.3893210252567086e-07
25 2.614258279606285e-07
26 2.2433805829543755e-07
27 2.5316618689216304e-07
28 2.2949619633935298e-07
29 2.5122275860101e-07
30 2.551788787648802e-07
31 2.4619150099394705e-07
32 2.70301594245643e-07
33 2.8885273302277466e-07
34 1.9604441635910918e-07
35 2.2468116947086493e-07
36 2.8960283560740173e-07
37 1.9858282866236167e-07
38 2.548816379937665e-07
39 2.0881381235576912e-07
40 1.6226990032282934e-07
41 2.7821030098690723e-07
42 2.0309906264603764e-07
43 2.6042994066944995e-07
44 2.5951094443644713e-07
45 2.2195887499100756e-07
46 1.8967522195440053e-07
47 1.9204804838400584e-07
48 2.2779363155737306e-07
49 2.9529913929679426e-07
50 2.2986168969564175e-07
51 2.588227374839235e-07
52 2.6899402738384735e-07
53 2.4867664343632803e-07
54 1.9534173583437634e-07
55 2.554970939561363e-07
56 2.3439033463722862e-07
57 2.0615351934800313e-07
58 2.3925256275372576e-07
59 2.298886201326434e-07
60 2.2327595691026323e-07
61 2.4543812959063173e-07
62 2.101714815700806e-07
63 2.522201391591886e-07
64 1.9222467538311385e-07
65 3.2455316850847603e-07
66 1.9165695959919864e-07
67 2.1970281745365006e-07
68 2.1115875875351446e-07
69 1.9225634225964212e-07
70 2.3453255385110026e-07
71 2.1179647140748896e-07
72 2.3100956116639216e-07
73 2.829193466235545e-07
74 2.110527798308902e-07
75 2.2894460369800857e-07
76 1.8736824147895887e-07
77 2.4818518324000784e-07
78 2.2150996077121322e-07
79 2.318154575336424e-07
80 2.4936355145176107e-07
81 2.423929814741515e-07
82 2.432943230432898e-07
83 2.1412891095928455e-07
84 1.899664662457042e-07
85 2.576240669303047e-07
86 2.476839403757281e-07
87 2.2781154721355532e-07
88 2.7282609678749163e-07
89 2.4122486215751165e-07
90 2.668679792525157e-07
91 2.1097187609684373e-07
92 2.7246818518304603e-07
93 2.5244680349753705e-07
94 2.4327608524189856e-07
95 2.949581248023652e-07
96 2.589280303146103e-07
97 2.2891607263223358e-07
98 2.2693516071140723e-07
99 2.1444703797523206e-07
100 2.8181717538510807e-07
101 2.275830904506281e-07
102 2.6128865654226374e-07
103 2.4831836212440116e-07
104 2.5493636308987366e-07
105 2.3293380235545993e-07
106 2.3756896166776906e-07
107 2.2401089208762771e-07
108 1.9243863249500942e-07
109 2.2165345800829123e-07
110 2.1103462248220346e-07
111 2.2558059798594652e-07
112 2.3995859157754286e-07
113 2.7241471442906665e-07
114 2.161444337657546e-07
115 2.454109309548483e-07
116 1.8805332997867005e-07
117 2.3021198946096646e-07
118 2.0378270544093897e-07
119 2.0701446880697015e-07
120 1.8823765222872547e-07
121 2.6930458660295074e-07
122 2.428186491858928e-07
123 2.428316812728421e-07
124 2.599866826410654e-07
125 1.950662387533936e-07
126 2.490113349945311e-07
127 2.178397020677102e-07
128 2.3428546689921558e-07
129 1.901512884283383e-07
130 2.0791952270002594e-07
131 2.2062769685224844e-07
132 2.396375470761755e-07
133 2.0064265089750564e-07
134 2.734633637340485e-07
135 2.126170530675193e-07
136 2.179129659847186e-07
137 2.638713074000194e-07
138 1.408886644866539e-07
139 1.668820526909516e-07
140 2.1117281075480007e-07
141 2.474681740443823e-07
142 2.796393937061802e-07
143 2.567570510684585e-07
144 1.9292158355154009e-07
145 2.7403299461317486e-07
146 2.452392721187385e-07
147 1.7372104492646306e-07
148 2.4668490631982375e-07
149 2.0957753529728657e-07
150 2.65516864575645e-07
151 1.883514382346259e-07
152 2.3243637757403862e-07
153 2.644950995238552e-07
154 2.565045987631748e-07
155 1.910388929615735e-07
156 2.512936279457909e-07
157 2.3677114618699411e-07
158 2.746448541568007e-07
159 2.2246595829610902e-07
160 1.7029634830510214e-07
161 2.027923361445442e-07
162 2.109549696503278e-07
163 2.3687687155034417e-07
164 2.3608389003775446e-07
165 2.557986715416596e-07
166 2.6232492698901887e-07
167 2.45886367191855e-07
168 1.9425906664727033e-07
169 2.3775222063654907e-07
170 2.3591386646500554e-07
171 1.7831104202043394e-07
172 2.1291338598022762e-07
173 1.6403691380087177e-07
174 2.50614096149272e-07
175 2.469232007095476e-07
176 2.0894441942323442e-07
177 2.3011649782777258e-07
178 2.041426405597234e-07
179 2.5003722203677734e-07
180 2.725828720596955e-07
181 2.2445685876306847e-07
182 2.7155737244019304e-07
183 2.3001790575973065e-07
184 2.6548685141260927e-07
185 2.4717902361325034e-07
186 2.453032800984092e-07
187 2.0093058600739946e-07
188 2.2364220546259848e-07
189 2.4412723619803856e-07
190 2.515440513859653e-07
191 2.712965543049805e-07
192 2.2462877456184476e-07
193 2.2804486775509487e-07
194 2.5795270305080066e-07
195 2.377009103071698e-07
196 2.1757016610540862e-07
197 2.3798510044376137e-07
198 2.022418293984744e-07
199 1.7842671130432313e-07
200 1.8526903360518294e-07
201 1.8520558930043882e-07
202 1.5804847562525756e-07
203 2.170413559881331e-07
204 2.4850958992584204e-07
205 2.403199862362309e-07
206 2.2605075067618178e-07
207 2.3210559496372445e-07
208 2.3330165211885263e-07
209 1.9795378539049951e-07
210 2.1780973203773396e-07
211 1.9100903150022231e-07
212 2.5266309488490796e-07
213 2.0275018539378212e-07
214 2.2809762762208514e-07
215 2.389633790387318e-07
216 2.4553996956508957e-07
217 1.8915819669232257e-07
218 2.1680653081478424e-07
219 2.403410034473988e-07
220 2.1643981833154214e-07
221 2.652010309421565e-07
222 1.9714503436033168e-07
223 2.1046206290308658e-07
224 2.1837930842999917e-07
225 3.220716509695128e-07
226 2.47379986076848e-07
227 2.2707070435858766e-07
228 2.450078559619649e-07
229 2.457919221746361e-07
230 1.8252416870078945e-07
231 2.0226853369203118e-07
232 2.315764945080599e-07
233 1.9509963490223736e-07
234 1.856103659716665e-07
235 2.7802025008895016e-07
236 2.0827149092584225e-07
237 2.9056692754999237e-07
238 2.9710409828247614e-07
239 1.6230361032874567e-07
240 2.4112732109552886e-07
241 2.1562643356924845e-07
242 2.385873335303759e-07
243 1.9498229622682627e-07
244 2.687995913518651e-07
245 2.1282360461421042e-07
246 2.3004184665616332e-07
247 2.9002278157776687e-07
248 2.2262647079995891e-07
249 2.223894380665785e-07
250 1.841679005057163e-07
251 2.9597762570010126e-07
252 2.6410679662276326e-07
253 2.2136615095337006e-07
254 1.691714366704121e-07
255 2.5930603678887464e-07
256 2.4223601011062733e-07
257 2.56954893115259e-07
258 2.599381351104447e-07
259 2.739642168514347e-07
260 2.5997054839458945e-07
261 2.540541536092902e-07
262 2.0456792737460194e-07
263 1.9434202093167854e-07
264 3.057381944115188e-07
265 2.4675277102880283e-07
266 2.9694970231696746e-07
267 2.9242939433166735e-07
268 2.1873513304113903e-07
269 2.065036115407019e-07
270 2.57588171068158e-07
271 2.797457720478357e-07
272 2.454121502606833e-07
273 1.9295798241009594e-07
274 2.7616482279323426e-07
275 2.0177812295617694e-07
276 2.0233451527132216e-07
277 2.128455224324982e-07
278 2.2331231436742027e-07
279 2.917247129719862e-07
280 2.1954508106942023e-07
281 2.6245727268476074e-07
282 2.2209002569807197e-07
283 2.2015808075391346e-07
284 2.550557250044307e-07
285 2.4893257266847587e-07
286 1.9256295124584995e-07
287 2.0482886846458668e-07
288 2.571792262889163e-07
289 2.1495159496354007e-07
290 2.0796367121130957e-07
291 2.9002613350507644e-07
292 2.3009254361003742e-07
293 2.705736337003076e-07
294 2.0152904351313793e-07
295 2.572085398804004e-07
296 2.0919892151570913e-07
297 2.050491329231038e-07
298 2.2471338824966393e-07
299 2.374148116420248e-07
300 2.1635658901103864e-07
301 2.5940111196900756e-07
302 2.1227409717590306e-07
303 1.8777051366211e-07
304 2.482925416596629e-07
305 2.4325852210019707e-07
306 3.107832057077701e-07
307 2.102901497190671e-07
308 2.4689172329976296e-07
309 2.5896320674684363e-07
310 1.860356972670733e-07
311 2.0653952792254617e-07
312 1.6312921707777102e-07
313 2.508433874305403e-07
314 2.679218429718657e-07
315 1.6891089157037293e-07
316 2.5149135563770165e-07
317 2.2658253594267416e-07
318 2.4077055909075357e-07
319 2.1295049247638726e-07
320 2.483581419880919e-07
321 2.0815644973698957e-07
322 2.8276270798041056e-07
323 2.484295642672916e-07
324 2.601910349243496e-07
325 1.987212130424855e-07
326 2.5387987410971106e-07
327 2.7581589295201587e-07
328 2.2790723195247708e-07
329 2.9240819699917936e-07
330 2.4472915622210517e-07
331 2.5376934828448495e-07
332 2.0557445409409995e-07
333 2.8187357343569777e-07
334 2.40799906484493e-07
335 2.4403062497095385e-07
336 2.6557567108481255e-07
337 2.2118026185361828e-07
338 2.4832806526706406e-07
339 2.3095365061545752e-07
340 2.977802295963786e-07
341 2.3353240435098056e-07
342 2.3763573442405062e-07
343 2.2874798358124494e-07
344 2.3158883310757758e-07
345 2.3329860760063443e-07
346 2.3172979450909612e-07
347 2.4398961597798846e-07
348 2.0638894958444782e-07
349 2.064246033296717e-07
350 2.0266139167765e-07
351 2.2877626009589898e-07
352 2.922493942609156e-07
353 2.4680116884544313e-07
354 2.8562969201001944e-07
355 1.7192262608425573e-07
356 1.5882686617768902e-07
357 2.1540340617986242e-07
358 2.0427890720081643e-07
359 2.4251233814060146e-07
360 1.901614668261731e-07
361 2.2784475560517923e-07
362 2.460264423243116e-07
363 2.1948770253478277e-07
364 1.75480290641361e-07
365 2.1422576095909536e-07
366 2.0774420996929908e-07
367 2.0476803618009161e-07
368 1.941658947324856e-07
369 2.583980209675165e-07
370 2.711230870767977e-07
371 1.9269149063910753e-07
372 2.3255960233572077e-07
373 2.10706828110762e-07
374 2.2654707690109033e-07
375 2.3288480917669775e-07
376 2.631778148844011e-07
377 1.9412432281218543e-07
378 2.3793309500979879e-07
379 2.60128427631675e-07
380 1.9531318635641284e-07
381 2.76108297609467e-07
382 2.3923512647443524e-07
383 2.6423813296925894e-07
384 2.787691109994454e-07
385 2.154293644993085e-07
386 2.62545039758324e-07
387 2.679546002532951e-07
388 2.1670787093181006e-07
389 3.363740143281656e-07
390 1.8332365758433016e-07
391 2.0438483972623992e-07
392 2.6087656710360047e-07
393 2.708848153729114e-07
394 2.7137201824386776e-07
395 2.0585306395128613e-07
396 1.5143972033855716e-07
397 2.674184738211045e-07
398 2.0433064140623028e-07
399 2.765048399927324e-07
400 2.1866455087249408e-07
401 2.1184978510827452e-07
402 2.475978931553381e-07
403 2.2788449798708522e-07
404 2.700473426697811e-07
405 2.264796612280004e-07
406 2.3998270174149276e-07
407 2.6756955677126234e-07
408 2.9319060818282034e-07
409 1.8680915348495724e-07
410 2.917565272548505e-07
411 2.545288462461471e-07
412 2.9010700287765147e-07
413 2.027404120256941e-07
414 2.585874140540044e-07
415 1.5303162776782175e-07
416 2.2180883988537667e-07
417 2.257458518131845e-07
418 2.527673114834351e-07
419 1.7508845034929823e-07
420 1.7319580012293002e-07
421 2.290939523573947e-07
422 2.3048070773355137e-07
423 2.725571868564079e-07
424 2.4552484130715006e-07
425 2.3226604387515316e-07
426 2.692087659902805e-07
427 1.7851604568325993e-07
428 2.576269048056889e-07
429 2.235655425709802e-07
430 2.3643490101122533e-07
431 2.5688205625567017e-07
432 2.0429974686775537e-07
433 2.443170919874008e-07
434 2.2736222514752327e-07
435 2.0941986842993114e-07
436 2.760971269402081e-07
437 2.0618209913675254e-07
438 2.7459077536846376e-07
439 1.9151392429796818e-07
440 2.1094986601347882e-07
441 2.540580505343023e-07
442 2.5380136629724873e-07
443 1.9737517372249287e-07
444 2.563861359367537e-07
445 2.015470420482931e-07
446 2.295546259120971e-07
447 2.448754566577125e-07
448 2.0168635048766754e-07
449 2.1878652734279076e-07
450 1.897643683492351e-07
451 2.607711649864883e-07
452 2.5490179436890665e-07
453 1.91369645485481e-07
454 2.0242249735190642e-07
455 2.062622500669208e-07
456 2.3146618451905146e-07
457 2.4568004088434194e-07
458 2.447596391264111e-07
459 2.483151105103348e-07
460 2.0328679182063177e-07
461 2.2920833064398901e-07
462 2.1215058878790035e-07
463 2.60588807143465e-07
464 2.427032715805921e-07
465 2.1219253096640606e-07
466 2.2313100906521113e-07
467 2.3841878285483996e-07
468 2.1726696351442487e-07
469 2.852674291880571e-07
470 2.738053858652194e-07
471 2.2048645778553997e-07
472 2.2035301615175704e-07
473 1.796506299369106e-07
474 2.950501564135349e-07
475 2.5949587332129434e-07
476 2.4894894531433906e-07
477 2.743849531608109e-07
478 2.4485581842603053e-07
479 2.077534097616098e-07
480 2.192319465050289e-07
481 2.2083872933952562e-07
482 1.6686270754138045e-07
483 2.5189805407040713e-07
484 1.463013186087817e-07
485 2.3212110932287127e-07
486 2.3706227554847088e-07
487 2.3669908630788945e-07
488 1.7648433492287927e-07
489 2.3630653865238704e-07
490 2.4424306453547154e-07
491 2.222704221680528e-07
492 2.5574364716411224e-07
493 2.2881142351580402e-07
494 2.397225117223893e-07
495 1.9476451436455247e-07
496 1.9927706674226537e-07
497 3.128716303836044e-07
498 2.760139493725154e-07
499 2.462445827892633e-07
500 2.6531036072312835e-07
501 2.4913898155077526e-07
502 2.70454076492953e-07
503 2.4519086543456777e-07
504 2.5388050557919427e-07
505 2.1636334611928829e-07
506 1.6807480358152973e-07
507 2.3474626263070897e-07
508 1.9824153740289347e-07
509 2.3134534257730434e-07
510 2.2974935266497757e-07
511 2.9653546458407643e-07
512 1.9878672114098637e-07
513 2.1684448056743632e-07
514 2.4081858838250067e-07
515 2.518941950577356e-07
516 2.1685937217698745e-07
517 2.440983096900209e-07
518 2.6990819493622147e-07
519 2.5309739126681106e-07
520 2.625824379051041e-07
521 2.3125354814649942e-07
522 1.808597414661203e-07
523 2.450547259394328e-07
524 3.0830863446628556e-07
525 2.595336710982427e-07
526 1.8857993193379143e-07
527 2.1020748782877006e-07
528 2.2277022345138197e-07
529 1.9711927183525293e-07
530 2.131765868452463e-07
531 2.557008469835699e-07
532 2.862587306480296e-07
533 2.1393803868939437e-07
534 2.3460343346241316e-07
535 2.8303403963229236e-07
536 2.1312145910228825e-07
537 1.990928210316728e-07
538 2.574277261880322e-07
539 2.781025622304387e-07
540 2.1507067662103283e-07
541 2.9176275396338144e-07
542 2.474495853252092e-07
543 2.6820279080631664e-07
544 2.855068255212517e-07
545 2.7569716229846687e-07
546 2.4736775942064635e-07
547 2.099400245393521e-07
548 2.2104987134856313e-07
549 1.9702579289283344e-07
550 2.0090975477894425e-07
551 2.2838598356211675e-07
552 2.2682361714124214e-07
553 2.736193511412624e-07
554 2.489027709859521e-07
555 2.610278484415935e-07
556 2.732859983582263e-07
557 2.529995125871184e-07
558 2.4539996550587703e-07
559 2.2670920806714423e-07
560 2.582109674735291e-07
561 2.3874616889358986e-07
562 2.0035009931419404e-07
563 2.7002923246959444e-07
564 2.49027183078071e-07
565 2.151368290859503e-07
566 1.9964584070846576e-07
567 2.187273634766225e-07
568 1.885376247042886e-07
569 2.2461324573330688e-07
570 1.695349891457488e-07
571 2.243398453000632e-07
572 2.585336691242476e-07
573 2.5536624676925693e-07
574 2.785922003066626e-07
575 2.0534659754091406e-07
576 2.506686796279129e-07
577 1.9608008859964326e-07
578 2.714331899039491e-07
579 2.173788098385457e-07
580 2.0976441361908231e-07
581 2.7613897392986326e-07
582 2.6405211478293074e-07
583 1.7357144525705723e-07
584 2.698125990080181e-07
585 2.789965441583614e-07
586 1.3522720120165457e-07
587 2.69421042466419e-07
588 2.167842250033074e-07
589 2.0999929996933715e-07
590 2.392598269488996e-07
591 1.8164547297785962e-07
592 2.3006640244509092e-07
593 2.164472523878569e-07
594 2.592396788563034e-07
595 1.8436751615989996e-07
596 2.421187068433702e-07
597 2.225769859257085e-07
598 2.339010402599881e-07
599 2.398230167586671e-07
600 2.3905520435272796e-07
601 1.8415448676207804e-07
602 2.378896056687223e-07
603 2.4075240988913343e-07
604 2.53318963563118e-07
605 2.325973138577842e-07
606 2.9488319118515726e-07
607 2.8608635354238605e-07
608 2.154447239701997e-07
609 2.2809192773936582e-07
610 2.075437155552533e-07
611 1.9748719647471225e-07
612 1.7969868863741726e-07
613 2.4832127595218887e-07
614 1.968269104266323e-07
615 2.55052742667586e-07
616 2.5245935041286725e-07
617 2.061734566645543e-07
618 3.296018620641387e-07
619 2.3261065739859286e-07
620 1.8430440929524695e-07
621 2.3838157624881317e-07
622 1.829587259144408e-07
623 1.7985037741056897e-07
624 2.401895838748482e-07
625 2.2470086422661703e-07
626 2.8322827279493085e-07
627 1.9991264032197796e-07
628 2.1875354653181985e-07
629 3.172959135340768e-07
630 2.498961997447326e-07
631 2.2104390641836634e-07
632 2.5830616155463007e-07
633 2.500529386389346e-07
634 2.3303274768350114e-07
635 2.559187943240867e-07
636 2.3647142569262356e-07
637 2.3772445629390326e-07
638 2.553619980084905e-07
639 2.630223390573675e-07
640 1.7163309968136574e-07
641 2.80068708049995e-07
642 2.4533964582611857e-07
643 2.56260220802101e-07
644 2.459433790747835e-07
645 2.4086610828405893e-07
646 2.1532968360961112e-07
647 2.552527473620735e-07
648 2.174623362394141e-07
649 2.878925082157271e-07
650 2.1371522727368848e-07
651 2.5624821356095425e-07
652 2.5154165054573596e-07
653 2.5609928205787005e-07
654 2.0973084557174404e-07
655 2.561217803669784e-07
656 2.6643246169246825e-07
657 2.570203885028416e-07
658 1.9380872349642652e-07
659 1.9659837772213721e-07
660 1.9133965702470286e-07
661 2.1874721523791105e-07
662 2.504281153130833e-07
663 2.546435986588589e-07
664 2.1768716382621432e-07
665 2.2251830985159289e-07
666 2.3738485699616428e-07
667 2.6346102350032686e-07
668 2.1816267036134054e-07
669 2.1365850187276074e-07
670 2.687853888471867e-07
671 2.5661820056873303e-07
672 2.2364356131225812e-07
673 2.3725292494053506e-07
674 2.509630741195021e-07
675 2.288584398563163e-07
676 2.527091484077215e-07
677 2.2328834751819847e-07
678 2.7130120496321217e-07
679 2.5393553343875063e-07
680 2.8386412708805987e-07
681 2.2491665852358392e-07
682 2.4204716695704195e-07
683 1.8498877665050767e-07
684 1.775787787379055e-07
685 2.4888738323125316e-07
686 2.3802199807105892e-07
687 2.4261799308809594e-07
688 2.83294786807096e-07
689 2.0784230496832386e-07
690 2.8351559321310093e-07
691 2.5203358257005734e-07
692 2.628714673406683e-07
693 2.0611457303067125e-07
694 2.429408377855689e-07
695 1.607517487076683e-07
696 2.1310117114129537e-07
697 2.427671228712062e-07
698 1.7516040629916106e-07
699 1.9843262554191858e-07
700 2.2911800954183295e-07
701 2.4115791006201654e-07
702 2.1260134326792638e-07
703 2.463438132519381e-07
704 2.4968402750627815e-07
705 2.1236856466775286e-07
706 2.7708845703240067e-07
707 2.3502050603387786e-07
708 2.3881114345221344e-07
709 2.646434446501588e-07
710 2.4803178088093383e-07
711 2.817079305055225e-07
712 2.1939784159867375e-07
713 3.2036129207048057e-07
714 2.2637149127961705e-07
715 2.122948059037936e-07
716 1.8471789530833274e-07
717 2.589313625077623e-07
718 2.8460482082079696e-07
719 2.506229194710493e-07
720 2.711362800679844e-07
721 1.6770407716918995e-07
722 2.4334705913612464e-07
723 2.153042276390643e-07
724 2.2248576133030058e-07
725 1.786025430358449e-07
726 2.771102136140887e-07
727 2.7128466187447755e-07
728 2.480114259705003e-07
729 2.3731807923888653e-07
730 2.613665245555199e-07
731 2.18567864235247e-07
732 2.342648574826209e-07
733 2.3171200569658046e-07
734 2.0848046243032377e-07
735 2.2753501525082883e-07
736 2.137825352355215e-07
737 3.050554058347656e-07
738 2.2594213720955272e-07
739 2.3364444232762275e-07
740 2.483708182151525e-07
741 2.1209799522427964e-07
742 2.0146387320398883e-07
743 2.9824978224637384e-07
744 2.2078350904894386e-07
745 2.452940496501064e-07
746 1.7314482162473028e-07
747 2.2319288706740854e-07
748 2.2522253554887387e-07
749 2.0011778153692997e-07
750 2.4808632070282663e-07
751 2.8766927343802513e-07
752 1.9852135097475748e-07
753 2.2913047731334732e-07
754 2.37530244081741e-07
755 2.2638487852285132e-07
756 2.5169919146760574e-07
757 2.1499369154606966e-07
758 1.8425081069304625e-07
759 2.2154357516284784e-07
760 2.5575404604798247e-07
761 1.9540336764645062e-07
762 2.510996439523109e-07
763 2.226421416408197e-07
764 2.0450733121963708e-07
765 2.707952082759738e-07
766 2.6124743926899047e-07
767 1.9587260227842419e-07
768 2.1229659055716991e-07
769 1.8268597823727484e-07
770 2.2404675260324638e-07
771 1.3541405538224756e-07
772 2.0839012634297376e-07
773 2.660705386588591e-07
774 2.3487553785343795e-07
775 1.7256005789357788e-07
776 2.470442564754849e-07
777 2.4375196088495055e-07
778 2.2983477274079528e-07
779 1.635817486947454e-07
780 2.481285217557534e-07
781 1.8326903121203668e-07
782 2.4247301313832286e-07
783 2.462190045956662e-07
784 2.4449801735713467e-07
785 2.683111539647361e-07
786 2.255804098168014e-07
787 2.2359749054955812e-07
788 1.7040644434034307e-07
789 2.614721016776999e-07
790 2.1965843440056856e-07
791 2.775577610982023e-07
792 2.462807521727831e-07
793 1.9627833793877232e-07
794 2.1636210123096543e-07
795 2.3124183187717196e-07
796 2.403048491381313e-07
797 1.683296507666945e-07
798 1.8946754768592917e-07
799 2.560197240553327e-07
800 2.025585989221197e-07
801 2.5346181824627385e-07
802 1.9493111788715027e-07
803 1.980831709524755e-07
804 2.3504555593909995e-07
805 2.1083307483622951e-07
806 2.6128066924537783e-07
807 2.2230226789371673e-07
808 1.7918472454164586e-07
809 2.663486092174505e-07
810 3.126390498972726e-07
811 1.7489476624968703e-07
812 2.416305344374254e-07
813 2.076788827759148e-07
814 2.1887855544564016e-07
815 2.1645334791510586e-07
816 2.261449262929799e-07
817 2.558770776873349e-07
818 2.2407223244596363e-07
819 3.081129016997137e-07
820 3.262005984457605e-07
821 2.0319006083255929e-07
822 1.801929718628052e-07
823 2.6672892341547153e-07
824 2.0905418858346775e-07
825 2.924387106572179e-07
826 2.485229529527979e-07
827 2.0215919430194617e-07
828 2.321368258718939e-07
829 2.1286504804352384e-07
830 1.8205178565115045e-07
831 2.3381195581463788e-07
832 2.5078849908298206e-07
833 2.750974246182641e-07
834 2.6656408317870845e-07
835 2.1522228411568156e-07
836 2.4985329852769997e-07
837 1.4917626800423763e-07
838 1.759969568497361e-07
839 2.0179651215478206e-07
840 2.1028871224661322e-07
841 2.4441515871203223e-07
842 1.9981698194050905e-07
843 2.5848494095903436e-07
844 2.354985601406622e-07
845 2.669633895673166e-07
846 2.497688292866051e-07
847 2.0871374963538987e-07
848 1.430706204402719e-07
849 2.2113104916697806e-07
850 2.959750307495998e-07
851 1.76605544882862e-07
852 2.0247869726493373e-07
853 2.6060887619813504e-07
854 2.3797741699994954e-07
855 2.5886047568502207e-07
856 2.3487045860406383e-07
857 2.0389264194468571e-07
858 1.9672992140866366e-07
859 2.558858117371291e-07
860 2.3420523101667833e-07
861 2.3380795169164735e-07
862 2.1424950144325255e-07
863 2.8073989271686457e-07
864 2.724577238353211e-07
865 2.704164589661787e-07
866 1.5617490527570293e-07
867 2.0101717113262878e-07
868 2.7991591404305197e-07
869 2.36479248744835e-07
870 2.494728146359157e-07
871 2.341788780628239e-07
872 2.280029785911731e-07
873 3.029984519821107e-07
874 2.2055352536303178e-07
875 1.3926517562361154e-07
876 2.0469590579325186e-07
877 2.3759960539265333e-07
878 1.7994495669281997e-07
879 2.3382551581255583e-07
880 2.5337034617183555e-07
881 2.3579433464836412e-07
882 2.616244088688997e-07
883 2.1392976626387597e-07
884 2.8494913323091786e-07
885 2.3171811048716207e-07
886 2.3949223869759754e-07
887 2.61063399445218e-07
888 2.550353512917374e-07
889 1.9098473605749404e-07
890 2.135581269951117e-07
891 2.2337941198692826e-07
892 2.0347233855205435e-07
893 2.3068004698460627e-07
894 1.2386732520954705e-07
895 2.590294178538955e-07
896 2.503096630518668e-07
897 2.2239550746073083e-07
898 2.729317474998514e-07
899 2.6326333787593305e-07
900 2.341242932582582e-07
901 2.700393434005555e-07
902 2.0706439729545453e-07
903 2.3371608490915775e-07
904 2.2596273505068414e-07
905 2.3349812711010806e-07
906 3.0082873704660883e-07
907 2.544034676763595e-07
908 2.746067569257167e-07
909 2.1300657570320362e-07
910 2.517674110812316e-07
911 2.576798562968771e-07
912 1.9695148224942524e-07
913 1.4880041787896388e-07
914 2.463360506439172e-07
915 2.664727082154186e-07
916 2.3558863465263174e-07
917 2.9124649987840194e-07
918 2.4264036013771553e-07
919 2.2947959901106605e-07
920 2.0882492924569824e-07
921 2.8135120442841687e-07
922 2.4929744552229924e-07
923 2.2629875318785027e-07
924 2.2390611095634408e-07
925 2.2936299906934366e-07
926 2.668036412894547e-07
927 2.2669802547821616e-07
928 2.715844756707216e-07
929 2.0274599894123828e-07
930 2.5452856566347755e-07
931 2.7239733881582794e-07
932 1.952681345526099e-07
933 1.9013956611864784e-07
934 2.2489769130083542e-07
935 2.0123468522910802e-07
936 1.6004262238833798e-07
937 2.4155495478276386e-07
938 1.7988524108419987e-07
939 2.268955806323108e-07
940 2.4467248789358376e-07
941 1.952667835414765e-07
942 1.850163515369697e-07
943 2.2432332820019358e-07
944 2.525182064231294e-07
945 2.69419027137869e-07
946 2.7550865213969944e-07
947 1.9052095307838644e-07
948 2.24646696292673e-07
949 2.2133852204247122e-07
950 2.525163743192431e-07
951 2.0558953358641407e-07
952 2.0273916963295125e-07
953 2.5352667881023004e-07
954 1.7230895903900578e-07
955 2.5173243599194963e-07
956 2.0716527511525856e-07
957 2.2921419512614276e-07
958 2.4307573667845054e-07
959 2.510070890971894e-07
960 2.2584037470134185e-07
961 2.1178529524020655e-07
962 1.8918697860874356e-07
963 2.3290994723670516e-07
964 1.93028199036123e-07
965 2.561999333833661e-07
966 2.6733279601788545e-07
967 2.2783162221112606e-07
968 2.436253517579226e-07
969 2.8566792575747693e-07
970 2.1993814633726525e-07
971 2.0364982679421288e-07
972 2.55153832545324e-07
973 2.2643542756419813e-07
974 1.8005113542312754e-07
975 2.5112054058385387e-07
976 1.9412254343973886e-07
977 2.3355961906981193e-07
978 1.6004210541268108e-07
979 2.291374279088465e-07
980 2.2999761009415346e-07
981 2.108906026779416e-07
982 2.4704112201678e-07
983 2.241772784334033e-07
984 1.8909615291663667e-07
985 2.481526717252106e-07
986 2.403988190722613e-07
987 2.136563514774e-07
988 2.756648817978668e-07
989 2.0875391767019902e-07
990 1.949483240040191e-07
991 2.2068773512665214e-07
992 1.942928349339979e-07
993 2.1891750484347414e-07
994 3.2935819651735126e-07
995 2.750685442410318e-07
996 2.497027698545231e-07
997 2.0833737424080027e-07
998 2.2317638269105093e-07
999 2.2186871536828467e-07
