0 3.151895772445803e-07
1 2.725521577993524e-07
2 2.9548742513607366e-07
3 2.8465005142265734e-07
4 2.8468247475707996e-07
5 2.889662209466728e-07
6 2.7436012399752285e-07
7 3.4123843747579683e-07
8 2.957417202838542e-07
9 3.075460179245868e-07
10 3.03252292264327e-07
11 2.9923277706535534e-07
12 3.0356876414317e-07
13 3.3733264588181776e-07
14 2.707773151363347e-07
15 3.2904638600238076e-07
16 2.986298997851482e-07
17 2.867124369115775e-07
18 2.482139172277971e-07
19 2.772472094008424e-07
20 2.9832163366345087e-07
21 2.659520036312634e-07
22 2.505860422509286e-07
23 2.7847179704686595e-07
24 2.969872797685878e-07
25 3.211526368272012e-07
26 3.3241693497178407e-07
27 2.96115983615365e-07
28 2.5069148885189907e-07
29 2.7509407225631515e-07
30 2.6927582130854734e-07
31 2.9921213976678104e-07
32 2.958919911523594e-07
33 2.948109248749281e-07
34 2.8745453794789937e-07
35 2.6238175527730023e-07
36 2.5453484568715923e-07
37 3.287490486358888e-07
38 2.915676884749256e-07
39 2.694095703408743e-07
40 2.624969242091641e-07
41 3.009281639274695e-07
42 2.6949784641786305e-07
43 3.0312222273446994e-07
44 2.91115216266994e-07
45 2.887290493970013e-07
46 2.6120709091266395e-07
47 2.8031406877776724e-07
48 2.5584782902044125e-07
49 2.6209901759990963e-07
50 2.8191186520946516e-07
51 3.033653304737931e-07
52 2.8851125795624587e-07
53 3.1051121160205386e-07
54 2.8030238528047406e-07
55 2.76004052668945e-07
56 2.8516651260597045e-07
57 2.7366930594565125e-07
58 2.85908574541607e-07
59 2.887429379924777e-07
60 2.4656822588272303e-07
61 3.165818834544755e-07
62 3.0369991870174675e-07
63 2.71854769365124e-07
64 2.974273519219212e-07
65 2.81540350370207e-07
66 2.983625443516177e-07
67 2.7743716662762893e-07
68 3.170733512766006e-07
69 2.8104155939223684e-07
70 2.9279679447313793e-07
71 3.054800557647557e-07
72 2.9547988597181096e-07
73 3.023039355809144e-07
74 2.6526809289338715e-07
75 2.794662691060229e-07
76 2.9488945562039186e-07
77 2.886679366521822e-07
78 2.940813988369093e-07
79 2.771137568373539e-07
80 3.0294186503298974e-07
81 2.704484474633579e-07
82 2.843077106789229e-07
83 2.8205602209486943e-07
84 2.9899307925368076e-07
85 3.0111445770089874e-07
86 2.8507653143730635e-07
87 2.9284951933020863e-07
88 3.237574288272958e-07
89 3.035126692357093e-07
90 2.8027167382020216e-07
91 2.980596944176971e-07
92 3.001085754199735e-07
93 2.704795647628058e-07
94 3.1432983873263536e-07
95 2.8275057922269475e-07
96 2.8501636815052257e-07
97 2.67351338559337e-07
98 3.066512187439376e-07
99 3.010170714027982e-07
100 3.0110857323532517e-07
101 2.996346901531269e-07
102 2.9888082644654494e-07
103 2.950098165158917e-07
104 2.761107299034515e-07
105 2.7568530274186534e-07
106 2.700528591983968e-07
107 3.033931973649464e-07
108 2.819224729590151e-07
109 3.0990786709334233e-07
110 2.739177490635025e-07
111 2.876972947802676e-07
112 2.644207616299558e-07
113 2.821549200107602e-07
114 2.7781067990068354e-07
115 2.659213484420342e-07
116 3.0276952455797546e-07
117 2.85792591400599e-07
118 3.3473122942924347e-07
119 2.6744703686177124e-07
120 2.7982180777498387e-07
121 2.977328632379171e-07
122 3.0560141560941493e-07
123 2.8999343440292207e-07
124 2.917566530659782e-07
125 2.829905742204671e-07
126 2.833014961137205e-07
127 2.794823523882174e-07
128 2.9129311602593677e-07
129 2.8156933711897454e-07
130 2.6820650308067836e-07
131 2.7562933671998247e-07
132 2.8708291212845967e-07
133 2.854468982019029e-07
134 2.770256870653605e-07
135 2.838814890707606e-07
136 2.779301390903546e-07
137 2.714411538502429e-07
138 2.8900861275873147e-07
139 2.857425697567714e-07
140 2.8008906704601556e-07
141 3.0303414181849675e-07
142 2.7259122752793556e-07
143 2.851398644596871e-07
144 3.212879866055607e-07
145 2.73269211325711e-07
146 3.0445253599508916e-07
147 2.9541372905514867e-07
148 2.58332837196084e-07
149 2.6815141856478917e-07
150 2.811563640870963e-07
151 3.223266548263552e-07
152 2.706456963120856e-07
153 3.042702386253699e-07
154 2.4815445342014344e-07
155 3.464311742197119e-07
156 2.715620218511906e-07
157 2.8909998493556357e-07
158 3.0152763228783764e-07
159 2.8324537591523975e-07
160 2.860431423811338e-07
161 3.0103228984146173e-07
162 2.8458342054215343e-07
163 2.9237666724516147e-07
164 3.099593677122566e-07
165 2.9583069017936175e-07
166 2.807703615507766e-07
167 2.814902978394347e-07
168 3.0570121791211807e-07
169 2.924324449469011e-07
170 2.608256250424634e-07
171 2.917698710671278e-07
172 2.84272580323051e-07
173 2.5444795831928617e-07
174 2.9621790941960914e-07
175 2.994760943247441e-07
176 3.0020583185827014e-07
177 2.8196048587836483e-07
178 2.903801831541817e-07
179 3.0061728460391013e-07
180 2.928107115449467e-07
181 2.4453928132337143e-07
182 2.771473038058732e-07
183 3.079436496566139e-07
184 3.1266681794356347e-07
185 2.546721137208679e-07
186 3.1902933813868783e-07
187 2.3819318038007055e-07
188 2.9060499586799107e-07
189 3.1766754231595937e-07
190 2.62550835144322e-07
191 3.159009255693716e-07
192 2.917985537459775e-07
193 2.981750237378163e-07
194 2.512577806596441e-07
195 2.4515733079718237e-07
196 3.3247082084822654e-07
197 2.719996332149619e-07
198 3.082399681514637e-07
199 2.8637255445181763e-07
200 3.077851496100889e-07
201 2.647891888337755e-07
202 2.897713604343899e-07
203 2.9554563391386703e-07
204 2.9250958588455735e-07
205 3.184998840337649e-07
206 2.757506364872471e-07
207 2.844183128615555e-07
208 3.0587329730388463e-07
209 2.896991722450261e-07
210 2.9822719853569486e-07
211 2.5031601053511594e-07
212 2.910201749837074e-07
213 2.748811284834099e-07
214 2.9078892532798057e-07
215 2.8335516377285403e-07
216 2.7396263062525967e-07
217 3.0896915074006987e-07
218 3.0508274501498796e-07
219 2.723539940221856e-07
220 2.882198550683027e-07
221 2.8795398088499137e-07
222 2.845655644281316e-07
223 2.8731493935836505e-07
224 2.6881994022840777e-07
225 2.8722314064946676e-07
226 2.8857674542360526e-07
227 3.377694342199827e-07
228 2.7381026068634463e-07
229 2.654945579849027e-07
230 2.696983600288392e-07
231 3.2212724749663623e-07
232 2.7315346505625167e-07
233 3.127036173590871e-07
234 2.981162551711344e-07
235 2.786589219389713e-07
236 3.0434939790206736e-07
237 3.1312986236403314e-07
238 3.023086620913405e-07
239 2.7785152464080513e-07
240 2.8845455852665013e-07
241 3.228999640416848e-07
242 2.6668851832112685e-07
243 2.8521755308730837e-07
244 2.378388692780515e-07
245 2.670858858415206e-07
246 2.8617288191702343e-07
247 2.6778633770508054e-07
248 3.1769677434764666e-07
249 2.687096114529927e-07
250 2.533476189689971e-07
251 3.1911600083756567e-07
252 3.047987108282832e-07
253 2.603483222442706e-07
254 3.1014487508791794e-07
255 2.634902457520249e-07
256 2.8399528428483266e-07
257 2.7314450045907903e-07
258 3.0829385945929667e-07
259 3.0061388151945184e-07
260 2.7960311399607925e-07
261 2.826963660139084e-07
262 3.0728856136446003e-07
263 2.7180034109611786e-07
264 3.101920580543936e-07
265 2.9696339132824247e-07
266 2.7846787439711514e-07
267 2.913350594920396e-07
268 3.2922879128627665e-07
269 3.280407644034663e-07
270 2.591482984969336e-07
271 3.0514277664234347e-07
272 3.0447769823988306e-07
273 2.8978933233255696e-07
274 3.0605441194016425e-07
275 2.5890936105204127e-07
276 2.758107820062194e-07
277 3.046953070546578e-07
278 3.106641379854777e-07
279 2.9060534390142853e-07
280 2.8421167091801277e-07
281 3.160030064032904e-07
282 2.9360834892296594e-07
283 3.056538551244747e-07
284 2.595579226413546e-07
285 3.003765163248554e-07
286 3.143243240126459e-07
287 2.7335952670263213e-07
288 3.223850674447324e-07
289 2.8250165539532337e-07
290 2.860588235437956e-07
291 3.1463721525509083e-07
292 2.7366460555634623e-07
293 3.0510179815848294e-07
294 2.8686379910412495e-07
295 2.877214397080378e-07
296 2.8040818840521463e-07
297 2.86781215609586e-07
298 3.084365710598294e-07
299 2.7375637097983723e-07
300 3.0034128360735846e-07
301 3.123220239986466e-07
302 2.80860432762994e-07
303 2.81382978383428e-07
304 2.380831577975504e-07
305 2.878247355257249e-07
306 3.070791832490334e-07
307 2.7058578279159214e-07
308 2.8653564402807877e-07
309 3.162801255464366e-07
310 3.073511146868332e-07
311 2.819194219966313e-07
312 2.5120931196403586e-07
313 2.9164969272031416e-07
314 2.9807914845228e-07
315 2.9493050878739203e-07
316 2.95016179823297e-07
317 2.8495758762667856e-07
318 3.1136363074145674e-07
319 2.7427719152440563e-07
320 2.770872678563301e-07
321 2.74528188142976e-07
322 2.735224423405075e-07
323 2.825991261400432e-07
324 2.9589127250036994e-07
325 2.807138360388557e-07
326 2.921491520391999e-07
327 2.6333771880925153e-07
328 2.8813341130002866e-07
329 2.913549451097328e-07
330 2.7975245763308684e-07
331 2.8081264956853403e-07
332 3.0857374676443257e-07
333 2.8792503918240994e-07
334 2.498896694560096e-07
335 2.6860479870736626e-07
336 2.6583867079075205e-07
337 2.85841790930579e-07
338 2.955500321514957e-07
339 3.019279505340129e-07
340 2.568458296139135e-07
341 2.6205363747096647e-07
342 2.452928300304148e-07
343 2.832705755319121e-07
344 3.100380593901794e-07
345 2.7607024451254905e-07
346 2.7266414747073625e-07
347 3.058546015152566e-07
348 2.8453492052443873e-07
349 2.9461859982028553e-07
350 2.849003270618252e-07
351 2.575971669480778e-07
352 2.7133888386760205e-07
353 2.8678734678575424e-07
354 3.0769173349375563e-07
355 2.9693651772302995e-07
356 3.0627339114179736e-07
357 2.837427941492467e-07
358 3.217504727311115e-07
359 2.8958728273008134e-07
360 2.8296251673039673e-07
361 2.894365524205877e-07
362 3.014166192605017e-07
363 2.9476583971825173e-07
364 2.5200778790715726e-07
365 2.6679158573257714e-07
366 2.8369783900787246e-07
367 2.863958561853504e-07
368 2.907047779286062e-07
369 2.7299992659985054e-07
370 3.0274772497768686e-07
371 2.626022740485275e-07
372 2.9319346246145196e-07
373 3.080926407821805e-07
374 2.537235444550653e-07
375 3.0993480839224105e-07
376 2.8461380575270444e-07
377 3.12056189802251e-07
378 2.9335148790965797e-07
379 2.8964942341733295e-07
380 2.7214553752131847e-07
381 2.786702440510807e-07
382 3.070213464802263e-07
383 3.124954391906637e-07
384 2.580055072199262e-07
385 3.0258843793215897e-07
386 3.050149044767408e-07
387 3.0152821418287146e-07
388 3.334360249836139e-07
389 2.921521415147041e-07
390 3.1430287245109877e-07
391 2.954717093006268e-07
392 3.0949125979862757e-07
393 2.8645650870174173e-07
394 3.0217098438295554e-07
395 2.9067455145853106e-07
396 2.523176657614345e-07
397 3.1252820261118837e-07
398 2.9535007795018946e-07
399 2.842816946734437e-07
400 2.884091016709809e-07
401 2.8554473207640837e-07
402 3.140005668331287e-07
403 3.067290967052787e-07
404 2.874007618247658e-07
405 2.970419226162414e-07
406 2.7877210297609234e-07
407 2.9218993308739606e-07
408 2.6211920248176517e-07
409 2.9395875920702313e-07
410 2.7576596580256447e-07
411 2.8683473098937544e-07
412 3.0650177350378176e-07
413 3.0053720623394806e-07
414 2.731505344792946e-07
415 2.6715388742504005e-07
416 2.8958196836861155e-07
417 2.8653907183446323e-07
418 3.0556326298359993e-07
419 2.8254845723762934e-07
420 2.827264120659467e-07
421 2.56162184447634e-07
422 2.6495630379928786e-07
423 2.8813294220157537e-07
424 3.0385728971764584e-07
425 2.733490683845735e-07
426 2.920366601105717e-07
427 3.0308529290576623e-07
428 2.793856342312438e-07
429 2.938652281096843e-07
430 2.9487988019110767e-07
431 2.905124388677402e-07
432 2.973104673774145e-07
433 2.8591197401184376e-07
434 2.773334276665071e-07
435 3.0721026085716785e-07
436 3.0987743469077784e-07
437 2.771915843920271e-07
438 3.085467990896196e-07
439 3.183534850277075e-07
440 2.754217109107039e-07
441 2.9067778324954153e-07
442 2.878810396421874e-07
443 2.591965498221363e-07
444 2.968483460927027e-07
445 3.02884425288505e-07
446 3.017021185312242e-07
447 2.8901904768393624e-07
448 3.1633554525101067e-07
449 2.7036390922822825e-07
450 3.024978697443318e-07
451 3.0787809610100455e-07
452 3.681441134651867e-07
453 2.678868912443115e-07
454 2.51345925813814e-07
455 2.7976275900064477e-07
456 2.994922784390982e-07
457 2.8577583651498337e-07
458 2.877363843078741e-07
459 2.9560087514495605e-07
460 2.896886629561854e-07
461 2.9294383700448247e-07
462 2.9794405337126017e-07
463 2.915154117013441e-07
464 2.9234975347492835e-07
465 2.816325236249287e-07
466 2.872699971669935e-07
467 2.8283096968792603e-07
468 2.3627111595037343e-07
469 3.0218470695419664e-07
470 3.236044497119767e-07
471 2.814447432634115e-07
472 2.7403651230558544e-07
473 2.788904970621134e-07
474 2.946179908373366e-07
475 3.062922085605867e-07
476 3.0050444487304353e-07
477 2.9868628793626153e-07
478 2.8440355826211606e-07
479 2.559109459636255e-07
480 2.438107771160082e-07
481 2.8426193080368227e-07
482 2.85163964564921e-07
483 2.6843181157209853e-07
484 2.6835030648515717e-07
485 2.978785809658972e-07
486 3.0532163222920555e-07
487 2.8488712587853707e-07
488 2.687821521539275e-07
489 2.8028827670491466e-07
490 3.116345128024318e-07
491 2.9070022769967103e-07
492 2.7479983704608764e-07
493 3.008047066988328e-07
494 3.3346034746545176e-07
495 3.0094560913348224e-07
496 2.828710750217816e-07
497 2.818254246977815e-07
498 2.9382032146138967e-07
499 2.713068674083545e-07
500 2.809817310148451e-07
501 3.1553601308753076e-07
502 2.8933835544688874e-07
503 2.6180507408747183e-07
504 2.9521315854319834e-07
505 3.1026470931740665e-07
506 2.8617718434485495e-07
507 2.7219782866419927e-07
508 3.0561621862293534e-07
509 3.238322025339638e-07
510 3.053567162617973e-07
511 3.2318707083430335e-07
512 2.859474900574488e-07
513 2.427698497821704e-07
514 3.132870419684881e-07
515 2.938717052063579e-07
516 2.720380920112094e-07
517 2.9266672481362455e-07
518 2.912553051042693e-07
519 2.920405686576858e-07
520 3.3428563031601374e-07
521 2.810574897775335e-07
522 2.835092784613538e-07
523 2.788926689394249e-07
524 2.907916828004474e-07
525 2.808929274016893e-07
526 3.1359258299035324e-07
527 2.8576744512864175e-07
528 2.5774928942026895e-07
529 2.489989516960249e-07
530 2.6699022328952936e-07
531 2.274451389336745e-07
532 2.7671369259741365e-07
533 2.694484988054609e-07
534 2.580182817595067e-07
535 3.131000405637711e-07
536 2.9368230989208094e-07
537 2.7007130756710244e-07
538 2.7791217887264425e-07
539 2.9028168097225685e-07
540 2.861413794739187e-07
541 2.8253077277259704e-07
542 3.042371518084741e-07
543 2.9873137913004666e-07
544 2.891883673443326e-07
545 3.020726076384945e-07
546 2.996222802659613e-07
547 2.8194974983975174e-07
548 2.95168573009435e-07
549 2.986819547032366e-07
550 2.82001870312177e-07
551 2.935959482098373e-07
552 3.000272957241352e-07
553 2.9027665308734854e-07
554 2.760994865393122e-07
555 2.733637287105546e-07
556 2.904488713268092e-07
557 2.7635306790074184e-07
558 3.011327798769993e-07
559 2.727026888865774e-07
560 2.6388713581494215e-07
561 2.7244926017970206e-07
562 3.1401022831349676e-07
563 2.908362046662212e-07
564 2.920692550340192e-07
565 2.900593152481786e-07
566 2.742454385076689e-07
567 2.6715147221432496e-07
568 3.0065913506329145e-07
569 2.642231312813824e-07
570 2.9794127779779715e-07
571 2.518015023942612e-07
572 3.097997176334477e-07
573 2.55942683111656e-07
574 2.9798911992650705e-07
575 2.8149163351609035e-07
576 3.0052172772395484e-07
577 2.825991501264467e-07
578 3.27063666287396e-07
579 2.739483745348955e-07
580 2.815937013594999e-07
581 2.758820096668907e-07
582 2.87034085709124e-07
583 2.682651573056591e-07
584 3.157124137310664e-07
585 2.6212418959959553e-07
586 2.6609444767623543e-07
587 3.021760452807548e-07
588 2.785592406998667e-07
589 2.643713292189669e-07
590 3.0225957716786987e-07
591 2.9706033583404146e-07
592 2.873282624874372e-07
593 3.2360759000909583e-07
594 3.1925560591202823e-07
595 2.7817274669908283e-07
596 3.0765181304047445e-07
597 3.003168838612815e-07
598 2.9258510881323315e-07
599 3.056545234047935e-07
600 2.7815604414622763e-07
601 2.941148283490062e-07
602 2.895498479527199e-07
603 2.760145731427809e-07
604 2.8511057105730707e-07
605 2.863130707508059e-07
606 2.7935358570254004e-07
607 3.049523802048593e-07
608 3.134281313107738e-07
609 2.8071705291413266e-07
610 3.075100361622235e-07
611 2.778422846495336e-07
612 2.570659746571345e-07
613 2.6505380505994706e-07
614 2.8174830021581205e-07
615 2.827169036001737e-07
616 2.879316071257428e-07
617 2.558670693562268e-07
618 3.0311595253483414e-07
619 3.129575937166985e-07
620 3.20157461145146e-07
621 2.526519767103e-07
622 2.8699037891619123e-07
623 3.0461687433256846e-07
624 2.602962228464442e-07
625 3.0963775068622957e-07
626 2.6414040757172657e-07
627 2.9137012789044336e-07
628 2.860838736133907e-07
629 2.7897433945358554e-07
630 3.030658856031639e-07
631 2.91512354997143e-07
632 2.862612724012691e-07
633 2.818407656786921e-07
634 2.7381749588334797e-07
635 2.875607393185754e-07
636 2.606785583315622e-07
637 2.9368125617610167e-07
638 2.402246629397791e-07
639 3.043731452097667e-07
640 2.8415140430262425e-07
641 3.090845468309335e-07
642 2.645624648908911e-07
643 2.8482150986436224e-07
644 2.8413646032948075e-07
645 2.852445533883212e-07
646 2.704257896571255e-07
647 3.177202065368286e-07
648 2.7218828847492226e-07
649 2.886361706678115e-07
650 2.8462221324145505e-07
651 2.728509333859331e-07
652 2.557826574832787e-07
653 2.79883279340009e-07
654 3.106830971211309e-07
655 3.04440369377624e-07
656 2.52788669134368e-07
657 3.038659842827528e-07
658 2.8336596569572147e-07
659 3.011316464620887e-07
660 3.059646036980196e-07
661 3.013388140316821e-07
662 2.946033339239248e-07
663 2.798822861209092e-07
664 2.892757050213221e-07
665 2.972092473886973e-07
666 3.0240609304159655e-07
667 3.0915035991880503e-07
668 2.9256842290634375e-07
669 2.554821202719492e-07
670 2.8483302619096465e-07
671 2.696971616077192e-07
672 2.831638985030874e-07
673 3.007400457093505e-07
674 2.6985788214657646e-07
675 3.08209293263901e-07
676 2.8150882279600546e-07
677 3.1537260125295586e-07
678 3.002898047829499e-07
679 3.0547619730349596e-07
680 2.8650194773939846e-07
681 2.9156062508667454e-07
682 2.9489097488254094e-07
683 2.787507678344506e-07
684 2.9051011167216655e-07
685 2.768713017201725e-07
686 3.1147913888688154e-07
687 2.9643205751636575e-07
688 3.0886123716572106e-07
689 2.998555617884096e-07
690 2.733832305071494e-07
691 2.3771520426546455e-07
692 2.5851901146913494e-07
693 2.902482435437293e-07
694 2.8470432258530713e-07
695 2.7298233127867467e-07
696 3.0643855090170524e-07
697 3.0480790671136444e-07
698 2.8409377668794643e-07
699 2.9028366795012966e-07
700 2.7684108720636693e-07
701 2.9507361952330347e-07
702 2.673657676195503e-07
703 2.894026439207581e-07
704 2.7436208731622226e-07
705 2.9566288702269845e-07
706 2.925103899416879e-07
707 2.6162376741197124e-07
708 2.974061285097638e-07
709 3.152010141313934e-07
710 2.766071449169772e-07
711 3.247483640699805e-07
712 3.2904872895338724e-07
713 3.1050749879483515e-07
714 2.800302483333297e-07
715 2.608001892919727e-07
716 2.9124275434432444e-07
717 2.782260556220808e-07
718 2.494915913126236e-07
719 2.569721743518672e-07
720 2.796132695982833e-07
721 3.0891043134576833e-07
722 2.9414280077180425e-07
723 2.63855774982215e-07
724 2.6608619147216e-07
725 2.7771016198305365e-07
726 3.0161910760916223e-07
727 2.812110912478291e-07
728 2.953355402192475e-07
729 3.5837325668438907e-07
730 2.610894823841046e-07
731 3.0730280603361664e-07
732 3.1564939473471105e-07
733 2.9123470694526216e-07
734 3.0932473727405375e-07
735 2.935965807081668e-07
736 2.9820878373612537e-07
737 2.867691235992408e-07
738 2.934592786128616e-07
739 2.8339338802684963e-07
740 2.8737223723874743e-07
741 2.866926694818003e-07
742 2.8382081473183196e-07
743 2.740187204678361e-07
744 2.8758025401144845e-07
745 2.867094534984536e-07
746 2.750221781621267e-07
747 2.7565714926236735e-07
748 2.3188722546972023e-07
749 2.8928064898357887e-07
750 3.0002553874639657e-07
751 2.6502202940197317e-07
752 2.685652703197584e-07
753 3.0585229539040947e-07
754 3.089741799618453e-07
755 2.7547282674303376e-07
756 2.6303957108544216e-07
757 3.0993685746227216e-07
758 2.6388065151230547e-07
759 3.1419757023718195e-07
760 2.7494251253481714e-07
761 2.9680813785708367e-07
762 2.9751702110482803e-07
763 2.574594704422693e-07
764 2.78017766106558e-07
765 3.078434876666564e-07
766 2.9515937403459246e-07
767 2.808483369523895e-07
768 3.2064721029818995e-07
769 3.2008695327826627e-07
770 2.600975927016734e-07
771 2.8844762437490687e-07
772 3.0704297003293947e-07
773 2.765249635471909e-07
774 2.911137403335106e-07
775 2.6909860556473943e-07
776 2.7894786953837175e-07
777 3.444432788980065e-07
778 3.0545094991247416e-07
779 2.911833166830574e-07
780 3.06398064624509e-07
781 3.118341340386725e-07
782 2.6673749511609194e-07
783 2.6009521488179196e-07
784 2.9066390672975437e-07
785 2.7657409344427965e-07
786 2.6604945459516326e-07
787 2.594749719215381e-07
788 3.3144459077504545e-07
789 3.0516416458422703e-07
790 2.928740132852953e-07
791 2.6290276393271453e-07
792 3.2161965547937074e-07
793 3.079133905993138e-07
794 2.673030828506601e-07
795 3.204850421989886e-07
796 2.6056535493326227e-07
797 2.5854586924303386e-07
798 2.506070081723567e-07
799 2.966051811019912e-07
800 3.2223720894055337e-07
801 2.8284019376458945e-07
802 2.933358070725183e-07
803 2.6885754829902046e-07
804 3.1270887346630025e-07
805 2.9175552659369644e-07
806 2.9242425847733267e-07
807 2.777460980276833e-07
808 2.763228548381057e-07
809 3.164911633231017e-07
810 2.6215934341949223e-07
811 2.921816245036533e-07
812 2.9937539934853035e-07
813 2.651886419340008e-07
814 3.321883535138254e-07
815 2.871372045032883e-07
816 2.812038876072763e-07
817 2.9404642653771893e-07
818 2.806634443527194e-07
819 3.0547688591435273e-07
820 2.912566933381148e-07
821 3.177774878405295e-07
822 3.0836943183486553e-07
823 2.637914554837013e-07
824 3.106561058501511e-07
825 3.216382535723698e-07
826 2.760725898682143e-07
827 2.714331127092193e-07
828 2.6262067786219195e-07
829 2.989321626589733e-07
830 3.0017181294945546e-07
831 3.0666435372316315e-07
832 2.959149714704396e-07
833 3.1660928609185414e-07
834 3.3659112859614056e-07
835 2.624555909225274e-07
836 3.184470919330153e-07
837 2.4049791481219254e-07
838 2.620352439118901e-07
839 3.224856867429327e-07
840 3.0647156949033503e-07
841 2.862867542353013e-07
842 3.0236550874941895e-07
843 2.7845456463832683e-07
844 2.931901644415208e-07
845 3.234091611875381e-07
846 2.9132525823752684e-07
847 3.216367926327801e-07
848 2.8477531526114104e-07
849 2.8620312219589776e-07
850 3.1499680859133833e-07
851 2.697638684534831e-07
852 2.9127501903744593e-07
853 2.8366541182947176e-07
854 2.839550829256505e-07
855 2.973828422615482e-07
856 3.016187790827617e-07
857 2.9760238488635813e-07
858 2.689277431906746e-07
859 2.8375872054673357e-07
860 2.9472701100997503e-07
861 2.9770040803194545e-07
862 3.0875892837682457e-07
863 2.8373317699782296e-07
864 2.8603961784436127e-07
865 2.806009577735249e-07
866 3.013406985988477e-07
867 2.4190412199870233e-07
868 2.9828888196461867e-07
869 2.9675773540644977e-07
870 2.6515046631647534e-07
871 2.670770367356035e-07
872 2.970680396347095e-07
873 2.9456955182241365e-07
874 2.771959620420904e-07
875 3.0576876788294703e-07
876 2.7701843071183076e-07
877 2.6962704741040445e-07
878 2.5273522033119385e-07
879 2.8089107461850727e-07
880 2.975639097062847e-07
881 2.843157253631232e-07
882 2.881246551606818e-07
883 2.984542863426946e-07
884 3.1478767871324533e-07
885 3.291080005477529e-07
886 2.998893634691594e-07
887 2.7534940807063197e-07
888 2.7858035040673256e-07
889 2.4760577380365453e-07
890 2.7409913081771594e-07
891 3.0625089250486937e-07
892 2.720669520727019e-07
893 2.6890436144619903e-07
894 2.9594389590430046e-07
895 2.9984482420525106e-07
896 2.795564757595491e-07
897 3.0139192843950965e-07
898 2.877757367852015e-07
899 3.3536294484184036e-07
900 2.8804097125345275e-07
901 2.6817624182867386e-07
902 2.896086449958505e-07
903 2.7932592754033327e-07
904 2.8516434235556836e-07
905 3.2757053406228725e-07
906 2.94585138314618e-07
907 2.8722875242172223e-07
908 2.4447486552474034e-07
909 2.8917310126166607e-07
910 2.722918994736511e-07
911 3.0993839116645507e-07
912 3.1440799465383023e-07
913 2.809164968437417e-07
914 2.908348876668276e-07
915 3.018314031235376e-07
916 2.8125585479531175e-07
917 2.674303318304038e-07
918 2.848773454359303e-07
919 3.125463439522129e-07
920 2.981458470331595e-07
921 3.122022902572776e-07
922 3.3665543600816213e-07
923 2.8959194673351683e-07
924 2.8568015307342444e-07
925 2.977492888703517e-07
926 2.948354374619968e-07
927 2.712160705759494e-07
928 2.4779539581773186e-07
929 3.070717246140473e-07
930 2.7408359706450775e-07
931 2.816639425315265e-07
932 2.7692656643241415e-07
933 3.0764815385778206e-07
934 3.005070014583277e-07
935 2.7841457761942836e-07
936 2.8920160424983387e-07
937 3.101683814028125e-07
938 3.0202505266822727e-07
939 2.773017839873824e-07
940 2.7697177711563886e-07
941 2.85543293882834e-07
942 2.6741169287092746e-07
943 2.611373525701642e-07
944 2.7724724639604004e-07
945 2.8035386121851906e-07
946 2.7076838365624835e-07
947 2.9010513487978403e-07
948 2.7994569429168857e-07
949 2.995410167247323e-07
950 2.9448043439803964e-07
951 2.89817008846139e-07
952 2.9366187815789497e-07
953 2.516652995638662e-07
954 2.8412731234896946e-07
955 3.037192080539481e-07
956 3.30953573620244e-07
957 3.124762267520354e-07
958 2.8931831281901756e-07
959 2.9230133292593423e-07
960 3.1866836742905997e-07
961 2.894080086492566e-07
962 2.845007224950663e-07
963 2.931673402620779e-07
964 2.9176266040507474e-07
965 2.564820007741165e-07
966 2.8607027759510906e-07
967 2.836911801971578e-07
968 2.4799284039134014e-07
969 2.979003056374459e-07
970 2.696134293300241e-07
971 2.6985755032330005e-07
972 2.8259790989850644e-07
973 2.691745705772857e-07
974 2.858378813399775e-07
975 2.664176610565392e-07
976 3.007707755708596e-07
977 2.7817735206421494e-07
978 3.0244432583296004e-07
979 3.167432617430669e-07
980 3.07694638176578e-07
981 2.637589705854468e-07
982 2.509609353811099e-07
983 2.9272973846368326e-07
984 2.5883509470176515e-07
985 2.630434495893419e-07
986 2.832176844952549e-07
987 2.8153760859155894e-07
988 2.962059420704794e-07
989 2.866597557871448e-07
990 3.034259683204057e-07
991 3.014888359786467e-07
992 3.014996820019683e-07
993 2.5926295913981983e-07
994 2.821230610288015e-07
995 2.814758748037791e-07
996 2.895220289483917e-07
997 2.82814070427423e-07
998 3.0135792174654813e-07
999 2.4725818622444376e-07
