0 3.515744418058606e-07
1 2.873004374571645e-07
2 3.5739217923295107e-07
3 2.7003870418018843e-07
4 3.3896666741824327e-07
5 4.2374668979430417e-07
6 4.336116589833103e-07
7 3.612566717299131e-07
8 2.6816925298922335e-07
9 3.894075702283304e-07
10 3.456030402436699e-07
11 3.4907139047734685e-07
12 4.1495313638144947e-07
13 3.757202204199309e-07
14 3.132568070424204e-07
15 4.158042284416588e-07
16 2.3717302585009213e-07
17 3.813001424314616e-07
18 2.883148954324996e-07
19 2.782164472820329e-07
20 3.2835776883772735e-07
21 3.209826973642394e-07
22 3.3672355413061925e-07
23 3.061255697734136e-07
24 3.229534394816461e-07
25 3.243818461727474e-07
26 3.8599012651234626e-07
27 3.0258902020891364e-07
28 2.8474632100572547e-07
29 2.83868436616411e-07
30 2.6848893817053315e-07
31 3.185715252683278e-07
32 2.757045548016315e-07
33 2.4334873673941666e-07
34 3.753882261673296e-07
35 3.041346338971726e-07
36 2.0529281704452956e-07
37 4.11073316921692e-07
38 2.935214559180483e-07
39 3.3648167916993986e-07
40 3.8896983225260475e-07
41 2.7391857181290097e-07
42 3.4421842358365207e-07
43 3.0168802476689747e-07
44 2.8727943417525183e-07
45 3.409466657840484e-07
46 3.60177818416278e-07
47 3.7470347475897243e-07
48 2.8937357582531783e-07
49 2.0120091300702127e-07
50 3.1740599167350676e-07
51 3.0538201538815047e-07
52 2.705513674118684e-07
53 3.246267762907792e-07
54 3.727421661564409e-07
55 2.7571355043814154e-07
56 3.13404972860814e-07
57 3.5019623640324947e-07
58 3.1467771544476554e-07
59 3.308856075973375e-07
60 2.9139859021107627e-07
61 3.3580869179994634e-07
62 3.7298545811561613e-07
63 2.796099341603955e-07
64 3.877082138509127e-07
65 1.8508798278563374e-07
66 3.9276148502088033e-07
67 3.2575844275394364e-07
68 3.9370432843226957e-07
69 3.726231770694435e-07
70 3.28668925354007e-07
71 3.686591934413105e-07
72 3.268118178910023e-07
73 2.716029542599165e-07
74 3.2300850642828613e-07
75 3.214165442872967e-07
76 4.018028651615949e-07
77 3.0266954016930417e-07
78 3.3736209514604254e-07
79 3.1237723034094755e-07
80 3.232264283102766e-07
81 2.84532765381145e-07
82 3.027813436718915e-07
83 3.382385838714345e-07
84 3.943102895023997e-07
85 3.004339260604852e-07
86 2.9685584639556237e-07
87 3.315940595053646e-07
88 2.925007235636965e-07
89 3.284584315612244e-07
90 2.65691012872028e-07
91 3.6510232181285195e-07
92 2.7062819131407954e-07
93 2.742353645384259e-07
94 3.4428481060481216e-07
95 2.2832580540025751e-07
96 2.9064435696314585e-07
97 3.061348960694292e-07
98 3.5077229328705435e-07
99 3.596823883764376e-07
100 2.6452409363281986e-07
101 3.340176717610345e-07
102 2.8789761275061275e-07
103 3.0005973212547404e-07
104 2.800228732961069e-07
105 3.049891174725685e-07
106 2.9584950422033184e-07
107 3.493348703699438e-07
108 3.784941147936741e-07
109 3.6458630194089435e-07
110 3.4267431407857524e-07
111 3.2930392547647733e-07
112 2.8779583593033033e-07
113 2.6563013983145263e-07
114 3.3297021564312976e-07
115 2.8604851441870163e-07
116 4.0197547072060606e-07
117 3.24967292575993e-07
118 4.1880289657038906e-07
119 3.324199063441606e-07
120 3.748465127190099e-07
121 2.888651176989878e-07
122 3.280301324776024e-07
123 3.0910982536662883e-07
124 2.922841346404953e-07
125 3.6739128361643453e-07
126 2.9343212285771247e-07
127 3.3390071327487335e-07
128 3.2642206807100234e-07
129 3.7890976133791583e-07
130 3.324129106861503e-07
131 3.2870583861286045e-07
132 3.106107055312727e-07
133 3.689596919641793e-07
134 2.543210847503802e-07
135 3.4828896650153987e-07
136 3.3474360365730994e-07
137 2.5363202838746773e-07
138 4.553992515404143e-07
139 4.1548830903673966e-07
140 3.4885951508117646e-07
141 3.19971128600312e-07
142 2.408586677022593e-07
143 2.867628561781679e-07
144 4.1356993869054065e-07
145 2.4712828858165255e-07
146 3.2270779355301494e-07
147 4.1713737501266007e-07
148 2.644001403101547e-07
149 3.275128387662026e-07
150 2.6908565380859707e-07
151 4.261545669126301e-07
152 3.038649455871523e-07
153 2.961999629497941e-07
154 2.390320334314934e-07
155 4.4999487214517865e-07
156 2.7160189215240225e-07
157 3.117235009289485e-07
158 2.847868296159178e-07
159 3.2817717587682425e-07
160 4.0660179089909835e-07
161 3.7243456322456976e-07
162 3.453763204958585e-07
163 3.1986614424968187e-07
164 3.4668973604380196e-07
165 3.014904556269665e-07
166 2.737993818272408e-07
167 2.9516986127302084e-07
168 3.9653728583838064e-07
169 3.225995960991852e-07
170 2.849608745654787e-07
171 4.066446299826489e-07
172 3.431917654556798e-07
173 3.8150908474030086e-07
174 3.060334575977219e-07
175 3.146971873110352e-07
176 3.6593441818574917e-07
177 3.167158640840784e-07
178 3.659704527061681e-07
179 3.1548614296123137e-07
180 2.7154062071512613e-07
181 2.8820777924539614e-07
182 2.610484215249629e-07
183 3.4672170238384553e-07
184 3.1148623386239795e-07
185 2.656079036743416e-07
186 3.3480476184227005e-07
187 3.0838907917582463e-07
188 3.3816188404863844e-07
189 3.459160191082051e-07
190 2.699320772874797e-07
191 2.976629210273925e-07
192 3.3586949654634544e-07
193 3.3946209609439746e-07
194 2.46844990792755e-07
195 2.661470428405164e-07
196 4.027846190008984e-07
197 2.9197449756865556e-07
198 3.9121277577702666e-07
199 3.9457513261900517e-07
200 4.1283671993193253e-07
201 3.6649796328609854e-07
202 4.305412765045281e-07
203 3.5863797759441263e-07
204 3.0630443852540955e-07
205 3.4005085006752175e-07
206 3.1392131076855877e-07
207 3.229257679918244e-07
208 3.4336709946598527e-07
209 3.7559799972441635e-07
210 3.559635152233794e-07
211 3.3274461479858246e-07
212 2.9124987834385456e-07
213 3.572630689086996e-07
214 3.32552212043808e-07
215 3.1131127663944044e-07
216 2.855267617841802e-07
217 4.0901668560673064e-07
218 3.644940473309971e-07
219 2.9366342108794734e-07
220 3.4992405467571316e-07
221 2.7943916395501086e-07
222 3.6394713629540154e-07
223 3.4689734633512284e-07
224 3.2103280502689856e-07
225 1.9094836213302071e-07
226 2.98528287837942e-07
227 3.873065144119826e-07
228 2.9333475945597954e-07
229 2.816532385523031e-07
230 3.8308050370066167e-07
231 4.023308022883929e-07
232 3.079311766495387e-07
233 4.032676838754015e-07
234 3.962409407227593e-07
235 2.432861673358206e-07
236 3.7004312352975113e-07
237 2.6862696239075703e-07
238 2.5326293355712446e-07
239 4.0822009899199403e-07
240 3.0584344039044897e-07
241 3.8407694224006545e-07
242 2.9077863891925595e-07
243 3.7453538527887364e-07
244 2.1877675123327687e-07
245 3.2238514623487634e-07
246 3.228312802148186e-07
247 2.139945409579266e-07
248 3.6772283920687344e-07
249 3.1604346009692473e-07
250 3.5538556721091445e-07
251 2.712845273039137e-07
252 2.924272071534563e-07
253 3.148224000220537e-07
254 4.3498624313739534e-07
255 2.597500353752087e-07
256 3.0211596610150725e-07
257 2.6819815483246123e-07
258 3.068871669929402e-07
259 2.836000814978875e-07
260 2.634122543477682e-07
261 2.9112343564053817e-07
262 3.831688788058531e-07
263 3.590765173216706e-07
264 2.463020480959916e-07
265 3.15823690921747e-07
266 2.1912236880653954e-07
267 2.4061159585393187e-07
268 3.9031324456787383e-07
269 4.081725507266305e-07
270 2.5663368820309566e-07
271 2.795496444879388e-07
272 3.179475711022771e-07
273 3.771785160334416e-07
274 2.899828823677717e-07
275 3.2957063405396836e-07
276 3.515475943721552e-07
277 3.735404433143517e-07
278 3.563142574394791e-07
279 2.382461136738397e-07
280 3.3457786859477914e-07
281 3.086458197479654e-07
282 3.424747952308253e-07
283 3.6264699775277787e-07
284 2.4957374232774447e-07
285 3.160489379510231e-07
286 4.079725492191175e-07
287 3.5229460839168685e-07
288 3.2716622302833584e-07
289 3.397168187138406e-07
290 3.560638240612891e-07
291 2.670344793369935e-07
292 3.118272538794893e-07
293 2.8128163131721344e-07
294 3.6500653879629747e-07
295 2.93968804565673e-07
296 3.4535387979137785e-07
297 3.6043473764877365e-07
298 3.55496605411754e-07
299 2.9581269556309843e-07
300 3.5556286992134364e-07
301 3.1314963865642505e-07
302 3.393161785573916e-07
303 3.8194749687487627e-07
304 2.4235284885889983e-07
305 2.968308193670507e-07
306 2.3395242361961837e-07
307 3.310575244938137e-07
308 3.0763584744708997e-07
309 3.200137392296628e-07
310 4.146876183151928e-07
311 3.5633609399743126e-07
312 3.7137769481159805e-07
313 3.012083071651506e-07
314 2.865073022688745e-07
315 4.205833230994621e-07
316 3.0377032086139764e-07
317 3.3112609385615834e-07
318 3.401040619379099e-07
319 3.3626142774756905e-07
320 2.8094144069616575e-07
321 3.38456401246376e-07
322 2.3591292702548323e-07
323 2.992511878376315e-07
324 2.9202692772001064e-07
325 3.625482557718866e-07
326 2.9774307960979227e-07
327 2.365597408888275e-07
328 3.334716116614497e-07
329 2.40986835408078e-07
330 2.9678987926761216e-07
331 2.8035709296678116e-07
332 3.867497503792177e-07
333 2.532482861383232e-07
334 2.6720780720538697e-07
335 2.8649114478476617e-07
336 2.464157701231409e-07
337 3.354534448104867e-07
338 3.153265905376765e-07
339 3.377291359529136e-07
340 1.8693082488187514e-07
341 2.8601994651248276e-07
342 2.7167167130844485e-07
343 3.207254722202514e-07
344 3.5016035864818003e-07
345 3.021194531769991e-07
346 3.030231745185446e-07
347 3.2022444448300685e-07
348 3.5606928360814533e-07
349 3.659753783377259e-07
350 3.6175989379563034e-07
351 2.871349916495785e-07
352 2.1992818329111579e-07
353 2.992911025207636e-07
354 2.6486617335211996e-07
355 4.183500730277087e-07
356 4.598182085327189e-07
357 3.431074113902077e-07
358 4.054797173145453e-07
359 3.154884026075242e-07
360 3.8247346855467597e-07
361 3.375629180658719e-07
362 3.271863846470484e-07
363 3.5180904788094064e-07
364 3.6527288513683507e-07
365 3.303306276262404e-07
366 3.5477868760551543e-07
367 3.6461177673634196e-07
368 3.8708425350396816e-07
369 2.7347782684622894e-07
370 2.8647358856631314e-07
371 3.5216118583832313e-07
372 3.2646965217211666e-07
373 3.7489790074185105e-07
374 2.8845603778587373e-07
375 3.4719923856195546e-07
376 2.7334167394698296e-07
377 4.068640597571449e-07
378 3.1983448932006305e-07
379 2.947406884986633e-07
380 3.596094329667047e-07
381 2.472420334810529e-07
382 3.37704678535903e-07
383 3.06576322697954e-07
384 2.1518413247556207e-07
385 3.706538624887232e-07
386 2.951394030283418e-07
387 2.867140740938936e-07
388 3.9613341513759276e-07
389 1.6802727550364472e-07
390 4.188965449355401e-07
391 3.6922343752736805e-07
392 3.072171615278354e-07
393 2.560508310967107e-07
394 2.8477077458129047e-07
395 3.699898344266546e-07
396 4.0057705112783633e-07
397 3.039248326519673e-07
398 3.597629116199084e-07
399 2.5359602997380645e-07
400 3.449792359650847e-07
401 3.4610295205836266e-07
402 3.30943663908376e-07
403 3.5132207321652015e-07
404 2.6768131137446714e-07
405 3.4369713065866685e-07
406 2.9700440077252756e-07
407 2.798970315572564e-07
408 2.0652144264978517e-07
409 3.925348557949336e-07
410 2.2756114775206508e-07
411 2.872649472022177e-07
412 2.581102868796609e-07
413 3.8737685582269493e-07
414 2.646160845213436e-07
415 4.127638980723464e-07
416 3.4701656135644037e-07
417 3.281169557497044e-07
418 3.1148008555823105e-07
419 3.9653677096879215e-07
420 4.0193248550591035e-07
421 2.9309055680404226e-07
422 3.0209817697454956e-07
423 2.715181100085054e-07
424 3.198926353910879e-07
425 3.0871750176616164e-07
426 2.749878205606899e-07
427 4.1389436369245786e-07
428 2.7969180716296017e-07
429 3.4368141354184e-07
430 3.228314203023649e-07
431 2.881865525513511e-07
432 3.720106225760963e-07
433 3.011595935544611e-07
434 3.2073930800805293e-07
435 3.712481041340642e-07
436 2.859588741560684e-07
437 3.444847041292933e-07
438 2.8590923918586845e-07
439 4.132930283340239e-07
440 3.357454677490312e-07
441 2.941258753321807e-07
442 2.971431951568695e-07
443 3.4121836140818334e-07
444 3.0031414119395716e-07
445 3.8935156128660495e-07
446 3.3707465694710284e-07
447 3.0841299543208046e-07
448 3.9959797256587524e-07
449 3.2195906399346964e-07
450 4.0446523252031205e-07
451 3.100111869055619e-07
452 3.8763444115495727e-07
453 3.616401492287782e-07
454 3.261947014771192e-07
455 3.5005930968009586e-07
456 3.412576164760951e-07
457 3.0106104289714807e-07
458 3.054434133411442e-07
459 3.0887159528754916e-07
460 3.696439917222543e-07
461 3.3674776936234174e-07
462 3.5767311047029276e-07
463 2.850341939748677e-07
464 3.1658866833796185e-07
465 3.4444771933120844e-07
466 3.353515287187085e-07
467 3.1487043599607734e-07
468 2.8892840184169225e-07
469 2.6238772265514113e-07
470 3.0518187573316383e-07
471 3.303509346073473e-07
472 3.1868732385294337e-07
473 3.7976219327801275e-07
474 2.434047942007175e-07
475 3.044592753830058e-07
476 3.1481346427920717e-07
477 2.7939409804781263e-07
478 3.0470763953495366e-07
479 3.239316852230582e-07
480 3.033497770202877e-07
481 3.399230472504871e-07
482 4.1259898909647114e-07
483 2.7361732379818304e-07
484 4.256525438189434e-07
485 3.3273559310874066e-07
486 3.348130420486734e-07
487 3.149916977823865e-07
488 3.757820575840867e-07
489 2.997118561375922e-07
490 3.3188934486131444e-07
491 3.4325986297853766e-07
492 2.7899916233975643e-07
493 3.38220595883287e-07
494 3.627674008004127e-07
495 3.8987832503849697e-07
496 3.6333982079101485e-07
497 1.9964540107795568e-07
498 2.770006095835508e-07
499 2.89912799935906e-07
500 2.6777399040949574e-07
501 3.2630604942012054e-07
502 2.803535480039149e-07
503 2.7617090633520833e-07
504 2.916147283607104e-07
505 3.6772753317607467e-07
506 4.141162459739138e-07
507 3.0254971209656057e-07
508 3.889595929665994e-07
509 3.585545579506013e-07
510 3.4575197420375663e-07
511 2.6741496476890595e-07
512 3.698524117120931e-07
513 2.985811160582331e-07
514 3.4145664058514834e-07
515 3.0010108641915676e-07
516 3.272780543233049e-07
517 3.02304207690641e-07
518 2.764802988905501e-07
519 3.033901529572934e-07
520 3.319673479302282e-07
521 3.1992664508923083e-07
522 3.89384361964811e-07
523 2.907418177704164e-07
524 2.1419412431577795e-07
525 2.727168172112185e-07
526 4.101662786475038e-07
527 3.546711869735791e-07
528 2.9965598697153734e-07
529 3.3131787302296337e-07
530 3.304609632052111e-07
531 2.2361100066372885e-07
532 2.4395543695144096e-07
533 3.3600259464211e-07
534 2.9255628119535606e-07
535 2.8528586607647804e-07
536 3.517092367106188e-07
537 3.454442012367626e-07
538 2.833312617226533e-07
539 2.608128111529723e-07
540 3.449261369446329e-07
541 2.292767893513811e-07
542 3.174357760179374e-07
543 2.8569613790249983e-07
544 2.519206020129157e-07
545 2.726082458958741e-07
546 3.137183742205028e-07
547 3.486447132794018e-07
548 3.4559797918414824e-07
549 3.78329508324015e-07
550 3.5888623910698425e-07
551 3.233641329889132e-07
552 3.4052221260081223e-07
553 2.6273724462437995e-07
554 2.88064754691114e-07
555 2.658446045267678e-07
556 2.604820732808209e-07
557 2.763874661803342e-07
558 3.224771732286329e-07
559 3.0812749870249484e-07
560 2.5632988294155025e-07
561 2.9945505692249693e-07
562 3.9692635258670854e-07
563 2.726907735684322e-07
564 2.993350665469755e-07
565 3.4808075797883326e-07
566 3.4863384812415184e-07
567 3.3047619017849406e-07
568 4.070307828912625e-07
569 3.016236991599567e-07
570 4.245677428520438e-07
571 2.895516876629851e-07
572 3.0722960836640627e-07
573 2.5214784093585175e-07
574 2.685969385683294e-07
575 3.553133035130065e-07
576 3.1089956019353877e-07
577 3.7381249981777685e-07
578 3.115414181773587e-07
579 3.2775013637961324e-07
580 3.461428047355264e-07
581 2.493326781985976e-07
582 2.796618947100625e-07
583 3.8758104699295403e-07
584 3.0315994241859296e-07
585 2.287700764307664e-07
586 4.354138584501198e-07
587 2.881944381696369e-07
588 3.370288090549766e-07
589 3.290607993573069e-07
590 3.2912825675663734e-07
591 4.000280708433307e-07
592 3.289189180847491e-07
593 3.810342384334687e-07
594 3.159315828901738e-07
595 3.713133914913655e-07
596 3.315827765899874e-07
597 3.5181987724524056e-07
598 3.3106737162791675e-07
599 3.3968607760441826e-07
600 3.0940991358631453e-07
601 3.9473657924667694e-07
602 3.115334003561565e-07
603 2.993955490001786e-07
604 2.913771649298427e-07
605 3.23534364376923e-07
606 2.2711082534976198e-07
607 2.631766552918629e-07
608 3.7164118718725265e-07
609 3.196834939210466e-07
610 3.79359914061458e-07
611 3.636466211300663e-07
612 3.632088887620432e-07
613 2.7884748143755473e-07
614 3.67222955686847e-07
615 2.83506228679117e-07
616 2.9503478801775065e-07
617 3.249364658939127e-07
618 2.0076502060751133e-07
619 3.533058642248547e-07
620 4.2834995096353944e-07
621 2.7289959081007437e-07
622 3.827900249091454e-07
623 4.1436037283566173e-07
624 2.8163055730905423e-07
625 3.5590736154222536e-07
626 2.2876468247312882e-07
627 3.639934905506918e-07
628 3.467324113738331e-07
629 1.9758269062941186e-07
630 3.150089482831621e-07
631 3.502768588329215e-07
632 2.818659627716731e-07
633 2.930021761189058e-07
634 3.0678948460756555e-07
635 2.940881547543975e-07
636 2.875203078652512e-07
637 3.171789509951603e-07
638 2.441499765652049e-07
639 3.0002334983031975e-07
640 4.1123217765992e-07
641 2.738037408078646e-07
642 2.739115038215001e-07
643 2.8343772271014554e-07
644 2.9514415806336815e-07
645 3.1360801083125695e-07
646 3.333426923043531e-07
647 3.2528018860157916e-07
648 3.2681109759629384e-07
649 2.445886644622779e-07
650 3.44987770525794e-07
651 2.716513046543404e-07
652 2.611257625304039e-07
653 2.771587604432206e-07
654 3.805047822607555e-07
655 2.983167511137623e-07
656 2.3559372556365606e-07
657 3.0153964498968427e-07
658 3.6713738111496965e-07
659 3.8470319324968036e-07
660 4.007090082501267e-07
661 3.5978134131247713e-07
662 2.952957833093927e-07
663 2.922527650292061e-07
664 3.4205233408688405e-07
665 3.506847881964639e-07
666 3.3729550149866595e-07
667 3.0043213071065095e-07
668 3.407908046886437e-07
669 3.0986251270889474e-07
670 2.6848183607962694e-07
671 2.6175491344558105e-07
672 3.3239925325121804e-07
673 3.277514592331461e-07
674 2.680150335645355e-07
675 3.5559168291481584e-07
676 2.7996842072604114e-07
677 3.7087055677914245e-07
678 2.7888971072131413e-07
679 3.098594455056435e-07
680 2.4234781321351573e-07
681 3.309553459490073e-07
682 3.2184920682859083e-07
683 3.745416003957139e-07
684 4.0485469208103776e-07
685 2.882528080810464e-07
686 3.386654812426074e-07
687 3.1485763648289915e-07
688 2.7594600700145663e-07
689 3.751101885910997e-07
690 2.3402962641044178e-07
691 2.412221327730882e-07
692 2.427059724449487e-07
693 3.6482249333183384e-07
694 3.0655159543488786e-07
695 4.095236528928015e-07
696 3.706932359557039e-07
697 3.368715400211829e-07
698 4.008017569836706e-07
699 3.7378676614141594e-07
700 3.132554177455278e-07
701 3.1757623391897824e-07
702 3.294794311480153e-07
703 3.00573602140367e-07
704 2.8592049075420707e-07
705 3.622397529745094e-07
706 2.646110835792376e-07
707 2.9158201452980357e-07
708 3.2021880200434103e-07
709 3.082483986696516e-07
710 2.8862913761504275e-07
711 2.9493409068617204e-07
712 3.8759667336892727e-07
713 2.1962134099936975e-07
714 3.250866645188064e-07
715 3.2363976768692377e-07
716 4.030050276762922e-07
717 2.712717927667429e-07
718 2.0270359373033004e-07
719 2.654693378449041e-07
720 2.609675834849723e-07
721 4.3885279153095763e-07
722 3.167389976977637e-07
723 3.181190554612681e-07
724 3.145174592079745e-07
725 3.864904742701482e-07
726 2.809205791525291e-07
727 2.635088469221041e-07
728 3.071391805727314e-07
729 3.896111828772967e-07
730 2.575997498024417e-07
731 3.612619980060007e-07
732 3.448786897094691e-07
733 3.3129611019821437e-07
734 3.794447018871293e-07
735 3.4270303039576264e-07
736 3.5855190544535147e-07
737 2.164133263282615e-07
738 3.468531277651001e-07
739 3.2121490360011167e-07
740 2.946428253698048e-07
741 3.4805854873416113e-07
742 3.6543861729025477e-07
743 2.189992401073875e-07
744 3.3565983548525434e-07
745 2.9883231660192117e-07
746 3.9071097752275743e-07
747 3.1950115923303967e-07
748 2.7034744053443307e-07
749 3.689134325759201e-07
750 3.11604528292494e-07
751 2.2319376072521601e-07
752 3.4425092070235933e-07
753 3.484021379042655e-07
754 3.4102408184662314e-07
755 3.1588395628114807e-07
756 2.6827284509653783e-07
757 3.7605086039104666e-07
758 3.667773765030467e-07
759 3.6917136642486563e-07
760 2.798114568082309e-07
761 3.8838098584991314e-07
762 3.109400691021494e-07
763 3.012524354708128e-07
764 3.5005183308417127e-07
765 2.8793055946986413e-07
766 2.9004007479568245e-07
767 3.7423824207333497e-07
768 3.822440182154344e-07
769 4.289511813733579e-07
770 3.02814979511903e-07
771 4.6981147973227503e-07
772 3.7632661485818856e-07
773 2.635049606375917e-07
774 3.2464960863693335e-07
775 3.871986778075346e-07
776 2.938537850423508e-07
777 3.663379600290583e-07
778 3.44794122344638e-07
779 4.247992502370765e-07
780 3.1469565363981035e-07
781 4.215991538137601e-07
782 2.8891397518960285e-07
783 2.7611888058682715e-07
784 3.10967796743732e-07
785 2.5771287435546886e-07
786 3.0652502744613886e-07
787 3.006415967751481e-07
788 4.6044714770918823e-07
789 2.968036054874925e-07
790 3.4422995675301695e-07
791 2.2816660079513716e-07
792 3.442061340600997e-07
793 4.010445865069419e-07
794 3.203267204203744e-07
795 3.632832195310246e-07
796 2.867429953180671e-07
797 3.774454028743502e-07
798 3.3674111020858227e-07
799 2.9824368542790435e-07
800 3.9810690059404283e-07
801 2.8383002875687266e-07
802 3.8579076975802593e-07
803 3.5089672485162013e-07
804 3.4773219849652953e-07
805 3.530245114394567e-07
806 2.8358151482477386e-07
807 3.2525192765536647e-07
808 3.848221994623556e-07
809 3.1253842651562715e-07
810 1.7927741457793396e-07
811 4.158156607419998e-07
812 3.1561046710076686e-07
813 3.306912586223704e-07
814 3.951513882633783e-07
815 3.5134026143690856e-07
816 3.2459917220970704e-07
817 2.9695720837506017e-07
818 3.2249875259350366e-07
819 2.3720951255510836e-07
820 1.9529842060058066e-07
821 3.9314122680067815e-07
822 4.226135286225448e-07
823 2.458515081892004e-07
824 3.8107366740264164e-07
825 2.771143452633109e-07
826 2.935101761625644e-07
827 3.485826154438705e-07
828 2.989147958156117e-07
829 3.5735565415357954e-07
830 4.13248167633024e-07
831 3.355698425041265e-07
832 3.112129405762408e-07
833 2.954972938252976e-07
834 3.270780385846961e-07
835 3.1494055988303873e-07
836 3.3634625968229303e-07
837 3.9226550757192613e-07
838 3.741986462790722e-07
839 4.01501471118184e-07
840 3.6786728556811227e-07
841 3.048810779637095e-07
842 3.8667025212240396e-07
843 2.701841312886906e-07
844 3.236299700527366e-07
845 3.14346616816786e-07
846 2.9877122196430826e-07
847 3.94436697813488e-07
848 4.5114375616870405e-07
849 3.3505288675745134e-07
850 2.599996480580086e-07
851 3.8125049388279594e-07
852 3.6755459842507325e-07
853 2.8183789043539633e-07
854 3.1044287710987725e-07
855 2.928051316221385e-07
856 3.3170831746185724e-07
857 3.867315748110489e-07
858 3.4324253139218104e-07
859 2.8177462859271545e-07
860 3.281037784150757e-07
861 3.373688879839695e-07
862 3.677925874063607e-07
863 2.4988631766246193e-07
864 2.655681782889123e-07
865 2.566044984659265e-07
866 4.463654771253101e-07
867 3.142311558651318e-07
868 2.649112097972778e-07
869 3.250613625654946e-07
870 2.7358976934740417e-07
871 2.9999589098216086e-07
872 3.396455821786858e-07
873 2.334094674308771e-07
874 3.2418366849571285e-07
875 4.777539567525487e-07
876 3.4762006233422686e-07
877 2.975144699456966e-07
878 3.603047156216977e-07
879 3.0446990986053133e-07
880 3.086827955725579e-07
881 3.121226998881985e-07
882 2.8482598082673737e-07
883 3.598087935695659e-07
884 2.7209409319980027e-07
885 3.7454337705265896e-07
886 3.227827350028055e-07
887 2.6469152375366095e-07
888 2.822244678302875e-07
889 3.35864126298493e-07
890 3.421953649144357e-07
891 3.5395844488035405e-07
892 3.4973816894515407e-07
893 3.0808107413939756e-07
894 4.888477692389289e-07
895 3.056766384257131e-07
896 2.8743398422708977e-07
897 3.624642929074059e-07
898 2.602508543012328e-07
899 3.3222738220524215e-07
900 3.2997097425085815e-07
901 2.514562583082231e-07
902 3.583532234159699e-07
903 3.112180275629942e-07
904 3.2827411387296063e-07
905 3.6346107621988466e-07
906 2.3545146201279384e-07
907 2.9019777165089766e-07
908 2.110120149608333e-07
909 3.4503866775296354e-07
910 2.7963269165168014e-07
911 3.122530530252311e-07
912 4.0636469956428773e-07
913 4.3726240086790035e-07
914 3.1006181170528295e-07
915 2.93190866483867e-07
916 3.180264733133768e-07
917 2.1340892724800265e-07
918 3.017980814253143e-07
919 3.518469555873937e-07
920 3.6144506891490824e-07
921 2.7483725365134047e-07
922 3.6616934736123114e-07
923 3.35501232509156e-07
924 3.32500809103805e-07
925 3.3762606766770534e-07
926 2.8179097898213373e-07
927 3.082279311910419e-07
928 2.1866072672851323e-07
929 3.867157889629814e-07
930 2.8334409113795717e-07
931 2.5820804800120003e-07
932 3.610420621500499e-07
933 3.999561459138559e-07
934 3.419395194090206e-07
935 3.556878728899113e-07
936 4.288230943111952e-07
937 3.352952021946377e-07
938 4.1439849740232096e-07
939 3.1607502435990013e-07
940 2.934563057086284e-07
941 3.7263040524713336e-07
942 3.7556160363593407e-07
943 3.0793364417327156e-07
944 2.8387693176860983e-07
945 2.722406133796639e-07
946 2.355094664545755e-07
947 3.8305272262166073e-07
948 3.2550127957030795e-07
949 3.53414936729501e-07
950 3.0693839875535723e-07
951 3.650909766835771e-07
952 3.7070442543136425e-07
953 2.496018845989605e-07
954 4.011480755568032e-07
955 3.113139989688859e-07
956 4.1261068650831304e-07
957 3.570383324011583e-07
958 3.043474283996595e-07
959 2.980269812569631e-07
960 3.63534340534028e-07
961 3.51895800451381e-07
962 3.8229536736738334e-07
963 3.2796370339434124e-07
964 3.8539936385786556e-07
965 2.4954644626154057e-07
966 2.7237433299806775e-07
967 3.282730961848343e-07
968 2.62834775688895e-07
969 2.61705819566888e-07
970 3.155699977519738e-07
971 3.4933898863825157e-07
972 2.913227812853067e-07
973 3.1721858879947797e-07
974 4.024457078775973e-07
975 2.673215367674738e-07
976 3.88800689704918e-07
977 3.1331582824489635e-07
978 4.3918914911544036e-07
979 3.5870546888959517e-07
980 3.4733861236752964e-07
981 3.294827629797869e-07
982 2.5969868898094836e-07
983 3.3556242808828253e-07
984 3.5224797762783497e-07
985 2.6677184253926714e-07
986 3.0336854043846157e-07
987 3.3971273862237725e-07
988 2.7562572709504594e-07
989 3.550508787997838e-07
990 3.860046057231354e-07
991 3.6636657432067024e-07
992 3.8581419432149057e-07
993 3.084558838859383e-07
994 1.739552591097201e-07
995 2.52708465205227e-07
996 2.9953817379237755e-07
997 3.485900017720435e-07
998 3.519749037626362e-07
999 2.904694657737611e-07
