0 1.1444873560475536e-08
1 1.3551167226917897e-07
2 1.9401443713767118e-08
3 1.3282850695282912e-07
4 2.9019051058117147e-08
5 -6.460457907116373e-08
6 -3.6064518517036175e-08
7 -4.50661149224582e-08
8 1.1826360350434315e-07
9 -2.6064178898893712e-08
10 2.3982416913160905e-08
11 1.6130128778866714e-08
12 -4.111400088134909e-08
13 -4.022224443377906e-08
14 1.1835012737419803e-07
15 -8.092809311074382e-08
16 1.3682033889452056e-07
17 6.742161540497659e-09
18 1.486187603462821e-07
19 1.218472128409497e-07
20 6.149512192359212e-08
21 7.352673754595128e-08
22 7.80047084984674e-08
23 1.1438373574615604e-07
24 5.707612737649389e-08
25 4.8094268451858963e-08
26 -4.151468446407957e-08
27 7.805554479035856e-08
28 1.2358240960295707e-07
29 1.1906099200480855e-07
30 1.6681945687154883e-07
31 7.475894173492992e-08
32 1.151085643965723e-07
33 1.4003511850318733e-07
34 -2.726239929583987e-08
35 6.287974084677796e-08
36 2.280562980553773e-07
37 -7.108896804710423e-08
38 1.0969763445224131e-07
39 5.766026203765183e-08
40 -7.883302537847992e-09
41 1.392463958270597e-07
42 6.490810966839714e-08
43 4.876589339998238e-08
44 1.0863543351931303e-07
45 1.375048201500344e-08
46 4.8583103158888547e-08
47 -1.0495142062565537e-08
48 1.3733985593467726e-07
49 2.2029185014300146e-07
50 9.186440303836597e-08
51 7.621720196600512e-08
52 1.363680486644266e-07
53 3.733717077545554e-08
54 1.7199183787082605e-08
55 1.7256759787144407e-07
56 7.46702702959116e-08
57 3.3666620028188175e-08
58 8.979252118787185e-08
59 5.885210271574814e-08
60 1.131367504063578e-07
61 1.1654404308415922e-08
62 -1.7344067990713777e-08
63 1.4780876300707668e-07
64 -3.350223960963847e-08
65 2.3215516616016964e-07
66 3.250228347749671e-10
67 6.859999528175585e-08
68 -2.3886710316766213e-08
69 1.794473882953317e-08
70 6.505381957563879e-08
71 -6.08334630639011e-09
72 4.8174002872669054e-08
73 1.39309159449704e-07
74 9.505013752013455e-08
75 6.662864733985063e-08
76 -5.182947504448408e-08
77 1.0967518697201661e-07
78 5.073805093410169e-08
79 5.143695887071491e-08
80 6.082779205304559e-08
81 1.4048544320283e-07
82 8.901379454778346e-08
83 4.465992920633482e-08
84 -7.658911437281181e-08
85 4.351404458391034e-08
86 1.0977083823906852e-07
87 2.4338965114477326e-08
88 4.028904099133505e-08
89 4.012089257079691e-08
90 1.6098228151780966e-07
91 6.296172500113223e-09
92 1.1121131981426616e-07
93 1.1733178091558223e-07
94 3.309344560747654e-08
95 1.9528542560696004e-07
96 1.0998486071246859e-07
97 7.611346792135874e-08
98 5.5979517421956504e-09
99 -5.091669365675939e-09
100 1.4161287747067658e-07
101 7.187462497354008e-09
102 9.753195623270932e-08
103 7.687581226963625e-08
104 1.0978256372272262e-07
105 8.970898117066447e-08
106 1.2406842662997793e-07
107 9.160378198217049e-09
108 -3.487951358614404e-09
109 1.2902791229148215e-08
110 5.006904865332228e-08
111 1.8473027354290583e-08
112 1.127314343221904e-07
113 1.4409938818831525e-07
114 3.534819785956777e-08
115 1.4993162481438508e-07
116 -3.4625096360137304e-08
117 5.402644406370318e-08
118 -9.861102147006102e-08
119 8.905733858335785e-08
120 2.8160265472297714e-08
121 8.006683758191994e-08
122 4.3527828848435875e-08
123 7.241089009628504e-08
124 9.905996687072247e-08
125 2.486329875556424e-08
126 7.318290358370322e-08
127 5.6041827671026576e-08
128 6.723623635313398e-08
129 2.846862515483345e-09
130 6.904617833534832e-08
131 7.423019954559232e-08
132 7.58774159391083e-08
133 1.9600429558890025e-08
134 1.7601531012912614e-07
135 4.263450619887878e-08
136 7.008760910680216e-08
137 1.4438193877688323e-07
138 -1.1222113640566327e-07
139 -6.062137685276774e-08
140 5.618141677170795e-08
141 6.694764412076059e-08
142 1.4713898127261524e-07
143 1.0769690543593988e-07
144 -7.620238626256516e-08
145 1.652292841187132e-07
146 8.077619053529861e-08
147 -4.1710188311053535e-08
148 1.4651154916142382e-07
149 6.116791652070758e-08
150 1.1904531529144893e-07
151 -1.1503945840484046e-07
152 1.1152165551187955e-07
153 5.7418031848826875e-08
154 1.8788882080540155e-07
155 -1.448491587463944e-07
156 1.4069688355105595e-07
157 5.7978898035617894e-08
158 1.00969808046602e-07
159 5.18799025567624e-08
160 -2.953904906765348e-08
161 -2.3772907216438243e-08
162 6.893537205386915e-09
163 5.9321161298024076e-08
164 1.9131755960210297e-08
165 1.0959815025455666e-07
166 1.3744793616094336e-07
167 7.906358560048048e-08
168 -4.588917605839514e-08
169 5.519854704420011e-08
170 1.2929630533078176e-07
171 -5.693490241216306e-08
172 4.50279051166509e-09
173 2.198980514951608e-08
174 4.8309938123810985e-08
175 5.9526848777718705e-08
176 -1.3353242020212932e-08
177 5.233049943371656e-08
178 1.9499322268519355e-08
179 8.769104104369539e-08
180 1.0823820695205824e-07
181 1.684421233691897e-07
182 1.7154253207737716e-07
183 -6.688263437400464e-10
184 6.883458736781641e-08
185 1.74955834573685e-07
186 -5.345718738663443e-09
187 1.2099848573004152e-07
188 5.7637018477166734e-08
189 1.5088839008147046e-08
190 1.5692979166284664e-07
191 6.91578734418055e-08
192 5.0305176661460995e-08
193 2.253537980177147e-08
194 1.8561052023692699e-07
195 1.7675808020111222e-07
196 -7.024650648524585e-08
197 9.875694821847263e-08
198 -4.514329881145051e-08
199 -2.0569611207486885e-08
200 -3.784362136432593e-08
201 2.507963157569011e-08
202 -8.320733983486008e-08
203 1.9830792053893256e-08
204 5.660140001909597e-08
205 2.7471295033014574e-09
206 6.362168652139911e-08
207 6.453460564612937e-08
208 2.0217134986569176e-08
209 1.8662243465952394e-08
210 7.312739145291642e-09
211 6.215304085356955e-08
212 7.496160734371458e-08
213 2.8342115257427858e-08
214 6.56016825070451e-08
215 6.79435404576086e-08
216 1.1727422268637975e-07
217 -3.458141040168595e-08
218 2.9225669531411177e-08
219 1.3073955766795785e-07
220 2.0239184597420552e-08
221 1.4321284780668252e-07
222 2.3498616791157162e-08
223 1.561794591212775e-08
224 9.575510740189723e-08
225 2.1105792302790915e-07
226 6.669251310008092e-08
227 -5.974849456037573e-08
228 1.0940936616797394e-07
229 1.2037905181651776e-07
230 4.028421308669307e-08
231 -4.064405131083161e-08
232 1.0332852621370145e-07
233 -3.905970438788592e-08
234 -5.438095772322124e-08
235 1.5702199933789945e-07
236 -2.1238236225198774e-08
237 8.518340658779401e-08
238 1.320258110781132e-07
239 -2.0929931332781574e-08
240 6.186501638551917e-08
241 -5.6931203563677865e-08
242 1.2389442989696083e-07
243 2.04580571445679e-08
244 2.3994073954427033e-07
245 7.987794317412996e-08
246 5.8696750431290005e-08
247 2.0750563281647572e-07
248 -3.880696573680966e-08
249 7.709781922885807e-08
250 5.08648166151504e-08
251 1.0662128417470999e-07
252 8.284758321331418e-08
253 9.694560303628044e-08
254 -1.4644913899053728e-07
255 1.6404819894729176e-07
256 1.1099770049410927e-07
257 1.6615464429371e-07
258 7.377154316674941e-08
259 9.400243400623919e-08
260 1.327856788861472e-07
261 1.2677050015584734e-07
262 -6.35107921030814e-08
263 2.455455548168563e-08
264 1.498469568667296e-07
265 4.980279301246999e-08
266 2.0516893669549463e-07
267 1.6015708538255056e-07
268 -3.6159825041358926e-08
269 -8.643793944445624e-08
270 1.6011114787601447e-07
271 1.314776984913665e-07
272 3.048892706797785e-08
273 7.2214068583335175e-09
274 8.066724875268752e-08
275 8.26190358073128e-08
276 2.9109718401714554e-08
277 -3.062495741157842e-08
278 -1.6927326558103757e-08
279 1.728292897734364e-07
280 6.014708861937421e-08
281 2.2344990317741017e-08
282 3.469700064013988e-08
283 1.1131256521151951e-08
284 1.9802210764938706e-07
285 5.3370573112846317e-08
286 -5.5869748882479505e-08
287 5.3054880719316045e-08
288 2.3962640331712246e-08
289 6.741698218944402e-08
290 2.290624842038733e-08
291 9.121047090980168e-08
292 1.0437083158484095e-07
293 7.774322906119235e-08
294 1.5850976015814032e-08
295 1.1432056297010205e-07
296 5.4909577405425624e-08
297 1.6664235221282535e-08
298 -1.7870586431650113e-08
299 8.200816436373092e-08
300 9.675480011505642e-09
301 5.1673058227800195e-08
302 5.1489615677798715e-08
303 -8.716992796477076e-09
304 1.798493612793375e-07
305 9.606391165590096e-08
306 1.5971516114900485e-07
307 7.860591716572687e-08
308 1.0049954965186758e-07
309 5.09827917160426e-08
310 -4.503657044664061e-08
311 2.630916687198257e-08
312 3.43671112790327e-08
313 7.341077236692029e-08
314 9.042261419500793e-08
315 -5.8421942098750886e-08
316 8.0311200655253e-08
317 7.437616737726055e-08
318 2.6605842827965285e-08
319 7.224584255414458e-08
320 1.069206772796315e-07
321 7.368431281005715e-08
322 1.979124393264961e-07
323 9.453536752126828e-08
324 9.600317944457076e-08
325 1.122375904377651e-08
326 7.889812461699211e-08
327 2.1802270996868638e-07
328 5.140704397250392e-08
329 1.6126543390099487e-07
330 1.1279678730961085e-07
331 1.1833704176068286e-07
332 -3.648591653463383e-08
333 1.4756988979816445e-07
334 1.6154169298202935e-07
335 1.489628038108905e-07
336 1.737515835573326e-07
337 6.544618335589242e-08
338 9.453608151488692e-08
339 2.6623901510654027e-08
340 2.5264360224945656e-07
341 1.206949399349006e-07
342 1.9092619414332072e-07
343 7.301310337363357e-08
344 2.817842573575058e-08
345 9.106881942653871e-08
346 1.1864949039508957e-07
347 4.1640464708978425e-08
348 1.20882902900941e-08
349 -7.318196131668336e-09
350 3.1855467505641363e-08
351 1.2046918650375954e-07
352 2.178370068002202e-07
353 9.353981998827182e-08
354 1.2304335801708063e-07
355 -3.851005694995865e-08
356 -1.0483327453178442e-07
357 4.136949331136439e-08
358 -6.640264261447571e-08
359 9.1091637800743e-08
360 4.997402923428853e-08
361 3.0894425016972e-08
362 5.8964022521673065e-08
363 1.2046815513504818e-08
364 5.518415736656614e-08
365 8.1198026417592e-08
366 2.722922872998216e-08
367 8.005806800302636e-09
368 -1.0498762301483473e-08
369 1.47554493622179e-07
370 1.0408349149909581e-07
371 5.459640737272083e-08
372 4.378079227804657e-08
373 -1.5620249652759658e-08
374 1.3847419890142398e-07
375 5.2905445051000934e-11
376 1.0710490999618293e-07
377 -7.195734863292567e-08
378 5.8580386839584454e-08
379 1.0253712219387293e-07
380 4.950498927722963e-08
381 1.6142614346858249e-07
382 5.078986364591493e-08
383 5.281255806868386e-08
384 1.837045541275681e-07
385 -8.463985879595995e-09
386 8.199065935658179e-08
387 8.630765306188704e-08
388 -6.532800020841455e-08
389 2.192471105508125e-07
390 -8.515096368498904e-08
391 7.377161415127887e-09
392 5.899630966049363e-08
393 1.1536841860819778e-07
394 9.289197707444148e-08
395 3.6164819650472943e-09
396 5.221504739833886e-09
397 7.137706945837329e-08
398 7.931288650332533e-09
399 1.4605698312072214e-07
400 4.3891042398705846e-08
401 3.57428409688744e-08
402 1.0384909329062489e-08
403 6.247937176389663e-08
404 1.31585803420494e-07
405 3.06440293083913e-08
406 8.033607457487128e-08
407 1.0915153735143802e-07
408 2.3808391992143232e-07
409 -4.14349560467672e-08
410 2.0636438636115699e-07
411 7.698100584136717e-08
412 1.0433463241314089e-07
413 -1.8749367116203953e-08
414 1.4617742399823582e-07
415 -2.7839388328731753e-08
416 3.414024708573493e-08
417 4.4969623128871167e-08
418 6.456753943301596e-08
419 -3.456758493905619e-08
420 -2.6775651664698864e-08
421 1.3152431025274242e-07
422 1.1764059725727964e-07
423 1.328160668747294e-07
424 3.8649713788460774e-08
425 5.795744522732211e-08
426 8.373517447223977e-08
427 -4.502975255382678e-08
428 9.618784585813245e-08
429 8.418775263402241e-09
430 3.364567241277271e-08
431 1.0293534830857015e-07
432 3.511001604415383e-08
433 8.261204248826482e-08
434 6.961172218142387e-08
435 -1.753161261412651e-08
436 9.434300889624316e-08
437 2.8372797920210774e-08
438 1.1017778899416734e-07
439 -8.734872058072163e-08
440 4.5304763884931016e-08
441 1.0435937776663578e-07
442 1.225561741055372e-07
443 4.7386110509119675e-08
444 7.423104227485251e-08
445 -1.6379447777834555e-08
446 7.818469325169993e-09
447 6.592248616192662e-08
448 -3.398956852742194e-08
449 8.988117432954745e-08
450 -3.87976704817408e-08
451 6.674260474885223e-08
452 -8.47176117100884e-08
453 2.3224757049128394e-08
454 1.0116809431814001e-07
455 2.997577307503959e-08
456 1.2341809466758004e-08
457 8.211296689514158e-08
458 1.0517263722302689e-07
459 5.29103998047995e-08
460 -2.6101837643958917e-09
461 8.017706636509699e-08
462 3.602433203955201e-09
463 1.0702321584915178e-07
464 9.406495326553659e-08
465 5.06375894421756e-08
466 3.8776423554547496e-08
467 6.124352393402236e-08
468 1.5115710282323406e-07
469 9.430248546148881e-08
470 5.10574334500289e-08
471 5.490238700592819e-08
472 8.569009331621973e-08
473 2.08696719251339e-08
474 1.4832698334301115e-07
475 6.481087770605916e-08
476 7.319183517463875e-08
477 7.810967553950305e-08
478 8.365990647484569e-08
479 9.175620607916078e-08
480 1.5830081670207335e-07
481 4.3953083378634044e-08
482 -3.032802446251078e-08
483 1.347330846896584e-07
484 -2.378220744757228e-08
485 1.6017546013100813e-08
486 6.860700436764878e-08
487 7.327671971344816e-08
488 3.313175062852194e-08
489 6.338486123952157e-08
490 3.990027310457649e-08
491 4.9792035881902833e-08
492 1.5840012833874558e-07
493 3.3138856243716476e-08
494 -3.5137333718957426e-08
495 -2.079681463439529e-08
496 2.8744802262112936e-08
497 2.031816709766327e-07
498 1.3048825944354159e-07
499 1.3372763522365925e-07
500 1.4262098832023102e-07
501 3.1779073396170984e-08
502 1.2303075794514822e-07
503 1.502561365570034e-07
504 8.726780635391168e-08
505 -1.5654949572672266e-08
506 -2.4983853574928576e-08
507 9.586765864164256e-08
508 -4.404796920948519e-09
509 -2.2160645497761037e-08
510 4.627411052961728e-08
511 8.064820696488738e-08
512 -4.897709794998522e-09
513 1.857574631889072e-07
514 -7.792685298041754e-09
515 7.421230766310909e-08
516 6.459624436047315e-08
517 8.322119720460209e-08
518 1.4321717249979297e-07
519 9.935676986697356e-08
520 1.175315941723917e-08
521 8.553150150445135e-08
522 -4.100723727982019e-08
523 1.1297394684129519e-07
524 1.7741477684025903e-07
525 1.2672794383046332e-07
526 -9.439871762804455e-08
527 1.7591499046160323e-08
528 1.0567591198563075e-07
529 1.1093758363804826e-07
530 6.13050827014067e-08
531 2.6043239228650503e-07
532 1.6625572894676414e-07
533 6.837306889058227e-08
534 1.191097299719361e-07
535 1.0950825800508987e-07
536 1.2261630223513185e-08
537 7.136109965752934e-08
538 1.2341810801345652e-07
539 1.2869941791464196e-07
540 5.1606502361809356e-08
541 1.9272234132471883e-07
542 4.738783126253359e-08
543 7.71287722149237e-08
544 1.4727581884751822e-07
545 1.1005098887919708e-07
546 8.443247082046725e-08
547 4.02720668040441e-08
548 4.024530293093029e-08
549 -4.303837660732326e-08
550 1.2520782286966997e-08
551 3.444882508010426e-08
552 3.130704792287954e-08
553 1.2979306515588723e-07
554 1.1262375883561059e-07
555 1.3756190985994299e-07
556 1.4170666774372298e-07
557 1.2387676716999178e-07
558 6.084913447888562e-08
559 1.2162150026664368e-07
560 1.574084503704388e-07
561 1.0400263104262933e-07
562 -3.182720651244405e-08
563 1.3235167460028124e-07
564 1.0416675369336358e-07
565 2.114161675543968e-08
566 6.186196432149963e-08
567 1.0989653926759714e-07
568 -2.2752257983087955e-08
569 1.0082965344826582e-07
570 -4.396329197715976e-08
571 1.0680831737051672e-07
572 6.198589430146655e-08
573 1.882556516837466e-07
574 1.060759707965995e-07
575 4.2465648207772244e-08
576 4.802520709582482e-08
577 3.169763361646877e-08
578 5.043007401627782e-08
579 6.26524417888288e-08
580 5.0603994221452693e-08
581 1.4471765971210192e-07
582 1.3363246015132303e-07
583 2.4058387743893266e-08
584 6.978799540595707e-08
585 1.9215081551224082e-07
586 -4.6396475562058456e-08
587 9.056551993988854e-08
588 4.99605900974116e-08
589 7.842247288944945e-08
590 4.7424033784044714e-08
591 -3.988932840038161e-08
592 5.919893985928411e-08
593 -3.645365404989901e-08
594 5.421273196432902e-08
595 2.3132298031980246e-08
596 4.3709099929879784e-08
597 2.0531491390880176e-08
598 3.048534379926283e-08
599 2.542194293299285e-08
600 9.202550054972698e-08
601 -3.9878941022671333e-08
602 7.263498811151219e-08
603 1.1810317765547032e-07
604 9.141504986120973e-08
605 8.932005733645356e-08
606 1.9757521068759338e-07
607 1.286328822063546e-07
608 -1.5593146972649928e-08
609 6.264712242954582e-08
610 -7.374519084374299e-09
611 3.867498059968373e-08
612 5.4655675881074754e-08
613 1.674970290691419e-07
614 2.4301182176819354e-08
615 1.2015457153189425e-07
616 1.0745267072993245e-07
617 8.241741481310056e-08
618 2.0665541666739785e-07
619 -2.373864265274095e-08
620 -7.635988594706011e-08
621 1.4315767169178596e-07
622 -1.3701798501164246e-08
623 -5.559088094751451e-08
624 1.5780702962519383e-07
625 4.9880440771146584e-09
626 2.1820947782633612e-07
627 -9.176031717818853e-09
628 1.9885389583390687e-08
629 2.3934895465834863e-07
630 4.9270948914662845e-08
631 3.063497899350716e-08
632 1.2784711324077246e-07
633 9.973347391600522e-08
634 8.151584476442896e-08
635 1.0323341566713823e-07
636 1.3572905477860613e-07
637 7.372432248076221e-08
638 2.1935746954797934e-07
639 5.9334666211408096e-08
640 -2.5551957880353836e-08
641 8.106072916039308e-08
642 1.2413118133237796e-07
643 1.2424836368384862e-07
644 1.0135686363786713e-07
645 8.51339308899803e-08
646 6.86008832662916e-08
647 4.083632472266696e-08
648 5.875099621452179e-08
649 1.4791841042577728e-07
650 1.728485630811172e-08
651 1.3293521273452838e-07
652 1.682114351994753e-07
653 1.2806824394407406e-07
654 -3.2191922956742206e-08
655 7.090417082550294e-08
656 2.045384422493399e-07
657 6.705691137721909e-08
658 4.0261250134000724e-08
659 -3.807646985958407e-08
660 -4.78632338043878e-08
661 1.2370880729415451e-08
662 6.635363320419498e-08
663 1.2533214281488668e-07
664 2.214607309089855e-08
665 1.2812495215340021e-08
666 4.250709063686344e-08
667 5.3615581374586686e-08
668 4.141017063867584e-08
669 1.0542898828689823e-07
670 9.38625973043489e-08
671 1.3964102648091983e-07
672 4.1524120240330525e-08
673 6.212692685246915e-08
674 1.4846392001570587e-07
675 1.0908436847045285e-08
676 1.1493940364026303e-07
677 -2.775651893536946e-08
678 8.74691064240547e-08
679 7.315350360434163e-08
680 1.5001999507285545e-07
681 4.862288641082559e-08
682 3.6138403664465407e-08
683 -1.664712776892621e-08
684 -5.34678412676121e-08
685 1.1329057697072554e-07
686 1.7058690261842274e-08
687 5.938203441256249e-08
688 1.0643374388756541e-07
689 -1.951767416237975e-08
690 1.632491304357425e-07
691 1.8913473195395255e-07
692 1.728950559832957e-07
693 8.689741308431557e-10
694 8.777716737134683e-08
695 -4.327159879349881e-08
696 -2.9556383670841644e-08
697 5.820187376122756e-08
698 -2.5823451622579384e-08
699 1.1797626985041422e-08
700 8.711950056641459e-08
701 4.8328834341935464e-08
702 6.280253281399683e-08
703 6.165639480230756e-08
704 1.1079981658600867e-07
705 9.733318575947992e-09
706 1.2748403176973572e-07
707 1.3759429880041456e-07
708 6.778407313243722e-08
709 6.601913573995269e-08
710 1.173848579967062e-07
711 6.554857362775138e-08
712 -5.310692750933344e-08
713 1.8199720233272519e-07
714 7.919821773522006e-08
715 7.643928476057395e-08
716 -4.910877670107306e-08
717 1.2307278641271905e-07
718 2.4557674385331e-07
719 1.6012255983135543e-07
720 1.707043451041236e-07
721 -9.442117204175742e-08
722 6.85684200096149e-08
723 7.360161013940402e-08
724 1.1717041254541058e-07
725 -3.801481862127919e-09
726 9.691471291980216e-08
727 1.5718895295271254e-07
728 7.147060768990988e-08
729 -9.345416952125348e-08
730 1.7094252347488949e-07
731 1.0363672921445311e-11
732 5.535054820296253e-09
733 6.419611499034383e-08
734 -4.450858318094752e-08
735 4.99696906494054e-08
736 2.0616245405714894e-08
737 1.878761350615071e-07
738 5.530966676387199e-08
739 6.722959266487968e-08
740 8.730306277132449e-08
741 4.305141320641775e-08
742 1.3666231715829244e-10
743 2.032402947450796e-07
744 4.115876119216927e-08
745 8.601228012664917e-08
746 -4.4141096251508575e-09
747 8.533282337491446e-08
748 1.671115679540119e-07
749 -7.401305917203083e-09
750 8.063673989739135e-08
751 2.243033682193571e-07
752 4.4246953528286535e-08
753 3.415388110470341e-08
754 3.821115660445382e-08
755 9.49526331145074e-08
756 1.5761990129798266e-07
757 -4.04416663727638e-08
758 5.0947423699531125e-08
759 -1.1985359814094615e-08
760 1.3673942571069148e-07
761 -3.9625591215763464e-08
762 6.62240057709069e-08
763 1.0012766764760106e-07
764 4.9484296699222055e-08
765 7.242989888101878e-08
766 7.825852801093822e-08
767 1.6707378378711382e-08
768 -3.7137898310809514e-08
769 -8.735037831098832e-08
770 1.2248681511298725e-07
771 -9.351786020313964e-08
772 -2.065007600929512e-08
773 1.5111028779578175e-07
774 4.2031895248103115e-08
775 1.839474627910119e-09
776 9.669239189842898e-08
777 -4.613023617848903e-08
778 -4.981023221013506e-10
779 -4.155157186965112e-08
780 5.87797209015911e-08
781 -6.963492022789542e-08
782 1.1311492853323471e-07
783 1.6239227063527406e-07
784 8.276436977759062e-08
785 1.4743293741151503e-07
786 6.8255135518642e-08
787 1.1624170350763028e-07
788 -1.455937974609848e-07
789 6.809709134603873e-08
790 3.400833567580176e-08
791 1.7567299243300445e-07
792 3.102364341336069e-08
793 -5.559538943515683e-08
794 8.085744958281351e-08
795 6.8835571361743685e-09
796 1.4072818051763746e-07
797 1.6834976097515757e-08
798 6.484421744698494e-08
799 7.681228770844436e-08
800 -2.6589044866296804e-08
801 1.1707352162007144e-07
802 -5.5382078563732204e-09
803 4.554714626119096e-08
804 3.0886747714683322e-09
805 6.397893516911592e-10
806 8.664924956064765e-08
807 8.894790059126095e-08
808 8.141615249820667e-09
809 4.97748414998443e-08
810 2.737868527208699e-07
811 -3.562239106146826e-08
812 3.841047417596148e-08
813 8.259054642833917e-08
814 -6.123096025418915e-08
815 2.5323517574410477e-08
816 4.6861059886378e-08
817 7.362440608364627e-08
818 4.003170941652999e-08
819 1.5470930616156705e-07
820 2.2090008467347353e-07
821 -5.1071686416770605e-08
822 -5.882811644258248e-08
823 1.587386288851686e-07
824 -4.4406310984093566e-08
825 7.571036510011079e-08
826 1.294820115946673e-07
827 4.7138960896585344e-08
828 1.265556098039455e-07
829 -6.900701184239546e-09
830 -4.9098355124415466e-08
831 1.7249964156266753e-08
832 6.857549312186634e-08
833 9.059330499701702e-08
834 1.831452050660957e-09
835 8.570132610342921e-08
836 -5.2618507916335824e-09
837 3.370447340152642e-08
838 4.9878289162354466e-08
839 -6.713288869117871e-08
840 -2.5117158906312128e-08
841 8.924653282107013e-08
842 -5.6403077871508884e-08
843 1.38133199472248e-07
844 6.56232817638106e-08
845 3.9735734671496434e-08
846 7.912525053030926e-08
847 -6.83290595170077e-08
848 -6.157120595803301e-08
849 1.628083537635798e-08
850 1.1062128065287613e-07
851 6.456271355855895e-09
852 1.3409455940929571e-08
853 1.6391414740163893e-07
854 7.776803672036584e-08
855 9.576452399248279e-08
856 3.504896850603547e-08
857 -3.2292172243338945e-08
858 5.2529867637746235e-08
859 1.1605000261919101e-07
860 4.66883297625129e-08
861 5.503680375081093e-08
862 -7.449840090252772e-09
863 1.667190995782964e-07
864 1.4437703196501236e-07
865 1.4796640720889467e-07
866 -1.0419249413007029e-07
867 1.1331820107431574e-07
868 1.1639628679783736e-07
869 5.9272957278384155e-08
870 1.3504577053086233e-07
871 8.759682240673833e-08
872 3.4523479488171976e-08
873 1.7724702708837809e-07
874 7.523217629957746e-08
875 -1.4021152716847982e-07
876 3.68757404028602e-08
877 9.482585105874097e-08
878 9.214733236493784e-08
879 8.685066147936747e-08
880 6.561563341653074e-08
881 6.381696363345258e-08
882 9.439830322030551e-08
883 7.637817965250177e-09
884 1.0442027801950338e-07
885 -3.921355971853068e-08
886 5.790979592437955e-08
887 1.4611896150739235e-07
888 1.0916984788389592e-07
889 7.378463100410722e-08
890 6.678183005813601e-08
891 -1.4669897594765155e-08
892 7.733344306459541e-08
893 9.773935603627e-08
894 -1.241979127185079e-07
895 4.134084921953009e-08
896 1.0543187250501146e-07
897 6.528504301097892e-09
898 1.360572140135912e-07
899 -5.675132094501341e-09
900 7.979393706845104e-08
901 1.9115978308879124e-07
902 9.094611538938047e-09
903 8.599321419550904e-08
904 6.30665209391648e-08
905 -2.3185987522003773e-08
906 1.7683138000033522e-07
907 9.003854032875178e-08
908 2.110455348183543e-07
909 1.7097821642586786e-08
910 1.1691601251183249e-07
911 4.7364160416751074e-08
912 -4.930093676576996e-08
913 -6.605991655851927e-08
914 8.946497015023974e-08
915 1.1534451055090965e-07
916 9.032642013927831e-08
917 2.3091324069410792e-07
918 6.473553669163186e-08
919 -2.2931066966537173e-08
920 -1.7954373281436702e-08
921 8.320360979579585e-08
922 -1.226055757295243e-08
923 4.2402594655119404e-08
924 6.73318247877346e-08
925 5.3336821791411234e-08
926 1.3044175367707558e-07
927 1.1326423894633679e-07
928 2.1870127198320239e-07
929 -3.2492023925490375e-08
930 1.5865966159803258e-07
931 1.6050809512964511e-07
932 3.5496225345778e-08
933 -4.673736701620138e-08
934 2.9968956673036506e-08
935 2.7637967956777003e-08
936 -7.858787996547343e-08
937 3.5798383241965735e-08
938 -6.506044787055261e-08
939 8.771370793318535e-08
940 7.797036391732327e-08
941 5.581206454808897e-09
942 2.862484809833742e-08
943 1.1939459155264304e-07
944 1.1230419521169609e-07
945 1.1427455889306619e-07
946 1.7290511599380808e-07
947 -1.164890672393746e-08
948 7.035275785060478e-08
949 4.009673096037029e-08
950 1.0631202675114533e-07
951 -9.943716586289715e-09
952 -1.1520416321609713e-08
953 1.8643186295902011e-07
954 -1.4641303875993668e-08
955 7.999759154279762e-08
956 -6.153568740658331e-08
957 -1.0591546237271427e-08
958 7.069167428290334e-08
959 1.080586810013037e-07
960 -5.126863451724308e-08
961 3.459076042950147e-08
962 -1.5032220314669259e-09
963 4.211544353681296e-08
964 -2.4886909894014246e-08
965 1.7379492864117014e-07
966 1.1814202640363664e-07
967 8.096739404208795e-08
968 1.6768872004489558e-07
969 1.1183102976522164e-07
970 7.458163780002448e-08
971 5.1085495515449134e-08
972 1.2339899609048508e-07
973 8.764651592380872e-08
974 -4.540640256900191e-08
975 1.5771873665127866e-07
976 -1.2516535401397217e-08
977 1.0093158911375785e-07
978 -6.398299340389064e-08
979 -2.501904960878011e-09
980 2.7965191391515847e-08
981 1.0697370599020051e-07
982 1.8013059053245532e-07
983 5.2964389293301336e-08
984 6.246423755870997e-08
985 1.2604736359397816e-07
986 1.169113501388962e-07
987 3.73935145001383e-08
988 1.4651097506861027e-07
989 2.281854345348922e-08
990 -3.114448721933888e-08
991 9.965570651654568e-10
992 -3.6842586310412166e-08
993 1.01715439306841e-07
994 2.5364933155514307e-07
995 1.3098748993525625e-07
996 9.921328788987612e-08
997 2.2191045544291598e-10
998 1.186041734524614e-08
999 1.575678853723693e-07
