0 2.1296991197855715e-07
1 2.251914641259914e-07
2 2.076979514455476e-07
3 2.3795120964112128e-07
4 2.157144200237593e-07
5 1.834394950956824e-07
6 1.678191180414067e-07
7 2.2333779185027856e-07
8 2.435298816543231e-07
9 2.0030206260627728e-07
10 2.07434841447705e-07
11 2.1521516958801786e-07
12 1.8792655355369e-07
13 2.1177303409434924e-07
14 2.160030154018447e-07
15 1.9766277098965286e-07
16 2.5287848265565424e-07
17 1.977478423907191e-07
18 2.1810264156517818e-07
19 2.287286187831065e-07
20 2.119655274440398e-07
21 2.1213611863132134e-07
22 2.0328255141909575e-07
23 2.215342445850997e-07
24 2.1883664365325213e-07
25 2.267262870392491e-07
26 2.1113908657671434e-07
27 2.2615504445867083e-07
28 2.2044150524883392e-07
29 2.274930304647015e-07
30 2.2547643362937357e-07
31 2.246758900886874e-07
32 2.3622249392397652e-07
33 2.477970633765584e-07
34 2.044882838167174e-07
35 2.2280088790144097e-07
36 2.543560125241894e-07
37 1.953100083394999e-07
38 2.2623873890290617e-07
39 2.0954324821063694e-07
40 1.8857488772339496e-07
41 2.3632471300856238e-07
42 2.041457625969583e-07
43 2.3442897345501956e-07
44 2.3005395838151614e-07
45 2.2073124462747015e-07
46 2.0143153835815448e-07
47 2.0061755436559075e-07
48 2.1496696691390308e-07
49 2.5613615022794755e-07
50 2.1758681671855647e-07
51 2.2590370804143855e-07
52 2.3787905352821445e-07
53 2.2554943006395679e-07
54 1.9877902503320617e-07
55 2.2646857707273598e-07
56 2.1657573796670665e-07
57 2.0716984303820757e-07
58 2.2346268971770547e-07
59 2.154564264271742e-07
60 2.1930918616039483e-07
61 2.2079010089953583e-07
62 2.0225032281434037e-07
63 2.2824967024809867e-07
64 1.9954210291377756e-07
65 2.6646867765602897e-07
66 1.9063053472734074e-07
67 2.1406987504730944e-07
68 2.0159092542480226e-07
69 1.9708660619895737e-07
70 2.184081620747361e-07
71 2.0516758177153911e-07
72 2.185762968631796e-07
73 2.413734008244732e-07
74 2.071663210547082e-07
75 2.1653166342816893e-07
76 1.9498124811155095e-07
77 2.2179699397409055e-07
78 2.0924763386918465e-07
79 2.2153282049036766e-07
80 2.2426168740569752e-07
81 2.2054944095132913e-07
82 2.251470959421223e-07
83 2.0904360421079209e-07
84 2.0184825146742828e-07
85 2.3113854300362093e-07
86 2.213886933439219e-07
87 2.177991522880668e-07
88 2.3851799966638474e-07
89 2.1965796929796794e-07
90 2.3413761920925538e-07
91 2.065016965762327e-07
92 2.3420940190736218e-07
93 2.3318226598320648e-07
94 2.164592559999414e-07
95 2.485178511394777e-07
96 2.334695621522146e-07
97 2.2012848508601822e-07
98 2.1204899621867983e-07
99 2.1005908790109836e-07
100 2.3832838253933248e-07
101 2.1672916759610063e-07
102 2.2811188552746738e-07
103 2.2246594631484076e-07
104 2.312769721761534e-07
105 2.2121071272418916e-07
106 2.2231272552053935e-07
107 2.1026132302067786e-07
108 2.00015681747726e-07
109 2.0874502663043052e-07
110 2.1134126461274516e-07
111 2.1978958314990348e-07
112 2.2458260716830356e-07
113 2.396494956339725e-07
114 2.099238591727412e-07
115 2.236048074616747e-07
116 1.9252084686091463e-07
117 2.1936735727007088e-07
118 1.9808203889038986e-07
119 2.0664194144169012e-07
120 1.9481948652559962e-07
121 2.406398958289675e-07
122 2.2179425383851304e-07
123 2.2552956094908417e-07
124 2.3228947353579306e-07
125 1.9996306621749893e-07
126 2.297352975202656e-07
127 2.0864666406523435e-07
128 2.1890571263198624e-07
129 1.9558815547967438e-07
130 2.0878179541665868e-07
131 2.1149581158053452e-07
132 2.2394200072234126e-07
133 2.011538677645027e-07
134 2.3104755997251575e-07
135 2.0830751036071159e-07
136 2.1178206290044337e-07
137 2.3766982976689447e-07
138 1.757758083164341e-07
139 1.8733086592597193e-07
140 2.0618910134615078e-07
141 2.2310472925262166e-07
142 2.5104148684821466e-07
143 2.282743088485574e-07
144 1.94752931055877e-07
145 2.385150623592553e-07
146 2.1973079961794337e-07
147 1.8679026634693687e-07
148 2.2872025753807914e-07
149 2.102846601506148e-07
150 2.356166797907865e-07
151 1.9116820442202123e-07
152 2.1524781191501618e-07
153 2.3333367471145288e-07
154 2.3341677823814098e-07
155 1.8903190710861006e-07
156 2.2786539572585656e-07
157 2.2257025792673048e-07
158 2.3607055824207107e-07
159 2.1499085789977343e-07
160 1.8576911559292862e-07
161 2.0141779218687233e-07
162 2.100983608965213e-07
163 2.1722774922407694e-07
164 2.1405264127096853e-07
165 2.2615310164045458e-07
166 2.3358780253745954e-07
167 2.2500829694663287e-07
168 1.939175103377543e-07
169 2.212873772844413e-07
170 2.2094773800381758e-07
171 1.9379030306259987e-07
172 2.1155688538279462e-07
173 1.8347049029422075e-07
174 2.304899958570697e-07
175 2.2210783708260494e-07
176 2.062927573018776e-07
177 2.2337043640422005e-07
178 2.015894902450142e-07
179 2.2074531070725165e-07
180 2.3775670953758093e-07
181 2.1417318344124114e-07
182 2.3537752681182137e-07
183 2.144158210115108e-07
184 2.3199393367538945e-07
185 2.2400760836127163e-07
186 2.2233082227483728e-07
187 2.0594106048579583e-07
188 2.1046682194402827e-07
189 2.234860655651334e-07
190 2.2924910396183875e-07
191 2.351129718928898e-07
192 2.1393499422465306e-07
193 2.167243626390735e-07
194 2.3351030441675246e-07
195 2.2342606883004497e-07
196 2.0446654095923188e-07
197 2.235467082800851e-07
198 2.0139941776398938e-07
199 1.9010015820690408e-07
200 1.8820435636237692e-07
201 1.984104392087561e-07
202 1.8519544788461394e-07
203 2.0787601558031945e-07
204 2.2944370789127369e-07
205 2.1897021244976378e-07
206 2.1673078944542097e-07
207 2.1643442677071562e-07
208 2.1726723701265782e-07
209 2.005647501084572e-07
210 2.0906450641970205e-07
211 2.002827442347717e-07
212 2.2829577617384113e-07
213 2.0339451477091196e-07
214 2.126007000241644e-07
215 2.2315867676082906e-07
216 2.2675330848054881e-07
217 1.924798003369766e-07
218 2.045479337412062e-07
219 2.2260560493999137e-07
220 2.1371670747702363e-07
221 2.337442027319006e-07
222 1.9846848956617988e-07
223 2.0863442191439388e-07
224 2.0923236629502862e-07
225 2.656019501809423e-07
226 2.30751902740258e-07
227 2.0937148768254177e-07
228 2.2615362909586812e-07
229 2.2842067117117692e-07
230 1.9422321896915324e-07
231 1.9884321303452105e-07
232 2.1695724752404684e-07
233 1.96890849680993e-07
234 1.9171496937552064e-07
235 2.4283534238760626e-07
236 2.0678209263153834e-07
237 2.5144991541549057e-07
238 2.4806586947944624e-07
239 1.7605706605680817e-07
240 2.2641417012334598e-07
241 2.0868953159195018e-07
242 2.2409218696753064e-07
243 1.9816873644292248e-07
244 2.417156437243227e-07
245 2.0857530578276908e-07
246 2.1827984405183043e-07
247 2.481234995168293e-07
248 2.1141630377151345e-07
249 2.176771453577032e-07
250 1.980130929013771e-07
251 2.4328039268395474e-07
252 2.3310543203657822e-07
253 2.1671527878126666e-07
254 1.8890839052073026e-07
255 2.3685699985402545e-07
256 2.1896519911671032e-07
257 2.2962806745848528e-07
258 2.285198956178387e-07
259 2.416624765888628e-07
260 2.3229964881073608e-07
261 2.2477508714760478e-07
262 2.0783777236671027e-07
263 2.0098535800119071e-07
264 2.479896733714135e-07
265 2.27761177960326e-07
266 2.4657416691816306e-07
267 2.469484076558319e-07
268 2.0638537977063238e-07
269 2.0520596276565175e-07
270 2.3373600113571225e-07
271 2.3242265230151784e-07
272 2.247546498785832e-07
273 1.9406334319707165e-07
274 2.3926708118040944e-07
275 2.0457586333809444e-07
276 2.0524382883511654e-07
277 2.104160653249999e-07
278 2.1474561812306616e-07
279 2.4673022767334235e-07
280 2.0919710402159066e-07
281 2.342220505229509e-07
282 2.119818010063029e-07
283 2.0984742153594647e-07
284 2.2845795478444794e-07
285 2.2433752448484462e-07
286 1.9103649710145786e-07
287 2.0335495299066686e-07
288 2.2722901041515373e-07
289 2.0712624048715302e-07
290 2.037960901200632e-07
291 2.4722192944942236e-07
292 2.1573577144982162e-07
293 2.3982457323639584e-07
294 2.0168709064722045e-07
295 2.281056603924075e-07
296 2.04711614449205e-07
297 2.0693619300521696e-07
298 2.1274703589692153e-07
299 2.2088756219424232e-07
300 2.1005528996777636e-07
301 2.294802268790988e-07
302 2.084939118555684e-07
303 1.9883356896212195e-07
304 2.3522127271069595e-07
305 2.219007305272819e-07
306 2.5277792222993233e-07
307 2.0458608670545033e-07
308 2.2503384815951513e-07
309 2.3115933597479573e-07
310 1.869993353833932e-07
311 2.067519153301939e-07
312 1.845553018680667e-07
313 2.2780142497732858e-07
314 2.3361256792708474e-07
315 1.8609766998448302e-07
316 2.280113009196314e-07
317 2.1392527942843176e-07
318 2.2421279611289644e-07
319 2.051783548488122e-07
320 2.2834346245976e-07
321 2.039871967240524e-07
322 2.4632057706894067e-07
323 2.2711135554372878e-07
324 2.3094226468832482e-07
325 2.016462591868105e-07
326 2.2782264737601424e-07
327 2.422419634990328e-07
328 2.160256272292975e-07
329 2.4756749047796586e-07
330 2.2623225157771408e-07
331 2.2859913367939697e-07
332 2.0418124871024376e-07
333 2.426109972263412e-07
334 2.2454232949042517e-07
335 2.2253604982183077e-07
336 2.3686677132211733e-07
337 2.1089865233679798e-07
338 2.2106272345929816e-07
339 2.1508049472443973e-07
340 2.5221423748218544e-07
341 2.2146983739505019e-07
342 2.226616837332018e-07
343 2.1235516236158323e-07
344 2.1505297607277414e-07
345 2.2026178810888454e-07
346 2.124657865638843e-07
347 2.2708481747466535e-07
348 2.083215946252062e-07
349 2.0735242592650065e-07
350 2.004345617846482e-07
351 2.24943163436551e-07
352 2.509140394180433e-07
353 2.2630344561688564e-07
354 2.414505619306589e-07
355 1.815115758531702e-07
356 1.7540901952680282e-07
357 2.0930448505632435e-07
358 1.986099371768246e-07
359 2.2109490181592664e-07
360 1.9073842254530204e-07
361 2.1842445414829115e-07
362 2.2269570381699259e-07
363 2.119636599689603e-07
364 1.9507698342281938e-07
365 2.1070441578895886e-07
366 2.0608868357968984e-07
367 2.0689077165874188e-07
368 1.9859712615681097e-07
369 2.323381355811119e-07
370 2.340037655574144e-07
371 1.9828633291403558e-07
372 2.2022367562469573e-07
373 2.037499697581691e-07
374 2.1301604726088744e-07
375 2.1938225856167518e-07
376 2.392709821703122e-07
377 1.9403253745926938e-07
378 2.1885696884212063e-07
379 2.301196500572082e-07
380 1.9911545288955783e-07
381 2.412469579259406e-07
382 2.1549828349204396e-07
383 2.3248863669284965e-07
384 2.457787032602294e-07
385 2.1030944120509745e-07
386 2.3119275965341447e-07
387 2.311893050712248e-07
388 2.0321305326655737e-07
389 2.7392842967565916e-07
390 1.8908046192815906e-07
391 2.0283240003335597e-07
392 2.3247118709081832e-07
393 2.3948920683888953e-07
394 2.3496119531161903e-07
395 2.045048523533327e-07
396 1.819608126255254e-07
397 2.2997264342965497e-07
398 2.015551548158277e-07
399 2.4028250152204234e-07
400 2.073326696890649e-07
401 2.0681937775134883e-07
402 2.269700850980243e-07
403 2.0911940239973556e-07
404 2.3687772462876446e-07
405 2.1400448841625866e-07
406 2.2179901090869615e-07
407 2.3854534400270376e-07
408 2.468475595171655e-07
409 1.9749322651147368e-07
410 2.4472221942237355e-07
411 2.2937318627850733e-07
412 2.5076837345078785e-07
413 2.0195840157600595e-07
414 2.2996579394486268e-07
415 1.8017025122649927e-07
416 2.1347417502878218e-07
417 2.1674297414360203e-07
418 2.2499996209857667e-07
419 1.9132036219618568e-07
420 1.8858503409248637e-07
421 2.1935002804115724e-07
422 2.144627277079032e-07
423 2.4084385844371514e-07
424 2.2425846635342925e-07
425 2.2408654082666838e-07
426 2.3917718893741816e-07
427 1.8638843858013206e-07
428 2.3797396127814362e-07
429 2.165068358734576e-07
430 2.2594441509070592e-07
431 2.3007875286205524e-07
432 1.985166986184181e-07
433 2.227717934070812e-07
434 2.1985794417683945e-07
435 2.0241498396628118e-07
436 2.3773454393380463e-07
437 2.0761566801752676e-07
438 2.3424181173445686e-07
439 1.9241131117257437e-07
440 2.103165708340831e-07
441 2.2891852894338882e-07
442 2.278707685707663e-07
443 2.070777092607164e-07
444 2.3124374499248298e-07
445 2.0043366531577394e-07
446 2.1820848303252733e-07
447 2.2284617911555287e-07
448 1.961175088801411e-07
449 2.0871107856112512e-07
450 1.9599470409662194e-07
451 2.3014125781982755e-07
452 2.2018663960319892e-07
453 1.9849471710037887e-07
454 2.0602051309772783e-07
455 2.0936551218853116e-07
456 2.198725379748649e-07
457 2.2797002855779842e-07
458 2.2252988837374467e-07
459 2.315358371284796e-07
460 2.0575727921857443e-07
461 2.084443689370121e-07
462 2.0696069139170905e-07
463 2.2934547521365146e-07
464 2.2132964576595852e-07
465 2.0659381854426513e-07
466 2.131026925324819e-07
467 2.239254339517698e-07
468 2.1481043249016048e-07
469 2.4645283038676835e-07
470 2.364842467685526e-07
471 2.0879651152653446e-07
472 2.1136333201222875e-07
473 1.8730163520371353e-07
474 2.4730812234362906e-07
475 2.3153147221888666e-07
476 2.218849847827808e-07
477 2.4254117215491085e-07
478 2.2746378591727916e-07
479 2.0659390019362123e-07
480 2.1107817579709705e-07
481 2.1186040632238792e-07
482 1.8742692457181216e-07
483 2.290459113346953e-07
484 1.7412196063077995e-07
485 2.197596407102049e-07
486 2.1450527517406307e-07
487 2.237921634909842e-07
488 1.9074742669664822e-07
489 2.2440926033568675e-07
490 2.18100616209532e-07
491 2.1524414615773637e-07
492 2.3031762737111177e-07
493 2.1741950786996187e-07
494 2.167460448456752e-07
495 1.9753044677216722e-07
496 2.0010328472831503e-07
497 2.5950491844549593e-07
498 2.3691468323714317e-07
499 2.2707587139383842e-07
500 2.3542604020487214e-07
501 2.2336675264062694e-07
502 2.337233335003343e-07
503 2.2454690149056373e-07
504 2.2675934980433332e-07
505 2.08235084183967e-07
506 1.812623079017965e-07
507 2.2370777068240372e-07
508 1.9385956446131643e-07
509 2.1367955431904387e-07
510 2.1155506515971988e-07
511 2.507680077314308e-07
512 2.0778264783551853e-07
513 2.0844760613600209e-07
514 2.2186170360894047e-07
515 2.2909560049848025e-07
516 2.1556408684549056e-07
517 2.223465349235465e-07
518 2.323312441032339e-07
519 2.2704299179702666e-07
520 2.296704492203721e-07
521 2.1216654234815768e-07
522 1.9605824140379198e-07
523 2.240182245771214e-07
524 2.59356550907025e-07
525 2.327152808002288e-07
526 1.9750607520992883e-07
527 2.0705908614064368e-07
528 2.1384549696347279e-07
529 2.040634365600457e-07
530 2.1218814734185564e-07
531 2.3184330541403316e-07
532 2.4693056450242054e-07
533 2.1409490134551837e-07
534 2.2303869118017927e-07
535 2.39769279801573e-07
536 2.0874189134240688e-07
537 2.0040403693271342e-07
538 2.3093455138460906e-07
539 2.425872477170525e-07
540 2.074343381107793e-07
541 2.4659629922176463e-07
542 2.2605097854902626e-07
543 2.3766456564115194e-07
544 2.4133279954186603e-07
545 2.38751302234175e-07
546 2.2575767563440374e-07
547 2.054418289094172e-07
548 2.1209819026587226e-07
549 2.0455527625554734e-07
550 2.0264185060258097e-07
551 2.2029145159800681e-07
552 2.1360322957738366e-07
553 2.366988587573357e-07
554 2.316097073124836e-07
555 2.3606973635449373e-07
556 2.3772284935525816e-07
557 2.310771875421797e-07
558 2.2332620417899026e-07
559 2.1208252219611917e-07
560 2.3447044507867195e-07
561 2.2314733268658672e-07
562 1.96572227385832e-07
563 2.3778465522139377e-07
564 2.2058716415720005e-07
565 2.1384712643577273e-07
566 2.0063501890278093e-07
567 2.073267093352599e-07
568 1.9080586634000978e-07
569 2.179915735824132e-07
570 1.8016001978020216e-07
571 2.1771723118117734e-07
572 2.2851150804171504e-07
573 2.3179104066890756e-07
574 2.393356460760313e-07
575 2.0088643305618862e-07
576 2.2582828419792587e-07
577 1.9657467242144556e-07
578 2.3234472454827936e-07
579 2.1303694631794953e-07
580 2.0732683723633022e-07
581 2.4781371357346266e-07
582 2.3422853062874545e-07
583 1.8859130343095502e-07
584 2.3344797456688794e-07
585 2.446563456094429e-07
586 1.705279181618349e-07
587 2.3835274161196516e-07
588 2.1117049192320605e-07
589 2.0649721762507457e-07
590 2.1810941766155006e-07
591 1.9100668887261733e-07
592 2.1490489177705594e-07
593 2.055958141305131e-07
594 2.2625398054901276e-07
595 1.937662432492117e-07
596 2.2100183471971129e-07
597 2.1237653289003307e-07
598 2.2155365912252557e-07
599 2.196087472663e-07
600 2.240167556802099e-07
601 1.9551178094496005e-07
602 2.1764003420238441e-07
603 2.2243935741570214e-07
604 2.2866623383792937e-07
605 2.1772893019385078e-07
606 2.4704058145433276e-07
607 2.385342531205553e-07
608 2.0590204647262656e-07
609 2.189926941766007e-07
610 2.0046595505062468e-07
611 2.0029628241420385e-07
612 1.9116615032936182e-07
613 2.2051478567915226e-07
614 2.0020922308903894e-07
615 2.3170441465037804e-07
616 2.24616006419934e-07
617 2.1053845780153025e-07
618 2.6634138490327067e-07
619 2.1508326588553285e-07
620 1.850181228289485e-07
621 2.2678572665700062e-07
622 1.946632271920479e-07
623 1.9360009348071966e-07
624 2.234979508006635e-07
625 2.1098191414898265e-07
626 2.470686310671869e-07
627 2.0725821840446221e-07
628 2.1344413792071527e-07
629 2.6247249361382713e-07
630 2.2805623901619337e-07
631 2.1424549128321294e-07
632 2.2878546304955755e-07
633 2.2618135088932623e-07
634 2.2365342035805508e-07
635 2.3171105912339013e-07
636 2.2372250187142605e-07
637 2.2177933405588084e-07
638 2.3423762679244226e-07
639 2.3468726378853285e-07
640 1.8726403192644357e-07
641 2.4236431761002063e-07
642 2.2504235966147772e-07
643 2.308660647687013e-07
644 2.229488972796685e-07
645 2.1930738545633195e-07
646 2.1271253252481746e-07
647 2.2544984913342644e-07
648 2.1382963586682872e-07
649 2.486790854679917e-07
650 2.1410465998809874e-07
651 2.3472709655164814e-07
652 2.2608009568200274e-07
653 2.2725514281678653e-07
654 2.0584511781811834e-07
655 2.2948559735531025e-07
656 2.387091834258615e-07
657 2.280171248174199e-07
658 1.9610684760212157e-07
659 1.981202914167812e-07
660 1.9393826046321687e-07
661 2.0631288393626893e-07
662 2.307317907832119e-07
663 2.2764698853584393e-07
664 2.0837226972376748e-07
665 2.0829729989518214e-07
666 2.14419679693671e-07
667 2.3440063146549643e-07
668 2.0954977525612603e-07
669 2.1790286085575856e-07
670 2.4290411123608356e-07
671 2.3088800788233524e-07
672 2.1614259149390746e-07
673 2.1666680643510558e-07
674 2.288715838658499e-07
675 2.1644548273017896e-07
676 2.27217573017275e-07
677 2.1161407533669069e-07
678 2.370799689699876e-07
679 2.2697415564926514e-07
680 2.488209054262374e-07
681 2.1059448192733645e-07
682 2.264814624624561e-07
683 1.9884244978976157e-07
684 1.860599128564456e-07
685 2.3074316837331465e-07
686 2.1455927974403249e-07
687 2.239286982233719e-07
688 2.435242832460291e-07
689 2.091688470923943e-07
690 2.4511431272342625e-07
691 2.3352951425974065e-07
692 2.3602784795025294e-07
693 2.0757782567405168e-07
694 2.2352660733077268e-07
695 1.8410977157765253e-07
696 2.110938725159435e-07
697 2.1385191441467346e-07
698 1.879463255229537e-07
699 1.9769898932823997e-07
700 2.1559249957769706e-07
701 2.2108964859225197e-07
702 2.1062556180086726e-07
703 2.2587941987740958e-07
704 2.300637560623294e-07
705 2.066808732054428e-07
706 2.4096874262463265e-07
707 2.1929437726999966e-07
708 2.1698331662909062e-07
709 2.3204146979707988e-07
710 2.2671857586825533e-07
711 2.3843493703320397e-07
712 2.0898068174270733e-07
713 2.5688520973005e-07
714 2.176682221258859e-07
715 2.1208567081910567e-07
716 1.9365616969215692e-07
717 2.3416569119277228e-07
718 2.49039074057827e-07
719 2.2938602170082824e-07
720 2.3311396073289247e-07
721 1.8306830654034308e-07
722 2.2301521356172485e-07
723 2.1140472552523816e-07
724 2.115653999855127e-07
725 1.9145382344780886e-07
726 2.393408851230573e-07
727 2.3459410091430632e-07
728 2.2292979992174058e-07
729 2.1405056497494924e-07
730 2.354243982166898e-07
731 2.089986243869069e-07
732 2.1549445079964985e-07
733 2.1827585460825218e-07
734 2.0668829964770847e-07
735 2.154954136017748e-07
736 2.0619389327902306e-07
737 2.534588645173075e-07
738 2.1384243395628217e-07
739 2.220931772963826e-07
740 2.2733982653691875e-07
741 2.0891600016070628e-07
742 2.040595003536913e-07
743 2.5584263002912184e-07
744 2.1584630112921066e-07
745 2.234123106192068e-07
746 1.86933463290214e-07
747 2.1260148436961164e-07
748 2.2237910781839572e-07
749 2.0096300908504804e-07
750 2.23632294112438e-07
751 2.461800585007763e-07
752 2.051103112958866e-07
753 2.1590693935646055e-07
754 2.1485635864279957e-07
755 2.152889079835884e-07
756 2.300666610457621e-07
757 2.0818585417674164e-07
758 1.9075126701066163e-07
759 2.1249431348362478e-07
760 2.2949944816262352e-07
761 1.9793213962315555e-07
762 2.2745423740766352e-07
763 2.1765856558944902e-07
764 2.0244383971727463e-07
765 2.362768472662875e-07
766 2.3229457334427788e-07
767 2.0105525437343059e-07
768 2.0634989624073e-07
769 1.862555240984301e-07
770 2.155843077253977e-07
771 1.661673315423623e-07
772 2.0428943028177926e-07
773 2.3589962691186213e-07
774 2.2253015482747556e-07
775 1.9132559158167754e-07
776 2.2740145991849202e-07
777 2.2113201818981964e-07
778 2.1735010013996083e-07
779 1.7940379752859696e-07
780 2.2241222336481456e-07
781 1.8848477747726865e-07
782 2.2720883419181137e-07
783 2.2363892752648138e-07
784 2.209214464989467e-07
785 2.3555586701422765e-07
786 2.2209430924188965e-07
787 2.1611930525284802e-07
788 1.804209376559347e-07
789 2.3080904672787597e-07
790 2.1327774841170595e-07
791 2.4737341156079723e-07
792 2.1806500138498623e-07
793 1.971951108562472e-07
794 2.1039524013096355e-07
795 2.1562342390067525e-07
796 2.2125397148079856e-07
797 1.9014222967837068e-07
798 2.003673175665707e-07
799 2.2952266657597117e-07
800 1.9265428431638832e-07
801 2.3007263851338726e-07
802 1.9921049516612028e-07
803 2.0494555278143028e-07
804 2.1550999601249034e-07
805 2.1088685020696174e-07
806 2.3587075309799394e-07
807 2.1241441739346328e-07
808 1.8960739724631138e-07
809 2.3190499248047884e-07
810 2.593542939368798e-07
811 1.8566459682031314e-07
812 2.25102042559777e-07
813 2.0548994451742294e-07
814 2.0824546807404974e-07
815 2.120531240772455e-07
816 2.163141537627558e-07
817 2.3320979221239907e-07
818 2.1826798337508027e-07
819 2.5354989454162175e-07
820 2.632836118765957e-07
821 2.019467138258649e-07
822 1.8819977841762633e-07
823 2.387712448720655e-07
824 2.0585156963356456e-07
825 2.465405073085683e-07
826 2.250764954190589e-07
827 2.0221455434469327e-07
828 2.189150090484143e-07
829 2.0885222435407583e-07
830 1.9229380941550067e-07
831 2.1583545122608924e-07
832 2.2758877001576138e-07
833 2.3501005937351174e-07
834 2.306191890098418e-07
835 2.1449003119632163e-07
836 2.2336832767197182e-07
837 1.7908214436485103e-07
838 1.8847520456354404e-07
839 1.9795974708860308e-07
840 2.0832948131337237e-07
841 2.207054898907426e-07
842 2.0253691798994165e-07
843 2.3070858886560731e-07
844 2.1838842541462556e-07
845 2.3290963260982685e-07
846 2.2905512144947411e-07
847 2.081497052412366e-07
848 1.7028859052896032e-07
849 2.1276770768131877e-07
850 2.459688502743753e-07
851 1.9039700930147574e-07
852 2.037620030366515e-07
853 2.2591471791451948e-07
854 2.1999548978891453e-07
855 2.2918816752414936e-07
856 2.185042137259757e-07
857 2.0404969529803146e-07
858 2.0041990436047159e-07
859 2.301167439117773e-07
860 2.188485082209295e-07
861 2.1520483035473538e-07
862 2.0152654409421305e-07
863 2.411776539124055e-07
864 2.3796344239804681e-07
865 2.3689787846739523e-07
866 1.7726470094171518e-07
867 2.081799284175518e-07
868 2.400529073541522e-07
869 2.1566422730464357e-07
870 2.29903592228586e-07
871 2.2285161324935177e-07
872 2.14426865016613e-07
873 2.552990028222024e-07
874 2.1099040690468013e-07
875 1.6840634250183658e-07
876 2.0399748977055484e-07
877 2.2054299304849615e-07
878 1.8949091464224716e-07
879 2.1892569255806507e-07
880 2.2805137179146505e-07
881 2.2160620281264515e-07
882 2.3537741981419932e-07
883 2.0685486947650782e-07
884 2.3895236457143707e-07
885 2.16102390626445e-07
886 2.1743704303373524e-07
887 2.3318053807414915e-07
888 2.3070153367609682e-07
889 1.9984133824651576e-07
890 2.0423053296017081e-07
891 2.1388567168358273e-07
892 1.9879646060885179e-07
893 2.2123815457642695e-07
894 1.618998637760783e-07
895 2.3474151470550092e-07
896 2.2479275546566518e-07
897 2.085812654785063e-07
898 2.368440965271099e-07
899 2.3179197194066205e-07
900 2.1834342687654577e-07
901 2.3471765866445516e-07
902 2.060290547077073e-07
903 2.1658043526908806e-07
904 2.1758575426381657e-07
905 2.1479434427196691e-07
906 2.506485124881368e-07
907 2.3009811248794266e-07
908 2.485832325582828e-07
909 2.1279279536926236e-07
910 2.3378346602389847e-07
911 2.310711743134331e-07
912 1.9685163994005438e-07
913 1.783882500956065e-07
914 2.2604359750513729e-07
915 2.2878999946814838e-07
916 2.2048211930537283e-07
917 2.451197448546873e-07
918 2.2548887130926263e-07
919 2.1658649940728535e-07
920 2.0580468004619023e-07
921 2.4366862683917847e-07
922 2.177206860310544e-07
923 2.1444923524864527e-07
924 2.1434399753707825e-07
925 2.1034660406480116e-07
926 2.308878324252173e-07
927 2.0965599205198152e-07
928 2.412858193586488e-07
929 2.0015365876314713e-07
930 2.240009041329309e-07
931 2.3800474132774596e-07
932 2.0077965546996045e-07
933 1.9412944456245788e-07
934 2.1242799837189076e-07
935 2.031165176798587e-07
936 1.8483066703023726e-07
937 2.217362159133131e-07
938 1.898041486332261e-07
939 2.143642103717148e-07
940 2.2823464470977063e-07
941 2.005862448121434e-07
942 1.9488595715004222e-07
943 2.1325133886542552e-07
944 2.2962598359497014e-07
945 2.450100244669044e-07
946 2.44189827146212e-07
947 1.9846053382732225e-07
948 2.1046397320541508e-07
949 2.0505298196938555e-07
950 2.2470665243652336e-07
951 2.096850443523151e-07
952 2.0336550272775296e-07
953 2.3655013220624184e-07
954 1.8451011838636162e-07
955 2.2014234284841817e-07
956 1.981062659933681e-07
957 2.1455775594050535e-07
958 2.2509135878382453e-07
959 2.2429370935295467e-07
960 2.127118534655516e-07
961 2.04662325924126e-07
962 1.956782190376685e-07
963 2.2177249127669156e-07
964 2.018974387484731e-07
965 2.3044998040505405e-07
966 2.3732654282002207e-07
967 2.144032705932136e-07
968 2.266001135374594e-07
969 2.4857655801330046e-07
970 2.1591015675650433e-07
971 2.0281879232436515e-07
972 2.2848929415172187e-07
973 2.1374570412108937e-07
974 1.9395605364691707e-07
975 2.2957000548682753e-07
976 1.927334985822155e-07
977 2.1387919664063611e-07
978 1.7443513016092314e-07
979 2.1192587555269594e-07
980 2.1330850455882593e-07
981 2.0520708034560484e-07
982 2.3061011491274247e-07
983 2.1177443661938323e-07
984 2.0288548043860314e-07
985 2.3304860046328564e-07
986 2.2094331238148685e-07
987 2.096751757675261e-07
988 2.3580654545398283e-07
989 2.094085194586131e-07
990 1.95337353950435e-07
991 2.1335191561016042e-07
992 1.9675046619640712e-07
993 2.1299361360373005e-07
994 2.6744720745711897e-07
995 2.4466781312055353e-07
996 2.2174540963662158e-07
997 2.1185609974228541e-07
998 2.1292529929621127e-07
999 2.1730673236278867e-07
