0 3.6268537336966304e-07
1 3.1304957462621014e-07
2 3.366837853190527e-07
3 3.3647502431981413e-07
4 3.25179157310021e-07
5 3.6269554731179995e-07
6 3.3185086006709813e-07
7 3.3710855286558394e-07
8 3.672459050979581e-07
9 3.305108615984132e-07
10 3.25916775441693e-07
11 3.34835227009322e-07
12 3.201901799567398e-07
13 3.6030401128602826e-07
14 3.3043339855372817e-07
15 3.801174051604409e-07
16 3.9849991442961366e-07
17 3.4997739603796496e-07
18 3.8709675305739897e-07
19 4.0059489060769634e-07
20 3.2354929564348933e-07
21 3.4458357415031084e-07
22 3.763329221143185e-07
23 3.786407287017196e-07
24 3.2031428752250755e-07
25 3.276693052285573e-07
26 3.5639795601121385e-07
27 2.7789801653968156e-07
28 2.5483821104252105e-07
29 2.95197786098497e-07
30 3.9803580416464913e-07
31 3.556289787485892e-07
32 3.741449241299753e-07
33 3.304415573619368e-07
34 3.719957243223375e-07
35 3.375145325860158e-07
36 3.2482496580270875e-07
37 2.703593680778672e-07
38 3.8136519527299265e-07
39 3.746630120386301e-07
40 3.6933603006599556e-07
41 3.723055777690956e-07
42 2.912791003904647e-07
43 3.423014779098105e-07
44 3.354259185525171e-07
45 3.550596256376074e-07
46 3.2618874025911275e-07
47 3.2114593992400106e-07
48 3.750208424282918e-07
49 3.5830046631807355e-07
50 3.347016325864969e-07
51 4.099747425942972e-07
52 3.5081657009638993e-07
53 3.518123954763061e-07
54 2.8736820796264545e-07
55 3.374583805103966e-07
56 3.393293486298179e-07
57 3.3258551807447334e-07
58 3.4931575200155987e-07
59 3.3865719541918425e-07
60 3.814569409109557e-07
61 3.42581253367753e-07
62 3.537969859402254e-07
63 3.655808423256492e-07
64 3.6763668081462923e-07
65 3.004261150987118e-07
66 3.812592256775069e-07
67 3.529544000189089e-07
68 3.7428574304410915e-07
69 3.26011707484087e-07
70 2.9470329174966295e-07
71 3.2639074933559505e-07
72 3.5075557644652484e-07
73 3.6754969854590966e-07
74 3.3208190490194087e-07
75 3.486186504136033e-07
76 3.0948770155634593e-07
77 3.366118914071603e-07
78 3.5036973212194497e-07
79 3.3566837209499566e-07
80 3.441669965290346e-07
81 3.776687527563224e-07
82 3.8391528236101756e-07
83 3.8581069449209476e-07
84 3.8625030677944137e-07
85 3.6863656919937344e-07
86 3.6536360799554365e-07
87 3.7744985244389066e-07
88 3.440209813352198e-07
89 3.3512934734747316e-07
90 3.155888523597925e-07
91 3.6400531993316365e-07
92 3.612965059800194e-07
93 3.141613282967465e-07
94 3.304405741365574e-07
95 3.78172773641868e-07
96 3.404030315933445e-07
97 3.511272080260751e-07
98 3.329884853368202e-07
99 3.448428868093316e-07
100 3.0162336072813973e-07
101 3.0902348065251254e-07
102 3.8033706016796807e-07
103 2.879924357795141e-07
104 3.942998666543951e-07
105 3.39106512903901e-07
106 2.8810594443364657e-07
107 3.3908772195950536e-07
108 3.5215233653343127e-07
109 2.5132997950394627e-07
110 3.7292843964441927e-07
111 3.3742371753046603e-07
112 3.869858092667631e-07
113 3.5298833979388544e-07
114 3.626256512063439e-07
115 3.834947662845708e-07
116 3.3266267011588434e-07
117 3.435543628215689e-07
118 3.283607522277303e-07
119 3.8531191600763205e-07
120 3.740993895297111e-07
121 3.485999578080718e-07
122 3.6865432621538447e-07
123 3.6071862947863886e-07
124 3.2946966922288355e-07
125 3.6670477599767546e-07
126 4.0564296109959807e-07
127 3.5049668066433847e-07
128 3.403436861063369e-07
129 3.2558734361830064e-07
130 3.3330873400178176e-07
131 3.3337111784774716e-07
132 3.702422739357158e-07
133 3.686466359886498e-07
134 2.8670604711841956e-07
135 3.4129807399074894e-07
136 3.798984657137376e-07
137 3.580485008609333e-07
138 3.5703519426393267e-07
139 3.4097544380157127e-07
140 3.653925717612117e-07
141 3.723222590217981e-07
142 3.053150218081524e-07
143 3.4297105788801947e-07
144 3.197368493373779e-07
145 2.941993836241062e-07
146 3.362004799876892e-07
147 3.1706676215973763e-07
148 2.921685483464768e-07
149 3.4396728448962615e-07
150 3.5166450061980395e-07
151 3.33282196227595e-07
152 3.4329943910097177e-07
153 3.0973735679751165e-07
154 3.648977804722019e-07
155 3.655288285482346e-07
156 3.3912540899135784e-07
157 3.4016550421667267e-07
158 3.317233357862774e-07
159 3.5992582724700357e-07
160 3.623846109356335e-07
161 2.9548739034785474e-07
162 3.6527327923740663e-07
163 3.337637133263982e-07
164 3.4305868944668527e-07
165 4.193993112736939e-07
166 3.079363279735584e-07
167 3.2532793653760646e-07
168 3.760006764207212e-07
169 3.7753074289541035e-07
170 3.3587822470238686e-07
171 3.4922054563481855e-07
172 3.8518150945316255e-07
173 3.6204839372278617e-07
174 3.516644330894058e-07
175 3.6351768529404207e-07
176 3.4053169003801043e-07
177 3.3283042920570086e-07
178 3.2267171717485846e-07
179 3.521781907815422e-07
180 3.0254463059558176e-07
181 3.5379641733119177e-07
182 3.7603210927280733e-07
183 3.623418793671625e-07
184 3.373583293966063e-07
185 3.776417901503165e-07
186 3.3690445242055695e-07
187 3.707376154432884e-07
188 3.502119871554047e-07
189 3.712708691461178e-07
190 3.510741221644853e-07
191 3.2787535817249285e-07
192 3.2170261873326186e-07
193 2.934561114396236e-07
194 3.3373658373814185e-07
195 3.662468352166028e-07
196 3.4846782479276354e-07
197 3.736331895412184e-07
198 3.355307987041617e-07
199 3.312366399750208e-07
200 3.0661209598115113e-07
201 4.1747765201595213e-07
202 3.613640454417439e-07
203 3.526304775426756e-07
204 3.9395975738158065e-07
205 3.244032737249882e-07
206 3.91883683371384e-07
207 3.749444611322488e-07
208 3.742149230460415e-07
209 3.7063644745755896e-07
210 3.36459609767462e-07
211 3.8791996857170657e-07
212 3.81738244857807e-07
213 3.4674508547454493e-07
214 3.9400746620878434e-07
215 3.66189430282916e-07
216 3.375596194221168e-07
217 3.5121009299328123e-07
218 3.4967712867014674e-07
219 3.0949758072363096e-07
220 3.284041043155218e-07
221 3.3580242808121807e-07
222 3.1118444740083123e-07
223 3.5364236614997903e-07
224 3.330318624672225e-07
225 3.60432973980596e-07
226 3.2296036385085785e-07
227 3.41770414447708e-07
228 2.8101398195582156e-07
229 3.7876523952288073e-07
230 3.91748672380775e-07
231 3.2697466978490935e-07
232 3.1517524480015417e-07
233 3.0352592372535216e-07
234 3.550446565928747e-07
235 2.91041269970076e-07
236 3.541817567823618e-07
237 2.914379836521647e-07
238 3.7691848463540777e-07
239 3.2255378066035984e-07
240 3.4621385001691315e-07
241 4.0059367478178087e-07
242 3.222168574118262e-07
243 3.2399769095316536e-07
244 3.6710892048122987e-07
245 3.7436586803869006e-07
246 3.702816075746919e-07
247 3.5029121737827937e-07
248 2.8777881355790903e-07
249 3.70128188712763e-07
250 3.7504775948938455e-07
251 3.242829953147166e-07
252 3.512780585216278e-07
253 3.5745950044748773e-07
254 3.4664270146872685e-07
255 3.8790078675695355e-07
256 3.6119454162749834e-07
257 2.925323141802596e-07
258 3.7460779545260214e-07
259 3.147310436387101e-07
260 2.997975849986368e-07
261 3.1771902667868274e-07
262 3.8128765450189175e-07
263 3.5725108482645673e-07
264 3.0025448910642216e-07
265 3.4703135091203736e-07
266 3.8938053188173486e-07
267 2.937446685980407e-07
268 3.5632619467992544e-07
269 3.0958102194054024e-07
270 3.259743117939139e-07
271 3.7938804883055024e-07
272 3.4387934729984166e-07
273 2.8207677603512624e-07
274 3.3245949303051745e-07
275 3.250086721848727e-07
276 3.7934107170856045e-07
277 3.7559380816312974e-07
278 3.394989915095631e-07
279 3.2123188374777384e-07
280 3.281363341883019e-07
281 3.137239036814177e-07
282 2.999841768432238e-07
283 3.734917411564343e-07
284 3.471427561795912e-07
285 3.612245482008567e-07
286 3.764132862379162e-07
287 3.1468751132633045e-07
288 3.1831011426598093e-07
289 2.789712572852949e-07
290 3.654224424626407e-07
291 3.53927929954037e-07
292 3.8050019707578523e-07
293 3.180826988999183e-07
294 3.5372346622894024e-07
295 3.8084692165238766e-07
296 2.6058292097452964e-07
297 3.287982912286163e-07
298 3.636198150954812e-07
299 3.7233044749698915e-07
300 3.694272211217586e-07
301 3.476960574332672e-07
302 3.130375821946751e-07
303 3.0672222535151286e-07
304 3.0550120061567245e-07
305 3.4792970796851e-07
306 3.31929442812892e-07
307 3.1116968137621403e-07
308 2.983666523200178e-07
309 3.9631841814094233e-07
310 3.586643529321891e-07
311 3.723614697373165e-07
312 3.3808391970545017e-07
313 3.1857041695964524e-07
314 2.6592374164918697e-07
315 3.40345797759144e-07
316 3.862917111827428e-07
317 3.6932365829016946e-07
318 3.5692691843734487e-07
319 2.762829786566017e-07
320 2.732715760237582e-07
321 3.437695627831936e-07
322 3.536113027772589e-07
323 3.3222257173694657e-07
324 3.5417872248330264e-07
325 3.566691336007261e-07
326 3.772017457067517e-07
327 3.5734332499169965e-07
328 3.2223198167531235e-07
329 3.467148423088169e-07
330 3.225428734821207e-07
331 3.3264498292621154e-07
332 3.074636268500451e-07
333 3.5068748140181157e-07
334 3.488401733162856e-07
335 3.5862596242950515e-07
336 3.5351997821212715e-07
337 3.4248351574251154e-07
338 3.4125946374117753e-07
339 3.283613786798395e-07
340 3.4444568874625203e-07
341 3.171362695437357e-07
342 3.069914879037659e-07
343 3.3336998772779e-07
344 3.2292394671354585e-07
345 3.047014616075205e-07
346 3.386845818325242e-07
347 3.504936010310628e-07
348 3.4068185972609027e-07
349 3.5247868487628103e-07
350 3.208399048444913e-07
351 3.867043217457204e-07
352 3.455062875760105e-07
353 3.490904448911803e-07
354 3.2815063480630364e-07
355 3.453025515012392e-07
356 3.1192641487038525e-07
357 3.557313219731414e-07
358 3.585495762526469e-07
359 4.0445728549889707e-07
360 3.2900571784246906e-07
361 3.3941590197431056e-07
362 3.162519151712698e-07
363 3.322435709129751e-07
364 3.332809487036327e-07
365 3.133005547196744e-07
366 3.1142413141625493e-07
367 3.7484585422302276e-07
368 3.48578566077515e-07
369 3.550834796077594e-07
370 3.571035904339427e-07
371 2.977618072568385e-07
372 3.4183265486739226e-07
373 4.054229284575925e-07
374 3.513905634921371e-07
375 2.965341551100671e-07
376 3.7789858442886063e-07
377 3.470081544880227e-07
378 3.5186161206442543e-07
379 3.628700426267624e-07
380 3.3111813122409317e-07
381 3.1090800731730965e-07
382 2.83796327484941e-07
383 3.927581063361418e-07
384 3.30313015446186e-07
385 3.568967282916896e-07
386 3.263686513672816e-07
387 3.3417368162999165e-07
388 3.1110026580840976e-07
389 3.7015145835272936e-07
390 3.867009935427814e-07
391 3.3343632133738587e-07
392 3.8962837916833115e-07
393 3.6618315018926804e-07
394 3.241478440943625e-07
395 4.1144263643862946e-07
396 3.478711403795597e-07
397 3.6285218680838975e-07
398 3.6730279170215916e-07
399 3.236659262460786e-07
400 3.564381297021432e-07
401 3.448664466742424e-07
402 3.7464830151744424e-07
403 3.5419050426009497e-07
404 3.559540160562699e-07
405 3.793504866132254e-07
406 3.5862887369743927e-07
407 3.396988045139969e-07
408 3.454824900856232e-07
409 3.151401277336244e-07
410 3.7527906221569386e-07
411 3.830578483538259e-07
412 3.118303808400627e-07
413 3.620285862823555e-07
414 3.492229652795734e-07
415 3.502350504130848e-07
416 3.1524700300559794e-07
417 3.387167624483274e-07
418 3.453433926947467e-07
419 3.5840831314287065e-07
420 3.4289526999385353e-07
421 3.5759599308236156e-07
422 3.697851649746803e-07
423 3.454990714326323e-07
424 3.869057839252424e-07
425 3.2181290205162066e-07
426 3.4109868384903834e-07
427 3.617488423357299e-07
428 3.797363590571216e-07
429 3.2329254638727956e-07
430 3.249694531004575e-07
431 3.4906564480266956e-07
432 3.2304917903487363e-07
433 3.5337560011339683e-07
434 3.051079017155587e-07
435 3.5435751259121654e-07
436 3.4033909141723453e-07
437 3.0515152385070364e-07
438 3.166071499082601e-07
439 3.525435877084115e-07
440 3.451710279076389e-07
441 3.218770897150799e-07
442 3.7275419973969e-07
443 2.961729731986093e-07
444 3.8080050788342424e-07
445 3.007834384032404e-07
446 3.102317258928932e-07
447 3.478831431272517e-07
448 3.6344142443396214e-07
449 2.9495014093827286e-07
450 4.2970489148360044e-07
451 3.39230340095908e-07
452 3.7060796166829716e-07
453 3.8305409696071505e-07
454 3.698137923303206e-07
455 3.010174369892923e-07
456 2.9444887849974134e-07
457 3.6992244251826006e-07
458 3.349609993311538e-07
459 3.483046493512313e-07
460 3.6229664834856557e-07
461 3.06941469791043e-07
462 3.3048343806388075e-07
463 3.944246536369193e-07
464 3.3390646907171844e-07
465 3.50503831715022e-07
466 3.340788524224321e-07
467 3.5975617245636486e-07
468 3.6910642176602255e-07
469 3.5380168331636805e-07
470 3.37456609218045e-07
471 3.7538596210307813e-07
472 2.9966311010185786e-07
473 3.8492358241037884e-07
474 3.782859732017555e-07
475 3.5325976008021095e-07
476 3.425355788082331e-07
477 3.91979965306508e-07
478 3.042061992232454e-07
479 3.419515020226615e-07
480 3.803228901746628e-07
481 3.2056032763881634e-07
482 3.2189710768081245e-07
483 3.8970405959560753e-07
484 3.442354069825216e-07
485 3.7423340206173434e-07
486 3.713930572766293e-07
487 3.481830423818919e-07
488 3.531340498287004e-07
489 3.333290633610217e-07
490 3.577987361843678e-07
491 3.2382471919124894e-07
492 3.2238378789915425e-07
493 3.4083493308560646e-07
494 3.649192954226578e-07
495 3.09463677425764e-07
496 3.898593949522198e-07
497 2.645302329497012e-07
498 4.084163676102565e-07
499 3.796535580759415e-07
500 3.5774316481253755e-07
501 2.80698530869176e-07
502 3.8219195139083804e-07
503 3.115642319359703e-07
504 2.9395574319435386e-07
505 4.004516953326492e-07
506 3.688551926923127e-07
507 3.3720489514934424e-07
508 3.488333750799392e-07
509 3.70855278151521e-07
510 3.6022266749947115e-07
511 3.6430891508540066e-07
512 3.638449484566073e-07
513 3.525594255831147e-07
514 3.505538969140821e-07
515 4.017316958605953e-07
516 3.866199602437157e-07
517 3.0740459277874896e-07
518 3.744051727963927e-07
519 3.2502978287097756e-07
520 3.2281113517415527e-07
521 3.7292816653199753e-07
522 3.4510843494422377e-07
523 3.5013674767329367e-07
524 3.342940587423797e-07
525 3.3282556992976664e-07
526 3.754354765041977e-07
527 3.422896098394496e-07
528 3.193489162461116e-07
529 3.589020774312544e-07
530 3.8774104689002086e-07
531 3.810807752767328e-07
532 3.078547637737418e-07
533 2.850970954061669e-07
534 3.409627267044536e-07
535 3.1063020287232807e-07
536 3.7695989803350974e-07
537 3.7753593760557965e-07
538 2.9911543014095675e-07
539 3.366416648253663e-07
540 3.221561308971111e-07
541 3.884195776399306e-07
542 3.3264572288029593e-07
543 3.448837964106063e-07
544 3.351810804600591e-07
545 3.2926816026543607e-07
546 3.486616722670129e-07
547 3.593571453023793e-07
548 3.7604021763034526e-07
549 3.032188294144237e-07
550 3.0595051111348204e-07
551 3.6727193089713473e-07
552 3.563857084296414e-07
553 3.8803520869146487e-07
554 3.4916603262695537e-07
555 3.6101419133805766e-07
556 3.6550661744529984e-07
557 3.7288633239594056e-07
558 3.3686396934649424e-07
559 3.34271414301826e-07
560 3.475553403396565e-07
561 4.236363110946384e-07
562 3.3532603797581075e-07
563 2.9973211019345245e-07
564 3.216692792254677e-07
565 3.19259914989538e-07
566 3.2239471076854926e-07
567 3.943137989124216e-07
568 3.6556757821704156e-07
569 3.7946786541503654e-07
570 2.985386168285894e-07
571 3.4691009272355666e-07
572 3.727218268620131e-07
573 4.02208391879379e-07
574 3.815190335760363e-07
575 3.6204734607642487e-07
576 3.533687098279653e-07
577 3.790677466680432e-07
578 3.1847256092409213e-07
579 3.754482169901322e-07
580 3.5424102029064064e-07
581 4.02908675360141e-07
582 3.817053649449429e-07
583 3.530241662595878e-07
584 3.7474197855830356e-07
585 3.489989088260889e-07
586 3.954997538958381e-07
587 3.033751132011422e-07
588 3.5842183630816535e-07
589 3.7093441031551814e-07
590 3.387326288013422e-07
591 3.134220076016215e-07
592 2.738676333981728e-07
593 3.067427677826591e-07
594 3.4003157297504106e-07
595 3.537312014026675e-07
596 3.3216281831145823e-07
597 4.119390296634719e-07
598 3.47672619143607e-07
599 3.4790444432768694e-07
600 3.2874104367313363e-07
601 3.8750843061708624e-07
602 3.2876196418722135e-07
603 3.9751167712424175e-07
604 3.815822108405417e-07
605 3.1517382240209133e-07
606 3.491088049539969e-07
607 3.5232861354618313e-07
608 3.463390274382973e-07
609 3.3767139682243073e-07
610 3.234523009601083e-07
611 3.1316246301483856e-07
612 3.64083538367322e-07
613 3.2394233434035877e-07
614 3.0784621457972123e-07
615 3.2523697731014134e-07
616 3.7891021263607095e-07
617 3.1741894488208314e-07
618 3.2631275325818326e-07
619 2.4776048852416534e-07
620 3.963921886265271e-07
621 3.445723966773985e-07
622 3.694344847703716e-07
623 3.4973313827825646e-07
624 3.3308946174232504e-07
625 3.5660354920750546e-07
626 3.7216668334304074e-07
627 3.258534038775408e-07
628 3.119205641744787e-07
629 3.1633881062986e-07
630 3.7268824851457287e-07
631 3.971265319461086e-07
632 3.333823669071264e-07
633 3.45409238767496e-07
634 3.415614709402221e-07
635 3.5001031458001796e-07
636 2.9320459323051863e-07
637 3.569943798499949e-07
638 3.73251732810117e-07
639 3.078166305263782e-07
640 3.3072182613042713e-07
641 4.018494692674755e-07
642 3.604581361284362e-07
643 3.2020074544729377e-07
644 3.8351651705178484e-07
645 3.650681007700329e-07
646 3.297798434553194e-07
647 2.959401294895093e-07
648 4.0731641747632103e-07
649 3.3694392949453834e-07
650 3.345447247907867e-07
651 3.4945065057985745e-07
652 3.545845580238891e-07
653 3.7756187322325413e-07
654 3.034106833733719e-07
655 3.60351351895159e-07
656 3.4165275233689255e-07
657 3.3983057226830346e-07
658 3.6145005781017007e-07
659 3.4749958108104546e-07
660 3.5085465007794554e-07
661 3.994875385649501e-07
662 3.405767406472185e-07
663 3.4199157113477415e-07
664 3.2288957420491807e-07
665 4.4165853191389626e-07
666 3.508174225026542e-07
667 3.740261398824136e-07
668 3.4117512395373785e-07
669 3.7772248565303867e-07
670 3.594254437652422e-07
671 3.4683585560684357e-07
672 3.4548999238473346e-07
673 3.352659249614613e-07
674 3.263351099287758e-07
675 4.048136185512548e-07
676 3.457134611447759e-07
677 3.174683833213295e-07
678 3.5659920774748576e-07
679 3.2432408958251016e-07
680 2.647093132018792e-07
681 3.932116057470382e-07
682 3.0215061620609445e-07
683 3.229262029752232e-07
684 3.307791486626077e-07
685 3.769809702266729e-07
686 3.5776897338278074e-07
687 3.214385571637816e-07
688 3.4730707863417404e-07
689 3.855752165351124e-07
690 3.82901424706388e-07
691 3.874132684194355e-07
692 3.9973470238169507e-07
693 3.5771220672655215e-07
694 3.441381331701024e-07
695 3.6364650861932745e-07
696 3.5143740377267746e-07
697 3.5017262370619906e-07
698 3.337162603323887e-07
699 3.4249900568998186e-07
700 3.4670217865023814e-07
701 3.213058501932753e-07
702 3.71168136783959e-07
703 3.7031938891237545e-07
704 3.94658855840317e-07
705 3.2536462699085527e-07
706 3.442920111020538e-07
707 3.584779478246167e-07
708 3.383079403064021e-07
709 3.771252837726453e-07
710 3.352175413621974e-07
711 3.330228359794431e-07
712 2.9616324069979943e-07
713 3.2729551543937956e-07
714 3.2095197585201434e-07
715 3.1808610646406566e-07
716 3.341405300675268e-07
717 3.9183381528878593e-07
718 3.8427637705177757e-07
719 3.0947673254985064e-07
720 3.338889249649863e-07
721 3.388068153143759e-07
722 3.5464667333535815e-07
723 3.591694962513074e-07
724 3.81056331188572e-07
725 2.8229223166269773e-07
726 3.124198147798916e-07
727 3.5792535987011447e-07
728 3.099981203268354e-07
729 3.735470832132983e-07
730 3.739571663041796e-07
731 3.85156147560114e-07
732 3.832698426320314e-07
733 3.713471102783608e-07
734 3.3004654170379223e-07
735 3.160641617540974e-07
736 3.865105071899544e-07
737 3.4791073703369716e-07
738 3.6994264102411867e-07
739 3.1201854674217146e-07
740 3.6184044301920455e-07
741 3.436755601361852e-07
742 3.7774787044101766e-07
743 3.384737493706232e-07
744 3.290181649878116e-07
745 2.8622700050913934e-07
746 3.115151872091989e-07
747 3.617024214553558e-07
748 3.206198282241833e-07
749 3.620186700379779e-07
750 3.44305717662077e-07
751 3.8413478677551074e-07
752 3.3234906708438273e-07
753 3.3108477591572947e-07
754 2.8925302848343585e-07
755 3.973195538359834e-07
756 3.863975456697803e-07
757 3.5573833184787475e-07
758 3.2616728877013334e-07
759 3.2920089878073445e-07
760 3.460291058955871e-07
761 3.712133634764025e-07
762 3.7548345208884904e-07
763 3.6270440239249513e-07
764 3.8724043798808904e-07
765 3.915694841717988e-07
766 3.162310019241351e-07
767 3.0382245470571867e-07
768 3.829912827095184e-07
769 3.3501012916792177e-07
770 3.6196400825401054e-07
771 3.007202420183724e-07
772 3.537313223697754e-07
773 3.451912697294517e-07
774 3.2018436408820313e-07
775 3.8477377940266704e-07
776 3.5825356972382925e-07
777 3.5564825570616137e-07
778 3.420073171475471e-07
779 3.3880227113415744e-07
780 4.4512629967898795e-07
781 3.2283235594324346e-07
782 3.361935591387683e-07
783 4.113244655403406e-07
784 2.9760066068459583e-07
785 3.5076595798681134e-07
786 3.160026855098521e-07
787 3.4451466255564676e-07
788 3.3573867523957456e-07
789 3.718006325165727e-07
790 4.019252702211614e-07
791 3.1242857932623223e-07
792 3.4852556621747663e-07
793 3.9106515372243817e-07
794 3.5748005313961006e-07
795 3.13341090302117e-07
796 3.249977323552365e-07
797 3.2537129410623677e-07
798 3.498966284243218e-07
799 3.7296158956527143e-07
800 3.57086168613908e-07
801 3.643626692175801e-07
802 3.195127754725482e-07
803 3.0188953524966976e-07
804 3.350596108397481e-07
805 3.473074994407723e-07
806 3.3094181480982384e-07
807 3.112249216475499e-07
808 3.453443564264897e-07
809 3.6595568964523953e-07
810 3.7717449554674413e-07
811 3.1617369142587175e-07
812 3.803147183086408e-07
813 3.0501473217932436e-07
814 3.7272271560084115e-07
815 3.667872808022947e-07
816 3.820007126357968e-07
817 3.7026637575686155e-07
818 3.652907941051359e-07
819 3.901180384429297e-07
820 3.7834769445192505e-07
821 3.3211130783990554e-07
822 3.5778575831580606e-07
823 3.3431805668101304e-07
824 3.342561759822997e-07
825 3.711017064069681e-07
826 3.366358036463416e-07
827 3.329338577889108e-07
828 3.409968797151313e-07
829 3.390175083049444e-07
830 3.8007269925586937e-07
831 3.2278352515676215e-07
832 3.642392939130418e-07
833 3.378333820739794e-07
834 3.520979528024514e-07
835 3.603619338385527e-07
836 4.0341484791301866e-07
837 2.75679958004063e-07
838 3.768662789471414e-07
839 3.116845334976635e-07
840 3.751594653025826e-07
841 3.380715003310769e-07
842 3.8537565724711106e-07
843 3.786414123016559e-07
844 3.7047812231014115e-07
845 3.564246740615668e-07
846 3.280726172968288e-07
847 3.49746574693554e-07
848 3.598703601266095e-07
849 3.0656304160758656e-07
850 3.530340449915416e-07
851 3.294033439416699e-07
852 3.6481179297894047e-07
853 4.0195115262520907e-07
854 3.644257298012993e-07
855 3.625013529506613e-07
856 3.399830465011383e-07
857 3.3603313855343304e-07
858 3.7700887876013993e-07
859 3.718724775175872e-07
860 3.646423747508952e-07
861 3.0792406185776595e-07
862 3.023927074590501e-07
863 3.33160142498267e-07
864 3.784830650873016e-07
865 3.692310408692078e-07
866 3.1630893880258004e-07
867 3.886113092351666e-07
868 3.299021194621077e-07
869 3.7898174562091935e-07
870 3.741867076415662e-07
871 3.8690777179090037e-07
872 3.5551858876201854e-07
873 3.924806336486585e-07
874 3.7993369468164097e-07
875 3.6478470895047763e-07
876 3.1535023909409837e-07
877 3.3866432323366743e-07
878 3.560522985570988e-07
879 3.678290522815903e-07
880 3.791355623954452e-07
881 3.1637180116131117e-07
882 3.42045514055441e-07
883 3.210761849619213e-07
884 3.5334911036894407e-07
885 3.538317461110481e-07
886 3.9703556005197474e-07
887 3.644381810136423e-07
888 3.78712937487329e-07
889 3.649032663906853e-07
890 2.7127964148744126e-07
891 3.67627702794469e-07
892 3.6272178306662906e-07
893 3.607685106722347e-07
894 3.894944586193973e-07
895 3.708038179520263e-07
896 3.2456582755723243e-07
897 3.576789638160551e-07
898 2.6216515116909934e-07
899 3.016397408014534e-07
900 3.055666094991847e-07
901 3.717234608116699e-07
902 3.578128898249236e-07
903 3.461127020909202e-07
904 3.7592086555180767e-07
905 3.287431434197855e-07
906 3.0450672761711533e-07
907 3.5095206828577133e-07
908 3.354775890455616e-07
909 3.2821089042591453e-07
910 3.108104947027928e-07
911 3.490874020986426e-07
912 2.771012155751945e-07
913 3.4100519303288197e-07
914 3.693328863137861e-07
915 3.40864364770505e-07
916 3.3674636960785097e-07
917 3.266216436016165e-07
918 3.3683902164460185e-07
919 3.930395019654747e-07
920 3.5509631251899065e-07
921 3.771192593974023e-07
922 3.0275879741963296e-07
923 3.396508414046581e-07
924 3.562167244865096e-07
925 3.047583434450843e-07
926 3.509474210460098e-07
927 3.7583359630095194e-07
928 3.849202951871617e-07
929 3.3604623745922844e-07
930 3.342752078946144e-07
931 3.3121077574713623e-07
932 3.4225736387945415e-07
933 3.1034280170060097e-07
934 3.196229261120269e-07
935 3.443528311120745e-07
936 3.9539931994328805e-07
937 3.48635798107844e-07
938 2.916904498596209e-07
939 4.0138346941391387e-07
940 3.2389721199590436e-07
941 3.1839214494479725e-07
942 3.4553611019587026e-07
943 3.9238466515953813e-07
944 3.073035159465954e-07
945 3.2651127499275554e-07
946 3.420835530793281e-07
947 3.2312790466966655e-07
948 3.9020441602226523e-07
949 3.0621558794807284e-07
950 3.594560118950101e-07
951 3.1023821036826104e-07
952 3.3321119695658115e-07
953 3.772841356665479e-07
954 3.124163290390662e-07
955 4.2359725261138874e-07
956 3.573018167156596e-07
957 3.827172625944329e-07
958 4.0979170089215576e-07
959 3.7026136137250306e-07
960 3.356529300016475e-07
961 3.159454609829215e-07
962 2.763487986337223e-07
963 3.383769820219945e-07
964 3.8879988546657756e-07
965 3.1313432370746226e-07
966 3.6634458422312657e-07
967 3.9039467314056035e-07
968 3.355228934422417e-07
969 3.4225502694199355e-07
970 3.634623332593749e-07
971 3.073329715036265e-07
972 3.454315169662672e-07
973 3.5353581531510826e-07
974 3.67278970579054e-07
975 3.7140351076952475e-07
976 3.472036390107538e-07
977 3.145995266320551e-07
978 3.725550328180658e-07
979 3.0688901756834444e-07
980 3.8322631371623506e-07
981 3.3562129096646994e-07
982 3.745461807484462e-07
983 2.723730754193712e-07
984 3.7218125790840397e-07
985 3.7390970014357655e-07
986 3.412940420580589e-07
987 3.722862407070292e-07
988 3.3677220548356467e-07
989 3.5086083075674977e-07
990 3.496362390516006e-07
991 3.2710562583293814e-07
992 3.2135845370035285e-07
993 3.638876881168702e-07
994 3.202013073254361e-07
995 3.902035747054536e-07
996 3.4599295727782953e-07
997 3.4306601625866085e-07
998 3.6957001930799845e-07
999 3.7065346737540556e-07
