0 4.422654096893879e-07
1 5.069545549942728e-07
2 4.731680939371742e-07
3 5.172638219581736e-07
4 5.808956114911534e-07
5 5.170536647205613e-07
6 4.637698862569498e-07
7 5.12099514933308e-07
8 4.21327619734059e-07
9 5.04899947785729e-07
10 5.943448333596562e-07
11 4.3834034442320844e-07
12 4.773840159339951e-07
13 4.1566861336442636e-07
14 4.99152194328289e-07
15 4.934139213541389e-07
16 4.4864986551975495e-07
17 4.3776563559975865e-07
18 3.9857782968205467e-07
19 3.100808610536089e-07
20 5.658507153363732e-07
21 5.032527657987991e-07
22 4.933250902064809e-07
23 4.0997502552309497e-07
24 4.9316207154543e-07
25 5.371404859437149e-07
26 4.4048448872241096e-07
27 5.059390223078211e-07
28 5.632754509996651e-07
29 5.795301127869636e-07
30 4.5674702985738404e-07
31 4.1970215144342964e-07
32 4.146562624541303e-07
33 4.315668637139391e-07
34 4.464123759656329e-07
35 5.57636807306435e-07
36 5.361141254781302e-07
37 5.916609463648133e-07
38 3.541233265880892e-07
39 5.089850155840017e-07
40 4.144581205581228e-07
41 3.9311241007372295e-07
42 6.276991268933387e-07
43 5.211349580228285e-07
44 4.5998997521679284e-07
45 4.2407308199747994e-07
46 4.987120805527816e-07
47 5.684448072805712e-07
48 3.8585287755744846e-07
49 4.232983579332181e-07
50 5.074764374794641e-07
51 3.4990051116291967e-07
52 4.285619566590209e-07
53 5.180004856314863e-07
54 5.363937340728778e-07
55 4.541652942030028e-07
56 5.353217583664975e-07
57 5.496906889281627e-07
58 4.1690817767013694e-07
59 5.290061833988183e-07
60 5.049699134148807e-07
61 4.3650546419486437e-07
62 4.804338128249918e-07
63 5.622006152146507e-07
64 4.968467145144396e-07
65 5.943087481827705e-07
66 4.46169762211041e-07
67 6.251479528006247e-07
68 3.824554273994896e-07
69 5.12441790378571e-07
70 4.957815363818931e-07
71 5.995002531643124e-07
72 4.6177838629570864e-07
73 3.8602713193680493e-07
74 4.465250526197843e-07
75 5.428263780961517e-07
76 5.121684103841676e-07
77 4.287466916693508e-07
78 5.145448253545872e-07
79 4.219264908905049e-07
80 4.523202007480583e-07
81 4.226850670281051e-07
82 3.871003799610223e-07
83 3.905410376876377e-07
84 3.2844923394786854e-07
85 4.551724158711503e-07
86 5.535918723957735e-07
87 4.6887867682306945e-07
88 5.15128564721069e-07
89 5.106509110569766e-07
90 4.2367817368922106e-07
91 3.827098821444795e-07
92 3.946315419006073e-07
93 5.402314675607363e-07
94 5.21095781456819e-07
95 4.53471469910473e-07
96 4.5431322182830805e-07
97 4.5090055330177316e-07
98 5.434830687569027e-07
99 4.487512179207871e-07
100 4.991115063825223e-07
101 6.075820650221366e-07
102 4.871282976379569e-07
103 4.884440937382068e-07
104 5.21856854164669e-07
105 4.744746769865415e-07
106 5.547807345320535e-07
107 4.770787640051715e-07
108 4.3648836763088837e-07
109 6.334894435692587e-07
110 4.516980586203569e-07
111 5.347220707289108e-07
112 4.700775569565455e-07
113 4.7027365284444987e-07
114 4.31292230030513e-07
115 4.447226874035122e-07
116 4.999847014876689e-07
117 4.545081961553709e-07
118 5.169854384352772e-07
119 3.9420275614719015e-07
120 4.0010593980969593e-07
121 4.786958045110527e-07
122 4.0889183065894846e-07
123 4.862360562262128e-07
124 5.035817142333218e-07
125 5.372351817504822e-07
126 4.0656128411769317e-07
127 4.5082499182438727e-07
128 4.032173720153898e-07
129 5.392439896809278e-07
130 5.035050455126988e-07
131 4.4139527053590887e-07
132 3.7570680672508845e-07
133 4.1082204564968314e-07
134 6.473681098102089e-07
135 5.389603783190234e-07
136 4.5206331137776836e-07
137 5.2000740448432e-07
138 4.859758454767536e-07
139 5.10742766446375e-07
140 4.2180186518407066e-07
141 4.143953294809256e-07
142 4.4443506540172276e-07
143 5.202433810298169e-07
144 6.015714551675364e-07
145 5.503182396332756e-07
146 4.831689918915893e-07
147 5.32523129156834e-07
148 5.93586167325767e-07
149 4.5372428853345384e-07
150 4.25869556249361e-07
151 5.056901955537832e-07
152 4.851874031921497e-07
153 5.662147685328186e-07
154 4.6387642056248444e-07
155 4.355438792736023e-07
156 5.035795640373858e-07
157 4.2954838428685834e-07
158 4.848778968597131e-07
159 4.3011987286499783e-07
160 4.493913580031841e-07
161 6.67061963991019e-07
162 5.925945867962086e-07
163 4.5821420418332295e-07
164 5.009229124099809e-07
165 3.862484191780146e-07
166 5.237591234234975e-07
167 4.930268568707138e-07
168 5.399368922584475e-07
169 5.416368692548487e-07
170 5.500230230032822e-07
171 3.7459507819828916e-07
172 3.1324465257404493e-07
173 5.07612322761318e-07
174 4.444765614437283e-07
175 3.6926197003950965e-07
176 4.849665806487482e-07
177 4.958082631648946e-07
178 6.015759158985333e-07
179 4.227232481341505e-07
180 5.378997031331004e-07
181 4.6905646438993345e-07
182 5.374044800136846e-07
183 4.76992130461013e-07
184 4.609813975101037e-07
185 4.932495252066856e-07
186 5.183913677286004e-07
187 3.5036949349305607e-07
188 3.8707558483283495e-07
189 4.1373887121153783e-07
190 4.982686095731373e-07
191 4.839305988934696e-07
192 4.718179458758248e-07
193 5.527512092697715e-07
194 5.072990204105646e-07
195 4.2309869981991176e-07
196 5.207851594588382e-07
197 4.322593069044388e-07
198 4.933603264781818e-07
199 4.5656404008178246e-07
200 5.675989114895766e-07
201 4.037282764562123e-07
202 4.581423469936268e-07
203 4.496661931606217e-07
204 4.1985048500034734e-07
205 5.765429033900195e-07
206 3.9540043294493586e-07
207 3.2366039035243147e-07
208 3.558461327797609e-07
209 5.523052399981161e-07
210 4.866697174152541e-07
211 4.4384345015044137e-07
212 4.158823546187905e-07
213 4.6191006684463046e-07
214 4.941974039640481e-07
215 4.3304243336630533e-07
216 5.350342544741923e-07
217 4.300330910704425e-07
218 4.653823949617491e-07
219 5.314095226465006e-07
220 4.5115558077361894e-07
221 4.721011000159636e-07
222 5.129827485106279e-07
223 4.223376461658446e-07
224 4.2740487519147686e-07
225 4.7330350038556545e-07
226 5.290877048861259e-07
227 4.473312684502574e-07
228 5.989097597795796e-07
229 4.040867619686486e-07
230 4.889468667398455e-07
231 3.738034131363397e-07
232 5.681850181354335e-07
233 4.99851086627728e-07
234 3.938755286078004e-07
235 6.001565453037737e-07
236 4.52086446189039e-07
237 5.624016179900542e-07
238 3.397127511096147e-07
239 5.597929705920907e-07
240 3.941321995208638e-07
241 3.338574049351615e-07
242 5.218146838475078e-07
243 5.182168582914344e-07
244 3.949754661373218e-07
245 3.7976407209480544e-07
246 4.125743754056542e-07
247 4.6111725274179734e-07
248 5.436672631328147e-07
249 4.638707765009663e-07
250 4.2548663357519635e-07
251 6.150449778303796e-07
252 4.4237171059182295e-07
253 3.771789035622115e-07
254 4.744773370386307e-07
255 3.568064447915132e-07
256 3.8892501403828186e-07
257 5.801446625655131e-07
258 4.0131698020908617e-07
259 4.701356280954771e-07
260 4.530851640342956e-07
261 4.548619974305701e-07
262 4.821387016838348e-07
263 4.124665102907187e-07
264 5.631166710506741e-07
265 4.55423542298961e-07
266 3.5524430086089e-07
267 5.279717290685222e-07
268 4.5669885719694447e-07
269 5.569524557243782e-07
270 4.910995906723499e-07
271 4.422445914024041e-07
272 4.889598015974448e-07
273 5.786181927363557e-07
274 4.828877092160765e-07
275 5.446179882636904e-07
276 4.4794785959362054e-07
277 5.059024488057767e-07
278 4.939661912894791e-07
279 5.158206546445577e-07
280 5.715025255263775e-07
281 5.762450603549214e-07
282 5.209316330671657e-07
283 4.4046198623476944e-07
284 5.478892107652147e-07
285 4.382845342221133e-07
286 5.47322680272856e-07
287 4.507118324258445e-07
288 4.761248827638519e-07
289 5.263225231279993e-07
290 4.923104680707293e-07
291 4.726712883709013e-07
292 4.797188505865426e-07
293 5.207503297811724e-07
294 3.4461520209644427e-07
295 5.066395773084163e-07
296 5.730523830924902e-07
297 5.269222780724482e-07
298 4.156349622372392e-07
299 5.265870158279822e-07
300 4.7325153590825447e-07
301 5.139070993689149e-07
302 5.741311536770857e-07
303 5.031227839341518e-07
304 4.69795247588353e-07
305 4.022582154325749e-07
306 4.055827190426368e-07
307 5.288477066208474e-07
308 5.959695170108941e-07
309 3.82095882630161e-07
310 5.644256408314579e-07
311 4.6371646510124925e-07
312 4.738961576442159e-07
313 5.855534617638038e-07
314 6.55916546053907e-07
315 4.3948008725685476e-07
316 4.899465328729957e-07
317 3.6767563077808166e-07
318 4.4421069649945e-07
319 5.771779342518636e-07
320 6.480283593193514e-07
321 4.6197167069335234e-07
322 4.402442197636471e-07
323 4.175842109630729e-07
324 4.877404611601871e-07
325 3.8471839970788516e-07
326 4.820775576564544e-07
327 4.651426565236934e-07
328 4.709233911009656e-07
329 4.476973097757907e-07
330 4.902678256748711e-07
331 5.992089650083214e-07
332 5.222681454012581e-07
333 5.327758113589671e-07
334 3.626106257062437e-07
335 5.400503957686668e-07
336 5.57757260058328e-07
337 5.566375825838536e-07
338 4.686948174675702e-07
339 5.551972603078395e-07
340 4.912872904138706e-07
341 5.682570869170737e-07
342 4.733280342904819e-07
343 5.408349337277865e-07
344 4.227253369259332e-07
345 4.7079314817215233e-07
346 5.1620899887378e-07
347 5.527942569518562e-07
348 4.4496321614869203e-07
349 4.4938923072239966e-07
350 4.74691595259795e-07
351 4.4870955944207395e-07
352 4.2145965700256666e-07
353 5.2875520091683e-07
354 4.359256973797116e-07
355 3.75250252477193e-07
356 5.319785731651552e-07
357 4.7668681920812544e-07
358 4.89692789553879e-07
359 4.552617282211693e-07
360 5.179562593915809e-07
361 4.5154087130629507e-07
362 5.382310625732692e-07
363 5.727889316322871e-07
364 4.5152381041838045e-07
365 4.184274279565063e-07
366 4.99986003939042e-07
367 3.941690861560536e-07
368 4.212720465117943e-07
369 5.429357854089818e-07
370 4.531472614120479e-07
371 5.232701941978351e-07
372 5.243001050356778e-07
373 4.22684912694401e-07
374 5.843211568026044e-07
375 5.57003844486882e-07
376 4.855243790719915e-07
377 5.335304159723821e-07
378 5.305064076203957e-07
379 4.965943401436129e-07
380 5.041897043336842e-07
381 5.38650833003397e-07
382 5.182944384187621e-07
383 4.372902342685516e-07
384 4.6857490313004176e-07
385 4.2847550541900706e-07
386 5.194943310496419e-07
387 4.792966835819233e-07
388 5.898682339337105e-07
389 4.221145281914524e-07
390 4.3185783162081244e-07
391 4.617838048952223e-07
392 3.5086975202001827e-07
393 4.5694905971322694e-07
394 5.367694526288962e-07
395 3.3849129962217477e-07
396 5.285004060666993e-07
397 4.2873691073558276e-07
398 3.8556067977392214e-07
399 5.23015656569433e-07
400 4.231611067851602e-07
401 4.856545148775865e-07
402 4.719870678283151e-07
403 3.6488811443946697e-07
404 4.783827966776697e-07
405 4.482801594144749e-07
406 4.315551686409005e-07
407 4.970363826627109e-07
408 4.2451795623718674e-07
409 4.375548610314601e-07
410 3.827737375139543e-07
411 4.469799639043546e-07
412 5.077952761320233e-07
413 4.942712878088619e-07
414 4.936733316719474e-07
415 4.020899066927364e-07
416 5.516937155164186e-07
417 5.444690837550876e-07
418 4.650751575959681e-07
419 4.06188771311405e-07
420 4.2739054295404087e-07
421 5.12099132698761e-07
422 5.144919201427835e-07
423 4.2842463960365636e-07
424 4.013396079566213e-07
425 4.25242186981056e-07
426 5.544670905839568e-07
427 4.848396547855636e-07
428 2.891170713321691e-07
429 4.09374152950696e-07
430 4.655398238349222e-07
431 5.347707795478152e-07
432 5.551732718452038e-07
433 5.711162325341849e-07
434 5.731398477761779e-07
435 5.054669245256223e-07
436 3.7035976481232083e-07
437 5.036813308172983e-07
438 5.54678318541576e-07
439 5.084095548821528e-07
440 4.935630720383698e-07
441 5.399053797778403e-07
442 4.855463721445658e-07
443 5.450859053112024e-07
444 4.483290905241458e-07
445 5.32991203865957e-07
446 5.046108699628374e-07
447 5.017574188060351e-07
448 4.331234956625826e-07
449 5.276824276004523e-07
450 4.158029545454443e-07
451 5.529041710990702e-07
452 5.352354660678265e-07
453 4.321834856019185e-07
454 5.026042610424003e-07
455 5.981040233382866e-07
456 5.43669330716267e-07
457 4.7481786386690444e-07
458 4.413104675093616e-07
459 4.5689720804776885e-07
460 4.6055538406876354e-07
461 4.803929217939888e-07
462 5.356411640588982e-07
463 4.185876579116368e-07
464 4.797823921592124e-07
465 3.7984864069981925e-07
466 4.3707213485580466e-07
467 4.115687227562613e-07
468 4.438196414574493e-07
469 5.434460606598057e-07
470 4.5923056657021443e-07
471 4.7184246004288443e-07
472 5.08136244396273e-07
473 3.250890045433322e-07
474 4.2268908030972906e-07
475 4.621339203279804e-07
476 5.123461751587752e-07
477 5.392022194292865e-07
478 5.402309239094356e-07
479 5.402445610018674e-07
480 5.093953450274036e-07
481 4.843864011228186e-07
482 3.790484032315082e-07
483 4.830109402891622e-07
484 6.281620494048745e-07
485 4.508788427619103e-07
486 4.027032023721953e-07
487 4.532853434527938e-07
488 4.5938670378761596e-07
489 4.590008586578023e-07
490 4.701972093424154e-07
491 6.027696206553587e-07
492 4.903148651273919e-07
493 4.397278685174946e-07
494 4.989781434535072e-07
495 6.347517763592556e-07
496 3.935490789180598e-07
497 6.333632311596091e-07
498 3.3720225679176707e-07
499 4.6079817886129985e-07
500 4.646580077744407e-07
501 5.927242899298863e-07
502 4.255034295713682e-07
503 4.941568645800562e-07
504 5.162814708610715e-07
505 4.2141898555052747e-07
506 3.99220449624124e-07
507 5.874452420667776e-07
508 4.2016443890147464e-07
509 4.3108174786389796e-07
510 4.896436612075455e-07
511 4.252346910901917e-07
512 5.156541156432399e-07
513 5.04525156232222e-07
514 4.696207660652119e-07
515 5.026811775689978e-07
516 4.535589599083497e-07
517 4.813035166361845e-07
518 4.570802114530004e-07
519 5.200896685888317e-07
520 4.0654361365030374e-07
521 4.1166328177478205e-07
522 3.722065342765297e-07
523 5.71772623098764e-07
524 5.378828111720592e-07
525 4.6853950249105277e-07
526 4.406282027048132e-07
527 4.853237704805339e-07
528 5.099675617891875e-07
529 4.2054228280178434e-07
530 4.077867322609025e-07
531 4.0545609786192967e-07
532 4.161137295476909e-07
533 6.637362211075389e-07
534 4.5378604506177733e-07
535 5.124418930206156e-07
536 4.584308974302482e-07
537 3.896243395669747e-07
538 5.024747999334291e-07
539 5.625603495087027e-07
540 5.011433592833774e-07
541 4.5156627606894563e-07
542 5.025076281908196e-07
543 4.2512427408281264e-07
544 5.111706015668882e-07
545 5.169038423325556e-07
546 4.2905843571836255e-07
547 3.5049289281666403e-07
548 3.6380745020328197e-07
549 5.885019424295305e-07
550 4.765661404089931e-07
551 4.5591461570391474e-07
552 4.6640522865578525e-07
553 4.5060581570538436e-07
554 3.875864813317697e-07
555 4.3141495939179685e-07
556 4.1393343910976396e-07
557 4.274195963755055e-07
558 5.393760630528873e-07
559 5.161714395785455e-07
560 5.81059711256265e-07
561 3.959886691704273e-07
562 4.944189536156109e-07
563 5.39842669118187e-07
564 5.289688377486237e-07
565 5.434887696903252e-07
566 4.815143511280926e-07
567 4.189003386169367e-07
568 4.371616474806333e-07
569 4.4399316752105004e-07
570 5.546613607050003e-07
571 4.320865666695475e-07
572 3.055008385946889e-07
573 4.219165593690735e-07
574 3.591468203004144e-07
575 5.077388569813173e-07
576 4.4886868853513686e-07
577 5.086153373605374e-07
578 5.134433851888879e-07
579 5.442110144709616e-07
580 5.332927706391487e-07
581 4.599922622587737e-07
582 3.878782835380204e-07
583 5.304435180195609e-07
584 5.471071681385711e-07
585 4.7160225659797984e-07
586 3.112073276319529e-07
587 5.366216178953175e-07
588 5.216259273056679e-07
589 4.4975306478893804e-07
590 5.539344825373142e-07
591 5.447864710130678e-07
592 5.72751485682974e-07
593 4.0564278442399247e-07
594 4.250999123562084e-07
595 3.999172095253697e-07
596 4.6349609603544495e-07
597 4.958266896538757e-07
598 5.427108390488587e-07
599 4.607212314744242e-07
600 4.4079858340179116e-07
601 4.049027154462744e-07
602 4.926581689475943e-07
603 3.8407292988587386e-07
604 3.705683061762612e-07
605 5.164652866971538e-07
606 5.51689802941941e-07
607 5.189884090833092e-07
608 6.213579170103299e-07
609 4.491497819238936e-07
610 5.282095756538755e-07
611 5.270809662917679e-07
612 3.5804408468660246e-07
613 5.002881145388943e-07
614 5.18507338413014e-07
615 4.229456443491389e-07
616 4.2238732012844527e-07
617 4.4903066221727365e-07
618 4.832960460140409e-07
619 6.566764835893017e-07
620 5.032504266830442e-07
621 4.487101624763134e-07
622 4.988241659312274e-07
623 3.9325420270362593e-07
624 3.6108006438974534e-07
625 4.6866900832900303e-07
626 4.787770591624584e-07
627 5.026952301294257e-07
628 4.868818770064502e-07
629 4.990386348085517e-07
630 3.6246567844034636e-07
631 4.2661749992020074e-07
632 4.506523654051095e-07
633 4.2612479922026896e-07
634 4.3463987989038655e-07
635 4.614093925076489e-07
636 5.618001996101202e-07
637 4.3959090462574546e-07
638 4.2470891738668635e-07
639 5.255862064628679e-07
640 5.767797982854208e-07
641 5.390910417570785e-07
642 2.9742692345401373e-07
643 4.1990258974673966e-07
644 3.799500031815226e-07
645 4.45279285452802e-07
646 4.412949750560928e-07
647 6.106873550034563e-07
648 5.203886892515006e-07
649 5.365498652306835e-07
650 5.250720576224839e-07
651 4.83855264256385e-07
652 4.2889687130607616e-07
653 3.706081083253424e-07
654 5.814142787380835e-07
655 5.369616001519125e-07
656 4.766632986611537e-07
657 4.720131290386197e-07
658 4.2951972184867946e-07
659 4.80883709149952e-07
660 4.781445167002874e-07
661 3.74841524132242e-07
662 5.304520393481701e-07
663 4.982811182920937e-07
664 4.5763217290283907e-07
665 3.6334388221942486e-07
666 4.385201924750102e-07
667 4.8400072945556e-07
668 4.336747922944491e-07
669 4.3076719421028035e-07
670 5.157450665522017e-07
671 5.211113170356984e-07
672 4.96701348517996e-07
673 3.9730255664017215e-07
674 5.088388629691882e-07
675 4.2555142447698334e-07
676 5.584621237571096e-07
677 5.384208620384389e-07
678 4.1622261246125105e-07
679 5.417579523566984e-07
680 6.036406959387718e-07
681 4.564858798009307e-07
682 5.237247099711319e-07
683 5.298017862273163e-07
684 4.5693709956871383e-07
685 5.408210538909541e-07
686 3.7491644579660854e-07
687 6.229152364128289e-07
688 5.352454373122406e-07
689 4.273289089847708e-07
690 3.578350693306181e-07
691 3.703268949957958e-07
692 3.9972785365253845e-07
693 4.894433411092282e-07
694 4.401849837674036e-07
695 5.598014115098314e-07
696 5.423394071145536e-07
697 5.143726227596011e-07
698 4.98525685915144e-07
699 5.528719671279844e-07
700 4.994645487267713e-07
701 5.156088837733156e-07
702 4.280054634009523e-07
703 3.9587454629336963e-07
704 4.0827782921240634e-07
705 5.456053280084024e-07
706 6.00565418107871e-07
707 4.850218486925038e-07
708 5.277445473420888e-07
709 4.693888375457508e-07
710 5.214832852546609e-07
711 5.862864238217332e-07
712 5.134733728526775e-07
713 4.5286352073217444e-07
714 5.050761210428967e-07
715 4.695598446690068e-07
716 5.181406939513644e-07
717 3.503560832715206e-07
718 3.9550469580670137e-07
719 5.307343041396822e-07
720 5.375070913460419e-07
721 5.065816523419799e-07
722 4.051259648474013e-07
723 4.89276450363814e-07
724 3.955096025198519e-07
725 6.441121732657446e-07
726 5.51504915001815e-07
727 4.5202910464753746e-07
728 5.300623099000622e-07
729 5.178573453819321e-07
730 4.620866711481194e-07
731 4.946076294040931e-07
732 4.1936265590991896e-07
733 4.753354277640319e-07
734 5.368961952267886e-07
735 5.029179939736419e-07
736 4.818430347296948e-07
737 3.8226121826821855e-07
738 4.463200617823775e-07
739 4.651643239813574e-07
740 4.734212401215395e-07
741 5.655889435010104e-07
742 4.6887258126840307e-07
743 4.778947781342742e-07
744 4.6493425045091215e-07
745 5.790965436204473e-07
746 4.727521836823785e-07
747 4.979141310026246e-07
748 5.798517006660873e-07
749 3.8107511432061243e-07
750 4.96490535785625e-07
751 4.838288462395353e-07
752 4.364965430820842e-07
753 4.4573881869468107e-07
754 4.914639746524371e-07
755 3.9881354562444963e-07
756 4.1182356579873503e-07
757 4.4400825710525014e-07
758 5.038865540299864e-07
759 4.935135905311459e-07
760 4.4690472453933314e-07
761 4.276125407652997e-07
762 4.6108345754264625e-07
763 5.032742382345841e-07
764 3.870583344789755e-07
765 4.3755730436960184e-07
766 4.4070336418672116e-07
767 5.07089569530135e-07
768 3.245015250873561e-07
769 4.758932667965319e-07
770 5.07965160698789e-07
771 5.155476851406587e-07
772 5.074257246730798e-07
773 4.239637698104392e-07
774 5.913378413213533e-07
775 3.925969386316152e-07
776 4.157569020351276e-07
777 4.903268669682975e-07
778 4.821018887864097e-07
779 5.490353127053117e-07
780 3.981745342200337e-07
781 4.632676430506607e-07
782 4.917581275256555e-07
783 4.5747794130595194e-07
784 5.717821707411547e-07
785 3.8570217933667954e-07
786 5.940976242213372e-07
787 5.250631930762891e-07
788 5.333681350996081e-07
789 4.241221314560607e-07
790 4.4332169935512057e-07
791 5.010508363516964e-07
792 4.339768655392952e-07
793 4.1937447996911017e-07
794 4.4403388699462807e-07
795 5.280237412908211e-07
796 5.996672832847967e-07
797 4.6778210132377244e-07
798 5.493518028477532e-07
799 4.330214258725771e-07
800 4.2904481869262603e-07
801 3.575262272540716e-07
802 5.234422407164165e-07
803 5.508691135794576e-07
804 4.855280418640298e-07
805 4.50093823596956e-07
806 5.056808053975411e-07
807 4.1256995360964893e-07
808 5.359184809230831e-07
809 4.587750213743483e-07
810 3.694515621562254e-07
811 5.624541166869644e-07
812 4.848336988786446e-07
813 5.626838429214342e-07
814 4.968950134760182e-07
815 3.838992582628848e-07
816 4.4624673619781817e-07
817 4.6067205609585316e-07
818 4.018575189724608e-07
819 4.405614321796851e-07
820 4.712264481892603e-07
821 5.0114924776663e-07
822 4.209948056813962e-07
823 3.8207217212835654e-07
824 5.553158512113313e-07
825 4.3968156169245883e-07
826 5.379763035016061e-07
827 5.353997957461753e-07
828 4.1361555585710426e-07
829 5.43748197208971e-07
830 3.5581897883431085e-07
831 4.6351654367762886e-07
832 3.702085882585822e-07
833 5.092614697614289e-07
834 4.944273778279204e-07
835 3.4729411300559235e-07
836 3.893979681354026e-07
837 5.869212669793104e-07
838 4.13041843900944e-07
839 5.453313852829528e-07
840 4.6652534099142344e-07
841 5.104872813953044e-07
842 4.4651795732707754e-07
843 4.2317818958162926e-07
844 4.933638821819264e-07
845 4.65549808665847e-07
846 5.462160269787794e-07
847 4.7238285013651917e-07
848 4.7184690225519093e-07
849 5.34032077037052e-07
850 4.130199266860653e-07
851 5.484077193865084e-07
852 5.313059514528382e-07
853 4.937485619505178e-07
854 5.389539752581968e-07
855 5.298174662530957e-07
856 5.903569601479267e-07
857 5.358724678908392e-07
858 4.900860980591995e-07
859 5.024990715892582e-07
860 5.153787815551363e-07
861 4.976283720468843e-07
862 5.360186978271838e-07
863 4.899062184635429e-07
864 4.4493672775217727e-07
865 4.153203008414849e-07
866 5.411652557141272e-07
867 4.982450617709677e-07
868 5.149198517495689e-07
869 5.788475796033711e-07
870 3.750793382918023e-07
871 4.649151322721967e-07
872 5.134861670978724e-07
873 4.322823191812004e-07
874 4.846759916753392e-07
875 4.925491458772008e-07
876 5.85223136351558e-07
877 4.1758560487137457e-07
878 4.283536735342748e-07
879 5.217551581078159e-07
880 3.898579345724169e-07
881 5.611047812686863e-07
882 4.864067262453937e-07
883 5.907445042792744e-07
884 4.645566871077623e-07
885 4.706817777138175e-07
886 4.0195966439002594e-07
887 5.28863498642159e-07
888 4.739154707129632e-07
889 5.114788275648152e-07
890 5.342399719813005e-07
891 4.512199692017209e-07
892 4.156306294507625e-07
893 3.6701226665828586e-07
894 4.278640167837647e-07
895 4.271434426769817e-07
896 5.482008491766928e-07
897 4.976220279049008e-07
898 6.199287725138494e-07
899 5.370284979208627e-07
900 6.033341286149574e-07
901 4.315305018432048e-07
902 5.165835622437816e-07
903 5.264480497841094e-07
904 5.276732720299108e-07
905 5.021305925901651e-07
906 5.16131046530105e-07
907 4.351590551842294e-07
908 5.097484667938484e-07
909 4.5744522259611584e-07
910 5.709069481098768e-07
911 4.943737377553728e-07
912 5.524881714656792e-07
913 5.233689177593151e-07
914 4.772649773346278e-07
915 4.654076673650822e-07
916 5.30636244576861e-07
917 4.092312044498458e-07
918 4.053112298889864e-07
919 3.9589419897473366e-07
920 5.161591535505329e-07
921 3.852080758709129e-07
922 4.71930431123232e-07
923 5.131836590007087e-07
924 4.699724216101267e-07
925 4.927031067682295e-07
926 4.1384846679610934e-07
927 4.498053020616982e-07
928 5.228652796872229e-07
929 4.940062307460142e-07
930 4.2064328229195233e-07
931 5.168916373611124e-07
932 5.061790188273015e-07
933 5.442856140875076e-07
934 5.436223550851675e-07
935 5.606812449974913e-07
936 4.222908669789271e-07
937 4.4540427073281107e-07
938 6.009975579415738e-07
939 3.8603882682439526e-07
940 4.6626353506558767e-07
941 5.39682084011498e-07
942 4.070670123377559e-07
943 4.5463795188938664e-07
944 4.740500235028682e-07
945 5.747390876670185e-07
946 4.696306772791525e-07
947 4.3272719875294525e-07
948 4.844536822291142e-07
949 5.28618179183635e-07
950 4.372863042060362e-07
951 5.60974849719536e-07
952 4.697065037362006e-07
953 5.01795387139397e-07
954 4.7473391452923934e-07
955 3.4806065929450157e-07
956 5.492184844574946e-07
957 4.2587638919147754e-07
958 3.646902562394992e-07
959 4.0514333969267075e-07
960 4.020672941388922e-07
961 4.96347807498243e-07
962 6.100518717494271e-07
963 5.088601790789249e-07
964 4.670769090014204e-07
965 4.651534066198911e-07
966 4.2602042704783784e-07
967 4.800634714378423e-07
968 4.55960527372556e-07
969 5.14554569478577e-07
970 5.106655034003775e-07
971 5.409405786881773e-07
972 4.262849501502672e-07
973 5.022617907025774e-07
974 5.374344683297819e-07
975 3.518192977898092e-07
976 4.856764420096713e-07
977 5.687850058537055e-07
978 4.346917556426029e-07
979 5.729081689691172e-07
980 3.8359182785448553e-07
981 5.040174712163889e-07
982 4.5882483072250293e-07
983 6.109084721404044e-07
984 4.323628310107619e-07
985 4.5495423079355385e-07
986 5.161817337554238e-07
987 3.612211077806911e-07
988 4.6287650010993634e-07
989 5.283292491764143e-07
990 4.407161178949332e-07
991 5.451860272032407e-07
992 5.182613218071717e-07
993 3.832615183290386e-07
994 5.61790237010584e-07
995 4.1352554688078643e-07
996 3.992345732895136e-07
997 5.496386725629297e-07
998 4.776628412910208e-07
999 4.919387004003908e-07
