0 1.7199414160034128e-07
1 1.8316340300283604e-07
2 2.8369664035807166e-07
3 1.0044786709992651e-07
4 6.619974507193577e-09
5 4.736259079560591e-08
6 2.608007712484535e-07
7 1.4041685318612962e-07
8 3.1767625732612187e-07
9 1.5863948471754387e-07
10 7.586518195302248e-09
11 2.0203590520671638e-07
12 2.6729211852117976e-07
13 3.028709734476095e-07
14 1.8707174903480505e-07
15 3.0049051243195765e-08
16 8.230789658287963e-08
17 2.513047456996782e-07
18 2.2960040291848308e-07
19 3.737592153379091e-07
20 2.1535332307214893e-08
21 1.1817024388580396e-07
22 8.403140066988177e-08
23 2.6146801747723237e-07
24 1.719380130628399e-07
25 1.2836771727523886e-07
26 2.32979905193679e-07
27 2.671294053839962e-07
28 2.101379457013657e-07
29 1.0642425510120011e-07
30 1.2702967164732173e-07
31 2.9568745563766965e-07
32 2.475704752795735e-07
33 2.4176349139007834e-07
34 1.5610936013935163e-07
35 2.1781211728686026e-08
36 1.3507484953386305e-07
37 1.8015043231001394e-07
38 3.3752745461157844e-07
39 5.991924935503214e-08
40 2.1962555470277874e-07
41 2.8083328889324783e-07
42 -2.3925232313188896e-08
43 9.358903984793338e-08
44 2.9842884851641625e-07
45 2.2377553899458426e-07
46 2.2667519809864436e-07
47 1.2662448920580895e-07
48 3.0025147818795356e-07
49 2.886438676803482e-07
50 1.5637653173435567e-07
51 3.2300158957401185e-07
52 2.859699661435994e-07
53 8.32488771661136e-08
54 2.2362511363577714e-07
55 2.06787174110254e-07
56 7.46113576421209e-08
57 2.900683219976307e-08
58 2.6124063468165347e-07
59 1.0568544414615386e-07
60 1.610725942363704e-08
61 2.4427999707828464e-07
62 4.843335148117562e-08
63 -2.387525428633854e-08
64 8.66024742982965e-08
65 2.832071434699327e-08
66 1.3106511568531216e-07
67 -1.2540547175530824e-07
68 2.758247375438575e-07
69 1.70836774424793e-07
70 2.9306190914504957e-07
71 -5.444232192889093e-09
72 2.087483787223114e-07
73 3.5250242764272127e-07
74 2.602751477112145e-07
75 6.32385612122115e-08
76 2.5085815802943027e-07
77 3.1907016338028494e-07
78 8.215374652174535e-08
79 2.785067964096882e-07
80 2.231362397144427e-07
81 1.997232437071572e-07
82 2.528549831306216e-07
83 2.5494200924059686e-07
84 3.6937669623115854e-07
85 2.1685484490088535e-07
86 -1.9571102908785785e-08
87 1.175960682238827e-07
88 1.278216265774456e-07
89 1.1152745006531795e-07
90 4.0940150170260376e-07
91 2.6468274319280763e-07
92 2.479740027562861e-07
93 1.336766189336586e-07
94 1.427141906077604e-07
95 1.2721592361339217e-07
96 2.1569763192020036e-07
97 2.0104716097537102e-07
98 4.226880601069927e-08
99 2.2574937432672072e-07
100 2.599853982982685e-07
101 1.1807008635990963e-08
102 5.4962380826001465e-08
103 2.866632826802633e-07
104 1.2031981503514284e-08
105 1.8704679834104813e-07
106 1.514480120558739e-07
107 1.8506399326059217e-07
108 2.5482319096512007e-07
109 1.2347655773133467e-07
110 9.995555697468424e-08
111 3.7664770689546176e-08
112 6.461453433858413e-08
113 1.573337598990356e-07
114 2.1430276272054975e-07
115 1.3533117755861306e-07
116 1.5583473367214571e-07
117 2.0812299529200172e-07
118 1.4306528647808741e-07
119 2.2564387345157155e-07
120 1.9716585092913584e-07
121 7.673815230224538e-08
122 3.010836850711204e-07
123 1.4864670949864144e-07
124 1.6284079788834356e-07
125 4.176920608057993e-08
126 1.4088493809331838e-07
127 1.9128529230494121e-07
128 3.6517813224454364e-07
129 9.10726976841671e-08
130 1.470931672355862e-07
131 2.9494995831255477e-07
132 2.7734828166375497e-07
133 2.161356656081493e-07
134 -5.555211526239064e-09
135 7.03412887136323e-08
136 1.492985381651519e-07
137 9.266623720324954e-08
138 1.5849627920816007e-07
139 1.5662056577996921e-07
140 2.1931820681789172e-07
141 2.2682684683691124e-07
142 2.6421788624266205e-07
143 8.168742538986893e-08
144 3.8294553699278915e-08
145 1.773951655796968e-07
146 2.3178919784792205e-07
147 1.5785480354404403e-07
148 6.929537563717683e-08
149 2.445892335522215e-07
150 2.2580822497431823e-07
151 1.4707228290710767e-07
152 1.1484809865464386e-07
153 1.0002654847935978e-07
154 1.7403572568979266e-07
155 2.5304197361606316e-07
156 1.9601597557433796e-07
157 3.330353046376228e-07
158 2.244358864892935e-07
159 2.3980341043849053e-07
160 2.63702332067563e-07
161 -6.160841508487441e-09
162 -1.2575773791498196e-07
163 2.1891585952739516e-07
164 1.6715751426259176e-07
165 1.0828930484326912e-07
166 1.883968520127874e-07
167 1.579836150317429e-07
168 -1.1850951162479534e-09
169 -2.7914585839973276e-09
170 7.859141626422402e-08
171 4.055698845991167e-07
172 3.567292159292678e-07
173 8.046246648510091e-08
174 2.529032235842712e-07
175 4.034948443915778e-07
176 1.54712589511277e-07
177 1.377555306841365e-07
178 2.353667556404954e-08
179 2.5725690599191514e-07
180 1.2967786205486334e-07
181 1.3915932370038543e-07
182 -2.3753960678674673e-08
183 1.167642621851309e-07
184 2.580060247711407e-07
185 5.582686303092767e-08
186 1.1512285843231446e-07
187 3.598537059311667e-07
188 3.608562663039143e-07
189 2.360641855777668e-07
190 1.0212632365023757e-07
191 2.018943241852044e-07
192 2.149394383927102e-07
193 1.3876048478364425e-07
194 1.3520638469555864e-07
195 2.707137672998287e-07
196 1.2614053029448398e-07
197 1.9967964718249456e-07
198 2.2063058800483796e-07
199 2.862282732336987e-07
200 1.1334332777059959e-07
201 1.3349177488142613e-07
202 1.4957647964405037e-07
203 2.303301928910709e-07
204 1.4961476446275135e-07
205 1.5209776795356976e-08
206 2.1004021446109205e-07
207 3.4883671048688176e-07
208 2.9113535535590083e-07
209 2.993830101208792e-08
210 1.4934987475355097e-07
211 1.596350365674633e-07
212 1.4562816993947163e-07
213 2.4038771379083545e-07
214 1.0615521307732061e-08
215 1.966180130082781e-07
216 9.793932375437826e-08
217 2.3689219195420718e-07
218 2.018221690195696e-07
219 2.1174032977849696e-07
220 3.084544589819313e-07
221 2.1729504497434135e-07
222 1.6586574486773582e-07
223 3.1325377738475955e-07
224 3.3220175195660436e-07
225 1.3941208838183298e-07
226 1.518104319974061e-07
227 2.4068652037365333e-07
228 1.3892804773535898e-07
229 2.6362809726335807e-07
230 8.157885700417925e-08
231 3.901973368253651e-07
232 4.575681984800122e-08
233 2.604992989430989e-07
234 3.010800965391577e-07
235 9.6845239711252e-08
236 2.1005310551806564e-07
237 1.4792074668440556e-07
238 3.9323913386127355e-07
239 6.576820487680192e-08
240 3.1469192359052867e-07
241 3.3378045670257654e-07
242 1.721521734258251e-07
243 1.2188435210838587e-07
244 3.0038333655449516e-07
245 3.094077128793303e-07
246 2.081435957691477e-07
247 1.5302899099817619e-07
248 1.6784566003376783e-07
249 1.326404875713876e-07
250 2.698790911880052e-07
251 -1.1475917394593097e-08
252 2.0804891395444386e-07
253 3.4122571887646546e-07
254 1.626875658886635e-07
255 2.724754637986453e-07
256 3.2120646463024713e-07
257 1.5190211990198494e-07
258 2.6877966681564943e-07
259 2.280374987917276e-07
260 3.0853614611753236e-07
261 3.530961637164118e-07
262 7.14026933643165e-08
263 3.2070775261254354e-07
264 1.339340125060916e-07
265 2.2655299312243796e-07
266 2.620355797690339e-07
267 2.218992420617715e-07
268 2.23323292490438e-07
269 1.4875492190576003e-07
270 2.5635253638138064e-07
271 1.5220127867385704e-07
272 2.2923414992377496e-07
273 1.6604804620677029e-07
274 1.5736119611845385e-07
275 8.693782428114042e-08
276 1.7184225624969696e-07
277 2.0563088847841267e-08
278 1.9479926376753612e-07
279 1.399111953016834e-07
280 2.2360906329791068e-08
281 7.45959428145819e-08
282 2.0337154217457257e-07
283 1.9570888122448437e-07
284 8.657403929319062e-08
285 2.3832503865461913e-07
286 -3.050794569899649e-08
287 3.380192342196307e-07
288 2.5378858210281835e-07
289 2.3227933836772227e-07
290 1.2515200895841326e-07
291 2.004243577217792e-07
292 7.246375438914179e-08
293 2.2872355102850916e-07
294 4.281001660888369e-07
295 1.1581854012457307e-07
296 2.1421580355235695e-07
297 1.1511408533716967e-07
298 2.5421380374420037e-07
299 7.470755491075414e-09
300 1.4047713346347682e-07
301 8.861246842808789e-08
302 1.3770403627602964e-07
303 1.9523347724631403e-07
304 3.6967294599895274e-07
305 3.603060104299409e-07
306 3.43062260055802e-07
307 1.5211328511350129e-07
308 7.840075661939695e-08
309 1.6959875709528753e-07
310 -4.682377549654115e-08
311 1.5380295554073221e-07
312 2.3918682617214154e-07
313 4.0389867504165426e-08
314 4.09515299943597e-08
315 2.852443028975968e-07
316 9.118477345426442e-08
317 3.700825084463943e-07
318 1.7531133061441243e-07
319 1.28556630750113e-07
320 3.212939834807063e-08
321 2.166419061435334e-07
322 2.409644935862702e-07
323 3.263770122380246e-07
324 1.3454484357882542e-07
325 3.0445969153481666e-07
326 1.1568558410017489e-07
327 1.7918225137615818e-07
328 2.496392157424105e-07
329 2.5287872505875206e-07
330 2.1393472017550685e-07
331 -7.932823603529297e-09
332 1.7874202601283945e-07
333 3.609352450296661e-08
334 4.1354375237495834e-07
335 1.532421873319015e-08
336 5.3187245494225176e-08
337 1.7979099728497863e-08
338 2.1739079310878148e-07
339 9.28021241522499e-08
340 1.795091346664454e-07
341 6.819451979970378e-08
342 3.1278453101222205e-07
343 1.2226962605856467e-07
344 2.8913905554000576e-07
345 3.3759675614185546e-07
346 1.265310827252795e-07
347 3.989236172139078e-08
348 2.5062286624705534e-07
349 2.288480507368481e-07
350 2.0312243120880218e-07
351 6.808158915939685e-08
352 2.4695935873804065e-07
353 9.92388347131084e-08
354 2.8081253490058265e-07
355 3.3881382684638503e-07
356 1.6801580135999295e-07
357 1.5922136434213785e-07
358 1.247679604328549e-07
359 8.101681630030947e-08
360 1.6952328556817022e-07
361 2.5902888181763384e-07
362 1.1515874113429623e-07
363 4.2978723382389065e-08
364 2.736265748098636e-07
365 3.598332699735859e-07
366 2.3365302960014572e-07
367 3.4652248079418704e-07
368 2.6875766339698547e-07
369 -5.2966183096615187e-08
370 1.979623668702466e-07
371 2.0006435422343093e-07
372 1.1919304953648121e-07
373 1.3315434092897538e-07
374 -2.602369963837826e-08
375 1.7436389097221792e-07
376 1.2150417021681553e-07
377 1.149708070833253e-07
378 8.544864155171807e-08
379 1.2698453232247083e-07
380 1.6275207659327502e-07
381 1.042953905736609e-07
382 2.6944053855581953e-07
383 1.4073084192264506e-07
384 3.1963262024076656e-07
385 2.4584479619455655e-07
386 2.0779108339345262e-07
387 1.927654841313698e-07
388 6.011739319470273e-08
389 2.8563374541696634e-07
390 1.5295232869985804e-07
391 2.2173683301836907e-07
392 3.1584518099534524e-07
393 1.827235846992124e-07
394 8.398438913155017e-08
395 3.277057755478267e-07
396 8.354047732778324e-08
397 1.75401240777366e-07
398 3.133610705923238e-07
399 1.4709852158565213e-07
400 2.3254094395743805e-07
401 1.2709027330559325e-07
402 1.5159574331344123e-07
403 3.69171458021729e-07
404 1.9883034682625682e-07
405 1.31018072767046e-07
406 2.820286210272247e-07
407 1.0893929529655074e-07
408 3.405460369295036e-07
409 3.42916965041396e-07
410 3.107818635962844e-07
411 1.0487799263038972e-07
412 2.526832647318626e-07
413 1.1998497955846566e-07
414 1.6063799784974033e-07
415 3.0946851599920495e-07
416 7.710700688586444e-08
417 7.131177206974929e-08
418 2.2909918417162334e-07
419 2.9634042826610894e-07
420 2.704007507594455e-07
421 6.786905049568018e-08
422 4.110305781157675e-09
423 2.2069099182926005e-07
424 2.654509317760439e-07
425 3.1240576948318114e-07
426 7.52343440741603e-08
427 1.4898679823932918e-07
428 4.728144531866969e-07
429 3.067406667794703e-07
430 2.0257756648517866e-07
431 7.747866572516132e-08
432 1.0014342747914671e-07
433 4.82821662961979e-08
434 1.2768621529775435e-07
435 8.979556299400078e-08
436 3.509517323329354e-07
437 1.9662413972710277e-07
438 7.613792632140927e-08
439 1.380480615914648e-07
440 1.5050888003614756e-07
441 1.276406617639942e-07
442 1.1256671127131781e-07
443 2.4654605596415656e-07
444 1.4220830153053345e-07
445 2.1300872146057207e-07
446 2.483982633171626e-07
447 1.002358792076918e-07
448 2.2634138846611798e-07
449 2.8968282595663447e-07
450 1.2598923202771081e-07
451 6.728047542068019e-08
452 -1.2417953926404483e-08
453 1.7954204216469052e-07
454 3.2425567049187706e-08
455 5.366210199581949e-08
456 1.8697547317922146e-07
457 1.384223496859091e-07
458 2.4893807661546437e-07
459 2.009816186433324e-07
460 1.993558712557512e-07
461 2.478888197263866e-07
462 1.0485636866965257e-07
463 2.1236691370777188e-07
464 1.8041187331544254e-07
465 3.4680024961902487e-07
466 2.7048838676828075e-07
467 2.563389003981381e-07
468 2.2424071331455084e-07
469 8.043314304244332e-08
470 2.2296184802331624e-07
471 1.1379441250628663e-07
472 2.4216479469934684e-07
473 3.0067646500162467e-07
474 2.3919816264941775e-07
475 1.5328450308415522e-07
476 1.3728765711548972e-07
477 -5.8863675780648384e-08
478 1.694919030048083e-07
479 8.335198213261907e-09
480 4.0571455570260514e-08
481 2.0292159331616487e-07
482 3.7335941121086084e-07
483 -3.9462816004439875e-10
484 -9.599838508908751e-08
485 1.866784026628565e-07
486 2.905183896324253e-07
487 2.990281791146557e-07
488 1.8868779163247258e-07
489 2.3644659729552132e-07
490 1.903122098444042e-07
491 -4.619019752872607e-08
492 1.9534030395933876e-07
493 2.61352813850064e-07
494 9.891708428073778e-08
495 -4.469346921914702e-09
496 2.956588318529303e-07
497 1.0489813778548054e-07
498 2.680413419762053e-07
499 8.85700421495635e-08
500 1.428586336320723e-07
501 1.5339647988388385e-07
502 1.4550569733337953e-07
503 2.2761074738433863e-07
504 2.2607108222449398e-07
505 1.753235684706716e-07
506 2.8757934283395643e-07
507 -6.732163173047246e-09
508 3.1999144029851874e-07
509 1.421664555880849e-07
510 1.424583028973759e-07
511 3.1144321198257287e-07
512 5.050790913982735e-08
513 9.9023972751213e-08
514 1.6592217646937227e-07
515 -2.3187282414158247e-08
516 1.2002738177280875e-07
517 2.8893661001642665e-07
518 1.4514370310491676e-07
519 1.2593949317857793e-07
520 3.480598890834582e-07
521 3.0314911794385843e-07
522 3.912650100560822e-07
523 -2.7125739298727484e-08
524 4.1243554976253096e-08
525 2.3569962388904338e-07
526 1.7532632237510875e-07
527 1.8759389154647782e-07
528 1.3261628963046236e-07
529 2.2469772389564953e-07
530 2.637003099365652e-07
531 2.429765246085818e-07
532 4.084680634275739e-07
533 -3.065717674388187e-08
534 2.5825276357041485e-07
535 2.0348566898030115e-07
536 1.1215933358188194e-07
537 2.62582009348385e-07
538 2.7562740609490597e-07
539 7.97901810542446e-08
540 2.1591977197953318e-07
541 1.3501473224260776e-07
542 1.488663091315228e-07
543 2.870520615762494e-07
544 1.29030348779722e-07
545 1.5172219003494134e-07
546 2.516362144309566e-07
547 4.0671858297795006e-07
548 3.0980848952259605e-07
549 3.499754081806767e-08
550 2.66316660523603e-07
551 1.5096486392008354e-07
552 1.472518082905149e-07
553 1.7701088887495622e-07
554 3.0619033441736396e-07
555 1.8051659819088089e-07
556 2.120142579385261e-07
557 2.1848383092878706e-07
558 1.296922337149133e-07
559 1.2339934237147046e-07
560 -6.295510552622253e-08
561 1.5775745601409554e-07
562 1.8880270169512834e-07
563 2.2213240141327324e-07
564 1.508972480119988e-07
565 1.348782921995708e-07
566 2.2364085400912785e-07
567 1.3985750898669883e-07
568 2.1926824523873474e-07
569 1.0767211654980935e-07
570 1.7410762182090972e-07
571 2.531754754867762e-07
572 4.82777929404394e-07
573 1.2743308914470497e-07
574 3.433031403095629e-07
575 1.3878976050221853e-07
576 2.732403304242552e-07
577 9.903794968775526e-09
578 1.9597602380479458e-07
579 -2.2605468224300717e-10
580 1.6516591207172162e-08
581 9.480873995416148e-08
582 2.3389657350838645e-07
583 7.626144524931394e-08
584 3.26723166862436e-08
585 1.9904413237718877e-07
586 4.0739351088999914e-07
587 1.54729550026421e-07
588 7.14574898830351e-08
589 1.5282572832801538e-07
590 3.366398881269473e-08
591 1.4851310740790782e-07
592 2.0557795479903642e-07
593 3.703285696492065e-07
594 2.5401317942722714e-07
595 2.7741250605060114e-07
596 2.4561782428804694e-07
597 -5.0553915438591e-08
598 5.116931144430978e-08
599 2.183873743501122e-07
600 2.8502270023203964e-07
601 2.0371309390673986e-07
602 1.7697574877485052e-07
603 2.2348190953332967e-07
604 2.7390412966954226e-07
605 1.3157870302595555e-07
606 5.078210137402891e-08
607 5.651138203554012e-08
608 -1.4238078244978721e-07
609 2.1081984723228159e-07
610 1.505780638956115e-07
611 1.1779959114571211e-07
612 3.557649065785927e-07
613 1.7652399974826787e-07
614 2.0480708738126582e-07
615 3.5103102075330836e-07
616 1.614816600398187e-07
617 3.228877269875993e-07
618 2.792010702801781e-07
619 8.649914074719142e-08
620 -2.76389380884917e-08
621 2.077085617591e-07
622 1.0010066024077123e-07
623 3.94820305237667e-07
624 4.156899379525274e-07
625 1.3283276157606215e-07
626 1.1891004143257958e-07
627 2.1162805402400225e-07
628 2.676027375188152e-07
629 2.0084870292103642e-07
630 3.3000173735594317e-07
631 1.6338018798666438e-07
632 2.3578566191877243e-07
633 2.877980901316738e-07
634 2.5349535012914776e-07
635 1.7067284551532664e-07
636 1.277774301859794e-07
637 2.1002141852615686e-07
638 2.0901328294728704e-07
639 1.917900908963228e-07
640 8.955302336164214e-08
641 -1.1524727303199861e-07
642 5.241916275393042e-07
643 3.270079182299273e-07
644 2.894168776829137e-07
645 1.8098249084484705e-07
646 2.8792109186041865e-07
647 7.548683809032774e-08
648 -1.053215606331919e-08
649 7.713789823714635e-08
650 1.3462806956428315e-07
651 1.4364329862340445e-07
652 2.2912837370281144e-07
653 2.898546920747408e-07
654 6.977617292110993e-08
655 6.611766146194027e-08
656 1.7768445823908425e-07
657 1.7480829808056952e-07
658 2.2416131682500977e-07
659 1.7872300842011946e-07
660 1.248264165697751e-07
661 2.688783173534983e-07
662 1.6174605980561272e-07
663 1.7638520592162373e-07
664 3.309022820733192e-07
665 1.0808299031920821e-07
666 2.8796166673109934e-07
667 1.313161696631303e-07
668 2.8790103755777705e-07
669 1.8846698867853432e-07
670 5.9148405202685384e-08
671 9.827234799896442e-08
672 1.8500255446850814e-07
673 3.9412088748453617e-07
674 2.1846034225150148e-07
675 1.2762433282651208e-07
676 7.279010545503961e-08
677 5.188060298803906e-08
678 2.9804540618036837e-07
679 1.2248507037284693e-07
680 1.3506577231282003e-07
681 7.709365432660645e-08
682 1.664775574968139e-07
683 1.5651863617833194e-07
684 2.731271062170277e-07
685 -1.567661290100987e-08
686 3.373188538692483e-07
687 -8.56014304229911e-08
688 1.0487975770009075e-07
689 1.266946066973453e-07
690 2.6563628208456613e-07
691 2.929836347093098e-07
692 1.8788660787233385e-07
693 1.787487644064243e-07
694 2.1919693898767344e-07
695 -6.335025493753453e-08
696 1.9299750848201827e-08
697 1.2834094391590478e-07
698 1.391657347878019e-07
699 4.009618227229841e-08
700 1.1418175303640059e-07
701 1.540216666136307e-07
702 1.538526471450844e-07
703 3.081277942064159e-07
704 2.1212374338327782e-07
705 3.704156691073682e-08
706 -1.9439638026476967e-08
707 1.9685457108535943e-07
708 4.75385263644105e-08
709 9.087688270848064e-08
710 3.884895689952441e-08
711 1.5055686451837843e-08
712 2.5815254599527074e-07
713 2.745243746513688e-07
714 2.043840116342477e-07
715 2.6751748676365885e-07
716 1.92114421677053e-07
717 2.9441909185123497e-07
718 1.9115961090980827e-07
719 1.3986057033054406e-07
720 7.388469156554964e-08
721 7.402631105171882e-08
722 2.1489930886029076e-07
723 9.552725344675887e-08
724 2.693759731540273e-07
725 6.215202464907422e-08
726 1.1466813552598467e-07
727 1.8372409076104179e-07
728 1.6442734089474211e-07
729 6.161506009584274e-11
730 2.0739225242882173e-07
731 2.2428847718019625e-08
732 2.2553167886959304e-07
733 9.466996752025924e-08
734 8.011514108001213e-08
735 1.864397934329613e-07
736 5.978011265057819e-08
737 3.788560397845601e-07
738 1.3548335171556663e-07
739 3.118892626196475e-07
740 1.1016705254722262e-07
741 -7.469741583116597e-09
742 1.201519435369556e-07
743 1.892075674832158e-07
744 2.5377656637210546e-07
745 1.779192266147427e-07
746 2.2941376112449494e-07
747 1.334302517569847e-07
748 6.4175515248053e-08
749 3.3690260094921123e-07
750 1.8544637062431278e-07
751 7.838312343334194e-08
752 3.0273162862323566e-07
753 2.3396804931123398e-07
754 3.247882458579504e-07
755 2.2187032778588157e-07
756 1.8827174560842655e-07
757 2.05635529523557e-07
758 1.2520831264282975e-07
759 8.969087859750169e-08
760 2.925693904111172e-07
761 1.7694242863480865e-07
762 1.1761872746461892e-07
763 6.055747279785907e-08
764 2.529967263268467e-07
765 1.329096876981398e-07
766 3.1486713322515686e-07
767 1.8149274574755642e-07
768 3.920473631059519e-07
769 2.0680324779950227e-07
770 7.964451737215945e-08
771 1.8194397431645518e-07
772 8.794937020532267e-08
773 3.2032404391583383e-07
774 1.2073842484732055e-08
775 2.402212363681356e-07
776 2.7928105466328223e-07
777 1.224505258448335e-07
778 2.388554960300758e-07
779 3.5366324998433765e-08
780 6.381046114993805e-08
781 1.98112688073618e-07
782 1.5876664881115785e-07
783 5.733000979293171e-08
784 1.246660174148078e-07
785 3.312321015083279e-07
786 2.0520743113638913e-08
787 1.1407822419310071e-07
788 6.548268979384336e-08
789 2.725375820413064e-07
790 5.4678933979060255e-08
791 2.2086895165326077e-07
792 2.7017236823656127e-07
793 1.583204830010443e-07
794 1.675873896849452e-07
795 2.0409509032749326e-07
796 3.302930835764642e-08
797 2.0785242484238541e-07
798 -3.1828372978775454e-08
799 1.9512107252162093e-07
800 2.8010610791330893e-07
801 3.3298062682627175e-07
802 1.5348391096084733e-07
803 1.6569091347580697e-07
804 1.941507160019528e-07
805 2.409652017910465e-07
806 1.9877385195049105e-07
807 3.417006097240928e-07
808 8.359797738741743e-08
809 1.6990319042751842e-07
810 3.022053191741472e-07
811 6.654642547176511e-08
812 1.0191063379232313e-07
813 1.5134232975305941e-07
814 1.2022608305699612e-07
815 3.43740593924503e-07
816 1.701721732637384e-07
817 1.7247713928498928e-07
818 3.227353815442809e-07
819 1.6313963042465015e-07
820 1.0645566419014024e-07
821 1.1516503839244634e-07
822 2.374574144969722e-07
823 4.231840332369523e-07
824 3.255539944388894e-08
825 1.1278823068871229e-07
826 1.1093803973161043e-07
827 7.759779862409881e-08
828 2.944876083543276e-07
829 5.185289728697572e-08
830 3.535096960439064e-07
831 2.5587518049325304e-07
832 3.149210025258584e-07
833 1.5790795449632142e-07
834 8.933979599514665e-08
835 3.6783266407129054e-07
836 2.1132151498204778e-07
837 7.102669243417102e-08
838 2.171324442496774e-07
839 1.1104716627152666e-07
840 1.2215736187820377e-07
841 1.9831765636349835e-07
842 1.3822084569078244e-07
843 1.4230244932422334e-07
844 1.1582301652026146e-07
845 2.0863424378416825e-07
846 8.116929431175099e-08
847 2.3798057715432045e-07
848 1.5081361039309913e-07
849 2.047500715036805e-07
850 2.668346222542624e-07
851 1.3188208797997174e-07
852 4.440545255951455e-08
853 -1.2794743934494855e-08
854 2.10597024292852e-08
855 -2.59053786019255e-08
856 -5.20760624786185e-08
857 5.1775826058514516e-08
858 8.861006322339766e-08
859 1.2511187749355865e-07
860 7.369618691678014e-08
861 1.943530019859444e-07
862 1.7926562349529555e-07
863 2.0146067928323205e-07
864 1.5465350467566397e-07
865 2.484991849821516e-07
866 1.0897952118016339e-07
867 5.758657161206071e-08
868 1.1267300752919739e-07
869 -9.949591690691311e-08
870 3.0564226083977993e-07
871 5.5914469386309805e-08
872 1.2521440268560893e-07
873 1.3310936596625662e-07
874 2.9422124792311866e-08
875 1.3312026818569737e-07
876 7.221581722689337e-08
877 3.043789727590045e-07
878 2.035978377556768e-07
879 2.952233305529962e-08
880 2.834859258450593e-07
881 7.000216994442241e-08
882 1.3403927815199422e-07
883 1.0407772305818782e-07
884 1.9662591874691024e-07
885 1.6579923485762638e-07
886 2.2295674393833584e-07
887 4.433151727959239e-08
888 1.498463501072558e-07
889 5.816582440676222e-08
890 3.38394990340176e-07
891 1.805535277013795e-07
892 2.2235039559993507e-07
893 3.2450275823729445e-07
894 2.1410885968786605e-07
895 2.57850071995335e-07
896 7.668567847971238e-08
897 1.1276944011322022e-07
898 9.534425947669047e-08
899 2.1679686734688556e-07
900 6.000186289602722e-08
901 1.8109077752775796e-07
902 5.806583811596474e-08
903 1.2683295362368915e-07
904 3.859196478243545e-09
905 2.3762363203880366e-07
906 1.9760767845331316e-07
907 2.1289913031830574e-07
908 1.5715045856226092e-07
909 2.9215993917469476e-07
910 1.4321464314322968e-07
911 2.1258271200645628e-07
912 2.3567791430736966e-07
913 6.23256442865876e-08
914 9.507917132823207e-08
915 1.956318521964948e-07
916 9.410937796090385e-08
917 3.1749719347225804e-07
918 3.882183451197196e-07
919 2.0086452398434025e-07
920 6.416530313380599e-08
921 2.5143238569284896e-07
922 3.214335732623792e-07
923 1.2166906529119492e-07
924 1.777020961701628e-07
925 2.6093980527786676e-07
926 3.247290542297476e-07
927 9.673298381324132e-08
928 -1.7406435901072127e-08
929 1.5642051865271329e-07
930 2.7274418133817766e-07
931 1.1210571884565154e-07
932 1.9478263148762807e-07
933 1.1808904123674486e-07
934 1.2477476475871014e-07
935 -4.7701328320421885e-09
936 1.6659939001676483e-07
937 2.839075857490991e-07
938 7.469531000575793e-08
939 2.080843421174244e-07
940 2.6219009551235077e-07
941 1.4422618989980557e-07
942 2.833123119704158e-07
943 8.074749897237424e-08
944 2.7564225722171387e-07
945 6.423892076552887e-09
946 2.417259761107241e-07
947 3.4540870365896974e-07
948 1.0021113305027935e-07
949 1.7817831668487548e-07
950 2.129189057059278e-07
951 1.0030516699444183e-07
952 2.4282577082604905e-07
953 5.699573242568726e-08
954 2.3701329222417477e-07
955 2.375941155947681e-07
956 -4.43283346039214e-09
957 1.922965198427955e-07
958 2.7884425068589e-07
959 2.626580689948661e-07
960 3.4326763549001404e-07
961 2.562737616573509e-07
962 8.083677319779149e-08
963 1.2902337786854353e-07
964 1.0208928359196125e-07
965 2.583779962500516e-07
966 2.532030165292859e-07
967 1.2656236415146586e-07
968 2.730968559132221e-07
969 2.1019193166578965e-07
970 9.649506927285641e-08
971 1.3887593170968673e-07
972 2.998719475408987e-07
973 1.2571508765911052e-07
974 2.048620564697467e-08
975 3.8780852963321535e-07
976 1.518557305089976e-07
977 4.5911155435435795e-08
978 2.1011738749229272e-07
979 9.195283284390832e-08
980 2.5465142739027224e-07
981 2.0202744134719743e-07
982 1.926943691871537e-07
983 1.0683198849972854e-07
984 2.1512253746818423e-07
985 1.759433906554054e-07
986 1.1100208748236476e-07
987 3.0565190921302045e-07
988 2.793858094805266e-07
989 3.6125813017643496e-08
990 2.485931126627598e-07
991 8.810949564072727e-08
992 1.4065265607042786e-07
993 2.9886481970178594e-07
994 1.504737917239842e-07
995 2.598445261057392e-07
996 3.3428987939237763e-07
997 2.270851566146901e-08
998 1.0753917786050432e-07
999 9.442436684719268e-08
