0 4.394670247198047e-07
1 4.236369529479343e-07
2 4.4533570263353847e-07
3 4.2884831857271547e-07
4 4.408572940715756e-07
5 4.5035370806781183e-07
6 4.34018757231548e-07
7 4.392976960045202e-07
8 4.502652712280675e-07
9 4.2418236426639486e-07
10 4.4227899275630726e-07
11 4.042610478778722e-07
12 4.2594932366045383e-07
13 4.4788001513195843e-07
14 4.389295794314506e-07
15 4.3812653377305636e-07
16 4.395463110479254e-07
17 4.277997693073455e-07
18 4.3785829093462226e-07
19 4.344475540284878e-07
20 4.2367519116442055e-07
21 4.324114346197338e-07
22 4.4680592176793043e-07
23 4.3747757016647723e-07
24 4.1624076734974435e-07
25 4.4400853045173535e-07
26 4.3117424417620033e-07
27 4.152129583006387e-07
28 4.060292358931162e-07
29 4.3447379581543e-07
30 4.4742773032439594e-07
31 4.3275128507764434e-07
32 4.3357258645432745e-07
33 4.0897631759082595e-07
34 4.288679758655696e-07
35 4.345962803636889e-07
36 4.3766256463096527e-07
37 4.23281491324675e-07
38 4.325810474728841e-07
39 4.509765376170267e-07
40 4.283323024349222e-07
41 4.450117177771032e-07
42 4.238696192686637e-07
43 4.3160787034697856e-07
44 4.3349393300728657e-07
45 4.2328650017534824e-07
46 4.259743521940239e-07
47 4.488610497314357e-07
48 4.3647937078310265e-07
49 4.335708063191493e-07
50 4.3803803251823273e-07
51 4.4465756394259236e-07
52 4.3361184103203615e-07
53 4.3295745009088377e-07
54 4.271144600513892e-07
55 4.170784644680105e-07
56 4.322512136923898e-07
57 4.2417407069544085e-07
58 4.1768961421092513e-07
59 4.2987961440433103e-07
60 4.481380506471987e-07
61 4.128363902285434e-07
62 4.1360726602371617e-07
63 4.4136746909130043e-07
64 4.402603263236956e-07
65 4.158342519130811e-07
66 4.3628568066548536e-07
67 4.4983173055274424e-07
68 4.3493062028981673e-07
69 4.326711646727718e-07
70 4.194866459907144e-07
71 4.3583564554056827e-07
72 4.348956651103511e-07
73 4.3350799344118965e-07
74 4.256185771479628e-07
75 4.4126723303237037e-07
76 4.299924916419161e-07
77 4.245847310802835e-07
78 4.2854926663157926e-07
79 4.196239738578538e-07
80 4.288116280025226e-07
81 4.3253942212736644e-07
82 4.288588446744113e-07
83 4.440441186066818e-07
84 4.3029649257998216e-07
85 4.5509386384123963e-07
86 4.451853787245656e-07
87 4.488164762352127e-07
88 4.327640973296426e-07
89 4.302642798880391e-07
90 4.276702064439503e-07
91 4.137620879355829e-07
92 4.0856205584943724e-07
93 4.3118416132090614e-07
94 4.3742209284862894e-07
95 4.3915013616591806e-07
96 4.2296103509349054e-07
97 4.260894098569472e-07
98 4.2998998268308606e-07
99 4.2112592626948555e-07
100 4.181025810855619e-07
101 4.3225899397248947e-07
102 4.333350226762028e-07
103 4.176569088375692e-07
104 4.5645107035467716e-07
105 4.2353634101382274e-07
106 4.0988441775077464e-07
107 4.316891287652238e-07
108 4.316415414178834e-07
109 4.142306446012859e-07
110 4.268555107027961e-07
111 4.215371381752907e-07
112 4.41667901068807e-07
113 4.222394990467029e-07
114 4.3591104094759477e-07
115 4.368603900888466e-07
116 4.284588430998673e-07
117 4.3025602819604846e-07
118 4.3133665972932295e-07
119 4.323739072835378e-07
120 4.178002358642466e-07
121 4.215881446715376e-07
122 4.456352565801916e-07
123 4.4240103118597754e-07
124 4.2588249757814584e-07
125 4.5009117130348067e-07
126 4.3978522582455294e-07
127 4.274832718913011e-07
128 4.2980636622780576e-07
129 4.339748112476581e-07
130 4.187934717242483e-07
131 4.259232877791843e-07
132 4.293812859005115e-07
133 4.252763227653101e-07
134 4.318509315280301e-07
135 4.3757988518940396e-07
136 4.391279219346673e-07
137 4.3996669907646434e-07
138 4.420531283313689e-07
139 4.4406916447050225e-07
140 4.245446070805198e-07
141 4.264042491754085e-07
142 4.000776634846771e-07
143 4.26616962858176e-07
144 4.367067689138655e-07
145 4.2953660433537913e-07
146 4.3807844180079906e-07
147 4.2997904472050525e-07
148 4.2870246778542477e-07
149 4.3198133871013465e-07
150 4.250726766904593e-07
151 4.2327214863712687e-07
152 4.2297504099171486e-07
153 4.3065678943646217e-07
154 4.3505170825273835e-07
155 4.4341545124758085e-07
156 4.419249810738971e-07
157 4.4265598510362926e-07
158 4.3715969149378037e-07
159 4.2630849674244254e-07
160 4.5264249114173296e-07
161 4.513886442351305e-07
162 4.3518871416223054e-07
163 4.2620833962558594e-07
164 4.449772807714412e-07
165 4.278030445054089e-07
166 4.306715200099143e-07
167 4.1851379826287214e-07
168 4.430249441286361e-07
169 4.5639575136172074e-07
170 4.4411528689061696e-07
171 4.376570450225695e-07
172 4.1459041034602134e-07
173 4.358441374468353e-07
174 4.419141716956912e-07
175 4.4490756646024413e-07
176 4.260309622448341e-07
177 4.1781033730002845e-07
178 4.438925144491529e-07
179 4.311472681065173e-07
180 4.193245134757761e-07
181 4.289951917473464e-07
182 4.4069700907251833e-07
183 4.30588699639444e-07
184 4.365701399787641e-07
185 4.422420844381029e-07
186 4.2731476976288464e-07
187 4.265634752558801e-07
188 4.2824825694430104e-07
189 4.407600682614672e-07
190 4.3189154765973325e-07
191 4.328496737767148e-07
192 4.289369726407755e-07
193 4.2683356462827396e-07
194 4.315736742553039e-07
195 4.430109342041141e-07
196 4.427721731661459e-07
197 4.380037167583149e-07
198 4.459276650326734e-07
199 4.258274958225173e-07
200 4.3024169075312045e-07
201 4.3538776758800544e-07
202 4.247024716540487e-07
203 4.275783721301434e-07
204 4.3749958432117956e-07
205 4.290140921217431e-07
206 4.3056364312112327e-07
207 4.104440290695747e-07
208 4.201650612615528e-07
209 4.615964966070889e-07
210 4.165814509453304e-07
211 4.4033268071311795e-07
212 4.2233747497267224e-07
213 4.4092414459319327e-07
214 4.413971905820465e-07
215 4.2496179000525547e-07
216 4.3798351760004244e-07
217 4.31923015638203e-07
218 4.241882051373465e-07
219 4.4193476577895465e-07
220 4.358588169677903e-07
221 4.291268798993646e-07
222 4.2397728352105063e-07
223 4.4417336173480034e-07
224 4.351120236973332e-07
225 4.3867846148333514e-07
226 4.35534578849495e-07
227 4.304335525522807e-07
228 4.4161590368096046e-07
229 4.3643725492305564e-07
230 4.4576671682531306e-07
231 4.066448056911036e-07
232 4.311583326232156e-07
233 4.28906458043921e-07
234 4.2497573074212565e-07
235 4.3671645875338273e-07
236 4.26452608049854e-07
237 4.2255544379623594e-07
238 4.343210125867591e-07
239 4.2448871777225843e-07
240 4.18952643884623e-07
241 4.35405695736329e-07
242 4.272949813331485e-07
243 4.1932169108905494e-07
244 4.273530013073105e-07
245 4.359631338396003e-07
246 4.2882004120515936e-07
247 4.2674350523561405e-07
248 4.124168963774059e-07
249 4.33382195647238e-07
250 4.3883229877156744e-07
251 4.372391759171232e-07
252 4.205605678860596e-07
253 4.2673533148932074e-07
254 4.2710670236528573e-07
255 4.2551330741574456e-07
256 4.2998056164110115e-07
257 4.388762738852557e-07
258 4.3106124796166146e-07
259 4.173531427478929e-07
260 4.1533141065462585e-07
261 4.376777165784575e-07
262 4.396299690510116e-07
263 4.3279292291042745e-07
264 4.33470744713995e-07
265 4.3582188468880476e-07
266 4.086280890302965e-07
267 4.307875502335795e-07
268 4.3824993987408897e-07
269 4.358317913181124e-07
270 4.453583839202533e-07
271 4.3099184955931185e-07
272 4.4185291745497665e-07
273 4.3480276063518615e-07
274 4.2029768481588695e-07
275 4.3481109839592027e-07
276 4.3771467940199003e-07
277 4.246089152466426e-07
278 4.4348736749305035e-07
279 4.300687660661993e-07
280 4.260587649863773e-07
281 4.286994261045579e-07
282 4.234395514134202e-07
283 4.3420796786187715e-07
284 4.4191180960436125e-07
285 4.368955677143355e-07
286 4.553545519345664e-07
287 4.2291643687203166e-07
288 4.2700344785319004e-07
289 4.126115199666895e-07
290 4.4047996989620393e-07
291 4.342414285880114e-07
292 4.450461918124295e-07
293 4.436563570642213e-07
294 4.1798385232582423e-07
295 4.6744286979892776e-07
296 4.1812717856492553e-07
297 4.283792819621138e-07
298 4.339657236789977e-07
299 4.4456380791321936e-07
300 4.4751649583268216e-07
301 4.321242684510133e-07
302 4.476884766833048e-07
303 4.216353884410199e-07
304 4.414188310807181e-07
305 4.333315928647905e-07
306 4.117720741150531e-07
307 4.199063219185522e-07
308 4.267973592875768e-07
309 4.2185499498183903e-07
310 4.404363465357351e-07
311 4.409242007053799e-07
312 4.416999940627337e-07
313 4.29442172124086e-07
314 4.2676196292433176e-07
315 4.321306315856249e-07
316 4.525686729817551e-07
317 4.4516898631916073e-07
318 4.1933581783033016e-07
319 4.1871955307681085e-07
320 4.326665001270615e-07
321 4.2877968292178505e-07
322 4.28892937877902e-07
323 4.216311664690753e-07
324 4.4253241405536165e-07
325 4.19182036120437e-07
326 4.5556706046488876e-07
327 4.35340329629079e-07
328 4.253376547134463e-07
329 4.349498445742946e-07
330 4.3043496253740315e-07
331 4.498747144740545e-07
332 4.1214152185466016e-07
333 4.2834810811361095e-07
334 4.344240369208826e-07
335 4.3014774727437335e-07
336 4.560801289761747e-07
337 4.32063953267842e-07
338 4.3573792695144416e-07
339 4.460413568480261e-07
340 4.3449314387329493e-07
341 4.3504451288696845e-07
342 4.340198032445302e-07
343 4.3467241599018034e-07
344 4.0722053092000196e-07
345 4.2337853466037346e-07
346 4.410173745500444e-07
347 4.3419325126063097e-07
348 4.259872220238704e-07
349 4.343244642933397e-07
350 4.1697821016790976e-07
351 4.288619191511985e-07
352 4.2011137893346434e-07
353 4.4495714728707043e-07
354 4.1110209351320757e-07
355 4.1615499340717073e-07
356 4.344411542901289e-07
357 4.3607517855253823e-07
358 4.401545871776495e-07
359 4.4733758399929337e-07
360 4.4457671868662156e-07
361 4.398407334894474e-07
362 4.334076108806685e-07
363 4.343541357811794e-07
364 4.2841496647400575e-07
365 4.0728933529935337e-07
366 4.3395984448827454e-07
367 4.534852186002016e-07
368 4.15106159391971e-07
369 4.1928778812542447e-07
370 4.33180362207271e-07
371 4.3032415465635253e-07
372 4.4060715639189137e-07
373 4.3950143013841353e-07
374 4.4971190289066355e-07
375 4.2279067406907633e-07
376 4.520708404186301e-07
377 4.345076727778805e-07
378 4.482105200799084e-07
379 4.463801611612717e-07
380 4.159392438219679e-07
381 4.171909889903732e-07
382 4.3143443861461595e-07
383 4.4525291868602034e-07
384 4.4184874370815877e-07
385 4.247992554459236e-07
386 4.413031559269707e-07
387 4.3371957054856657e-07
388 4.292404561367273e-07
389 4.3089134967720796e-07
390 4.379209207212444e-07
391 4.2572180504108746e-07
392 4.324816118376197e-07
393 4.4238808093820297e-07
394 4.2928718262573145e-07
395 4.431689445603907e-07
396 4.335388824071031e-07
397 4.202798672195649e-07
398 4.2339976768736453e-07
399 4.2568093447670605e-07
400 4.272977661745731e-07
401 4.264884424308508e-07
402 4.496260643538574e-07
403 4.143115164112815e-07
404 4.442018018341959e-07
405 4.203379786485942e-07
406 4.411408395012443e-07
407 4.273745556734652e-07
408 4.444464443731648e-07
409 4.2025394996493443e-07
410 4.2724443181212115e-07
411 4.33519674720054e-07
412 4.3301195048938987e-07
413 4.3576037125716513e-07
414 4.384640583185573e-07
415 4.255850250281251e-07
416 4.235369248861068e-07
417 4.362598782954596e-07
418 4.3684145689001227e-07
419 4.327858933115834e-07
420 4.263867730973619e-07
421 4.284852627234317e-07
422 4.3202048940487174e-07
423 4.2005759221046817e-07
424 4.4288779376126626e-07
425 4.141091377229196e-07
426 4.366942758610223e-07
427 4.397955464903093e-07
428 4.292259044632336e-07
429 4.0727936683468576e-07
430 4.1503631671895587e-07
431 4.3319280180865343e-07
432 4.398836581877579e-07
433 4.572353113685819e-07
434 4.412663951084894e-07
435 4.3617460196292636e-07
436 4.0534736913307073e-07
437 4.1439437803686356e-07
438 4.2866659626764894e-07
439 4.4336080468285427e-07
440 4.300129438893313e-07
441 4.3739452151039126e-07
442 4.4196859364256603e-07
443 4.3934459911359974e-07
444 4.2937053625711624e-07
445 4.413636936417297e-07
446 4.3510850974795934e-07
447 4.3056933747285715e-07
448 4.2665983787094207e-07
449 4.451504188771924e-07
450 4.593973153458216e-07
451 4.405016282492677e-07
452 4.4410038016003143e-07
453 4.350294077372285e-07
454 4.258359934591294e-07
455 4.309527358329457e-07
456 4.2614421524607304e-07
457 4.4078751740294317e-07
458 4.1808982873280126e-07
459 4.275569173976201e-07
460 4.3293637709196443e-07
461 4.23395924487967e-07
462 4.2878631152924167e-07
463 4.493010252151373e-07
464 4.214036614457732e-07
465 4.283743547246506e-07
466 4.2970525981479917e-07
467 4.274749420704738e-07
468 4.3948849349112554e-07
469 4.417221128280891e-07
470 4.271810824154788e-07
471 4.3472395395882294e-07
472 4.24618915909369e-07
473 4.1068326574023083e-07
474 4.5545634174753976e-07
475 4.267160467536198e-07
476 4.410857813263658e-07
477 4.5608777404493386e-07
478 4.2766675121507573e-07
479 4.2155439530616384e-07
480 4.490377761074057e-07
481 4.1718960383817667e-07
482 3.976115952826424e-07
483 4.348294620710115e-07
484 4.449065654039278e-07
485 4.4362607798687763e-07
486 4.4348491417002893e-07
487 4.5249871846210355e-07
488 4.31400896708255e-07
489 4.250725861448768e-07
490 4.3762180103053823e-07
491 4.311518584604065e-07
492 4.2794383066878463e-07
493 4.328050174834461e-07
494 4.4039003102828804e-07
495 4.4161622307219946e-07
496 4.485777595347671e-07
497 4.3360275285744007e-07
498 4.339737862486812e-07
499 4.309483845541889e-07
500 4.243722340697696e-07
501 4.3594869072931453e-07
502 4.3409277450055703e-07
503 4.1924660247960457e-07
504 4.2623316000619864e-07
505 4.4232553371313066e-07
506 4.3748440976339117e-07
507 4.360461692478206e-07
508 4.2710795219484463e-07
509 4.2282670674358725e-07
510 4.4086698793201754e-07
511 4.491681330735626e-07
512 4.3425415329339775e-07
513 4.343405496445256e-07
514 4.30331618398458e-07
515 4.516319439757849e-07
516 4.417191666584353e-07
517 4.3358927101391676e-07
518 4.4342028793271247e-07
519 4.336424654208351e-07
520 4.124389644066027e-07
521 4.520539938238777e-07
522 4.2406818072691857e-07
523 4.3779665877682637e-07
524 4.3274856424575887e-07
525 4.290418535150428e-07
526 4.4305453661582353e-07
527 4.30048355712065e-07
528 4.137062011108243e-07
529 4.2956355424821926e-07
530 4.48210963776796e-07
531 4.4538832402052287e-07
532 4.176154218167952e-07
533 4.3265356920776736e-07
534 4.3624044637061844e-07
535 4.238289321933622e-07
536 4.286963579922945e-07
537 4.2836992656408536e-07
538 4.310514053492572e-07
539 4.516061755596019e-07
540 4.3181568702796626e-07
541 4.430438484143156e-07
542 4.302732713743263e-07
543 4.2401686666949126e-07
544 4.4306951167661043e-07
545 4.299407503453258e-07
546 4.339482856388825e-07
547 4.266225042697059e-07
548 4.2146940524960456e-07
549 4.2439593932181397e-07
550 4.2203312453462933e-07
551 4.352549839966319e-07
552 4.240053787634996e-07
553 4.4115916533340175e-07
554 4.092013167578741e-07
555 4.1830923685123934e-07
556 4.1800591891076713e-07
557 4.429727755622262e-07
558 4.381634136292578e-07
559 4.3299997156110546e-07
560 4.290788690679528e-07
561 4.5094263034792455e-07
562 4.3676709951113957e-07
563 4.343217363009863e-07
564 4.352758685575572e-07
565 4.306205261734785e-07
566 4.1536044450792823e-07
567 4.2897071798623065e-07
568 4.316529990767204e-07
569 4.1743001054126007e-07
570 4.4600592249385683e-07
571 4.265491093916284e-07
572 4.328587937314782e-07
573 4.433339839879857e-07
574 4.3123177027024967e-07
575 4.5786806090941916e-07
576 4.5195371550732604e-07
577 4.4122157018282683e-07
578 4.3072628845871146e-07
579 4.479756449979299e-07
580 4.3164587503810436e-07
581 4.519642254687003e-07
582 4.270956642455788e-07
583 4.4824868922535223e-07
584 4.632704462226861e-07
585 4.3548634660803103e-07
586 4.384910534315948e-07
587 4.1388753436404244e-07
588 4.4240930067018274e-07
589 4.325754385284063e-07
590 4.2046507630760196e-07
591 4.3813479591970027e-07
592 4.2474542404434166e-07
593 4.0412305509247743e-07
594 4.199439269054718e-07
595 4.223627761346953e-07
596 4.2845736058770134e-07
597 4.501855769392525e-07
598 4.3759111002354237e-07
599 4.290999006352976e-07
600 4.1517849799224006e-07
601 4.2775335678420237e-07
602 4.2991647080620393e-07
603 4.399381946387974e-07
604 4.260667359820652e-07
605 4.190141019677852e-07
606 4.3495591762601975e-07
607 4.3886776678535524e-07
608 4.3336476285769744e-07
609 4.1138552952657425e-07
610 4.3569721594330796e-07
611 4.2501513579997895e-07
612 4.270621313413154e-07
613 4.230546038270988e-07
614 4.3430064316320516e-07
615 4.254894688516301e-07
616 4.219719975914506e-07
617 4.2563532005038036e-07
618 4.436590432197286e-07
619 4.2396960067931437e-07
620 4.310325628779443e-07
621 4.282966436556405e-07
622 4.43646052270816e-07
623 4.342744633778538e-07
624 4.268424378171276e-07
625 4.2952662470888875e-07
626 4.318233799787853e-07
627 4.4300009056860003e-07
628 4.3291291830711215e-07
629 4.2685183415465125e-07
630 4.1813780417066675e-07
631 4.466686106991031e-07
632 4.18181516653544e-07
633 4.2624352722325715e-07
634 4.2989661549381805e-07
635 4.237470870487462e-07
636 4.261064301770288e-07
637 4.2122562318045457e-07
638 4.3116239134022163e-07
639 4.318652410571261e-07
640 4.547818837100044e-07
641 4.413355259316278e-07
642 4.3082389440876956e-07
643 4.081913994797615e-07
644 4.298278960091544e-07
645 4.3134840820219534e-07
646 4.215506217986583e-07
647 4.3785362363352075e-07
648 4.6540276634324756e-07
649 4.22470467095226e-07
650 4.3343643773977104e-07
651 4.395562400819951e-07
652 4.1847031224886816e-07
653 4.3135753767657173e-07
654 4.270701531989469e-07
655 4.506627798349484e-07
656 4.29331928041581e-07
657 4.23289897388991e-07
658 4.3936760023780987e-07
659 4.3830751640298074e-07
660 4.206146527697858e-07
661 4.39637894314264e-07
662 4.4673875327591486e-07
663 4.3473634304111647e-07
664 4.3996830160544763e-07
665 4.329081082297399e-07
666 4.3917430329267643e-07
667 4.5034729653832945e-07
668 4.321647629688326e-07
669 4.361763171507548e-07
670 4.3595564773271646e-07
671 4.2884579452951547e-07
672 4.4032988066564795e-07
673 4.333255079417814e-07
674 4.429847034694204e-07
675 4.401338641957159e-07
676 4.494477204375148e-07
677 4.0380728086628113e-07
678 4.3136193887757066e-07
679 4.276979378869157e-07
680 4.2976325469424637e-07
681 4.40655657332856e-07
682 4.2382942002353954e-07
683 4.34427962754306e-07
684 4.261618469725709e-07
685 4.44263807884062e-07
686 4.1821919135075293e-07
687 4.3641323366280037e-07
688 4.489334379389291e-07
689 4.246038573364637e-07
690 4.2331186550736076e-07
691 4.3567672874167807e-07
692 4.4557973113880956e-07
693 4.445269509191128e-07
694 4.168378357751804e-07
695 4.4259459317526814e-07
696 4.377367196819344e-07
697 4.472680023355337e-07
698 4.246106671472798e-07
699 4.378418634790928e-07
700 4.2717058035582215e-07
701 4.1803999922478407e-07
702 4.2633471059979787e-07
703 4.457325461954296e-07
704 4.348772187722293e-07
705 4.167237460280452e-07
706 4.532456091368683e-07
707 4.5266015737523434e-07
708 4.203945101097074e-07
709 4.36426106979176e-07
710 4.163926839420024e-07
711 4.45175294919331e-07
712 4.185830398551955e-07
713 4.264931189759916e-07
714 4.3251607033539656e-07
715 4.358649860385985e-07
716 4.52266193490129e-07
717 4.334244045631923e-07
718 4.2633755573199954e-07
719 4.2531033740826664e-07
720 4.2686220090003427e-07
721 4.1313042961209403e-07
722 4.0216778416078635e-07
723 4.293679883568163e-07
724 4.325089406514694e-07
725 4.4051373176809975e-07
726 4.2753790180889363e-07
727 4.274511057355093e-07
728 4.294026792110237e-07
729 4.303733876409902e-07
730 4.456512873602098e-07
731 4.336417758472476e-07
732 4.503159139649471e-07
733 4.2970354858748077e-07
734 4.392265748028358e-07
735 4.2212023676579373e-07
736 4.377134067111642e-07
737 4.3177202742747307e-07
738 4.3173057981221073e-07
739 4.2970647277653753e-07
740 4.3517918210266e-07
741 4.355429182300126e-07
742 4.4303255943804514e-07
743 4.2509859216306204e-07
744 4.330139361911991e-07
745 4.405311833748837e-07
746 4.1047280612530953e-07
747 4.4008759797039926e-07
748 4.3418711588673064e-07
749 4.2846051475987106e-07
750 4.4636321257927084e-07
751 4.4582489196668134e-07
752 4.2279906018045315e-07
753 4.1943100598297997e-07
754 4.2834419925352985e-07
755 4.409187849629114e-07
756 4.369138272475752e-07
757 4.281498125001696e-07
758 4.092445688320985e-07
759 4.121450477997312e-07
760 4.3581315427054687e-07
761 4.2415444437504054e-07
762 4.2789694754707487e-07
763 4.3903959720215576e-07
764 4.413982521921194e-07
765 4.384788947205197e-07
766 4.218617101607231e-07
767 4.186569929294356e-07
768 4.2334287509562566e-07
769 4.2636842114700714e-07
770 4.384832069497647e-07
771 4.138507141192946e-07
772 4.3591939037296964e-07
773 4.399558541375483e-07
774 4.3826740852903686e-07
775 4.3941683804265125e-07
776 4.2937198067127543e-07
777 4.370734313472106e-07
778 4.4609888507123905e-07
779 4.3105850094822136e-07
780 4.484119760253547e-07
781 4.066005964901277e-07
782 4.2714367719871774e-07
783 4.505623474227283e-07
784 4.255248174603521e-07
785 4.0967639578073234e-07
786 4.320645942065416e-07
787 4.3798436042582183e-07
788 4.281251050379652e-07
789 4.4467214421188663e-07
790 4.399228977387235e-07
791 4.3280486010968506e-07
792 4.323137303937505e-07
793 4.331223417243816e-07
794 4.217920340667084e-07
795 4.321820730899415e-07
796 4.545785740699108e-07
797 4.238511728897093e-07
798 4.271726928662373e-07
799 4.358195334990906e-07
800 4.2723840004277503e-07
801 4.0725778746954115e-07
802 4.239027486653161e-07
803 4.3750939924264783e-07
804 4.336341821892431e-07
805 4.34168306448716e-07
806 4.3796728215742535e-07
807 4.137505002383685e-07
808 4.451123078456953e-07
809 4.435116931800187e-07
810 4.294757450060397e-07
811 4.304526749715303e-07
812 4.5070534160482846e-07
813 4.3178387250662664e-07
814 4.487442636175188e-07
815 4.3267876534003635e-07
816 4.373820771439145e-07
817 4.433750197115938e-07
818 4.429414946098178e-07
819 4.4020264920606275e-07
820 4.4605227508284527e-07
821 4.2092444381105984e-07
822 4.244716227468067e-07
823 4.2445175063432594e-07
824 4.4017629544478883e-07
825 4.1492609740602546e-07
826 4.395067318439703e-07
827 4.3109818106470946e-07
828 4.193948739698471e-07
829 4.352100435879357e-07
830 4.2373213462509153e-07
831 4.2567084252831897e-07
832 4.1581788834870995e-07
833 4.3980068183056953e-07
834 4.2170974302576653e-07
835 4.276342489010943e-07
836 4.38572167789577e-07
837 4.0287115751768835e-07
838 4.3022077945527684e-07
839 4.233758981465683e-07
840 4.447510131529159e-07
841 4.430761319992012e-07
842 4.439309333661416e-07
843 4.197534316163627e-07
844 4.4209617660661643e-07
845 4.3888404095704343e-07
846 4.325736264348979e-07
847 4.4494933507274837e-07
848 4.4159167651524296e-07
849 4.327670484138285e-07
850 4.223850024504865e-07
851 4.497346507009153e-07
852 4.49827746937643e-07
853 4.4874117716691035e-07
854 4.4875652800278293e-07
855 4.2839800941971947e-07
856 4.3743664767242557e-07
857 4.198208908885954e-07
858 4.5256578629988063e-07
859 4.524749126258214e-07
860 4.44240665065462e-07
861 4.204669993362766e-07
862 4.21563657295975e-07
863 4.3178964778341095e-07
864 4.415760750129013e-07
865 4.319035608296268e-07
866 4.2767985845765237e-07
867 4.422954747841969e-07
868 4.264800227821895e-07
869 4.4791113128160173e-07
870 4.2622200086556186e-07
871 4.317865217273836e-07
872 4.523844161894502e-07
873 4.381891292745106e-07
874 4.2747680487829944e-07
875 4.398004634818455e-07
876 4.359856348647231e-07
877 4.188871483565049e-07
878 4.208051119114085e-07
879 4.3434300863382143e-07
880 4.417992779617325e-07
881 4.289326390969083e-07
882 4.2621526539264984e-07
883 4.5014985370239073e-07
884 4.278387624871034e-07
885 4.252130539062968e-07
886 4.446373170437338e-07
887 4.4172605965057993e-07
888 4.469839741461437e-07
889 4.3732157198379693e-07
890 4.3414816583075395e-07
891 4.3874207675443783e-07
892 4.2052488190458426e-07
893 4.1756649041056605e-07
894 4.383643993389265e-07
895 4.3757186883600566e-07
896 4.3467224435969455e-07
897 4.300621825379423e-07
898 4.16519774161466e-07
899 4.3981348945894164e-07
900 4.3436478589261923e-07
901 4.351590966149943e-07
902 4.340252962949598e-07
903 4.5210625607037527e-07
904 4.506499738812479e-07
905 4.390127780911866e-07
906 4.2475716241320223e-07
907 4.2207937917276603e-07
908 4.346516154795295e-07
909 4.262610472689215e-07
910 4.493728687717421e-07
911 4.50106877255887e-07
912 4.219868263460979e-07
913 4.2344413362248784e-07
914 4.3265032983661537e-07
915 4.293771459448631e-07
916 4.335479118375694e-07
917 4.046632246113965e-07
918 4.312875254775502e-07
919 4.287318780113358e-07
920 4.2700495817206583e-07
921 4.285276850848204e-07
922 4.310099995767497e-07
923 4.333655376374422e-07
924 4.2984371087887943e-07
925 4.3846780608924304e-07
926 4.304912367183057e-07
927 4.3001784124878007e-07
928 4.4206673393233726e-07
929 4.3066119587726235e-07
930 4.0799808099504806e-07
931 4.282560847726114e-07
932 4.4868138631747575e-07
933 4.220103111096087e-07
934 4.30946264286588e-07
935 4.2769664149132246e-07
936 4.4574902149202966e-07
937 4.4616346481499243e-07
938 4.363246080086602e-07
939 4.293926675373615e-07
940 4.280337512033649e-07
941 4.358432819664186e-07
942 4.20576671381956e-07
943 4.307919532119786e-07
944 4.329324258437072e-07
945 4.232425689877753e-07
946 4.377422446613331e-07
947 4.2520604712249064e-07
948 4.4738111684680943e-07
949 4.2682602668501566e-07
950 4.2422160480902427e-07
951 4.2759860985907244e-07
952 4.255927876398071e-07
953 4.401598429763892e-07
954 4.1216657289173153e-07
955 4.4379476627480095e-07
956 4.3938702866805736e-07
957 4.282822276047415e-07
958 4.4412719673584197e-07
959 4.3261916806644287e-07
960 4.1665475716997814e-07
961 4.460878966098846e-07
962 4.31057009398343e-07
963 4.3381252898237675e-07
964 4.4276485512469014e-07
965 4.126350228419836e-07
966 4.3549290292488685e-07
967 4.554238151595328e-07
968 4.3102149701467933e-07
969 4.563616986647362e-07
970 4.4527969616827795e-07
971 4.3271796072849877e-07
972 4.2697757525927363e-07
973 4.421989977956989e-07
974 4.367233356826151e-07
975 4.3123613001985724e-07
976 4.302657075403684e-07
977 4.30444026025035e-07
978 4.3515467125886384e-07
979 4.308130744032318e-07
980 4.327815769069709e-07
981 4.4194743483754943e-07
982 4.4604427407175257e-07
983 4.282677996594195e-07
984 4.343735834477455e-07
985 4.38251508516254e-07
986 4.373062083305371e-07
987 4.233834123213662e-07
988 4.379783219981987e-07
989 4.283714339919961e-07
990 4.345116058976396e-07
991 4.3559474729242586e-07
992 4.259097815736446e-07
993 4.2768600985629426e-07
994 4.400647218833208e-07
995 4.4469364657657034e-07
996 4.2743691905299357e-07
997 4.3111223503655975e-07
998 4.3109155031326057e-07
999 4.388341418983801e-07
