0 4.652405185637213e-07
1 5.542669451706625e-07
2 5.162762364537675e-07
3 5.08891731070271e-07
4 5.835266285623002e-07
5 5.000976249152055e-07
6 5.088380669962791e-07
7 5.233944104330456e-07
8 4.397797074255103e-07
9 5.011524987967304e-07
10 5.682820574819162e-07
11 4.5680837789180924e-07
12 5.084338289418256e-07
13 4.642126776068166e-07
14 5.333089303317698e-07
15 4.2007635071848525e-07
16 3.62536869029705e-07
17 4.552548778302958e-07
18 3.928649993426021e-07
19 3.339686546038752e-07
20 5.309326705489115e-07
21 4.951177781297418e-07
22 4.404972373337511e-07
23 3.9431947714154985e-07
24 5.150266543507416e-07
25 5.564993782364581e-07
26 4.4727560637657313e-07
27 6.183471763752166e-07
28 6.612378213331832e-07
29 6.252753573657897e-07
30 3.8026042433868543e-07
31 4.4580659993994245e-07
32 3.9708161348562414e-07
33 4.7227688166462017e-07
34 4.0950005877280243e-07
35 5.318662142667578e-07
36 5.463410796870518e-07
37 6.461241336163654e-07
38 3.7753729973204576e-07
39 4.596873835706806e-07
40 4.175237227459566e-07
41 4.2825551399558127e-07
42 6.245646122031119e-07
43 4.972318173761402e-07
44 4.846764246428225e-07
45 4.385923351805244e-07
46 5.020955814762718e-07
47 5.784755037102887e-07
48 4.0056014323001336e-07
49 4.3156122885435485e-07
50 5.251495054632843e-07
51 3.249582639478906e-07
52 4.563553095174163e-07
53 4.776229150906425e-07
54 6.163745349672163e-07
55 4.6968477234004133e-07
56 4.971925163110831e-07
57 5.201617861421469e-07
58 4.3032672545421215e-07
59 4.926166838705358e-07
60 4.4760659575381687e-07
61 4.366626596141578e-07
62 4.4699258336946863e-07
63 4.595285550991943e-07
64 4.571074425406929e-07
65 5.749445493029514e-07
66 4.0677039388078973e-07
67 5.289680665409271e-07
68 4.139173735694581e-07
69 5.38453197159506e-07
70 5.734576412232145e-07
71 5.4936759255304e-07
72 4.684595656725481e-07
73 4.069850499958807e-07
74 4.92944991144999e-07
75 4.974658168759006e-07
76 5.557666596437992e-07
77 4.7183381791417416e-07
78 4.68029064820145e-07
79 4.7364040700817873e-07
80 4.808474867959086e-07
81 3.9412444995022176e-07
82 3.791214165939214e-07
83 4.0093580175703554e-07
84 3.580332688311779e-07
85 4.7018659551084916e-07
86 4.766934295705059e-07
87 4.466133563034871e-07
88 4.924066853764751e-07
89 5.098329687450607e-07
90 5.188865867194342e-07
91 4.008003468720939e-07
92 3.8252433225573053e-07
93 5.591302106108215e-07
94 5.330800316995453e-07
95 4.2552364688942055e-07
96 4.736728292609756e-07
97 4.502618147559032e-07
98 5.338602545060991e-07
99 4.563722812721772e-07
100 5.554316245066761e-07
101 5.998487110646537e-07
102 4.124749466527986e-07
103 5.860765859961029e-07
104 4.2080519093033206e-07
105 4.789421327753373e-07
106 5.741120163582967e-07
107 5.020309759692639e-07
108 4.5726344134959744e-07
109 6.802719403136746e-07
110 4.221665235951566e-07
111 4.963505211388512e-07
112 4.145316287384572e-07
113 4.44568707354001e-07
114 4.454882880215657e-07
115 4.030009162695414e-07
116 5.105540143727972e-07
117 4.856277515929807e-07
118 5.307148890200325e-07
119 3.776145593222423e-07
120 3.740288816693361e-07
121 4.764956145809715e-07
122 4.2821960634772614e-07
123 4.6871580984544933e-07
124 5.109453982684932e-07
125 4.6803287288855273e-07
126 3.537125643692598e-07
127 4.6414932101610433e-07
128 4.6908565126466426e-07
129 5.40827185119882e-07
130 4.764051224116728e-07
131 4.867896566574183e-07
132 4.1316438375429554e-07
133 4.158591100264661e-07
134 6.477203025606117e-07
135 5.144024296656762e-07
136 4.0820674807014453e-07
137 4.778642056777377e-07
138 4.784797300604131e-07
139 5.192247995859507e-07
140 4.143510774806599e-07
141 3.9229935680009e-07
142 5.171172692681367e-07
143 4.843847327295031e-07
144 5.751339073406242e-07
145 6.082066618992884e-07
146 5.117397338075924e-07
147 5.564089772899233e-07
148 6.240691371954806e-07
149 4.7668688935543753e-07
150 4.492795251037153e-07
151 5.013795590359904e-07
152 4.827861850278826e-07
153 5.789870640131581e-07
154 4.3374590993328e-07
155 4.435991005151428e-07
156 5.131346052081375e-07
157 5.052181933664009e-07
158 5.242181275223251e-07
159 4.1913027744790284e-07
160 4.810707805746673e-07
161 6.682733617369287e-07
162 4.7023314430863887e-07
163 5.024506069128038e-07
164 5.138202567037537e-07
165 3.01875854683739e-07
166 5.71961508913497e-07
167 5.131285106930781e-07
168 4.4187367410297375e-07
169 4.735247079100154e-07
170 5.415329304459777e-07
171 4.65741126064825e-07
172 3.222734659782249e-07
173 4.514565107327338e-07
174 4.785030188450666e-07
175 4.429584430010081e-07
176 4.84774914737262e-07
177 4.893757696609128e-07
178 5.680340187802694e-07
179 4.6775600741347497e-07
180 5.760335683094347e-07
181 4.6446985152067387e-07
182 4.4158910962929113e-07
183 4.407066933078841e-07
184 5.055721035035718e-07
185 4.346175874059692e-07
186 5.035518980919918e-07
187 3.969092943833883e-07
188 4.426914961534832e-07
189 4.28150572878476e-07
190 4.7293734673396136e-07
191 5.316442089400815e-07
192 5.418763216018942e-07
193 6.139237116985328e-07
194 5.189434889126705e-07
195 4.375215432022008e-07
196 4.957403635544067e-07
197 4.199547551167066e-07
198 5.362997711618866e-07
199 4.832466623028908e-07
200 5.754759139449029e-07
201 3.079225391918052e-07
202 4.252152135155616e-07
203 4.358301658178211e-07
204 3.854800084586208e-07
205 5.511798175520288e-07
206 3.554676785472205e-07
207 3.487377623590721e-07
208 3.83215144320452e-07
209 4.93453371908421e-07
210 4.850094669569575e-07
211 3.896086147875275e-07
212 3.7984649973689125e-07
213 4.887486620346162e-07
214 3.9053976767339744e-07
215 4.1968311741010655e-07
216 5.207598872202897e-07
217 4.6708758026037125e-07
218 4.471269220180877e-07
219 5.875090020365213e-07
220 5.152446291545254e-07
221 5.009490334550305e-07
222 5.602194834775443e-07
223 4.7653887458893825e-07
224 5.017097553747534e-07
225 4.6400515160820674e-07
226 5.47134992503639e-07
227 4.948404940916393e-07
228 6.705332604667066e-07
229 3.958367425784532e-07
230 3.962009760039715e-07
231 4.5607399090200687e-07
232 5.701549169613804e-07
233 5.674895318103241e-07
234 4.3250047729850296e-07
235 6.344295923005149e-07
236 4.36147296160743e-07
237 6.037517445325738e-07
238 3.74149163808338e-07
239 5.254106390574786e-07
240 4.369665259841944e-07
241 3.2851542289547656e-07
242 5.302620454805911e-07
243 5.114917314852123e-07
244 3.9933281635785656e-07
245 4.040813722090638e-07
246 4.199274264919479e-07
247 4.6606675181590254e-07
248 5.829397076929519e-07
249 4.289662261428035e-07
250 4.0496793508256616e-07
251 5.500052940479728e-07
252 4.4015995090531503e-07
253 4.320337326215211e-07
254 4.7429701584754247e-07
255 3.6381674230571116e-07
256 4.247527673792242e-07
257 6.250300112284415e-07
258 3.8848074076047167e-07
259 5.278869088975424e-07
260 5.615813593348333e-07
261 5.386969461126134e-07
262 4.2028040831318503e-07
263 4.293621397635691e-07
264 6.008339482930966e-07
265 4.840528020927394e-07
266 3.0876580758344716e-07
267 6.049402721743015e-07
268 4.5622796922933893e-07
269 5.852797208257201e-07
270 5.524029393068326e-07
271 3.8943863200626067e-07
272 4.891178614447646e-07
273 6.514317556574404e-07
274 4.977714336658111e-07
275 5.524709726963141e-07
276 3.962339011648941e-07
277 4.034636571312833e-07
278 5.204938851650194e-07
279 5.527524823791585e-07
280 5.329440936317877e-07
281 5.593887867999852e-07
282 5.809259727260947e-07
283 4.04407403844795e-07
284 4.954077533244181e-07
285 4.443987262445012e-07
286 4.799154542743556e-07
287 5.103768709741966e-07
288 5.363011178097356e-07
289 6.050140784834475e-07
290 4.446862572644513e-07
291 4.4887099184375765e-07
292 4.3916853264007924e-07
293 5.583877429606129e-07
294 3.9789566804014856e-07
295 4.642148984104702e-07
296 6.681895387443635e-07
297 5.291734052431278e-07
298 4.3306169339976576e-07
299 4.5629946935632856e-07
300 4.599443140215874e-07
301 4.807812533523909e-07
302 5.969748836860102e-07
303 5.65370251305699e-07
304 5.830545019074138e-07
305 4.615151309590534e-07
306 4.490137486734894e-07
307 5.529799496244491e-07
308 5.94268973606614e-07
309 3.388908997348509e-07
310 4.846898738247274e-07
311 4.345467606362701e-07
312 5.10632918046923e-07
313 5.588468777614763e-07
314 6.82343982722319e-07
315 4.869434354885037e-07
316 4.3506948103265515e-07
317 4.3771075768338477e-07
318 4.3316964341982863e-07
319 6.379972540071363e-07
320 6.838212239947612e-07
321 4.812046913533922e-07
322 4.51096556050156e-07
323 4.7649392209312967e-07
324 4.932687865951838e-07
325 4.2228759934967747e-07
326 4.56433400573102e-07
327 4.5690269764957804e-07
328 5.175302208271198e-07
329 4.7353411359214646e-07
330 5.355506824426264e-07
331 5.652002962200699e-07
332 5.307256024910158e-07
333 4.81477361958846e-07
334 4.567837301823187e-07
335 4.589162817750752e-07
336 5.2220623741595e-07
337 5.002138747477032e-07
338 5.003585552562601e-07
339 5.575552462978152e-07
340 4.915548042565896e-07
341 5.832548206378336e-07
342 5.714945003592304e-07
343 5.161923703964848e-07
344 4.812142313362258e-07
345 5.478977026036769e-07
346 5.283115637516743e-07
347 4.819677765697964e-07
348 4.7637390996653094e-07
349 4.658798063272698e-07
350 5.117834009393929e-07
351 3.8444327339886817e-07
352 4.507663998285963e-07
353 5.081462804654149e-07
354 4.771179387042506e-07
355 4.3666839402481447e-07
356 5.688238491252536e-07
357 4.6760955369014165e-07
358 4.799470286135291e-07
359 3.732203026296924e-07
360 5.535615847612106e-07
361 5.171449779117113e-07
362 5.677276018918909e-07
363 5.258740059118695e-07
364 4.936405538566285e-07
365 4.87996288108044e-07
366 5.703576866560473e-07
367 4.308084689360309e-07
368 4.1828971517699976e-07
369 4.5485030672452014e-07
370 4.5049450887881553e-07
371 6.026213799630573e-07
372 5.123841561146348e-07
373 3.5055698983479763e-07
374 5.210205809141814e-07
375 5.786693679813243e-07
376 4.4441918812656406e-07
377 4.764555430181526e-07
378 5.198337086217864e-07
379 4.7028687754479244e-07
380 4.788205003486825e-07
381 5.452089789893375e-07
382 6.379947252111419e-07
383 3.988311261169286e-07
384 5.198073729879352e-07
385 4.323672568687114e-07
386 5.360907814314405e-07
387 5.212970436362903e-07
388 5.774193209929167e-07
389 3.9147765680847434e-07
390 3.905811684862094e-07
391 5.004288493068463e-07
392 3.5837674107650613e-07
393 4.495137260265432e-07
394 5.457115459922147e-07
395 3.1605627375685355e-07
396 4.820700805607765e-07
397 4.1672509784169595e-07
398 3.894075339321596e-07
399 5.241719888029967e-07
400 4.4634033480469136e-07
401 4.854188320206729e-07
402 4.4803560140890914e-07
403 4.04715498791551e-07
404 4.715129923034753e-07
405 3.703745672910289e-07
406 4.4761258496651115e-07
407 4.960528702365525e-07
408 4.83510339035701e-07
409 5.143085917747313e-07
410 3.769199345500458e-07
411 3.999003154619104e-07
412 5.545667866254082e-07
413 4.477183287970331e-07
414 4.87919336925166e-07
415 4.4505980685353697e-07
416 5.48646865825959e-07
417 5.178776798036891e-07
418 4.878052204986206e-07
419 4.40586884290368e-07
420 4.680898995205853e-07
421 4.4888456691041465e-07
422 4.4088863769218405e-07
423 4.645261500403451e-07
424 3.888526160556235e-07
425 4.939084294140086e-07
426 5.099196731059743e-07
427 4.5592517438732895e-07
428 3.50119597368876e-07
429 4.785082742086661e-07
430 5.002601670680767e-07
431 4.825878636411931e-07
432 5.548756119552391e-07
433 5.221570769212047e-07
434 6.109811045748803e-07
435 4.813773253073897e-07
436 4.1837718595929607e-07
437 5.479638655005381e-07
438 5.60550445868523e-07
439 4.914768984431734e-07
440 4.7467515153889e-07
441 5.604792795422098e-07
442 4.354208574001275e-07
443 6.028497182609734e-07
444 3.8154261873240253e-07
445 6.206896368737377e-07
446 5.683163741835125e-07
447 4.850250684297929e-07
448 4.123542554572487e-07
449 6.272781364610265e-07
450 3.369867865959871e-07
451 5.295869737982583e-07
452 4.6376663564294e-07
453 3.849389487197393e-07
454 4.162451390211287e-07
455 6.07479187005457e-07
456 5.978900857929628e-07
457 4.387127349949483e-07
458 4.6753089145631e-07
459 4.615918545818675e-07
460 4.298263272477513e-07
461 5.586336416221086e-07
462 5.091165549373653e-07
463 3.8117386483473525e-07
464 4.943126494125365e-07
465 4.500182470904743e-07
466 5.039737264893495e-07
467 4.3480944772926267e-07
468 4.237812348916747e-07
469 4.772037345184265e-07
470 4.853827397182149e-07
471 4.070145574786839e-07
472 5.745068461426188e-07
473 3.357136582629932e-07
474 4.4453574094244553e-07
475 4.597624795859221e-07
476 5.070197088050153e-07
477 4.480094946429974e-07
478 5.791318421019854e-07
479 4.923353860513518e-07
480 4.521100463311587e-07
481 5.002477472363818e-07
482 4.4763151106078766e-07
483 4.0570523386639677e-07
484 5.352058162573877e-07
485 4.262144541714385e-07
486 4.2497234947112557e-07
487 5.013150887085011e-07
488 4.6181465283970687e-07
489 4.932324933594518e-07
490 4.551080065654628e-07
491 5.64404450632477e-07
492 5.428675035479009e-07
493 4.917557399042608e-07
494 4.57537616476464e-07
495 6.088620610602962e-07
496 3.9002331810005874e-07
497 6.980594721495213e-07
498 3.1577766537544766e-07
499 3.980750433964909e-07
500 4.4465681357604264e-07
501 6.556065044949091e-07
502 4.036509761977169e-07
503 5.359963945860744e-07
504 6.035194292874669e-07
505 3.55950619025931e-07
506 4.2476487273435797e-07
507 5.258050739491105e-07
508 4.382975542473929e-07
509 4.096968403260732e-07
510 4.653012098887689e-07
511 4.4789040210944004e-07
512 4.533156802555405e-07
513 4.749224980708953e-07
514 4.6292943641567755e-07
515 4.0671349784641964e-07
516 3.9862282433570243e-07
517 5.740374160688889e-07
518 4.4080160974322444e-07
519 5.574399200447329e-07
520 4.844122481474146e-07
521 4.3772556066621294e-07
522 4.5516858127623344e-07
523 5.044974136777433e-07
524 5.388821695583375e-07
525 5.007473810759606e-07
526 4.2822768939620374e-07
527 4.764305967323269e-07
528 5.197126787715136e-07
529 4.3868942945841424e-07
530 4.0024460268225307e-07
531 4.1766153644225635e-07
532 5.253070983111717e-07
533 6.64503390791545e-07
534 4.894186737537007e-07
535 5.503922941215204e-07
536 3.989883724555946e-07
537 3.903301915545496e-07
538 5.896743455143533e-07
539 5.584999967996558e-07
540 5.304176814485844e-07
541 3.911962710399144e-07
542 5.145387143141443e-07
543 4.591825132154004e-07
544 5.445437572444115e-07
545 5.16819741051098e-07
546 4.878626501380373e-07
547 4.164955603228261e-07
548 3.681629281884737e-07
549 5.916534315597861e-07
550 5.561241997873413e-07
551 4.3487116157738494e-07
552 4.40316061108933e-07
553 3.8267320727555725e-07
554 4.124667011845198e-07
555 4.2631141326489537e-07
556 3.945898834997391e-07
557 4.373034488746814e-07
558 5.151206573592239e-07
559 5.198855327312339e-07
560 4.932690089968854e-07
561 3.25315868351249e-07
562 5.026128298442668e-07
563 5.916353997647682e-07
564 5.481860085101462e-07
565 5.438301939808328e-07
566 4.927951792556773e-07
567 3.5636274107389646e-07
568 4.2464193676869156e-07
569 3.721085858410185e-07
570 6.396475387253705e-07
571 4.6330131492048693e-07
572 3.874609690921163e-07
573 3.738558238873647e-07
574 3.678223102823895e-07
575 4.932541575177484e-07
576 4.909406383132191e-07
577 4.225535578531662e-07
578 5.373241193579887e-07
579 4.5106469990535584e-07
580 4.719268334656461e-07
581 3.8169156584776053e-07
582 3.77321527823952e-07
583 5.031962983169198e-07
584 4.815139008243556e-07
585 4.837147053786413e-07
586 3.424956842230327e-07
587 5.491983329607191e-07
588 4.809451804798736e-07
589 4.1880087719703376e-07
590 4.871852167788566e-07
591 5.873986098239005e-07
592 6.323294701318659e-07
593 5.044705683631421e-07
594 4.6102881932027665e-07
595 4.354426538091193e-07
596 5.080708326333819e-07
597 3.791621548047312e-07
598 5.018756199897625e-07
599 4.508458183475664e-07
600 4.787519731541441e-07
601 3.5551124636695607e-07
602 5.229370137345498e-07
603 3.6434263736895196e-07
604 3.6902365009756354e-07
605 5.407766690873775e-07
606 4.905577385233341e-07
607 4.959656962888773e-07
608 5.112411810892495e-07
609 4.539488682935815e-07
610 5.545630449140081e-07
611 5.770316417620484e-07
612 4.148095433409431e-07
613 5.175963771174437e-07
614 5.82409501127174e-07
615 4.999752127850785e-07
616 3.7168082985280235e-07
617 5.233012221746382e-07
618 5.388011736557596e-07
619 7.300869016253685e-07
620 3.6983980842431975e-07
621 4.77802184177021e-07
622 4.5017756816107024e-07
623 4.5404541687543604e-07
624 4.916380419139184e-07
625 4.620962769840286e-07
626 4.1023665920139733e-07
627 5.593376203437799e-07
628 5.641067660256131e-07
629 5.496899881793996e-07
630 3.6628359382025213e-07
631 3.826780478427975e-07
632 4.805951034648847e-07
633 4.5317412591545384e-07
634 4.878784478542795e-07
635 4.528174147500926e-07
636 6.118658076605218e-07
637 4.320415274434233e-07
638 4.061010782330785e-07
639 5.830384771963604e-07
640 5.671308832905916e-07
641 3.8863330707457377e-07
642 4.089827040770721e-07
643 4.756186149821157e-07
644 3.7206311563690894e-07
645 4.2709961886066673e-07
646 4.919573321391125e-07
647 6.270449188249125e-07
648 4.08414318010507e-07
649 4.846919061389268e-07
650 5.143953226125824e-07
651 4.992783586920105e-07
652 4.3054663573445996e-07
653 3.8707094532570357e-07
654 5.845310441031494e-07
655 4.899110214262983e-07
656 4.863224809870422e-07
657 4.856318669517695e-07
658 4.53613300361964e-07
659 4.942028344644671e-07
660 4.494233066614039e-07
661 3.5147199354331207e-07
662 5.180813230865294e-07
663 4.919578075164378e-07
664 5.339070629640988e-07
665 2.488039075878489e-07
666 4.6864069491378414e-07
667 4.4754938470902147e-07
668 4.875040789528804e-07
669 4.128040311256366e-07
670 4.689080500410177e-07
671 4.7590246073474946e-07
672 4.876293715389113e-07
673 4.902434319276065e-07
674 5.465894070293544e-07
675 3.493571083494237e-07
676 5.166111641489879e-07
677 5.051969951041188e-07
678 4.308458762183172e-07
679 5.267075906533837e-07
680 6.949202643852213e-07
681 3.946266224226732e-07
682 5.867792090322929e-07
683 5.418025185455583e-07
684 4.966369320542203e-07
685 4.4637156758507574e-07
686 4.151590677744607e-07
687 5.822921750049995e-07
688 5.102825246018618e-07
689 3.743452259146975e-07
690 3.727283769145211e-07
691 3.790417981154127e-07
692 3.769060183073335e-07
693 4.68516386490473e-07
694 4.596933614341767e-07
695 4.839117751815643e-07
696 4.964275746649133e-07
697 5.041686555225851e-07
698 4.999719240334818e-07
699 5.087868581637112e-07
700 4.6419395853270324e-07
701 5.091386108510767e-07
702 4.2080734322579137e-07
703 4.365481355385915e-07
704 3.510929606681196e-07
705 5.268361698138837e-07
706 5.410106357779583e-07
707 4.904603634313817e-07
708 4.931294426216199e-07
709 4.284808791405972e-07
710 4.900304387791838e-07
711 5.514470925993094e-07
712 5.597235350653132e-07
713 5.059556486132514e-07
714 5.388414446814134e-07
715 5.595524214365132e-07
716 5.418280461583276e-07
717 3.651753959249147e-07
718 3.805092210550933e-07
719 5.746247441191639e-07
720 5.089740410220649e-07
721 4.691162382474145e-07
722 3.9547754118963534e-07
723 4.4528812628218634e-07
724 3.806271415288597e-07
725 6.71961442077838e-07
726 5.625766850486097e-07
727 4.423584130856433e-07
728 5.692519968804036e-07
729 4.2258007032073157e-07
730 4.281975696547623e-07
731 4.0737550511960956e-07
732 4.2488295107188905e-07
733 4.206639223679723e-07
734 5.541388980982528e-07
735 5.323970838308497e-07
736 3.90337002302904e-07
737 4.5515840217342876e-07
738 4.280343926000915e-07
739 5.484755499518658e-07
740 4.4846151291276706e-07
741 5.120129038896002e-07
742 4.3884472266431704e-07
743 4.864626329159609e-07
744 5.206196746682706e-07
745 6.498073831313992e-07
746 5.199618692949994e-07
747 4.5403747359156066e-07
748 5.574825938879473e-07
749 4.174606069136188e-07
750 5.034959835170473e-07
751 4.2430409579989036e-07
752 4.875578907508548e-07
753 4.907595262576114e-07
754 5.997813702643065e-07
755 3.6422222779863835e-07
756 3.896292451815052e-07
757 4.53826024351005e-07
758 4.953815526720308e-07
759 5.030003797548663e-07
760 4.664392426243149e-07
761 4.0320175598404537e-07
762 4.0277663105943145e-07
763 4.6830077745878464e-07
764 3.9518689398397317e-07
765 3.827971340850175e-07
766 5.233092709317097e-07
767 5.731156527166422e-07
768 3.3860940188534227e-07
769 4.896549161375204e-07
770 4.7034588700118636e-07
771 5.588056887726846e-07
772 4.771467276945034e-07
773 4.823601190950295e-07
774 5.810085386203557e-07
775 4.027741533730995e-07
776 4.318928535151962e-07
777 4.773776341713232e-07
778 5.123806469260504e-07
779 5.172751133382946e-07
780 2.7555945351325674e-07
781 4.854036014283487e-07
782 5.011806417516756e-07
783 3.7349327367489235e-07
784 5.984520330796633e-07
785 4.082981070443538e-07
786 5.680130852088401e-07
787 5.03532702967132e-07
788 5.101641684126277e-07
789 4.286214062180766e-07
790 3.7478263623085343e-07
791 5.657759760262652e-07
792 4.719425914234214e-07
793 3.70091188518543e-07
794 4.3720124491610376e-07
795 5.569078638442842e-07
796 5.941394121735454e-07
797 5.222757628890237e-07
798 4.797898630296431e-07
799 4.168574343540428e-07
800 4.16598595707399e-07
801 3.6709395385982095e-07
802 5.309187912800577e-07
803 6.130933826101827e-07
804 5.147080740148107e-07
805 4.781203911587385e-07
806 5.249876062425159e-07
807 5.259460903325582e-07
808 5.231053781008146e-07
809 4.6040150297870196e-07
810 3.857453314049146e-07
811 5.669237488796816e-07
812 4.502618658440013e-07
813 5.78711199111662e-07
814 4.466843931090304e-07
815 4.0012846190828783e-07
816 3.921603833924424e-07
817 4.296077573610869e-07
818 4.393716444516573e-07
819 3.750454183143014e-07
820 4.3336738308383694e-07
821 5.003197729054308e-07
822 4.3763056025237543e-07
823 4.6725434735343524e-07
824 5.561465811287187e-07
825 4.027934310386838e-07
826 5.23588609341011e-07
827 5.257943406748118e-07
828 4.540320020704166e-07
829 5.209485685012411e-07
830 3.5453680364131474e-07
831 5.233495568952356e-07
832 3.934868320231488e-07
833 5.159247981848041e-07
834 4.5542789948472085e-07
835 4.3363499758575417e-07
836 3.4344088566312626e-07
837 6.14517777659178e-07
838 3.98741073885525e-07
839 5.637617498420712e-07
840 4.423021416494323e-07
841 5.198269807359881e-07
842 4.112673694028524e-07
843 3.759109731356322e-07
844 4.4005279956078903e-07
845 4.6880732570588323e-07
846 5.389409665024373e-07
847 4.951335944121263e-07
848 4.7410807917172335e-07
849 5.806074036082206e-07
850 4.3504662719579025e-07
851 5.60028530031483e-07
852 4.813625861671658e-07
853 3.9654896336297885e-07
854 4.832877301166372e-07
855 4.5561257408968915e-07
856 5.25108608824147e-07
857 4.919830532813059e-07
858 4.5539555769037245e-07
859 4.592288013555542e-07
860 4.731249998084008e-07
861 5.535775681967051e-07
862 5.725456343742384e-07
863 5.08998011680502e-07
864 4.229417114969954e-07
865 4.126266925921026e-07
866 5.558721867448466e-07
867 4.002288663726781e-07
868 5.173498601238492e-07
869 4.5342047188904674e-07
870 3.7780186119188476e-07
871 3.859638499248144e-07
872 5.068467499165231e-07
873 3.874760726937134e-07
874 4.0321575242948766e-07
875 4.3983296593807485e-07
876 5.695602571770306e-07
877 4.6087637121845456e-07
878 4.355167598099559e-07
879 4.446276789851667e-07
880 4.0794303329483076e-07
881 5.613086326283054e-07
882 4.878359777515692e-07
883 5.796623748594125e-07
884 4.466503105515014e-07
885 4.4906972455797977e-07
886 3.7885938048075416e-07
887 4.639606912890809e-07
888 4.244528507813601e-07
889 4.50602182588237e-07
890 6.556747023158949e-07
891 4.311744955791888e-07
892 4.13865685730746e-07
893 3.944403588063674e-07
894 3.671958542855965e-07
895 4.1953803137195193e-07
896 5.549191596972668e-07
897 4.555098294298161e-07
898 6.640853417485632e-07
899 6.025535355898447e-07
900 5.885176732303669e-07
901 4.3182547094896383e-07
902 4.60524237530604e-07
903 5.243632250387353e-07
904 4.670407130560784e-07
905 5.244656850660481e-07
906 5.668633441935595e-07
907 4.493495797422351e-07
908 5.062477182318137e-07
909 4.961458110262281e-07
910 6.103617669872742e-07
911 4.940140262185058e-07
912 6.227563284883342e-07
913 4.897760650600683e-07
914 4.350266771794172e-07
915 4.944178213965056e-07
916 5.175544159859711e-07
917 4.59659200167073e-07
918 4.793858349591678e-07
919 3.4980700311417397e-07
920 4.5374001325227e-07
921 3.834849690282182e-07
922 5.721220846352628e-07
923 4.990027423410279e-07
924 4.469388589753247e-07
925 5.931341659746962e-07
926 4.3949736727426134e-07
927 4.19442769892321e-07
928 4.2084877615899906e-07
929 5.05021875165307e-07
930 4.462509550564803e-07
931 5.243388129906417e-07
932 5.197526918569969e-07
933 5.64135360838815e-07
934 5.458600508064752e-07
935 5.002557052440751e-07
936 3.8616594414660936e-07
937 4.908949062639691e-07
938 6.455437882830282e-07
939 3.276303963973267e-07
940 5.240324524075814e-07
941 5.599747019952086e-07
942 4.5392627656158976e-07
943 3.7241956474764036e-07
944 5.796173161459754e-07
945 5.247841211013169e-07
946 4.884544775135544e-07
947 5.14934279624941e-07
948 3.93639938870867e-07
949 5.644527453855827e-07
950 4.2729419504065804e-07
951 5.699660665656757e-07
952 4.929131333075511e-07
953 4.2943703973237784e-07
954 5.267537378881661e-07
955 3.0317402261117245e-07
956 4.931011531159587e-07
957 3.7435056598771697e-07
958 3.2979956936128705e-07
959 4.131935826148095e-07
960 4.6443478705940076e-07
961 5.81253138577662e-07
962 6.709374054674177e-07
963 5.120109319052469e-07
964 3.980657450781669e-07
965 5.220365570422353e-07
966 4.27436222915266e-07
967 4.0919193963397263e-07
968 4.950417476721644e-07
969 5.328840733099458e-07
970 4.6590684853461757e-07
971 5.837274028143212e-07
972 4.5296644793803445e-07
973 4.904092785448987e-07
974 4.491795264641018e-07
975 3.939215016422366e-07
976 4.733877263910667e-07
977 5.755177919671199e-07
978 4.1011616087039974e-07
979 5.800215571871322e-07
980 3.8992486016932606e-07
981 5.245731048086767e-07
982 4.3193141755927175e-07
983 6.659185295407849e-07
984 4.1131357470306825e-07
985 4.225657474166569e-07
986 5.083205240351192e-07
987 3.8512837931839164e-07
988 4.991661084637234e-07
989 4.80724806331422e-07
990 4.6584548222279505e-07
991 5.45700458553928e-07
992 5.32033492052066e-07
993 4.183550933104415e-07
994 5.511717951277195e-07
995 3.767823487252656e-07
996 4.592279206918809e-07
997 5.032898618554206e-07
998 4.268143333672015e-07
999 4.429439365364441e-07
