0 3.044048444324363e-07
1 3.8174145820223417e-07
2 4.1397088132336596e-07
3 3.1733042418426535e-07
4 3.038327790138963e-07
5 2.666476576008469e-07
6 3.9211532880814983e-07
7 3.3981438832661565e-07
8 3.804827454001491e-07
9 3.537646011533435e-07
10 3.0959274445083515e-07
11 3.394149409492981e-07
12 4.106491993891229e-07
13 3.7253261957011303e-07
14 3.6821830184649215e-07
15 2.2523066651221368e-07
16 2.2030435002680323e-07
17 3.609553333963823e-07
18 2.9866611796276175e-07
19 3.323961799189713e-07
20 3.035848300420876e-07
21 3.1773375614225695e-07
22 2.669115355385947e-07
23 3.328699990530385e-07
24 3.624805308299715e-07
25 3.522973354876676e-07
26 3.461715413736158e-07
27 4.610915676494519e-07
28 4.7512129352265116e-07
29 3.866909675137444e-07
30 2.572934442109027e-07
31 3.749630462151991e-07
32 3.256288728271461e-07
33 3.631100593588716e-07
34 2.8701202851403663e-07
35 2.9286291472495694e-07
36 3.582753195277432e-07
37 4.57645036922759e-07
38 3.468363368690209e-07
39 2.623581822865799e-07
40 3.165347774681764e-07
41 3.3621890822181166e-07
42 3.300433236952197e-07
43 3.1363136889609974e-07
44 4.1319296135140846e-07
45 3.303286730049874e-07
46 3.9608883506502535e-07
47 3.7488586322646767e-07
48 3.445612373909153e-07
49 3.708929038230491e-07
50 3.5096849780236776e-07
51 3.166365550333759e-07
52 3.7492816673040255e-07
53 2.985125498247765e-07
54 4.443325198392074e-07
55 3.4935417772630677e-07
56 3.0697023578984034e-07
57 2.950082887644803e-07
58 3.5369317027700396e-07
59 3.238694345648932e-07
60 2.2595612997337644e-07
61 3.5972116948745343e-07
62 2.5069919881219834e-07
63 2.420681676610716e-07
64 2.776565795694417e-07
65 3.4081100978137397e-07
66 2.6400091477717667e-07
67 2.236162936285282e-07
68 3.298951264113846e-07
69 3.6900118237948313e-07
70 4.604690366498951e-07
71 3.042080795986451e-07
72 3.452028762887133e-07
73 3.8594481716072697e-07
74 3.8363552591058284e-07
75 2.9896576458829553e-07
76 4.32195998728157e-07
77 4.0851794211703757e-07
78 2.9627086318266154e-07
79 3.7744273174158966e-07
80 3.5460319671561543e-07
81 2.964738066830707e-07
82 3.110849535989932e-07
83 3.0983626016938246e-07
84 3.4767317778357083e-07
85 3.3534019074179454e-07
86 2.41516586055788e-07
87 2.7238359676801687e-07
88 3.3169800105960273e-07
89 3.2053824914102197e-07
90 4.7605305818840073e-07
91 3.3177815074378856e-07
92 3.249057016362622e-07
93 3.66691136653652e-07
94 3.506059629713266e-07
95 2.693352572449443e-07
96 3.531555915656424e-07
97 3.3332071545227035e-07
98 2.9950981350803805e-07
99 3.5564437928840866e-07
100 4.3560662098994174e-07
101 3.3439028359528844e-07
102 2.434144506379618e-07
103 4.5308105241697466e-07
104 2.2401886805063413e-07
105 3.4610057159420215e-07
106 4.0345124671214485e-07
107 3.4748176516001054e-07
108 3.6054012640820255e-07
109 4.57517462963838e-07
110 2.58317730724579e-07
111 2.85496292642777e-07
112 2.3267513341239958e-07
113 3.1720271257575995e-07
114 3.2189955202737447e-07
115 2.6895271129312705e-07
116 3.450670339409601e-07
117 3.4609280389217006e-07
118 3.508147755323975e-07
119 2.9349718895499433e-07
120 2.8518249849710127e-07
121 2.7266503638247716e-07
122 3.6045924379896e-07
123 3.1475362459178026e-07
124 3.566055454210331e-07
125 2.6892197258918104e-07
126 2.34555728748364e-07
127 3.2799141420495954e-07
128 4.1731312229065255e-07
129 3.2981308173446096e-07
130 3.395434540410472e-07
131 4.027586510675523e-07
132 3.290775820416734e-07
133 3.1108422946043567e-07
134 3.6052567846601106e-07
135 3.074392468656022e-07
136 2.8022719187543353e-07
137 3.029346760863749e-07
138 3.263065796028928e-07
139 3.470982781303814e-07
140 3.186558841584453e-07
141 3.1439384019287735e-07
142 4.029996339452398e-07
143 3.027466098065579e-07
144 3.404662501542433e-07
145 4.165485950809266e-07
146 3.8319147379086733e-07
147 3.814345517224886e-07
148 3.717148470807317e-07
149 3.667894312785273e-07
150 3.3353971794616993e-07
151 3.4361765630322183e-07
152 3.046509515549828e-07
153 3.6542897862180107e-07
154 3.1130743037411767e-07
155 3.4907853541784144e-07
156 3.7171593677863967e-07
157 4.162662742296998e-07
158 3.8426340073863457e-07
159 3.387942535628934e-07
160 3.698654176437434e-07
161 3.659452816234938e-07
162 1.980711755760766e-07
163 3.6366210759334275e-07
164 3.4760546803421976e-07
165 1.9241019552555467e-07
166 3.992020263297502e-07
167 3.4865277161846146e-07
168 2.422584245245808e-07
169 2.3811040796669766e-07
170 3.24111692559542e-07
171 4.2657134313281544e-07
172 3.289624833169603e-07
173 2.811164043050349e-07
174 3.6667908656445113e-07
175 4.1162830499365417e-07
176 3.3182445142108026e-07
177 3.3026078522513483e-07
178 3.245807498836081e-07
179 3.563894629528204e-07
180 3.7331342179100153e-07
181 3.043232634205569e-07
182 2.2400278730294977e-07
183 2.879957971359549e-07
184 3.881356088382858e-07
185 2.462865222914485e-07
186 3.296187624817848e-07
187 3.6728542674903243e-07
188 4.012266810907529e-07
189 3.2125952855208495e-07
190 2.963733056255139e-07
191 3.6961906526789036e-07
192 3.747815945009003e-07
193 3.948999321999616e-07
194 3.3763782316923325e-07
195 3.527621706319773e-07
196 3.2686845221667914e-07
197 3.080336595238944e-07
198 3.856451713224736e-07
199 4.0656080507629365e-07
200 3.7450560008661575e-07
201 2.2175700865168152e-07
202 2.95910038785669e-07
203 3.504881782672418e-07
204 2.5643350094118804e-07
205 3.0713210281893996e-07
206 2.7963170549009127e-07
207 3.420965352920165e-07
208 3.227370781336565e-07
209 2.73568514905292e-07
210 3.362914849137356e-07
211 2.781361688476753e-07
212 2.579868809954113e-07
213 3.686975393001989e-07
214 2.0641524647004426e-07
215 3.138874889568116e-07
216 3.273710143242724e-07
217 3.452444957283561e-07
218 3.4561536314065983e-07
219 4.1762595956627574e-07
220 4.2021887667991503e-07
221 3.7046286950099397e-07
222 3.7556076406464426e-07
223 3.904364192469395e-07
224 4.1694752786041783e-07
225 3.027442642972617e-07
226 3.6694435308807384e-07
227 3.7000585569436004e-07
228 4.278909078826357e-07
229 3.2722999597310065e-07
230 2.5057255855009873e-07
231 4.266072547010805e-07
232 3.2517898986687537e-07
233 4.3308147824748606e-07
234 3.6490389503151554e-07
235 3.9432403348843156e-07
236 3.365543229783338e-07
237 4.062960612711055e-07
238 3.7403099304188543e-07
239 3.287506068971052e-07
240 3.774249754082491e-07
241 3.1801423654533685e-07
242 3.78637782430316e-07
243 3.4170427745910017e-07
244 3.5547561364168826e-07
245 3.4918469774404777e-07
246 3.0450337363741676e-07
247 3.0839695814834634e-07
248 4.093911648607926e-07
249 2.851721645845951e-07
250 3.488740669202148e-07
251 3.0699735187072807e-07
252 3.339717071914092e-07
253 3.799988028667431e-07
254 3.2695072485440217e-07
255 3.049620906352715e-07
256 3.704185886655707e-07
257 4.1526729888416145e-07
258 3.3363959716848574e-07
259 3.8538539536151007e-07
260 4.4150524956356126e-07
261 4.573167364354598e-07
262 2.495881020350203e-07
263 3.847130571502755e-07
264 3.9060746590337535e-07
265 3.583311630264272e-07
266 2.911240810685351e-07
267 4.313309104677483e-07
268 3.4700570506829173e-07
269 3.929012069433517e-07
270 4.1235460919582375e-07
271 2.7808008952704054e-07
272 3.810185479968376e-07
273 4.3422422652902365e-07
274 3.372717028621881e-07
275 3.3244922517851096e-07
276 2.908420737827097e-07
277 2.3312484237275736e-07
278 3.638164499489741e-07
279 3.527296319960083e-07
280 3.0577804985098403e-07
281 3.518532072830107e-07
282 4.125805688488721e-07
283 3.096501359567575e-07
284 3.183175566033682e-07
285 3.4436867243042393e-07
286 2.2568758009526245e-07
287 4.42260032661571e-07
288 4.057534880821687e-07
289 4.4720829438205807e-07
290 2.997800873244458e-07
291 3.4355167043929463e-07
292 2.481476329231865e-07
293 4.16496477833333e-07
294 4.149910350122611e-07
295 2.913674922450952e-07
296 4.762611207138809e-07
297 3.377415118818101e-07
298 3.4246377332202937e-07
299 2.3842936567140127e-07
300 2.9570981579862693e-07
301 2.9715098447816615e-07
302 3.9185484539277463e-07
303 3.916606480968959e-07
304 4.883134911256602e-07
305 4.1212861407326546e-07
306 4.1236516352457964e-07
307 3.766764585989242e-07
308 3.745663389534488e-07
309 2.4168716575639134e-07
310 2.330107708121233e-07
311 2.9782398172089936e-07
312 3.8263812386412344e-07
313 3.3271140356829164e-07
314 4.077474523086496e-07
315 3.9039233944641104e-07
316 2.638931868797325e-07
317 3.833172213583006e-07
318 3.103761847167109e-07
319 4.129504256840998e-07
320 3.940613007641336e-07
321 3.57732276763004e-07
322 3.5392666146296466e-07
323 4.0884931134215663e-07
324 3.1140823943129935e-07
325 3.605497772734965e-07
326 2.7776442507494445e-07
327 3.2400597558124455e-07
328 3.9709169166785754e-07
329 3.6877344037652327e-07
330 3.8476998356821036e-07
331 2.9725684083899834e-07
332 3.896503245411685e-07
333 2.7639372910826106e-07
334 4.2244425405353803e-07
335 2.606970947866471e-07
336 3.0200060099900134e-07
337 2.819872023848637e-07
338 3.639587165213928e-07
339 3.377512721620491e-07
340 3.4920005621546477e-07
341 3.4159548878450813e-07
342 4.5048866985446984e-07
343 3.4773264821382243e-07
344 3.942087917375772e-07
345 4.6759767105640816e-07
346 3.351678444343085e-07
347 2.919147793080441e-07
348 3.689584822734489e-07
349 3.519555991528728e-07
350 3.6928813392821703e-07
351 2.2142751131052486e-07
352 3.489178835387164e-07
353 3.164232535600522e-07
354 3.951916370913641e-07
355 3.842228061877973e-07
356 3.8582266855370754e-07
357 3.218973941127717e-07
358 3.065289016749217e-07
359 2.2438852568701448e-07
360 3.70080722861816e-07
361 3.829947263440329e-07
362 3.5192832330306554e-07
363 3.145421642101992e-07
364 3.914624088467187e-07
365 4.422762942484566e-07
366 4.122002696022953e-07
367 3.7992979064211585e-07
368 3.591869219797753e-07
369 2.20352984312284e-07
370 3.304598549173872e-07
371 4.1251337526899945e-07
372 3.30444341703252e-07
373 2.3648470516333752e-07
374 2.637316343497508e-07
375 4.170802445777225e-07
376 2.8535525736320827e-07
377 3.2910704406455676e-07
378 3.10251030635139e-07
379 3.0701238778630764e-07
380 3.545870490257599e-07
381 3.514475195582372e-07
382 4.66442619967945e-07
383 2.603848840164435e-07
384 4.386754340883566e-07
385 3.463717898405357e-07
386 3.972802037545724e-07
387 3.583125899282702e-07
388 3.5478498510794184e-07
389 3.598619941537929e-07
390 2.6836290083211716e-07
391 3.669502964303713e-07
392 3.267009267521431e-07
393 3.13984037742976e-07
394 3.277299751831888e-07
395 3.107734677479335e-07
396 3.0568628302029003e-07
397 2.979933828865597e-07
398 3.5636102283594703e-07
399 3.604551582737161e-07
400 3.3758544882758316e-07
401 3.1395584028814513e-07
402 3.0064707261264146e-07
403 3.9183663260874676e-07
404 3.458124319878258e-07
405 2.69035022342978e-07
406 3.6757543964753047e-07
407 3.0860649623358697e-07
408 4.128835201275434e-07
409 4.3920920513642255e-07
410 3.512103798830424e-07
411 2.493825558925756e-07
412 4.2863087296940436e-07
413 3.0017286102287817e-07
414 3.3480342856505256e-07
415 3.772357970462107e-07
416 3.34901509543093e-07
417 3.1373076146202825e-07
418 3.657590633120865e-07
419 3.6604661938533534e-07
420 3.7227824119131083e-07
421 2.805169572616414e-07
422 2.2958317517991197e-07
423 3.3875781814517305e-07
424 3.2575719737953214e-07
425 4.1017414088964025e-07
426 3.224154103905948e-07
427 3.1348555967796265e-07
428 3.9488188393585997e-07
429 3.9647640083880527e-07
430 3.622811185378334e-07
431 3.069270079527551e-07
432 3.443079658832203e-07
433 3.0425224576569304e-07
434 3.9140262400472487e-07
435 2.917321178582824e-07
436 3.903801999912584e-07
437 3.9254609562741803e-07
438 3.3659711669984716e-07
439 3.2773277170730076e-07
440 3.2864142840901866e-07
441 3.6003106819466674e-07
442 2.8362424744537516e-07
443 4.5586872957893443e-07
444 2.7217898362686527e-07
445 4.24952237664163e-07
446 4.2435628937092833e-07
447 2.9929877569229923e-07
448 3.310335768198695e-07
449 4.775096607162344e-07
450 2.1385586557324566e-07
451 3.1678727345396204e-07
452 2.329143849880921e-07
453 2.854575152373853e-07
454 2.40063336566722e-07
455 3.5856793459607914e-07
456 4.1795629920789745e-07
457 2.959127869444706e-07
458 3.6847419607774083e-07
459 3.400309825377857e-07
460 3.3051226014029285e-07
461 4.1014118609765523e-07
462 3.3448555989346624e-07
463 2.9262239792943374e-07
464 3.5012004443681464e-07
465 3.8661108296133734e-07
466 3.8521158988406315e-07
467 3.432381076805558e-07
468 3.323940911929874e-07
469 3.0750573095209113e-07
470 3.609960089541096e-07
471 2.727288422678909e-07
472 4.296464754473006e-07
473 3.040541847145993e-07
474 3.237854369194242e-07
475 3.0846584634173727e-07
476 3.3336706129557364e-07
477 1.911298245931818e-07
478 3.998205425288552e-07
479 2.680865787362189e-07
480 2.472741086805036e-07
481 3.7353920538210553e-07
482 4.2151260854926307e-07
483 1.9779231891630305e-07
484 2.492786902542725e-07
485 3.0968484598793773e-07
486 3.4964440759174484e-07
487 4.0290013603143795e-07
488 3.3059134323755335e-07
489 3.743498360442484e-07
490 3.346662527035705e-07
491 2.847528992793806e-07
492 3.7684954070637504e-07
493 3.729234476516796e-07
494 2.8598788830158295e-07
495 3.3911151189363125e-07
496 3.391137767797194e-07
497 4.397016640315039e-07
498 2.694545563780733e-07
499 2.453650563282151e-07
500 2.9996037160992647e-07
501 4.383062679248999e-07
502 2.622923733971392e-07
503 4.056915831367038e-07
504 4.294028987070168e-07
505 2.677232517372958e-07
506 3.481924410480688e-07
507 2.9002736176393295e-07
508 3.944867582612936e-07
509 2.716637491692262e-07
510 3.1426653833665505e-07
511 3.8214834637947785e-07
512 2.678300259402225e-07
513 2.9818497224499917e-07
514 3.2106747681348224e-07
515 1.8555929247677568e-07
516 2.586536056207203e-07
517 4.4013504119845895e-07
518 2.875328831844442e-07
519 3.473132745030498e-07
520 4.2385469203162297e-07
521 3.643323299956436e-07
522 4.1917774495104324e-07
523 2.5842883699094853e-07
524 2.947108923758495e-07
525 3.8155488207464075e-07
526 2.9454541647827863e-07
527 3.4966013581922034e-07
528 3.4553669169279314e-07
529 3.276352208037186e-07
530 3.2547776318141605e-07
531 3.159165042247238e-07
532 4.789534099669739e-07
533 3.547942998404752e-07
534 3.808957230805816e-07
535 4.001234458043029e-07
536 2.6248062098099473e-07
537 3.2342689926262337e-07
538 4.490214815486558e-07
539 3.327314319781393e-07
540 3.9151301665754826e-07
541 2.647686267142276e-07
542 3.420028314773633e-07
543 3.799953319204006e-07
544 3.3490353546854377e-07
545 3.5468065253011507e-07
546 3.5885898717139077e-07
547 4.065203717776546e-07
548 3.3589093018523405e-07
549 3.4043135917209893e-07
550 4.221480244034951e-07
551 2.9113893246317836e-07
552 3.073077963935746e-07
553 2.9443468293917066e-07
554 3.6904263034621046e-07
555 3.0535225093164876e-07
556 3.080292476103448e-07
557 3.1791444171682755e-07
558 3.513790851560325e-07
559 3.3315441121159487e-07
560 2.4150967843726746e-07
561 2.2393644859849695e-07
562 3.584164569085511e-07
563 4.374935999096702e-07
564 3.666947305892285e-07
565 3.6796293843083673e-07
566 3.8554132776453675e-07
567 2.470238877447192e-07
568 3.2889347612057624e-07
569 2.50701248134085e-07
570 4.1536008583075543e-07
571 3.633481048017978e-07
572 4.197535568711216e-07
573 2.3657893801842448e-07
574 3.518844832764467e-07
575 3.189417321528056e-07
576 3.8023311976787274e-07
577 2.219053518322379e-07
578 3.8902226484609447e-07
579 2.4222065308386134e-07
580 2.60052347575701e-07
581 2.3590197243272422e-07
582 2.9643089070126786e-07
583 2.9839549268782885e-07
584 2.6504717201769623e-07
585 3.481988296702443e-07
586 3.5466538611659734e-07
587 3.853201832966751e-07
588 2.897526981092912e-07
589 2.8721834490676357e-07
590 2.957051454056896e-07
591 3.8234760866343573e-07
592 4.5688928790144927e-07
593 4.4660580514964746e-07
594 3.582293907258003e-07
595 3.530678187821189e-07
596 3.853488205781282e-07
597 1.573523549545664e-07
598 2.9331263986652684e-07
599 3.503930967134454e-07
600 3.992780496734565e-07
601 2.8225567359507385e-07
602 3.5626138569710667e-07
603 2.7720139917905537e-07
604 3.159166632822223e-07
605 3.5143696717019797e-07
606 3.007666926061757e-07
607 2.790677883545892e-07
608 2.1359169060691452e-07
609 3.4981904314518824e-07
610 3.6899486798686363e-07
611 3.5543354605687164e-07
612 3.739721871232558e-07
613 3.659930420048588e-07
614 4.053419805279185e-07
615 4.347528283385366e-07
616 2.720594276244728e-07
617 4.34978274049549e-07
618 4.215815459260191e-07
619 4.552171809331815e-07
620 1.8785680865943694e-07
621 3.4115104139975214e-07
622 2.8850678715450016e-07
623 4.317074599720507e-07
624 4.3361872284236205e-07
625 2.995694656120292e-07
626 2.816353383287686e-07
627 3.9132428057461254e-07
628 4.269034995068058e-07
629 3.879966602124052e-07
630 3.532899358083261e-07
631 2.6309059001599614e-07
632 3.669154362231534e-07
633 3.770350242742674e-07
634 3.667652157459383e-07
635 3.197982842411613e-07
636 3.9060177866327085e-07
637 3.3085429537890663e-07
638 3.098926802197864e-07
639 4.037290193193478e-07
640 3.5146649150327525e-07
641 1.4801683878756278e-07
642 4.481645155911849e-07
643 4.172490201519191e-07
644 3.2961222650108137e-07
645 3.0674740619452014e-07
646 4.012221451252861e-07
647 3.8446776806839585e-07
648 1.9931128970137461e-07
649 3.1263021738796847e-07
650 3.4757705760143157e-07
651 3.2030854669259513e-07
652 3.3872485718548523e-07
653 3.2532944178908853e-07
654 3.5799051210737937e-07
655 2.8997989793566976e-07
656 3.413247360511506e-07
657 3.3804981960374774e-07
658 3.281418552590916e-07
659 3.386865402314674e-07
660 2.9985164493970953e-07
661 3.0193309120926737e-07
662 3.6301719272480017e-07
663 3.5323960022663837e-07
664 4.378713519451038e-07
665 1.603088928207489e-07
666 3.8433619220436996e-07
667 2.921861943852088e-07
668 3.9010069760439816e-07
669 2.9868160254665575e-07
670 2.748760023673878e-07
671 3.141930728917234e-07
672 3.5502174137230076e-07
673 4.4051170221390065e-07
674 3.958290716814644e-07
675 2.3531972468523692e-07
676 3.1767937230222424e-07
677 3.127406874755237e-07
678 3.736093664195039e-07
679 3.554861577926164e-07
680 4.409585606586861e-07
681 2.298297049088901e-07
682 3.9025246087676626e-07
683 3.7106598354886897e-07
684 3.967272134384525e-07
685 2.2851506891923484e-07
686 3.757192435097423e-07
687 2.6680855591579836e-07
688 3.2237835191200546e-07
689 2.4847195115876853e-07
690 3.016410413726754e-07
691 3.2558628935001877e-07
692 2.647410151281628e-07
693 3.3897776077103303e-07
694 3.469790873412456e-07
695 2.1923743387939797e-07
696 2.6939393601644487e-07
697 3.253125260785325e-07
698 3.331336538449422e-07
699 2.933276755650549e-07
700 3.061981891333155e-07
701 3.62395962509676e-07
702 2.775795251521494e-07
703 3.599081685192002e-07
704 2.8641044420948915e-07
705 3.0105731159712256e-07
706 2.8359313258208733e-07
707 3.4830051013787575e-07
708 2.8756877911995743e-07
709 2.570518500548409e-07
710 2.7793344123504353e-07
711 3.0489323075730123e-07
712 4.4197074776251445e-07
713 3.9896184490259194e-07
714 3.884480798562958e-07
715 4.1212939752671284e-07
716 3.7926721619101053e-07
717 3.0976936562400136e-07
718 2.7354788376633554e-07
719 3.71720630756311e-07
720 3.1400158692936764e-07
721 2.9210362689104796e-07
722 3.1465252734543834e-07
723 2.805321496280465e-07
724 3.2673262860234696e-07
725 4.066460598490594e-07
726 3.6369112900177926e-07
727 3.19156746104772e-07
728 3.868691678186525e-07
729 2.2982030764669327e-07
730 3.3328469328102966e-07
731 2.2230556592437057e-07
732 3.134186894882736e-07
733 2.683306549869532e-07
734 3.219338195794489e-07
735 3.7929821411316556e-07
736 2.3400197562788098e-07
737 4.133249093108868e-07
738 2.7393724142462606e-07
739 4.414493958432675e-07
740 2.7906500005130615e-07
741 2.7335861768667576e-07
742 2.7695088176121503e-07
743 3.5159287899019835e-07
744 3.9368485910104506e-07
745 4.394259219585168e-07
746 3.8912485314135874e-07
747 3.115314943370319e-07
748 3.434851804340935e-07
749 3.752933685673337e-07
750 3.5397273636681107e-07
751 2.5238906291903184e-07
752 4.0851682352307574e-07
753 3.646682021269488e-07
754 4.78607912504256e-07
755 2.8697653794713443e-07
756 2.765402927568269e-07
757 3.3254737230497023e-07
758 3.3379491480319895e-07
759 3.0097544886896426e-07
760 3.9425826137219827e-07
761 2.916881914928279e-07
762 2.701405600750106e-07
763 2.6799632489170475e-07
764 3.0791267469361963e-07
765 2.524293911344754e-07
766 4.2267352305360896e-07
767 3.8934695719398923e-07
768 3.63548852753813e-07
769 3.623200404984631e-07
770 2.836788046762035e-07
771 3.9543785893786364e-07
772 2.9154944549072826e-07
773 3.9842080529526975e-07
774 3.162319028612011e-07
775 3.0444966533131975e-07
776 3.591213613114843e-07
777 3.044158946316653e-07
778 3.8413030293170175e-07
779 2.933710102426759e-07
780 1.4999599732956342e-07
781 3.5779610841550376e-07
782 3.445303885197161e-07
783 2.0746705105879503e-07
784 3.9280371838346575e-07
785 3.82322422778784e-07
786 3.232324028279425e-07
787 3.275548714273142e-07
788 3.075645102622593e-07
789 3.5258446056995315e-07
790 2.0132028395488642e-07
791 4.0120509949537953e-07
792 3.728300629455788e-07
793 2.5941112390429493e-07
794 3.04847655065716e-07
795 4.0877060979215237e-07
796 3.314043350975583e-07
797 3.667237807183821e-07
798 2.3773228916624132e-07
799 3.0442803497297425e-07
800 3.6747814054042177e-07
801 3.5857894427064006e-07
802 3.6800475628113104e-07
803 4.0668703327035776e-07
804 3.65628066496524e-07
805 3.627897308978375e-07
806 3.778260340924634e-07
807 4.311689900905388e-07
808 3.149189089916164e-07
809 3.0891085657515884e-07
810 3.369399569301981e-07
811 3.389036922719316e-07
812 2.722588150982587e-07
813 3.9606281969751254e-07
814 2.9525915174025275e-07
815 3.74236265503223e-07
816 2.920379462238665e-07
817 3.036528560011002e-07
818 3.734491468508582e-07
819 2.7517395558615775e-07
820 2.6366683924035523e-07
821 3.1962692255989626e-07
822 3.3827355737485216e-07
823 4.508636186835933e-07
824 2.9973644349350545e-07
825 2.619387824607912e-07
826 3.377852397298956e-07
827 3.1613038288406874e-07
828 3.812291840229918e-07
829 3.010172194312336e-07
830 3.610878406016806e-07
831 3.9661834114010203e-07
832 3.53488294858604e-07
833 3.5033214758691833e-07
834 2.87816684115827e-07
835 3.7731170100701164e-07
836 2.700942088766475e-07
837 3.8283598378524236e-07
838 3.0756906454829865e-07
839 3.6005546440900237e-07
840 2.776202228716627e-07
841 3.810864141757314e-07
842 2.6742422111124143e-07
843 2.583306607225373e-07
844 2.9085805647529183e-07
845 3.472309345241805e-07
846 3.2907865791822726e-07
847 3.7571967941099005e-07
848 3.079898622116767e-07
849 4.1899847278889943e-07
850 3.5418921618650145e-07
851 3.609109047676348e-07
852 2.6827158097357265e-07
853 1.8809768670854515e-07
854 2.611788418294153e-07
855 2.2538154905577112e-07
856 2.5657225658980387e-07
857 2.984516678123091e-07
858 2.678323503702828e-07
859 3.027430179555646e-07
860 2.8438049099988246e-07
861 3.8524630590230415e-07
862 4.074535187655313e-07
863 3.6847914689492244e-07
864 2.833962919584913e-07
865 3.3276773692983066e-07
866 3.4916096632595744e-07
867 2.459218941354523e-07
868 3.2799675669806035e-07
869 1.947630152186649e-07
870 3.406174633512307e-07
871 2.2216657043913302e-07
872 3.192441812807535e-07
873 2.523854047316154e-07
874 2.2190708872176655e-07
875 3.0526649402036873e-07
876 3.526868299009396e-07
877 3.916963948441391e-07
878 3.219131407505141e-07
879 2.559269983227193e-07
880 3.3259827906814725e-07
881 3.3833714104642805e-07
882 3.186380648217123e-07
883 3.748431082596947e-07
884 3.3924479945089586e-07
885 3.2185658233947406e-07
886 2.908602526395056e-07
887 2.7028303577391183e-07
888 2.9567603801354833e-07
889 2.641067514640571e-07
890 5.272291676946136e-07
891 3.0901790107053323e-07
892 3.1843141696145696e-07
893 3.5758804877831187e-07
894 3.027528552935387e-07
895 3.4595371560392525e-07
896 3.3004206449928053e-07
897 3.010530176019849e-07
898 4.2441618506529916e-07
899 4.282285638861276e-07
900 3.6254522865541903e-07
901 2.986364238496109e-07
902 2.706570692838971e-07
903 3.342425715036788e-07
904 2.3789588915508313e-07
905 4.0199935493971695e-07
906 3.993420071492823e-07
907 3.3168204480407056e-07
908 3.4967936235014665e-07
909 4.1253467660906727e-07
910 3.965062940672464e-07
911 3.6795023960831516e-07
912 4.674785487679165e-07
913 2.9451009115081095e-07
914 2.692571709367365e-07
915 3.483921512048094e-07
916 3.211981444169985e-07
917 4.010232490062923e-07
918 4.4124972160035276e-07
919 2.740348347265111e-07
920 2.7995052944581194e-07
921 3.0909008261765463e-07
922 4.5785582530494096e-07
923 3.2573825852657993e-07
924 3.282333860442733e-07
925 4.291501654836994e-07
926 3.9285872619242913e-07
927 2.4910029678002e-07
928 2.1178409269752962e-07
929 3.396285306402133e-07
930 3.7330770933650756e-07
931 3.300037053809183e-07
932 3.6968996255753275e-07
933 3.6617028796728387e-07
934 3.592337587713273e-07
935 2.7207021523358444e-07
936 2.6448855732026116e-07
937 3.8835408394887293e-07
938 3.8247376756448797e-07
939 2.6731975965783534e-07
940 4.0441650480964284e-07
941 3.721496352712962e-07
942 3.650448919779328e-07
943 2.311552629671933e-07
944 4.256445122573448e-07
945 2.946984998083727e-07
946 3.780613316357442e-07
947 4.374202230551609e-07
948 2.6051290835010117e-07
949 3.9295414439969423e-07
950 3.293604539251616e-07
951 3.6209065973857836e-07
952 3.8688074001774695e-07
953 2.5257032978524954e-07
954 4.013845689626409e-07
955 2.486149583415816e-07
956 2.5767636422272436e-07
957 2.9370849046055784e-07
958 2.9531155453572975e-07
959 3.3214622592777587e-07
960 4.100788811439064e-07
961 4.2341397923376504e-07
962 4.0050930623616417e-07
963 3.302804588354805e-07
964 2.531979607111231e-07
965 4.0823363669127593e-07
966 3.4273726019402737e-07
967 2.739496938059424e-07
968 3.953429085897729e-07
969 3.829703330626914e-07
970 2.9301540104099513e-07
971 3.741403228990043e-07
972 3.871950575915556e-07
973 3.1252436721496453e-07
974 2.592116708953898e-07
975 3.848940122547012e-07
976 3.2424263821772123e-07
977 3.3029277487848697e-07
978 3.151223406264625e-07
979 3.646565622981931e-07
980 3.0943033031965516e-07
981 3.7906501086091605e-07
982 3.2003542698836863e-07
983 4.1851406077620296e-07
984 3.1855088079594423e-07
985 3.0452391021687053e-07
986 3.181030023950495e-07
987 3.336468272390334e-07
988 4.029195099075058e-07
989 2.739114215461727e-07
990 3.6101952428456247e-07
991 3.3024346983655775e-07
992 3.5380894483335183e-07
993 3.515800534903305e-07
994 3.8623334981377987e-07
995 3.2464678224252947e-07
996 3.9478467736141855e-07
997 2.828107449432732e-07
998 2.767788660119562e-07
999 2.7814495658781197e-07
