0 3.388745873046321e-07
1 3.3538834682556646e-07
2 3.8980483468143353e-07
3 3.6827242023459244e-07
4 3.2111108143256247e-07
5 3.3655529665113823e-07
6 3.691263405668766e-07
7 3.521042578291948e-07
8 3.643109519157632e-07
9 3.448391165655722e-07
10 3.683816356600164e-07
11 3.015911281351294e-07
12 3.546401888549434e-07
13 3.3344443012393387e-07
14 3.5827648837935887e-07
15 3.252602101075257e-07
16 3.347042140723683e-07
17 3.966429853016356e-07
18 3.123263940020083e-07
19 3.448350256567835e-07
20 3.583815113689639e-07
21 3.7060142700411905e-07
22 4.0924097897962085e-07
23 4.300678199942582e-07
24 3.698484847866124e-07
25 3.2553480008180837e-07
26 4.1420593888370956e-07
27 3.996987797920641e-07
28 3.293996325024948e-07
29 2.7530371444922356e-07
30 3.435130422568307e-07
31 3.512742201991522e-07
32 3.254188970968173e-07
33 3.4558862315429276e-07
34 3.414664025376029e-07
35 3.2556360739810286e-07
36 3.2945197140091724e-07
37 3.5137349181542127e-07
38 3.7840170318762705e-07
39 4.214102505400217e-07
40 3.261865195740293e-07
41 4.1677063802451904e-07
42 3.106124118421803e-07
43 4.3745769485636053e-07
44 3.651648572401201e-07
45 3.2757909479160864e-07
46 3.400499094519594e-07
47 3.178995590014159e-07
48 3.5662611379840163e-07
49 3.1926617034273055e-07
50 3.5379454612135777e-07
51 2.914957671437192e-07
52 3.775040048069286e-07
53 3.050129662188471e-07
54 3.498286672010002e-07
55 3.4908838498885345e-07
56 3.5162457381850936e-07
57 3.576241875215987e-07
58 3.175197177003426e-07
59 3.5439138382641873e-07
60 3.7053210050081275e-07
61 3.788588275527509e-07
62 3.7144342690875696e-07
63 3.904609684207093e-07
64 3.8292819481051107e-07
65 3.244624008152227e-07
66 3.7762398255199634e-07
67 3.4544687209803855e-07
68 3.0784870794596885e-07
69 3.126609217338648e-07
70 3.6848681345403694e-07
71 3.95574549587993e-07
72 4.0128389426119256e-07
73 3.5319154180953573e-07
74 3.4420924096639834e-07
75 3.189793989112359e-07
76 3.3273865750460294e-07
77 3.5431787623206197e-07
78 3.057296174088545e-07
79 3.54046460698193e-07
80 3.3703803316701194e-07
81 4.645641259754401e-07
82 3.638540850044929e-07
83 3.4837637514233333e-07
84 3.678797508552755e-07
85 3.336635669455552e-07
86 3.2243036773632825e-07
87 3.380714401220434e-07
88 3.4899123049673937e-07
89 3.493609541066527e-07
90 3.41625917622573e-07
91 3.615135733786693e-07
92 3.279890871520615e-07
93 3.7157497308527126e-07
94 3.512224136284741e-07
95 3.771442615922243e-07
96 2.9095760423210434e-07
97 3.124422130512249e-07
98 3.056697194210955e-07
99 2.5709045811955574e-07
100 3.623683866045058e-07
101 3.0493496202646085e-07
102 3.3374986169712464e-07
103 3.724514620824764e-07
104 3.237348219865827e-07
105 3.4281051445207546e-07
106 3.377063761038863e-07
107 3.571823250634074e-07
108 2.945312648954608e-07
109 3.90068881401206e-07
110 2.773159204954751e-07
111 3.438927569478779e-07
112 3.0412881351846383e-07
113 3.426958037942379e-07
114 3.4772127649614676e-07
115 3.4662169441364035e-07
116 3.222073768561364e-07
117 3.938059189980864e-07
118 3.7272771802527246e-07
119 3.552492320612318e-07
120 3.1095552091425907e-07
121 3.869667219110169e-07
122 3.1334544804891704e-07
123 3.4927905948249415e-07
124 3.914762262458111e-07
125 3.0350683021210026e-07
126 3.956509291033685e-07
127 3.813058186532202e-07
128 3.691743433639845e-07
129 3.659693539262453e-07
130 3.789757067348187e-07
131 3.4413630787241684e-07
132 3.661246783240722e-07
133 3.428426154072461e-07
134 3.634413675381832e-07
135 3.5869608685551253e-07
136 3.409702609727833e-07
137 3.6096699557819484e-07
138 3.535480124210181e-07
139 3.6014739176293583e-07
140 3.013664189875726e-07
141 3.625950254541789e-07
142 3.1588790185883605e-07
143 3.8297036249710705e-07
144 3.849360423214425e-07
145 3.252979760760065e-07
146 3.123531541907447e-07
147 3.156401418177416e-07
148 3.422868902737282e-07
149 3.272754319737118e-07
150 3.801336043248274e-07
151 3.4305365352588126e-07
152 3.446006008467861e-07
153 3.1934240668474286e-07
154 4.154335330060315e-07
155 4.1489813100717044e-07
156 3.48301131239581e-07
157 3.8667665050644713e-07
158 2.873441582000458e-07
159 4.25843367849685e-07
160 3.491238413052133e-07
161 3.1972614085280145e-07
162 4.025955849321149e-07
163 3.2026057559129137e-07
164 3.35919530128411e-07
165 3.529453615764288e-07
166 3.711485652776347e-07
167 3.2116709245730583e-07
168 4.3304190364057416e-07
169 3.2557690692362784e-07
170 3.43286335000657e-07
171 3.6427040895140076e-07
172 3.294657812580646e-07
173 3.194256195349833e-07
174 4.0709248437727116e-07
175 3.9281590352601223e-07
176 3.4249866614116543e-07
177 3.524711556961337e-07
178 3.3003297359827825e-07
179 3.231204537327955e-07
180 3.6660324281957216e-07
181 3.914366609704103e-07
182 3.4461535980573636e-07
183 3.715794651560545e-07
184 3.890275150265483e-07
185 3.621296180790348e-07
186 3.273955017467849e-07
187 3.4744631031169887e-07
188 3.3369682494365717e-07
189 3.1920020192228726e-07
190 4.1883750915436506e-07
191 3.246864117764121e-07
192 3.3332145802851914e-07
193 2.7352473607891965e-07
194 3.1341317258809166e-07
195 3.506712742198306e-07
196 3.6674150892729517e-07
197 4.3387979568452726e-07
198 3.0970834265259474e-07
199 3.503388518757647e-07
200 3.5539969825258293e-07
201 3.1884921179667067e-07
202 3.48004388333848e-07
203 3.668622371766257e-07
204 3.418670106125939e-07
205 3.3681861617403497e-07
206 3.473521893934352e-07
207 3.9346956065987343e-07
208 3.5047380109614354e-07
209 3.1623323807772444e-07
210 3.515273809750265e-07
211 3.813364441465462e-07
212 3.410847275158838e-07
213 3.5718240086355205e-07
214 4.2942060009960805e-07
215 3.408036267370642e-07
216 3.7214700309634035e-07
217 2.897723427079855e-07
218 3.435840635279749e-07
219 3.644745825360586e-07
220 3.8406048625375135e-07
221 3.230996164138351e-07
222 4.485770087385215e-07
223 3.899176540535758e-07
224 3.353369545910702e-07
225 3.6220351827237764e-07
226 3.280163050518238e-07
227 3.39809086229566e-07
228 3.4365912573302766e-07
229 2.8509217820292986e-07
230 3.265349268846166e-07
231 3.284567867923706e-07
232 4.053628430326072e-07
233 3.5788682451753417e-07
234 3.860571563800147e-07
235 3.384176811748006e-07
236 3.0889297630062624e-07
237 3.7186324192426314e-07
238 3.796438685415292e-07
239 3.575460031312872e-07
240 3.120763410413808e-07
241 3.876242344743796e-07
242 3.2378501841296286e-07
243 3.573400117496086e-07
244 3.096620198034218e-07
245 3.2638181125695374e-07
246 3.9270239007163014e-07
247 4.184417186237334e-07
248 2.746774771321266e-07
249 3.6886928612631405e-07
250 3.18485864756628e-07
251 3.8322722409850206e-07
252 3.758799966556219e-07
253 2.8169620455260475e-07
254 4.289766902375409e-07
255 3.613612539262291e-07
256 3.591369371278211e-07
257 3.7241901687970753e-07
258 3.8195950394099035e-07
259 3.1590103668334543e-07
260 3.8190865326273913e-07
261 3.417178453064066e-07
262 3.566636768105728e-07
263 3.640803791616921e-07
264 3.3499923087810633e-07
265 4.113322723478457e-07
266 3.5819852613673676e-07
267 3.43917256345859e-07
268 3.428558512527791e-07
269 3.773964448559739e-07
270 3.257413680643667e-07
271 3.948042824730544e-07
272 3.7699990016578103e-07
273 3.1468288041914555e-07
274 2.801826613082192e-07
275 3.4886837040330557e-07
276 3.6701151994978017e-07
277 3.7397993979532445e-07
278 3.112015781388374e-07
279 3.4792229641683e-07
280 3.1167877594057784e-07
281 3.676291321290947e-07
282 3.320937519805398e-07
283 3.755825123559081e-07
284 3.352320718667537e-07
285 3.1110047830007753e-07
286 2.993816008525407e-07
287 3.7298595197830043e-07
288 3.4842449300814564e-07
289 3.3911246137579554e-07
290 3.448567084826823e-07
291 3.690985824922914e-07
292 3.971671490102278e-07
293 4.2805649538690377e-07
294 3.0308445562171006e-07
295 3.1482496140789206e-07
296 3.6434872573816336e-07
297 3.877549762879297e-07
298 3.6984865975360797e-07
299 3.1506627569929273e-07
300 3.6998234109269675e-07
301 3.5675599592843483e-07
302 3.70688589360881e-07
303 3.022928979735138e-07
304 3.3283805014089136e-07
305 3.8873063562373573e-07
306 3.7859984742011536e-07
307 2.9574313274067854e-07
308 3.786921878043595e-07
309 3.5631713856399133e-07
310 3.2867555231645285e-07
311 3.610978531419227e-07
312 3.6484041762389266e-07
313 3.547906097328868e-07
314 3.9012987966276913e-07
315 3.654478811218735e-07
316 3.045700635934417e-07
317 3.313683251401455e-07
318 2.9819697566670074e-07
319 2.961459570732548e-07
320 2.717841695647438e-07
321 4.23795864455744e-07
322 3.5016752885230795e-07
323 3.674929891532977e-07
324 3.778595863284673e-07
325 3.706833398474979e-07
326 3.779183945581369e-07
327 3.552427409969636e-07
328 3.5026331149025775e-07
329 3.400802863574994e-07
330 3.4164481692804226e-07
331 3.3981831382265783e-07
332 3.5421750790165785e-07
333 3.4426882564684727e-07
334 3.359335837085443e-07
335 3.2963122771802567e-07
336 4.4410580641149983e-07
337 3.173213939647194e-07
338 3.664966605187313e-07
339 3.655595199434966e-07
340 4.284336067347374e-07
341 3.8754986635791614e-07
342 3.9607990520796375e-07
343 3.7760562890833757e-07
344 3.8739085830071265e-07
345 3.295305434703021e-07
346 3.77931726219895e-07
347 3.526667384258419e-07
348 3.135332845550978e-07
349 3.1910266890536904e-07
350 3.502191572709506e-07
351 4.011233817000993e-07
352 4.0254896554772106e-07
353 3.259719536992783e-07
354 3.8001926611694107e-07
355 3.470584147046981e-07
356 3.939385317507466e-07
357 3.4305970355848973e-07
358 3.647095085565097e-07
359 3.9905500894389685e-07
360 3.603088927127813e-07
361 2.83157128296976e-07
362 3.2275661432576523e-07
363 3.269149761513483e-07
364 3.46360526313116e-07
365 3.367431449484781e-07
366 2.655799323806065e-07
367 3.7884343722578277e-07
368 2.964206032231152e-07
369 3.355906959599861e-07
370 3.917381004563662e-07
371 3.5701138617841896e-07
372 3.96279150043484e-07
373 3.2605480162482405e-07
374 3.1859283528681415e-07
375 2.789739564150926e-07
376 3.3438404430422513e-07
377 2.750275090842694e-07
378 3.908800386821812e-07
379 3.662909239592364e-07
380 3.592588007252282e-07
381 3.7643554079490826e-07
382 3.6641318967934423e-07
383 3.6379406542704064e-07
384 3.893471783146117e-07
385 3.9449059402269367e-07
386 3.2788159910018756e-07
387 3.0047199208539184e-07
388 3.8006653337177574e-07
389 3.6767076599133986e-07
390 3.5865794676232343e-07
391 3.4594785380690115e-07
392 3.587213696514139e-07
393 3.5554689979621156e-07
394 3.4715645154921345e-07
395 4.068403614959116e-07
396 3.4536753173370827e-07
397 3.806450935657609e-07
398 3.6190708656867903e-07
399 2.9333236532662924e-07
400 3.7547753962724806e-07
401 3.6209348020839626e-07
402 3.0400303935834833e-07
403 3.2165845315152597e-07
404 3.848197994770032e-07
405 3.785182183791799e-07
406 3.7317709378947415e-07
407 3.3497603967609384e-07
408 3.180786741754228e-07
409 3.947538474933596e-07
410 3.6124895435807624e-07
411 3.5824810496457574e-07
412 3.244881392804781e-07
413 3.6657016212578867e-07
414 3.7138997254173935e-07
415 3.0147119857875015e-07
416 4.2302070939996686e-07
417 3.3344761504909137e-07
418 3.309488388700765e-07
419 3.431608691061086e-07
420 3.7832909535972825e-07
421 3.782473823506998e-07
422 3.9512387937789845e-07
423 3.2449931344331695e-07
424 3.777090609525968e-07
425 2.9959825797378077e-07
426 3.448786033529531e-07
427 3.198762141833735e-07
428 3.511051589546988e-07
429 3.4550226354710686e-07
430 3.488377171898322e-07
431 3.7258126559492095e-07
432 3.6430083891881774e-07
433 3.778854529611749e-07
434 3.4031877760178094e-07
435 4.0761649919626103e-07
436 3.097916298362448e-07
437 3.837335155219365e-07
438 4.089894286756745e-07
439 3.7636576932905094e-07
440 3.7604587094631536e-07
441 3.736098812400436e-07
442 3.215149949180922e-07
443 3.5133425128710486e-07
444 3.668025289347269e-07
445 3.7172192901924354e-07
446 3.5216828354622924e-07
447 2.90571612221181e-07
448 2.7849075306075284e-07
449 4.0124600032715575e-07
450 3.157838539807023e-07
451 3.1893677770659184e-07
452 3.3871309088197367e-07
453 3.8512923501545955e-07
454 3.3881021826003514e-07
455 3.53780872507307e-07
456 3.2068700361050315e-07
457 4.2866927009732095e-07
458 3.049974600701764e-07
459 3.4902120517786973e-07
460 3.8898175699505973e-07
461 3.6350298938835755e-07
462 3.6263248219078963e-07
463 3.090326324549969e-07
464 3.245061986396326e-07
465 3.634410249996295e-07
466 3.3731896409883636e-07
467 4.2844742288438617e-07
468 3.430967929745026e-07
469 3.5830096467528995e-07
470 3.104562363522947e-07
471 3.5518346372820677e-07
472 3.357062970004355e-07
473 3.3295311456239763e-07
474 3.222746794341944e-07
475 4.12144306544389e-07
476 3.1763138066030845e-07
477 3.8286127688329607e-07
478 3.7831236955134277e-07
479 3.4037222199780003e-07
480 4.3444692809548513e-07
481 3.1958551120967765e-07
482 3.289585729052608e-07
483 3.2787831594610883e-07
484 3.260639931233738e-07
485 3.1412265800135924e-07
486 3.1879616514664367e-07
487 2.5990185460089194e-07
488 3.1932424780885837e-07
489 3.1979309519376676e-07
490 3.550479366828901e-07
491 3.2337301702679536e-07
492 3.970057705181221e-07
493 3.3268790868365223e-07
494 3.672511030096538e-07
495 3.1845950632932055e-07
496 3.8983037712269826e-07
497 3.7351739815656966e-07
498 3.3798346828057177e-07
499 2.9482011782450297e-07
500 3.443117719131227e-07
501 3.492049608479959e-07
502 4.0310202008427287e-07
503 3.4086426201686765e-07
504 3.065132122858508e-07
505 4.086677598688988e-07
506 3.142100546404521e-07
507 3.704127351726125e-07
508 3.6554214773160203e-07
509 3.3269052446391575e-07
510 3.5750589876458284e-07
511 3.515491198382362e-07
512 3.5314167465259276e-07
513 4.296013094634571e-07
514 3.166192249333809e-07
515 3.149548930780735e-07
516 3.948194739298786e-07
517 3.4813847972195147e-07
518 3.754630535193361e-07
519 3.295950000450276e-07
520 3.587715209788815e-07
521 2.9843414784818556e-07
522 4.045338350448195e-07
523 3.158932844782743e-07
524 3.626889473592047e-07
525 3.7080853931460626e-07
526 2.944970559888234e-07
527 3.824464899282703e-07
528 3.336639125696619e-07
529 4.263723031421655e-07
530 3.1163033860330965e-07
531 4.020029540944659e-07
532 3.6604300688039775e-07
533 3.3094373296606475e-07
534 3.528407261147037e-07
535 4.050378514923518e-07
536 3.284019231857903e-07
537 4.044230692988382e-07
538 3.5520275599839286e-07
539 3.4735958334405703e-07
540 3.9829408370213556e-07
541 2.773883220868687e-07
542 3.249949207787603e-07
543 3.345410027881588e-07
544 3.954115853163661e-07
545 3.1509840663519016e-07
546 3.370912749555005e-07
547 4.0041409706849824e-07
548 3.8350254924976275e-07
549 4.0065711436967154e-07
550 3.942100658052356e-07
551 3.880192836030817e-07
552 3.782742646755289e-07
553 4.0818585794246377e-07
554 3.38453547178751e-07
555 3.8357112298801394e-07
556 3.73985682637441e-07
557 3.0113051016349705e-07
558 3.5984318540033084e-07
559 3.6415076226346526e-07
560 3.3010582633603124e-07
561 3.8778655300074496e-07
562 3.617551197541265e-07
563 4.0045737907185073e-07
564 3.8829069383197515e-07
565 3.1975853686817365e-07
566 3.2618639541105925e-07
567 3.967528913939319e-07
568 3.4269181946543284e-07
569 3.5150595964886515e-07
570 3.620865900913713e-07
571 3.287491400516176e-07
572 3.715913638850556e-07
573 3.9774038888734827e-07
574 3.5936778678261253e-07
575 3.440055226810552e-07
576 3.922571703904719e-07
577 3.091563909495465e-07
578 4.0663346652433744e-07
579 3.250847703499614e-07
580 3.954000859319756e-07
581 3.6009587996578435e-07
582 3.545725331025915e-07
583 3.455055188789263e-07
584 4.1835538962171345e-07
585 3.753086939889142e-07
586 3.6491531328284665e-07
587 3.395442668655015e-07
588 3.5331640708778446e-07
589 3.6572248669583035e-07
590 3.2691810611364824e-07
591 3.817847577829101e-07
592 3.7094854311451433e-07
593 3.482584715007534e-07
594 3.391728883121443e-07
595 3.2778213341036533e-07
596 2.8590392001423806e-07
597 3.063130222873106e-07
598 3.624529747139735e-07
599 3.621918115387711e-07
600 3.2240293831260523e-07
601 4.2823448612735965e-07
602 4.0823832712839693e-07
603 3.493792923172938e-07
604 3.335777065397149e-07
605 3.8229067123267494e-07
606 3.7047213201291996e-07
607 3.316553649540589e-07
608 3.7258974198179535e-07
609 3.3632360283312056e-07
610 3.627759113258773e-07
611 3.311306617771961e-07
612 4.3043217650650646e-07
613 3.780283848030502e-07
614 4.0389367035491715e-07
615 3.12942208977956e-07
616 3.602195154189548e-07
617 3.0751674139013853e-07
618 3.3693290109826384e-07
619 3.8728443414010365e-07
620 3.824476814707275e-07
621 3.525590623976789e-07
622 3.989827034756027e-07
623 4.0141475438385075e-07
624 3.644765015280009e-07
625 3.5333905174569076e-07
626 3.895138056982768e-07
627 4.107392674158041e-07
628 3.551220820387773e-07
629 3.421013399038176e-07
630 2.947600798031301e-07
631 3.05765377101324e-07
632 3.79070131938474e-07
633 3.442328700129412e-07
634 3.5773468893295134e-07
635 3.047446549732466e-07
636 3.8960178475274966e-07
637 3.339477226574347e-07
638 4.1984005749387016e-07
639 4.1178876534266763e-07
640 3.8111066255866854e-07
641 3.0608210705936056e-07
642 3.592405186795032e-07
643 3.99814519610375e-07
644 3.388828368522555e-07
645 3.349380456869302e-07
646 3.6394236018455323e-07
647 4.5242318713708915e-07
648 3.3921723272099985e-07
649 3.145352096779651e-07
650 3.676976294913961e-07
651 3.543539289515114e-07
652 3.69477853930386e-07
653 3.979623010966399e-07
654 3.805954301911271e-07
655 2.684859551289537e-07
656 3.680995575572097e-07
657 3.7173729051675774e-07
658 3.8924346096726145e-07
659 3.3741549552563607e-07
660 3.8004927634117395e-07
661 3.583981833349048e-07
662 3.3278243077483537e-07
663 2.7702165128590605e-07
664 3.377915803251094e-07
665 3.177235681793893e-07
666 3.845884948926672e-07
667 3.5419684459472764e-07
668 4.2197495785657715e-07
669 3.271057064745621e-07
670 4.179064074277545e-07
671 3.820066747092996e-07
672 4.056359517115138e-07
673 3.859052151328805e-07
674 3.58816191587265e-07
675 3.7369295101057866e-07
676 4.079748265709146e-07
677 3.367792562316663e-07
678 3.66914798665747e-07
679 3.740501893487967e-07
680 3.732680328372824e-07
681 3.8055993156686635e-07
682 3.5681843897360803e-07
683 3.5071870524428723e-07
684 3.041899587609466e-07
685 3.8836010572423866e-07
686 2.738094062900097e-07
687 3.4071666580709595e-07
688 3.71957506079128e-07
689 3.7660447726993353e-07
690 3.6853111995792535e-07
691 3.458017065643947e-07
692 3.9136266860242854e-07
693 3.5537509399301514e-07
694 3.75740377890754e-07
695 3.422465798196119e-07
696 3.6480855363950785e-07
697 3.567389834469579e-07
698 3.6068602884301206e-07
699 3.9841661714504656e-07
700 3.251723987107295e-07
701 3.453058122798458e-07
702 4.228568317281593e-07
703 3.221016230737579e-07
704 3.398003211142592e-07
705 3.000086934867876e-07
706 3.5000733747017165e-07
707 3.4195690026845857e-07
708 3.370482428197396e-07
709 3.316406617938081e-07
710 3.526330809696236e-07
711 3.3348665538252695e-07
712 2.9670437706619345e-07
713 3.4892921918397504e-07
714 3.2262877831471005e-07
715 3.214790968001661e-07
716 2.8699722484697265e-07
717 3.761991175529367e-07
718 3.661225178651097e-07
719 3.444973480712796e-07
720 3.552389208803137e-07
721 4.0050085706889544e-07
722 4.263173021542841e-07
723 3.045504649418284e-07
724 3.312561680272463e-07
725 2.961065174692899e-07
726 3.1630275095191846e-07
727 3.199741628211684e-07
728 3.2141307720765797e-07
729 3.431413016131752e-07
730 3.760267142368952e-07
731 3.754261648540041e-07
732 3.823413072192569e-07
733 3.0153044830368536e-07
734 4.049918848198309e-07
735 3.7454269947014745e-07
736 3.3868139158282334e-07
737 3.251157491996661e-07
738 3.594779189995171e-07
739 3.70353242476447e-07
740 3.6108435929561083e-07
741 3.720935141799212e-07
742 3.0048440650540793e-07
743 3.5167238267410533e-07
744 3.2106986705811027e-07
745 3.532019051985598e-07
746 3.130466246350104e-07
747 3.2648312977168975e-07
748 3.094558790818722e-07
749 3.753981666903507e-07
750 3.772118942615151e-07
751 3.6899197217873573e-07
752 3.294056401574258e-07
753 3.597030950465666e-07
754 2.71742059662655e-07
755 3.1884220063835256e-07
756 3.178580203024934e-07
757 3.4598555586459836e-07
758 3.6942475292599893e-07
759 4.274542577028541e-07
760 3.6022307714815546e-07
761 3.1366891209553584e-07
762 3.5515766380998855e-07
763 3.4190703274516014e-07
764 4.0014225228719965e-07
765 3.3973710392555197e-07
766 3.45519223221865e-07
767 3.678391223098695e-07
768 3.438765300200686e-07
769 3.969714498674699e-07
770 3.7238147517462024e-07
771 3.196279098221913e-07
772 3.615973498770341e-07
773 3.6234153801081224e-07
774 3.5351579644328257e-07
775 3.4512268321988605e-07
776 3.800683168576705e-07
777 3.604466859048316e-07
778 3.351095341175242e-07
779 3.48799819047674e-07
780 3.3246749562133766e-07
781 3.438480723162592e-07
782 3.6510967427167354e-07
783 3.64437682660535e-07
784 3.438461083575908e-07
785 3.351848192995934e-07
786 3.640957970457548e-07
787 3.918725081071467e-07
788 2.8567902591292916e-07
789 2.776381989333858e-07
790 3.833913800329753e-07
791 3.356596157162249e-07
792 3.2355176163471476e-07
793 3.4612081905312097e-07
794 3.624649914471324e-07
795 4.1753148074922825e-07
796 3.1474080524682967e-07
797 4.410746507599513e-07
798 3.790861259940119e-07
799 3.066179932489226e-07
800 3.754572464228987e-07
801 3.474784037765841e-07
802 2.59927029894113e-07
803 3.3128729728750695e-07
804 4.2592114816222595e-07
805 3.5532278456940754e-07
806 3.1704925478035503e-07
807 3.567573528426772e-07
808 3.7570335965510917e-07
809 4.0080757342830654e-07
810 2.68381289676303e-07
811 3.3869306912851516e-07
812 2.518500950722216e-07
813 3.224247946940223e-07
814 3.109061898256717e-07
815 3.0416178117092754e-07
816 3.416432492450086e-07
817 2.867006898300847e-07
818 4.2349925455630445e-07
819 3.517153294024681e-07
820 3.1478383088049894e-07
821 3.65236334789e-07
822 3.138796394515548e-07
823 3.6864782857194075e-07
824 2.9498177169631723e-07
825 3.701901924890945e-07
826 3.4179204594342217e-07
827 3.5132603865267725e-07
828 3.849943593881926e-07
829 3.484326463141406e-07
830 3.6322020320792344e-07
831 3.460435769006559e-07
832 3.7312582999781573e-07
833 3.569184592083153e-07
834 3.8217839770902905e-07
835 3.7683776694130245e-07
836 2.7369302454786236e-07
837 3.2869922682425636e-07
838 3.801074182821738e-07
839 3.221431925857233e-07
840 3.288119714461841e-07
841 3.423701348803369e-07
842 3.47606875502393e-07
843 3.8110543109484053e-07
844 2.861294253843483e-07
845 3.1254703852125304e-07
846 3.567353554531825e-07
847 3.3548911518642095e-07
848 4.1283315026892313e-07
849 3.523033446157819e-07
850 3.4652029359558583e-07
851 3.082777211613329e-07
852 3.566238865168623e-07
853 3.4942169817160605e-07
854 3.9621488804733143e-07
855 3.6682091042758484e-07
856 3.653269375883824e-07
857 3.1254469638797715e-07
858 3.8028997359780767e-07
859 4.254480632529089e-07
860 3.3149933914760736e-07
861 3.0766716525951775e-07
862 3.2366648926896606e-07
863 3.7777861972167075e-07
864 3.578520605444452e-07
865 3.0989719051563497e-07
866 3.462610550638484e-07
867 3.1151868330268035e-07
868 3.653063018472193e-07
869 3.01702591176266e-07
870 3.6021032829845126e-07
871 3.2826143993094165e-07
872 3.3551447380259627e-07
873 4.377428125859375e-07
874 3.576941724111239e-07
875 2.923050332978045e-07
876 3.900570147379088e-07
877 3.924779857610715e-07
878 3.399475703542809e-07
879 3.808166163262183e-07
880 3.665691252843879e-07
881 3.392193947194441e-07
882 3.360003653761159e-07
883 3.2620479320319343e-07
884 3.525648606020324e-07
885 3.472833788612694e-07
886 3.20035578220545e-07
887 3.2840950586165535e-07
888 2.953495028179865e-07
889 3.997623286742377e-07
890 3.792726105452697e-07
891 3.811138029793271e-07
892 3.2932682495004964e-07
893 3.0225439217185456e-07
894 3.743800014966516e-07
895 3.3104917553890863e-07
896 3.486123793571804e-07
897 3.630423331059595e-07
898 3.922418773891835e-07
899 3.1634480413938726e-07
900 3.44579225402682e-07
901 3.5688687962050634e-07
902 4.135157090205304e-07
903 3.498272027785648e-07
904 3.977833936332835e-07
905 3.8338728096260723e-07
906 3.8345024986016e-07
907 3.702391507091925e-07
908 3.176944842781029e-07
909 3.723177380146426e-07
910 3.2326495044981897e-07
911 3.218244619271107e-07
912 2.666242733401003e-07
913 3.7919644367935417e-07
914 3.859192158460564e-07
915 3.4195290579249495e-07
916 3.811087777497327e-07
917 3.594086164299842e-07
918 4.194154672851089e-07
919 3.344399181674835e-07
920 3.396037062286765e-07
921 3.4896394246556073e-07
922 3.4046506363224087e-07
923 3.729379937113219e-07
924 3.55946597416312e-07
925 3.2111798088603313e-07
926 3.4000824045788797e-07
927 3.4588421728694186e-07
928 3.00748727743294e-07
929 3.483319994654058e-07
930 4.6674109751705715e-07
931 3.800408193805724e-07
932 2.725083582315031e-07
933 3.7339969251516156e-07
934 3.7407322296056326e-07
935 3.4085935395257593e-07
936 3.444402183502416e-07
937 3.6550506863658856e-07
938 3.257204013881517e-07
939 3.409383471526165e-07
940 3.888389580920402e-07
941 3.662377228894032e-07
942 3.9663273809308226e-07
943 3.24760809019789e-07
944 3.448009271866398e-07
945 3.3283838378882836e-07
946 3.4095513377247846e-07
947 3.57145185019144e-07
948 3.520999490654969e-07
949 3.830083692993784e-07
950 3.514669917155087e-07
951 3.659585336077244e-07
952 3.4206080466907496e-07
953 3.980247506239152e-07
954 3.95527423082915e-07
955 3.352471540129689e-07
956 3.5479515655897396e-07
957 3.805020983860786e-07
958 3.3656117626980024e-07
959 3.611260557853132e-07
960 3.7638881913134294e-07
961 3.81224087856313e-07
962 3.2787118462303693e-07
963 3.5815286887884617e-07
964 3.4647387096118944e-07
965 3.525644033747112e-07
966 2.5189609934626713e-07
967 3.3217770550954563e-07
968 2.9356325851682467e-07
969 3.7786449512953185e-07
970 3.110618713877769e-07
971 3.1830318162202657e-07
972 3.6559798056153956e-07
973 3.594064739406054e-07
974 3.440727426510061e-07
975 3.836198423108783e-07
976 3.1849640484898925e-07
977 3.4288382681670834e-07
978 3.211562386259047e-07
979 4.035054966786362e-07
980 3.34756411726435e-07
981 3.2605063414792e-07
982 3.6958224369238526e-07
983 3.2951968782276856e-07
984 3.8587213466072393e-07
985 3.5748157319961563e-07
986 4.078844769223307e-07
987 3.839886246249015e-07
988 3.147822408915965e-07
989 3.221522098081581e-07
990 4.1412491173434414e-07
991 3.7414386381060727e-07
992 3.5913302609031826e-07
993 3.161087682744912e-07
994 3.9453567581521724e-07
995 3.4156874980719754e-07
996 3.0822214873604013e-07
997 3.909460348156606e-07
998 3.414807833386292e-07
999 3.78069297541327e-07
