0 1.5921429275389766e-07
1 1.4439989633216465e-07
2 2.2154537472181204e-07
3 2.7590734880456875e-07
4 1.7254211530067034e-07
5 1.864660200253647e-07
6 2.2853162619617158e-07
7 2.151150356803093e-07
8 2.5650163473292797e-07
9 1.7665376919101903e-07
10 2.2063104621005726e-07
11 2.3086988761729838e-07
12 2.1199214733637406e-07
13 2.355430807070053e-07
14 2.477996875872843e-07
15 2.3440679764669025e-07
16 1.654555301724838e-07
17 2.1060667442973267e-07
18 2.2610765136298536e-07
19 2.1591405002361592e-07
20 2.432741270288458e-07
21 1.944046355384173e-07
22 2.1299678911480522e-07
23 1.9072540412363133e-07
24 2.079343215248736e-07
25 2.460489777978612e-07
26 2.0872132867607582e-07
27 2.1245924373071867e-07
28 2.4912187273758804e-07
29 2.2277263792249523e-07
30 1.922962839000725e-07
31 2.0920069248888827e-07
32 2.0269149610121856e-07
33 2.162989086542827e-07
34 2.0195412358842215e-07
35 1.9614743821138053e-07
36 2.054404749557647e-07
37 2.4573841450735176e-07
38 2.2967288363594452e-07
39 2.0264635276563158e-07
40 2.619733693629976e-07
41 2.2052722182153125e-07
42 2.7093350762967637e-07
43 2.400646819923207e-07
44 2.534989748086666e-07
45 2.039485795857786e-07
46 2.3781072608586195e-07
47 2.639967114543234e-07
48 2.1308573083379423e-07
49 2.1191582087635017e-07
50 1.865226647394268e-07
51 2.6466747806806387e-07
52 2.2353630907032148e-07
53 2.49537958683545e-07
54 1.941977809909536e-07
55 2.2062502926566863e-07
56 1.9126022962154101e-07
57 2.0021713820428976e-07
58 2.2203317631383025e-07
59 1.5389802361004927e-07
60 1.6722708913389171e-07
61 2.546189057473306e-07
62 2.3778278879498378e-07
63 1.7653070420524555e-07
64 2.2584250689171873e-07
65 2.5328841108705404e-07
66 2.3328360805578789e-07
67 1.7487220396874097e-07
68 2.09569387600941e-07
69 2.429446489595368e-07
70 1.5894786170538752e-07
71 1.6519454621903757e-07
72 2.6128022130413467e-07
73 1.8697929952007883e-07
74 2.073060262474938e-07
75 1.9024625146883457e-07
76 1.9420379793860035e-07
77 1.882221165317336e-07
78 2.2649508436925497e-07
79 2.1029097892812096e-07
80 2.508626768051152e-07
81 2.4716049222872964e-07
82 2.2166870856084793e-07
83 2.011972778930847e-07
84 1.6306159502175432e-07
85 2.6363711495350765e-07
86 1.9096680058059922e-07
87 1.8078575810817808e-07
88 2.6517709866593524e-07
89 1.810344735048194e-07
90 1.6257657608211911e-07
91 2.0262159811170525e-07
92 2.545403080145629e-07
93 2.0090421280049093e-07
94 2.630030323107526e-07
95 1.943949601007122e-07
96 1.9065053847655055e-07
97 1.5172059257677892e-07
98 2.809296252802017e-07
99 1.8806001070452213e-07
100 2.000046616249078e-07
101 2.0667875439155602e-07
102 1.8253165497863254e-07
103 2.2233748172140024e-07
104 1.9625963878282634e-07
105 2.0883324711775883e-07
106 1.4856738303865755e-07
107 1.9248771084865579e-07
108 1.6948910111786843e-07
109 2.1555266705796898e-07
110 1.910223778992453e-07
111 2.2905872325750372e-07
112 2.2886676379699868e-07
113 2.2649828564702554e-07
114 1.8287934401122293e-07
115 2.289465912882532e-07
116 1.9672702629073416e-07
117 2.743746381014019e-07
118 2.2772306659743712e-07
119 2.2318271254899883e-07
120 2.175579159841144e-07
121 2.2332491283460186e-07
122 2.3005397042750783e-07
123 2.048144079828616e-07
124 2.1625302845874962e-07
125 2.0669839062332752e-07
126 2.500013393637731e-07
127 1.9942078023615699e-07
128 1.9597575241997363e-07
129 2.3094303254587762e-07
130 1.6152286702880818e-07
131 2.1764949716501567e-07
132 2.123374848306437e-07
133 1.769984595754481e-07
134 2.798029166597295e-07
135 1.609964763719534e-07
136 2.3084036312594164e-07
137 2.2603398399007721e-07
138 2.3646282292521171e-07
139 2.2272535991206992e-07
140 2.592040451242209e-07
141 2.083547182997563e-07
142 2.5534326521951155e-07
143 1.7073801010748534e-07
144 1.865468114654767e-07
145 2.6512366665448795e-07
146 2.5442262014808227e-07
147 2.4827769054446334e-07
148 2.0749419962294884e-07
149 1.9953927705680176e-07
150 2.385894326556014e-07
151 3.0115124852444537e-07
152 2.3424608222821429e-07
153 1.7719407615074233e-07
154 2.3573297558974582e-07
155 2.493171776578922e-07
156 1.5274480550998752e-07
157 1.5786097576649364e-07
158 2.6198330815105647e-07
159 1.5951557927029083e-07
160 2.0926485209339772e-07
161 2.480516511622495e-07
162 1.9266590023432449e-07
163 2.2214145212909343e-07
164 2.3757070843375525e-07
165 1.719359733601996e-07
166 2.081740785858321e-07
167 1.7487602650864384e-07
168 1.2710707635518565e-07
169 1.5835419282038108e-07
170 2.1117889211291166e-07
171 1.7220528070350606e-07
172 2.3312307841965068e-07
173 2.208759710049612e-07
174 1.3654784205066877e-07
175 2.073204638366846e-07
176 2.3254961167626678e-07
177 1.7311938366516083e-07
178 2.421485171027265e-07
179 1.9623191619183064e-07
180 2.118680604854046e-07
181 2.287566201567445e-07
182 1.9242114942904885e-07
183 2.297215183067527e-07
184 2.008359576683629e-07
185 1.9015784313756566e-07
186 1.94042354964609e-07
187 1.7928643558155715e-07
188 2.2225257107722924e-07
189 2.0267183552673476e-07
190 1.9900300310863463e-07
191 2.300480829931872e-07
192 2.2996559566509797e-07
193 1.7456997833928903e-07
194 1.7137784090874233e-07
195 2.369492124886679e-07
196 2.4967363457074757e-07
197 2.515828956738368e-07
198 2.0071535393415835e-07
199 2.209495067293647e-07
200 2.48818558724405e-07
201 2.627901859855125e-07
202 2.15847819161338e-07
203 2.535180549063939e-07
204 2.1809712885835625e-07
205 2.4321055786191804e-07
206 2.6988557961636734e-07
207 2.2184995965651523e-07
208 2.39091300989531e-07
209 2.0440241804273478e-07
210 1.7974127644620366e-07
211 2.327751843934178e-07
212 2.5903820617693976e-07
213 1.779252559466959e-07
214 2.871677730721509e-07
215 2.0208656756872777e-07
216 1.9420265730021308e-07
217 2.0605423843308992e-07
218 1.8690814083080088e-07
219 2.4469802108979813e-07
220 2.6793268745647976e-07
221 2.1959576156935989e-07
222 2.1708017486586832e-07
223 2.0238780714378132e-07
224 2.653689609434515e-07
225 1.8296434189873244e-07
226 2.623997149652133e-07
227 2.1915693980957667e-07
228 2.031729435149648e-07
229 2.2696204759695407e-07
230 2.4826792645847673e-07
231 1.7367688677245944e-07
232 2.684684876501192e-07
233 1.7037078149740256e-07
234 1.7796274568091112e-07
235 2.41781485971283e-07
236 2.1830971440960176e-07
237 2.941539241934801e-07
238 2.0586922412433763e-07
239 1.7654887811524353e-07
240 2.3650038919204536e-07
241 2.3551044434074798e-07
242 2.3610387825411824e-07
243 1.4845132966721837e-07
244 1.985229375215623e-07
245 1.5730536906677365e-07
246 1.9165121098735388e-07
247 2.2244318961657484e-07
248 2.1442535713650348e-07
249 1.5339409458567953e-07
250 2.429905739259858e-07
251 2.295662412294073e-07
252 2.083176832044636e-07
253 3.0423985256665045e-07
254 2.2520887025929578e-07
255 2.989207274989029e-07
256 2.0573893097960758e-07
257 1.9234014094341293e-07
258 2.5964510801921575e-07
259 2.302619717081655e-07
260 1.6758628463604064e-07
261 1.9993872061393757e-07
262 1.3236103006074069e-07
263 1.8198741439543465e-07
264 2.1751391254541028e-07
265 2.434075379360571e-07
266 1.7761173241109275e-07
267 2.435186986368255e-07
268 2.181770890006809e-07
269 1.6702954596703213e-07
270 1.818532255436764e-07
271 2.2906573463689626e-07
272 1.7979174694791264e-07
273 2.57518471970499e-07
274 2.504867144019403e-07
275 2.068289407186871e-07
276 1.745609961280996e-07
277 1.9732047521481706e-07
278 2.0107053201817323e-07
279 1.8641756021819586e-07
280 2.3778433387115e-07
281 2.509213976417973e-07
282 2.4301554657602693e-07
283 2.547506293706474e-07
284 2.202234646938899e-07
285 1.8146911202919096e-07
286 2.1413499269231992e-07
287 2.0793458903869366e-07
288 2.0497978196227345e-07
289 2.0854912703832947e-07
290 1.2438086304525405e-07
291 2.664598987480984e-07
292 1.851578978204128e-07
293 2.0957784810301472e-07
294 2.2429630227391865e-07
295 1.6635993847379423e-07
296 2.99584865456925e-07
297 2.516188599743718e-07
298 2.108092692307552e-07
299 2.363541741650058e-07
300 1.760248955926599e-07
301 1.8774264339595126e-07
302 2.3004742993888688e-07
303 2.5650427358841885e-07
304 2.345027155842306e-07
305 1.6201198573172493e-07
306 2.0425855209969974e-07
307 2.1149104626944015e-07
308 2.0147164422487367e-07
309 2.2691933963175773e-07
310 1.5954107620653945e-07
311 2.154609651859376e-07
312 1.2833810706607904e-07
313 2.0875090193533793e-07
314 1.4932181978770186e-07
315 2.1344639487935585e-07
316 1.7701354728595139e-07
317 2.347993381596763e-07
318 2.596028183513062e-07
319 2.346302332444361e-07
320 2.0447792226064405e-07
321 2.366590187445395e-07
322 1.8903589204453668e-07
323 2.0771231838043743e-07
324 2.2046159776242068e-07
325 2.2414963016132008e-07
326 2.6226391633812257e-07
327 2.384725012050614e-07
328 2.0633794339765125e-07
329 1.930432951327433e-07
330 1.9377209553072376e-07
331 1.9294476514827725e-07
332 2.2786560962772087e-07
333 2.543272019923946e-07
334 1.904200589298682e-07
335 2.1219273414958058e-07
336 1.836153932405172e-07
337 2.2710596823102695e-07
338 2.1653606290605382e-07
339 2.9994615006813617e-07
340 1.5632011690365123e-07
341 2.659764865489922e-07
342 2.2581923569252953e-07
343 2.231749730360199e-07
344 1.959056360359847e-07
345 2.3889471611983536e-07
346 2.079744378444702e-07
347 1.8720192446173534e-07
348 1.6199322356504065e-07
349 1.617449675305182e-07
350 1.4837116612971705e-07
351 2.1577300079886084e-07
352 1.7454619505901908e-07
353 2.713118835134733e-07
354 2.2610733127632053e-07
355 1.9132223055704922e-07
356 2.235691951625745e-07
357 2.2540156120981844e-07
358 2.4858113085300203e-07
359 2.2520699572451137e-07
360 1.788595766086403e-07
361 2.4173487769322187e-07
362 2.2899448891355814e-07
363 1.9965255286003814e-07
364 2.32224128911655e-07
365 2.488854898765005e-07
366 2.3351224266081658e-07
367 2.4804493828811027e-07
368 2.2125364739079288e-07
369 1.9508789130433058e-07
370 2.086313036492826e-07
371 2.361284170932338e-07
372 2.68335008424113e-07
373 2.4243778938480624e-07
374 2.191971842755031e-07
375 1.8412154250710234e-07
376 1.7769455786649052e-07
377 2.2851096306653692e-07
378 1.9495213957203924e-07
379 1.7581001264146758e-07
380 2.443729341975377e-07
381 2.0111954711462618e-07
382 2.5646121140678986e-07
383 2.1182506267383323e-07
384 2.1468013890100288e-07
385 2.0651821989642029e-07
386 2.088813465563948e-07
387 1.3088800076995713e-07
388 2.0414401724053723e-07
389 2.5277842793234497e-07
390 2.1198623942234598e-07
391 2.3487070814971282e-07
392 2.0697649847805708e-07
393 2.3838250229282966e-07
394 1.8035979157050696e-07
395 1.7718637618835802e-07
396 2.5963640214036224e-07
397 2.2128500088230002e-07
398 2.3250148891983148e-07
399 2.2237314965963102e-07
400 2.3694915005954896e-07
401 3.227824931527931e-07
402 2.583204756962189e-07
403 1.947132435905317e-07
404 2.0956736753196151e-07
405 2.587968663582692e-07
406 2.4251723617988445e-07
407 1.5857593598347937e-07
408 2.352804199629376e-07
409 1.8795186603351654e-07
410 2.4711669757476224e-07
411 2.310140446888651e-07
412 1.6251381360468174e-07
413 1.876996058205545e-07
414 2.2263580573344825e-07
415 1.8227156223981965e-07
416 2.0051395843535765e-07
417 2.4758241548898616e-07
418 2.0203018615586693e-07
419 2.626975578220138e-07
420 1.963635791809885e-07
421 2.2069622022636287e-07
422 1.838545081783572e-07
423 2.049301496477438e-07
424 2.0600777953640672e-07
425 2.3455866788072904e-07
426 2.1510437417123544e-07
427 2.5412272942501435e-07
428 1.962662641080089e-07
429 2.2715446488588093e-07
430 2.4622813911705426e-07
431 2.1562007558141948e-07
432 1.6362362357456097e-07
433 2.0624874201924178e-07
434 2.5169685736394554e-07
435 1.666153995435748e-07
436 2.9483887475788856e-07
437 2.4443961334556907e-07
438 1.5651903049162907e-07
439 2.0957803977187292e-07
440 2.2579148561514844e-07
441 2.154494294145185e-07
442 1.7865676570677044e-07
443 2.2341132801201377e-07
444 2.2543026452675008e-07
445 1.2036546054128696e-07
446 2.133589440928518e-07
447 1.9946913901861262e-07
448 2.1023515488686936e-07
449 1.9181919062526615e-07
450 2.439428503213095e-07
451 2.1065164316635592e-07
452 2.0959943691633768e-07
453 1.9487636796657864e-07
454 2.719734677832312e-07
455 2.350152998899841e-07
456 2.623699329051283e-07
457 2.2931952556727474e-07
458 2.3346751611581227e-07
459 2.2273659809188104e-07
460 1.9989113504141836e-07
461 2.286694172554406e-07
462 1.880343029882161e-07
463 1.8964591326073003e-07
464 2.497793039549663e-07
465 2.1454546058100218e-07
466 2.030359541453458e-07
467 2.417286529164156e-07
468 2.497420624138385e-07
469 2.1081400109082951e-07
470 2.0058148323747656e-07
471 1.5947951672399693e-07
472 2.41486360547876e-07
473 2.120589195479807e-07
474 2.432021578425882e-07
475 2.6981149846471704e-07
476 1.5829791934739746e-07
477 1.8085065565192494e-07
478 1.3485545842210393e-07
479 2.0480314335437879e-07
480 2.243816840544435e-07
481 2.842942368086778e-07
482 2.264926953677802e-07
483 1.7551891220722727e-07
484 2.0176832665621323e-07
485 1.0367734287801349e-07
486 2.0718729701755736e-07
487 1.7166927436486155e-07
488 2.2019987624312016e-07
489 1.9813629355818216e-07
490 2.460336300385638e-07
491 2.0899171001878714e-07
492 2.374851292985444e-07
493 2.3614383604202346e-07
494 1.8329105975209037e-07
495 1.994827954750452e-07
496 1.6768251089634295e-07
497 2.2903895394259894e-07
498 2.5990099042405623e-07
499 2.3418714275724972e-07
500 1.6663601026171928e-07
501 2.2649635792502993e-07
502 2.1060783903829486e-07
503 2.1893710244227526e-07
504 2.3138457345037673e-07
505 2.454325842046616e-07
506 2.1597709423625874e-07
507 1.6089497240513574e-07
508 2.1079203131169217e-07
509 2.430602925906675e-07
510 2.0828291974977926e-07
511 1.7662934740418075e-07
512 2.6183588058742217e-07
513 2.827544193462957e-07
514 2.3826584031270664e-07
515 1.7464730385389267e-07
516 2.7590131067605116e-07
517 1.718249917829037e-07
518 2.52057048528356e-07
519 1.8441803813492137e-07
520 1.9242574276268998e-07
521 2.0717905816660278e-07
522 1.964308735684902e-07
523 2.364508521225208e-07
524 2.2917505380945033e-07
525 2.6615459122553905e-07
526 2.0807609884648878e-07
527 1.8460913932820773e-07
528 2.840100731670805e-07
529 1.989028891529346e-07
530 2.29770520471851e-07
531 1.1039856932949176e-07
532 2.2651958421788985e-07
533 1.9633456123158435e-07
534 2.229082857631781e-07
535 2.5927276036740406e-07
536 2.1422018385058535e-07
537 2.008905917068849e-07
538 2.417510903553209e-07
539 2.2622935893752077e-07
540 1.921734065991442e-07
541 1.649019218738937e-07
542 1.8616136951210176e-07
543 2.0146307207900849e-07
544 2.2327196863472303e-07
545 2.025586236556557e-07
546 2.2601561838791993e-07
547 2.119902838578494e-07
548 2.3290451976687664e-07
549 1.8777794886225916e-07
550 2.0410135390059083e-07
551 1.7697205054352985e-07
552 2.0279937973139613e-07
553 2.0508189992525907e-07
554 2.054982086386478e-07
555 2.119583421437639e-07
556 1.9411491137598965e-07
557 2.1337870344492815e-07
558 1.7538024292127592e-07
559 2.6728574331550365e-07
560 2.2761340439742854e-07
561 2.2026101279103124e-07
562 2.3775109390819989e-07
563 1.6183293628436574e-07
564 2.5702913273461526e-07
565 2.805430877907578e-07
566 1.95028998580182e-07
567 2.0425175108292272e-07
568 2.5082687968168855e-07
569 2.0763041689618562e-07
570 1.9312447594635966e-07
571 2.429388126092808e-07
572 1.9742905450813676e-07
573 1.8100055722146497e-07
574 1.8155051540346312e-07
575 2.3800361182994354e-07
576 2.67181413451137e-07
577 2.1627058931788668e-07
578 2.436634817757106e-07
579 1.9682560101494158e-07
580 1.6149079913182494e-07
581 2.0933738192941764e-07
582 1.8678562108713533e-07
583 1.7480853583126058e-07
584 1.944698333057791e-07
585 1.8622865638356957e-07
586 1.819435515378746e-07
587 1.5543480160763423e-07
588 2.2074705574223628e-07
589 2.6489498747071926e-07
590 2.3260148736564813e-07
591 2.2106742574801433e-07
592 2.1200577250716491e-07
593 2.1182215237987545e-07
594 2.0726105104695638e-07
595 1.8336380775092802e-07
596 2.3018783112386458e-07
597 2.0865244273191825e-07
598 2.3316316525967822e-07
599 2.1057375476396196e-07
600 1.7728175322557116e-07
601 1.946938827466898e-07
602 1.8563882017305266e-07
603 1.8365843811921646e-07
604 1.9193624764946397e-07
605 1.6030411330437395e-07
606 2.0908756838107805e-07
607 2.3476363157870861e-07
608 2.3121669044815329e-07
609 2.672777785185115e-07
610 2.1411288361668269e-07
611 2.177283498204941e-07
612 2.482384514857144e-07
613 2.217653439974629e-07
614 1.9948001206004762e-07
615 2.636278463477007e-07
616 1.842633226707949e-07
617 2.1591590447459336e-07
618 2.2874511790261972e-07
619 2.217270763105268e-07
620 1.9821193478774922e-07
621 1.9640701187310762e-07
622 2.2482140846382012e-07
623 2.063559213256041e-07
624 1.7631990911827097e-07
625 2.380602851012292e-07
626 1.842179292508076e-07
627 1.2730726524863212e-07
628 2.3225114675328089e-07
629 2.691871135830521e-07
630 2.462004100512601e-07
631 2.607424583191538e-07
632 2.4765491551599374e-07
633 1.9692992335134105e-07
634 1.8719866035142515e-07
635 2.698784537611066e-07
636 2.298237147698951e-07
637 2.484166989487306e-07
638 1.936920905901297e-07
639 1.7244857201514134e-07
640 2.5919216118566717e-07
641 1.8773691946065138e-07
642 2.2412770344179893e-07
643 1.596201916873452e-07
644 2.6443532326272684e-07
645 1.9813629922653104e-07
646 2.4274450453651654e-07
647 2.1450396709253598e-07
648 2.91290881955986e-07
649 2.584462802325095e-07
650 1.7874570950478665e-07
651 2.508377112689416e-07
652 1.8401624940049817e-07
653 2.1615660088996378e-07
654 2.2027297386636212e-07
655 1.9720505573089026e-07
656 2.2324483188321008e-07
657 2.6523444953287403e-07
658 2.3555225282875705e-07
659 2.225919854513753e-07
660 1.4454466320902796e-07
661 2.1438633633250032e-07
662 2.1530349982972557e-07
663 1.9734852385237332e-07
664 1.8646227414878134e-07
665 2.498795097962877e-07
666 2.344488786668794e-07
667 2.1646048030588857e-07
668 2.1272211030702717e-07
669 2.464476622828293e-07
670 2.2436130916157592e-07
671 1.667394119637206e-07
672 2.3835586612038684e-07
673 1.6263225338947418e-07
674 1.9391583481090697e-07
675 1.9224176298205637e-07
676 2.268279766781781e-07
677 1.7784626667307832e-07
678 2.300845556042381e-07
679 2.0014681209424888e-07
680 1.7474153043727574e-07
681 1.1896212031390376e-07
682 2.2169605850620555e-07
683 2.2591931790060636e-07
684 1.8384670828897918e-07
685 1.0878807387569374e-07
686 2.672085622260432e-07
687 2.1873935100132443e-07
688 1.898322072778364e-07
689 1.8383262628690342e-07
690 2.2164105217328417e-07
691 3.301537733320806e-07
692 1.90672022704578e-07
693 2.74534635556522e-07
694 1.8323423346813487e-07
695 2.5177395003822593e-07
696 2.737248835488201e-07
697 2.589801522172858e-07
698 1.736980936646954e-07
699 1.2581244569744263e-07
700 2.230030927626316e-07
701 2.6005062006850117e-07
702 2.0452207040140682e-07
703 2.6515571643378034e-07
704 1.8535957592576776e-07
705 2.805582362561855e-07
706 2.1759262178474954e-07
707 2.1324108152563408e-07
708 2.4217813501814104e-07
709 2.450649876298544e-07
710 1.9040285293815207e-07
711 2.390165800572079e-07
712 2.600038601379635e-07
713 1.9124423140555462e-07
714 2.502650909785331e-07
715 2.043480869700509e-07
716 2.3675263607235705e-07
717 2.5893010047162905e-07
718 2.0945466784855565e-07
719 2.2654552229231428e-07
720 1.2991332564444394e-07
721 2.079596705538231e-07
722 2.0074608614377665e-07
723 1.6787075219126685e-07
724 1.8901355958327752e-07
725 2.286962566440269e-07
726 2.298833690163298e-07
727 1.9476670689795308e-07
728 2.0914894710252625e-07
729 1.9582747296967846e-07
730 1.4889179027971427e-07
731 2.3955930873675613e-07
732 1.65952812883838e-07
733 2.1612170716526788e-07
734 2.4236134947158843e-07
735 2.3649729719195746e-07
736 2.137208816508416e-07
737 2.1664169991847288e-07
738 2.386901858879219e-07
739 2.49831386453069e-07
740 2.1685529367142202e-07
741 2.1064445737999902e-07
742 1.9616385579165326e-07
743 2.324054939411917e-07
744 2.3376850789914783e-07
745 2.4634095431571775e-07
746 1.7820538604039423e-07
747 2.177536149219681e-07
748 1.9039899572849687e-07
749 2.521833550306311e-07
750 2.090667934185365e-07
751 2.0453394350093018e-07
752 1.7612793819137575e-07
753 2.94273279845866e-07
754 2.1711348988008165e-07
755 1.603429006474052e-07
756 2.2983945561598195e-07
757 2.1512600225997397e-07
758 1.447797712015178e-07
759 2.0677906560171034e-07
760 2.0229065991627964e-07
761 1.948856176859826e-07
762 2.44590322320379e-07
763 2.0525632964730438e-07
764 2.1311430597349796e-07
765 1.6417056953346984e-07
766 2.0473082457431328e-07
767 2.481468500321576e-07
768 1.9208392238662085e-07
769 2.2982460057237694e-07
770 1.7948393816588702e-07
771 2.1289326633232688e-07
772 2.3731431999109864e-07
773 2.7614213582910343e-07
774 2.0481066001836987e-07
775 2.442438980874715e-07
776 1.8617604170343982e-07
777 2.003892338999587e-07
778 2.177342163638962e-07
779 2.2409374897401976e-07
780 2.070273297402006e-07
781 1.8980330845716105e-07
782 2.2426144219918526e-07
783 2.639928451915345e-07
784 2.3541475810321222e-07
785 2.1875683060138865e-07
786 2.2676835706944456e-07
787 2.0255829524948105e-07
788 1.780125346711622e-07
789 2.434541925983277e-07
790 2.315425446446559e-07
791 2.1497747501746482e-07
792 2.355551057583996e-07
793 1.5528406608451015e-07
794 1.8620078803561288e-07
795 2.0489447012362752e-07
796 2.664016384406884e-07
797 2.0475385202801323e-07
798 2.0853116011660084e-07
799 1.7357166884578733e-07
800 2.2438936484012765e-07
801 2.584870618170261e-07
802 2.0711255731904398e-07
803 2.5839501402602747e-07
804 2.039376843006072e-07
805 1.946375860082425e-07
806 2.0872732918627116e-07
807 2.880291017793239e-07
808 2.013224946229777e-07
809 2.27427765956233e-07
810 1.5982341722814654e-07
811 1.6906260360016151e-07
812 2.5616259908363004e-07
813 2.0628850140903204e-07
814 2.0258314888361573e-07
815 1.6226061435179454e-07
816 2.3182452318569976e-07
817 2.523434003960609e-07
818 2.3211964887002733e-07
819 2.1715266464815576e-07
820 2.3523560076761716e-07
821 2.3737522748519516e-07
822 2.1112971976361862e-07
823 2.530182598718695e-07
824 2.738648026733036e-07
825 1.754193904210006e-07
826 1.944249512001273e-07
827 2.386733150020891e-07
828 2.46853758859973e-07
829 2.5305542969281795e-07
830 1.9201241458674886e-07
831 2.2324876178287946e-07
832 2.039543059519257e-07
833 2.5717708840906445e-07
834 2.522253101133293e-07
835 2.0734845226164798e-07
836 2.756071449592679e-07
837 2.1870347152435846e-07
838 2.1107769802808176e-07
839 2.1821626953035154e-07
840 2.021619538065609e-07
841 2.3539553972620364e-07
842 2.0770192906801e-07
843 1.8137759462576746e-07
844 1.8838370911908418e-07
845 2.4474443352874755e-07
846 2.0050056834618657e-07
847 1.7871101011998852e-07
848 2.231500200278157e-07
849 2.026782100140445e-07
850 2.2108683478677373e-07
851 2.406009716529517e-07
852 2.073773874580879e-07
853 1.7368612401846911e-07
854 2.541497415255608e-07
855 1.692717543976936e-07
856 1.844179833025566e-07
857 1.9520259151129244e-07
858 2.7345669258888937e-07
859 3.071953775312042e-07
860 2.889252594116473e-07
861 2.1707567361530314e-07
862 2.5311823664938346e-07
863 1.7060938585733634e-07
864 2.119996322029552e-07
865 2.4074240720860417e-07
866 2.3052301016207172e-07
867 2.509828956468663e-07
868 2.419698963171065e-07
869 2.0701687603024856e-07
870 2.277158470547714e-07
871 2.536632643456329e-07
872 2.6761027994372907e-07
873 2.5844985122859506e-07
874 2.3446929961793254e-07
875 2.2013343111974746e-07
876 2.5173164670550664e-07
877 2.2472411911710726e-07
878 2.2039801123333235e-07
879 2.552648749598877e-07
880 2.8112298842970437e-07
881 2.1503733490315975e-07
882 2.6461009262218207e-07
883 1.258737223159069e-07
884 2.073301154841022e-07
885 2.1473081619445157e-07
886 3.1483063571980446e-07
887 2.4639009735649267e-07
888 1.9162356640131834e-07
889 2.623627591069731e-07
890 2.3950011668863174e-07
891 2.3371376552538544e-07
892 2.473699824124409e-07
893 2.4576855360308264e-07
894 2.0905926512069034e-07
895 2.8422877735413755e-07
896 2.43951492194221e-07
897 1.7115658396976246e-07
898 1.896126766724065e-07
899 2.1467041368414247e-07
900 2.1915181335644892e-07
901 2.2981463660371813e-07
902 2.0741446770233363e-07
903 2.3153176016091015e-07
904 2.255745706025714e-07
905 1.981829530299405e-07
906 2.7872966344690533e-07
907 1.7577731416664735e-07
908 2.2930489736226215e-07
909 2.628924372051012e-07
910 2.1222322319728824e-07
911 1.9916358159550705e-07
912 1.924616538384851e-07
913 2.030491215274882e-07
914 2.0583091154292494e-07
915 1.7356777577576485e-07
916 1.3599670352716883e-07
917 2.027646331189688e-07
918 2.2822000659501172e-07
919 1.560439946036984e-07
920 2.067934435829244e-07
921 2.1742568117805224e-07
922 2.513526212820311e-07
923 2.4741386746357125e-07
924 1.9630922802302452e-07
925 2.429501796479388e-07
926 1.9487939321333078e-07
927 2.430244409558369e-07
928 3.124682312302086e-07
929 2.0429046499182132e-07
930 2.67942521226143e-07
931 2.1281226288647862e-07
932 2.430822506037023e-07
933 1.6440449918973417e-07
934 2.0372690906761948e-07
935 2.507655800060865e-07
936 2.408261741753787e-07
937 2.7080985841771805e-07
938 2.705396098578361e-07
939 2.536490144009463e-07
940 2.3823003225565164e-07
941 2.537627046659526e-07
942 2.1673934616284278e-07
943 1.7880382646961221e-07
944 2.0209505158052145e-07
945 2.3033550607646496e-07
946 2.657636813540453e-07
947 2.247852520773288e-07
948 1.5960618482227133e-07
949 2.0227956294093513e-07
950 1.726527736021613e-07
951 2.3290331291180683e-07
952 1.7702731689270628e-07
953 2.57103683336288e-07
954 1.734757017561965e-07
955 2.1517888544302208e-07
956 1.995881389358043e-07
957 2.511220448488745e-07
958 2.2321569243662722e-07
959 2.0216893000891174e-07
960 2.3451682509915292e-07
961 2.593271679882038e-07
962 2.2739541888361017e-07
963 2.551438738970139e-07
964 1.7716374700175637e-07
965 1.9323299216970932e-07
966 2.3229176047063006e-07
967 2.2168704153257451e-07
968 2.9349239384053426e-07
969 2.1816875096900772e-07
970 2.1470150854639885e-07
971 1.9040524494497526e-07
972 1.9285942451449866e-07
973 2.4808899677784296e-07
974 2.467017944902504e-07
975 2.1366877536763041e-07
976 2.757618451310888e-07
977 2.1052680823555116e-07
978 1.7400323885581884e-07
979 2.384220970692077e-07
980 1.8818256039293647e-07
981 2.101716200984797e-07
982 2.2882528022331002e-07
983 2.9307393548230077e-07
984 1.4730028912419543e-07
985 1.792998142408146e-07
986 1.6232860426374045e-07
987 2.2107066171481968e-07
988 1.8827162848822985e-07
989 2.3188152286487988e-07
990 1.938034528204213e-07
991 2.6602546930305e-07
992 2.2484698369453636e-07
993 1.9420709312520675e-07
994 1.992958997795073e-07
995 2.543469643140211e-07
996 1.707509053789992e-07
997 1.727692748535882e-07
998 2.7601328032541845e-07
999 2.301088529467289e-07
