0 3.1121117257170024e-07
1 3.542879518218897e-07
2 2.7169936840730814e-07
3 2.0337587515713888e-07
4 2.173061164515969e-07
5 2.759813015562671e-07
6 2.9234554480900093e-07
7 1.9096560348848505e-07
8 1.8180978588761453e-07
9 2.3183173327210456e-07
10 1.5875084825834192e-07
11 2.2438224732795355e-07
12 2.1391946573665483e-07
13 2.808085288168495e-07
14 2.406150556438523e-07
15 3.0333962502170313e-07
16 2.929246265580983e-07
17 1.82672541600549e-07
18 1.2975348110476546e-07
19 1.7024826920564899e-07
20 2.2705435935138844e-07
21 1.822117607476788e-07
22 2.2097465314363653e-07
23 1.9124795458078448e-07
24 1.976685470263718e-07
25 2.476494245742569e-07
26 2.8901286896812657e-07
27 1.842979999722323e-07
28 1.8080261367556424e-07
29 2.4854213169704107e-07
30 2.5149784878742435e-07
31 1.970939587619164e-07
32 2.873128621338165e-07
33 2.2350597796864947e-07
34 2.3029768072615634e-07
35 2.2014862751570287e-07
36 3.0350941862704176e-07
37 2.079091701794442e-07
38 2.3590180897315195e-07
39 1.8365485145647746e-07
40 1.5675839359852172e-07
41 2.1363160422922804e-07
42 2.93310384277454e-07
43 1.823056512191947e-07
44 2.39401819987466e-07
45 2.3173369826496593e-07
46 1.4855566310128695e-07
47 1.5608171836497553e-07
48 2.375624277681878e-07
49 2.0548101665585628e-07
50 2.508731549930482e-07
51 1.7609499277947576e-07
52 2.4544867096264136e-07
53 2.0052968304181735e-07
54 2.46151332813228e-07
55 2.551960508984386e-07
56 3.3291368641944676e-07
57 2.488013377912163e-07
58 1.6821372431514385e-07
59 2.840049051270766e-07
60 3.040651788754e-07
61 2.5266506328371595e-07
62 3.0159998076582227e-07
63 2.4442806576081245e-07
64 2.3646486262048443e-07
65 1.4931905514362648e-07
66 2.8539320345099e-07
67 2.4223055932895444e-07
68 2.748944632944045e-07
69 2.6396020172800145e-07
70 4.03171274972923e-07
71 3.03222890250585e-07
72 1.9037430677458628e-07
73 2.511106550090493e-07
74 2.801836813425546e-07
75 2.647197173046896e-07
76 2.0918492942721942e-07
77 2.6710130310465226e-07
78 1.7565916143460003e-07
79 2.7622566179544574e-07
80 2.8542981690690823e-07
81 2.3779581332422664e-07
82 2.1754360606997115e-07
83 1.715686688928372e-07
84 3.1765039576153105e-07
85 1.539902108931315e-07
86 3.0272503224604766e-07
87 2.935174791568919e-07
88 1.951954633534874e-07
89 2.243287219625282e-07
90 1.9300034699624943e-07
91 1.8079515450462793e-07
92 1.9502183359327772e-07
93 2.1161548262000245e-07
94 1.3729577723063132e-07
95 2.60727142287482e-07
96 2.62555820975619e-07
97 2.89469551139034e-07
98 2.0065486954731576e-07
99 2.9121863601890997e-07
100 2.667293997280694e-07
101 2.3669275651792116e-07
102 2.258008042669945e-07
103 2.2343848015745094e-07
104 1.7075757305848105e-07
105 2.395245698225173e-07
106 2.2233394553941623e-07
107 1.960715417173956e-07
108 2.7754175966565975e-07
109 3.002174141368448e-07
110 2.577105999832672e-07
111 1.7396412076858236e-07
112 1.9493863338514592e-07
113 2.068789594990495e-07
114 1.9875317686250182e-07
115 2.058388993792425e-07
116 1.8155874403476e-07
117 1.8590984180187278e-07
118 2.730034217861491e-07
119 1.6565952822087527e-07
120 2.7820723827420144e-07
121 2.0422479153951528e-07
122 2.1685907764540444e-07
123 2.7946223014745926e-07
124 2.1064830244327903e-07
125 2.2976971096685368e-07
126 1.7614889317180185e-07
127 2.238067811434211e-07
128 1.7992762627418662e-07
129 1.5496321091077623e-07
130 2.1659817397540776e-07
131 2.176022637435482e-07
132 2.5469724343258505e-07
133 2.762992097228975e-07
134 2.141451933501183e-07
135 1.793667871074708e-07
136 2.753457285488081e-07
137 1.945881370993597e-07
138 1.802681204105604e-07
139 2.1735479607093695e-07
140 1.522997990619485e-07
141 3.083680051966523e-07
142 2.1964146182757936e-07
143 2.600591258180592e-07
144 2.599116189640324e-07
145 2.8563063110733925e-07
146 1.6868730065162203e-07
147 2.7459930363544464e-07
148 2.698241632847707e-07
149 2.507077659083562e-07
150 2.2814389868781098e-07
151 1.4544548170548904e-07
152 1.8671009976905552e-07
153 2.2929674335031145e-07
154 1.7475557929359476e-07
155 1.0739515700367508e-07
156 2.507134253131494e-07
157 2.776100658085204e-07
158 2.070149065282869e-07
159 2.902226501655677e-07
160 1.407019650808687e-07
161 1.9225149203136328e-07
162 2.6577658771319867e-07
163 2.2035263708421235e-07
164 1.4424742260717228e-07
165 2.1669910283603242e-07
166 2.381661563227482e-07
167 2.2758349076574408e-07
168 2.175215637960651e-07
169 2.1719815774697334e-07
170 2.7559946324308307e-07
171 2.289591995557916e-07
172 1.9295325630094797e-07
173 2.986957900360684e-07
174 2.9820182255809233e-07
175 2.5309171804545426e-07
176 2.2747205030565426e-07
177 3.1266151917600365e-07
178 1.880931202329996e-07
179 2.488922258029571e-07
180 2.2241754939320125e-07
181 2.0013070547462477e-07
182 3.3601939992267845e-07
183 2.1565147862946548e-07
184 2.5827125424471485e-07
185 1.884134691897086e-07
186 2.8423537654362534e-07
187 3.623155121086385e-07
188 2.595663630659548e-07
189 2.8182026426693584e-07
190 1.8960994600661086e-07
191 1.4763503211070117e-07
192 1.527780308081553e-07
193 3.2280736063414913e-07
194 2.054193863523304e-07
195 2.0834332616653766e-07
196 2.582623588937302e-07
197 1.3098770799280634e-07
198 2.534937847798193e-07
199 2.531133023477811e-07
200 2.724525655128222e-07
201 1.392379609180764e-07
202 1.935762580189766e-07
203 2.1173792141326485e-07
204 3.05880452929302e-07
205 1.5485969558830126e-07
206 1.7430176811997195e-07
207 2.3339014784746504e-07
208 3.185887324727562e-07
209 2.436566966432957e-07
210 2.2877221378987586e-07
211 2.1685997860193552e-07
212 1.916887997380166e-07
213 2.2621472711870598e-07
214 2.438315359891073e-07
215 1.9003649365242632e-07
216 2.574524300990297e-07
217 2.990480106682723e-07
218 2.3601536199905474e-07
219 1.9928280277701024e-07
220 1.550671759554329e-07
221 1.98211401933996e-07
222 1.7728560151457543e-07
223 2.4187991538165e-07
224 2.3440408756312575e-07
225 1.8026718107511782e-07
226 1.3734675248756206e-07
227 1.5488437716492517e-07
228 1.6288937625668038e-07
229 1.9471925259465943e-07
230 2.3633421317098502e-07
231 2.5166620383169077e-07
232 1.658496001072153e-07
233 2.2364144392055594e-07
234 3.13996626821552e-07
235 1.6924775410036352e-07
236 2.2499281169083378e-07
237 1.6896753697286204e-07
238 2.187894355346694e-07
239 2.3417559069693467e-07
240 1.6756829481308658e-07
241 2.5767140294675187e-07
242 2.0210388596766378e-07
243 2.767317790042161e-07
244 2.0466244272595017e-07
245 3.4498053480395194e-07
246 2.706094914701794e-07
247 1.3184807336347404e-07
248 2.5314537985952005e-07
249 3.1649217154864954e-07
250 2.186721748958617e-07
251 2.1544899250320127e-07
252 1.9929469515836466e-07
253 1.072305537778248e-07
254 2.5668673843505484e-07
255 1.4380807619201628e-07
256 1.0995663653000663e-07
257 1.9800300197581505e-07
258 1.281684212786977e-07
259 2.4091827767233157e-07
260 3.0822729011915357e-07
261 2.106029942861992e-07
262 2.6130874719327683e-07
263 2.419952724585223e-07
264 2.4366510566221056e-07
265 1.4604700707086178e-07
266 2.5194483811351453e-07
267 2.2227237470174827e-07
268 1.6777576166307442e-07
269 2.718333615636681e-07
270 2.2432057086986868e-07
271 2.2151084091918573e-07
272 2.6623744973968406e-07
273 2.6658444195944503e-07
274 2.337194649434703e-07
275 2.7307148345849293e-07
276 2.077736816947016e-07
277 2.327261943388807e-07
278 1.8704699675662026e-07
279 2.8345651711030216e-07
280 2.3789000818742425e-07
281 2.7000483632261333e-07
282 1.9944338533300072e-07
283 2.3835079790814703e-07
284 1.9335059131441839e-07
285 2.1985046517405878e-07
286 3.129493284127807e-07
287 1.9610941555955435e-07
288 2.395151976145731e-07
289 3.1855682140562976e-07
290 2.558220398160127e-07
291 2.2469059557748774e-07
292 2.6707537213993834e-07
293 1.8790919854176304e-07
294 1.8670031501287586e-07
295 2.802829180942452e-07
296 1.3168331469709007e-07
297 2.233348503047096e-07
298 1.5996350864124188e-07
299 2.3725836116236762e-07
300 2.1256392892960807e-07
301 1.2691747090541597e-07
302 1.7973592494406246e-07
303 1.450914468573505e-07
304 2.302070040116863e-07
305 2.61043679802075e-07
306 2.996079502638893e-07
307 2.033639630947476e-07
308 3.1470162822387696e-07
309 1.7181093221141195e-07
310 1.9672229464519269e-07
311 2.268040883296524e-07
312 3.20899804076545e-07
313 2.7665664878003535e-07
314 2.9316608044631764e-07
315 2.9536420306107004e-07
316 2.3783807282149378e-07
317 2.5179857489047534e-07
318 2.484259490402771e-07
319 2.44124660995584e-07
320 1.660505347564556e-07
321 1.9774319907160198e-07
322 2.668190497567371e-07
323 2.4494480587760065e-07
324 2.7459295652102135e-07
325 2.48519187206633e-07
326 1.8369864543000289e-07
327 2.4456017895026914e-07
328 3.2777562022898263e-07
329 1.481326929707645e-07
330 2.947078381480423e-07
331 1.6312913406300942e-07
332 2.0533896422354582e-07
333 2.2902880256681026e-07
334 2.7289423126453257e-07
335 1.9063347244154989e-07
336 2.6551450251957385e-07
337 2.4765454039921063e-07
338 2.572106872152667e-07
339 1.8155754335921855e-07
340 2.5569195291137836e-07
341 1.0524763136000919e-07
342 5.630003720119696e-08
343 2.787217722424215e-07
344 2.2841739607825516e-07
345 2.501049304899555e-07
346 2.1971904953220888e-07
347 2.1720507122032405e-07
348 1.6671171236958208e-07
349 2.3811122716305451e-07
350 3.286305447543944e-07
351 2.665330647634111e-07
352 2.699968269503845e-07
353 1.1988853681289702e-07
354 2.0367000853219935e-07
355 2.528271997060465e-07
356 2.0934192388638595e-07
357 1.7124800246041366e-07
358 1.611535327586859e-07
359 1.782351782514615e-07
360 2.6321967220806054e-07
361 2.2074331594396992e-07
362 1.432052703743914e-07
363 2.4124888672447766e-07
364 1.6950592233594078e-07
365 1.3708981214366147e-07
366 1.976167837595952e-07
367 2.6132653672002883e-07
368 2.624658657932207e-07
369 2.484943976914671e-07
370 2.4478079307190904e-07
371 2.858556988528431e-07
372 1.6714283455312036e-07
373 2.5748907051000947e-07
374 1.5125639429645098e-07
375 2.5854859082512303e-07
376 2.1379038657212209e-07
377 2.806644045246082e-07
378 2.151645746822083e-07
379 2.021791174934632e-07
380 1.422187399808052e-07
381 1.8856043505965556e-07
382 1.733945798762153e-07
383 2.605541578645989e-07
384 2.2020084823743983e-07
385 2.569095668003771e-07
386 3.1115128374727663e-07
387 3.2144316184419616e-07
388 2.3699080272313638e-07
389 1.7901490463509142e-07
390 1.8438108333855348e-07
391 2.092092356894086e-07
392 2.2811647177957635e-07
393 2.2717032226500698e-07
394 2.742558343042007e-07
395 3.1369354857254404e-07
396 1.8184171959648897e-07
397 2.7824647343419995e-07
398 2.434383306260738e-07
399 2.6774541165895783e-07
400 1.9075285343569544e-07
401 1.3064437027816332e-07
402 1.8707642121984877e-07
403 2.394757842673645e-07
404 2.0226840772065067e-07
405 1.2446547263980505e-07
406 1.4236948363291956e-07
407 2.8464298495725455e-07
408 1.7693783215575948e-07
409 3.221859237738054e-07
410 2.9407229447617566e-07
411 1.889010616442267e-07
412 2.1927628601424764e-07
413 2.401745577458841e-07
414 2.443055208887914e-07
415 2.468409833611135e-07
416 2.113929676540733e-07
417 1.893904301302124e-07
418 3.2251332234773855e-07
419 2.466672517856678e-07
420 1.4616271000451642e-07
421 2.6713196330962666e-07
422 2.3709306236107366e-07
423 3.625872857587169e-07
424 2.065779186000098e-07
425 2.2062621983488388e-07
426 2.20252191335402e-07
427 1.7177981273807044e-07
428 2.400184045532311e-07
429 1.3662514954292721e-07
430 2.1909728265665029e-07
431 2.437148697940792e-07
432 2.6088433483959355e-07
433 2.206137566004961e-07
434 2.2342868641107423e-07
435 2.840398495607965e-07
436 8.044852400146546e-08
437 3.2926620558559166e-07
438 2.126782929738688e-07
439 2.2563007055997142e-07
440 3.3208334644570213e-07
441 1.823867084119907e-07
442 2.816930697671762e-07
443 2.0030056666830413e-07
444 2.116046779260371e-07
445 2.547234854292289e-07
446 2.5346002590563104e-07
447 2.7712704074956153e-07
448 1.8549143769092388e-07
449 3.0783589071781236e-07
450 9.89967123984079e-08
451 2.846160119923191e-07
452 3.0369833406182196e-07
453 2.1419610548944653e-07
454 1.648338781808004e-07
455 1.8274072112023456e-07
456 1.5850854574867556e-07
457 1.6705540909669486e-07
458 1.775533895500119e-07
459 1.6974612530739397e-07
460 2.4874004889288645e-07
461 2.2099369969261296e-07
462 3.149302142226776e-07
463 3.237974185469451e-07
464 2.049427657393824e-07
465 3.1469140560047974e-07
466 2.5597059955186905e-07
467 2.2854333216136372e-07
468 1.9996446560163474e-07
469 2.425977327363668e-07
470 3.010784472562866e-07
471 2.7517662085784874e-07
472 2.4236325910577655e-07
473 1.9137709124474363e-07
474 1.881011673139996e-07
475 2.0902032480491803e-07
476 2.1626527994453736e-07
477 1.8766209430508306e-07
478 3.037750964985554e-07
479 2.7363684878344503e-07
480 2.595003369296624e-07
481 2.0215918274383607e-07
482 2.6077965227702635e-07
483 2.4586988227734417e-07
484 2.377521879591837e-07
485 2.919111803071293e-07
486 2.2641757413043116e-07
487 2.4596105299509173e-07
488 2.0717215649297596e-07
489 2.4346190233176216e-07
490 2.0225174861541546e-07
491 1.6669350946172186e-07
492 1.9722852525441637e-07
493 1.5882467363446693e-07
494 1.778642563823023e-07
495 2.966229831195539e-07
496 1.854886275502626e-07
497 1.0005774933973859e-07
498 1.5779305981117602e-07
499 3.14716931121656e-07
500 2.3127116422275147e-07
501 1.3940308123958125e-07
502 2.258684203968543e-07
503 2.415742837391328e-07
504 1.8683465078883222e-07
505 1.9562771113472807e-07
506 2.563238362156559e-07
507 3.3743668499867484e-07
508 2.056062014944543e-07
509 2.2668793063556094e-07
510 2.6091885195795074e-07
511 2.0269754887413494e-07
512 1.7698398511882251e-07
513 1.8213129558535325e-07
514 1.3916246254678051e-07
515 2.3522324031530406e-07
516 1.557710881623534e-07
517 2.554502166849266e-07
518 1.9968455818866205e-07
519 2.3078808250153201e-07
520 2.266349913799365e-07
521 1.9897776363336773e-07
522 2.1426111909358038e-07
523 2.3248085794052472e-07
524 2.1512545786026284e-07
525 1.5607325620147767e-07
526 1.73557126548839e-07
527 3.053259756360615e-07
528 1.8864320717195008e-07
529 1.7687637908062054e-07
530 1.989189532455719e-07
531 2.8743360230179706e-07
532 1.6545162548337807e-07
533 3.147647753309086e-07
534 2.0597288973996307e-07
535 1.4022264159912466e-07
536 1.5294933963799801e-07
537 3.6087949584918786e-07
538 2.2368921780187418e-07
539 9.38531882058663e-08
540 1.9283746759329112e-07
541 2.4546139494074497e-07
542 2.6357221402494486e-07
543 1.9201986674779826e-07
544 2.7080550421465765e-07
545 2.7055654330296004e-07
546 1.992100617383118e-07
547 1.9435348399497143e-07
548 2.259449926833013e-07
549 3.2270771937510695e-07
550 2.3710611804988475e-07
551 2.518104314791879e-07
552 2.988330121127429e-07
553 2.6751011667943143e-07
554 1.8241281853013424e-07
555 2.4427873570660736e-07
556 2.1363247116516426e-07
557 2.1305762102227072e-07
558 2.2280321715816792e-07
559 2.7416722540019296e-07
560 2.1627647738531884e-07
561 1.8882376682797597e-07
562 2.5764052733333497e-07
563 2.1051367890105705e-07
564 2.439085012628707e-07
565 5.874253438499321e-08
566 2.270498884167902e-07
567 1.7524361810550997e-07
568 1.6504717132315407e-07
569 1.615184562016207e-07
570 2.2240298398420692e-07
571 1.1193421376018178e-07
572 1.465601611940544e-07
573 2.3902798600633257e-07
574 2.1260828645973457e-07
575 2.3137099833340467e-07
576 1.8301338253744345e-07
577 1.671899488878376e-07
578 2.46960115190605e-07
579 2.7472456064013756e-07
580 2.4358699128494566e-07
581 2.6431439920522844e-07
582 2.142495192845072e-07
583 3.8113275540456296e-07
584 3.348804611733849e-07
585 2.1256926124991646e-07
586 2.0408107355388717e-07
587 2.2110519930484388e-07
588 2.9258366125366973e-07
589 1.8441014856262832e-07
590 2.326683449507584e-07
591 1.8740891252121482e-07
592 1.7383190239275436e-07
593 2.0464246247771448e-07
594 2.004434930970545e-07
595 3.413545071419316e-07
596 2.025081535321047e-07
597 2.4501160636126564e-07
598 2.4653296192917393e-07
599 1.8524244495605443e-07
600 3.0087787270411344e-07
601 2.2177052793556855e-07
602 2.4989122875933823e-07
603 2.885988420714987e-07
604 2.9552481651493673e-07
605 2.9422729483314975e-07
606 1.989437138076284e-07
607 2.435633712931056e-07
608 1.7367515902955784e-07
609 1.210636697341849e-07
610 2.4231737379101597e-07
611 2.3139779407921167e-07
612 1.9424274512638325e-07
613 2.4260520914491305e-07
614 2.6599530678228685e-07
615 1.9408595830875075e-07
616 3.3281850334822346e-07
617 1.5982143199132677e-07
618 2.0778622626626193e-07
619 2.3770896304046546e-07
620 1.11951317326871e-07
621 2.752377249082087e-07
622 2.2547965858098367e-07
623 1.6389495436821284e-07
624 2.808639145817613e-07
625 2.0552449022792456e-07
626 3.9536579514266954e-07
627 3.7599650302019194e-07
628 2.3630685304969976e-07
629 1.1997647439902352e-07
630 2.267105299099785e-07
631 2.3589357946195027e-07
632 2.057957659221567e-07
633 3.3056217790692387e-07
634 1.6104021412396497e-07
635 2.8472636049471204e-07
636 2.511581613525611e-07
637 2.3490377113276168e-07
638 2.5735338849679474e-07
639 1.8132587591580185e-07
640 2.8291511012267577e-07
641 2.3750031672243756e-07
642 2.3821080187741439e-07
643 3.2899424864989237e-07
644 2.1237094167179225e-07
645 1.336990823585839e-07
646 2.4200882237605404e-07
647 2.364826824862399e-07
648 1.3690624436996134e-07
649 2.385543375133857e-07
650 2.5579194045499935e-07
651 2.491131976387516e-07
652 2.070266146364939e-07
653 1.9124297138127252e-07
654 2.8682104870801553e-07
655 3.325782917321794e-07
656 2.1581349607835304e-07
657 2.430585261023408e-07
658 2.3755954582889634e-07
659 3.047273860616651e-07
660 1.8722194923791764e-07
661 2.338458974093778e-07
662 2.1587598759151003e-07
663 2.62522586067807e-07
664 1.703002335122086e-07
665 2.0424781282510064e-07
666 1.5645051469992795e-07
667 2.7424554991722706e-07
668 2.249441101912531e-07
669 2.306865706449851e-07
670 2.4628830065911836e-07
671 2.161099507333743e-07
672 1.4913957413408281e-07
673 3.225472511964488e-07
674 2.6626816335821925e-07
675 1.9303367632986065e-07
676 2.2543475728103028e-07
677 2.347786045357989e-07
678 2.2411570684370428e-07
679 2.128407467086104e-07
680 2.1874045767295664e-07
681 3.351722871076559e-07
682 2.901023674375555e-07
683 1.8678372431161542e-07
684 2.192005887931422e-07
685 2.989929941685652e-07
686 1.8592691341498193e-07
687 2.3474229547827963e-07
688 2.8371765602961923e-07
689 3.143629628131029e-07
690 3.003894964082241e-07
691 2.0923959331679545e-07
692 2.2896815847913941e-07
693 2.1082129696438306e-07
694 3.908105419415643e-07
695 1.5740591350837748e-07
696 2.1405810975557726e-07
697 1.9369150970513844e-07
698 3.143935966631632e-07
699 3.5471795840304e-07
700 2.931642729699769e-07
701 2.1202434605263416e-07
702 2.1591947320207407e-07
703 1.3297923720171447e-07
704 2.339229805540932e-07
705 2.381382189968495e-07
706 1.7804095196398528e-07
707 2.652586018299919e-07
708 2.0426683670324577e-07
709 2.0704472576187728e-07
710 2.5046606715276024e-07
711 2.409494995361734e-07
712 2.1933727488891914e-07
713 2.808325660117555e-07
714 1.8820039956214366e-07
715 2.2366668311359435e-07
716 2.3113750211936154e-07
717 2.1862297223099548e-07
718 2.3719191660924206e-07
719 2.4228128189645945e-07
720 3.347167555827288e-07
721 2.1359743666868825e-07
722 2.2346573724513715e-07
723 2.363321685270998e-07
724 3.0008475874526265e-07
725 1.439955583890054e-07
726 3.2442137804132077e-07
727 2.8131107202465246e-07
728 2.631446130797577e-07
729 2.3991258806906516e-07
730 2.331254392550889e-07
731 2.4226956069376943e-07
732 1.9989052421782222e-07
733 2.369729314799354e-07
734 9.811136760847486e-08
735 1.5997262371728532e-07
736 2.729620579622027e-07
737 2.2087924771419004e-07
738 1.4003274531041767e-07
739 2.71370542711099e-07
740 2.3823782258435422e-07
741 1.9140167295150587e-07
742 1.7364250545148293e-07
743 2.1284745037846358e-07
744 1.8923353447382278e-07
745 3.139745462863401e-07
746 3.1398036019799956e-07
747 2.2832803080699802e-07
748 1.8340392867473562e-07
749 2.251485348107158e-07
750 2.4610376696996963e-07
751 2.0155659306961543e-07
752 2.5663071096717994e-07
753 2.107040673728671e-07
754 3.277840101476172e-07
755 2.4256564805857754e-07
756 2.4293490797063187e-07
757 2.392248754919807e-07
758 2.3884909609198894e-07
759 2.0200813103806766e-07
760 2.9725889091985105e-07
761 2.2961553268216977e-07
762 2.2932538044159075e-07
763 2.000332620122483e-07
764 2.9673225095593687e-07
765 1.7175071843669082e-07
766 1.504596654429685e-07
767 1.8040194469230672e-07
768 2.819052380425788e-07
769 2.529298749618472e-07
770 3.060360078161811e-07
771 2.914701305337288e-07
772 2.1041038532401825e-07
773 2.13471829619429e-07
774 2.226671427234847e-07
775 1.6403947872193197e-07
776 3.7438015362525407e-07
777 2.3355520986085014e-07
778 2.1899993366746076e-07
779 2.8402064796010273e-07
780 2.838312541676071e-07
781 1.4195655773248785e-07
782 1.0071204120447643e-07
783 2.0139799664377585e-07
784 2.3707159288467104e-07
785 2.346468030863874e-07
786 2.3168111873735176e-07
787 1.6191064993371411e-07
788 2.483892329728463e-07
789 2.630641018951247e-07
790 2.2959210746153597e-07
791 2.2248860431873113e-07
792 2.472692037135233e-07
793 4.0372771913444574e-07
794 2.583360146366162e-07
795 2.4475399374239896e-07
796 1.6405019903937927e-07
797 2.3756604418203765e-07
798 2.387360748670605e-07
799 1.9711713252225318e-07
800 1.8835012441638757e-07
801 1.8554765658254552e-07
802 2.8340792715748303e-07
803 1.979870879985045e-07
804 2.216333976842476e-07
805 2.974483213424039e-07
806 2.7275164750911074e-07
807 1.205748173401116e-07
808 2.692574099838698e-07
809 2.346862155867407e-07
810 2.694366701186275e-07
811 2.756408926319953e-07
812 2.0587608630276913e-07
813 2.0054378002318916e-07
814 1.985780072375813e-07
815 2.883966063093315e-07
816 1.3072383365528073e-07
817 2.3550536616984672e-07
818 2.582487891435987e-07
819 2.1629675437726395e-07
820 2.3828755266564858e-07
821 2.774507200516032e-07
822 1.979477190486297e-07
823 2.300377341098171e-07
824 2.003057729157091e-07
825 2.5694725771745595e-07
826 2.85147091253137e-07
827 1.0353340113915718e-07
828 2.3542907682216742e-07
829 1.6504422128394039e-07
830 2.425774505934642e-07
831 1.926142209316448e-07
832 1.8729765782146596e-07
833 1.9301127402796982e-07
834 2.78167542153144e-07
835 2.142641297354395e-07
836 1.662772822147084e-07
837 2.4239134361823907e-07
838 1.918859895817625e-07
839 2.2657237491635622e-07
840 2.3340711947976658e-07
841 1.4634480187408916e-07
842 1.802794574863328e-07
843 2.0086821346569128e-07
844 2.1731060043682343e-07
845 2.313295844492996e-07
846 1.9273816600272378e-07
847 3.3360767924862305e-07
848 2.6824272006582133e-07
849 2.686689670618073e-07
850 2.3672985179427848e-07
851 1.2697174651226135e-07
852 2.1089430035104477e-07
853 1.9235585436232404e-07
854 1.6395181774137462e-07
855 2.82371227911652e-07
856 3.067616846929112e-07
857 2.9606295411398717e-07
858 2.0875593467314385e-07
859 1.6109724075473084e-07
860 1.6835331012017646e-07
861 2.587432162337684e-07
862 2.1594721690899122e-07
863 2.1116070915849161e-07
864 1.903585724893795e-07
865 1.8709499328912884e-07
866 2.944667875325564e-07
867 1.2905859824631484e-07
868 2.1773267902745232e-07
869 2.2308181442839117e-07
870 2.4142705546069007e-07
871 2.5779044054040897e-07
872 1.5643150399312e-07
873 2.694316754121658e-07
874 2.238939737344465e-07
875 3.2126168513240044e-07
876 2.495167109740203e-07
877 2.27249719260621e-07
878 2.674877960737406e-07
879 2.640937582793066e-07
880 1.3408744309429316e-07
881 2.8269228776728134e-07
882 2.3446170151901552e-07
883 2.365879949104586e-07
884 3.0372163519532344e-07
885 2.554126869697273e-07
886 1.027144222571464e-07
887 2.4860307100006084e-07
888 3.5390213080603794e-07
889 2.1823401729763555e-07
890 1.4829739829681682e-07
891 3.119957341622107e-07
892 2.459439410390101e-07
893 2.0001435588652763e-07
894 2.0972228483988862e-07
895 1.4004519233661115e-07
896 9.26294539578776e-08
897 2.721301233187699e-07
898 3.2318586315859787e-07
899 1.955658783585643e-07
900 2.1305581715930048e-07
901 1.8247292563208154e-07
902 3.158688984259088e-07
903 2.6963693607000984e-07
904 1.9046370118260027e-07
905 2.0113554568852487e-07
906 2.243627349817708e-07
907 1.9688216223457355e-07
908 2.538328113949269e-07
909 1.0515576623050866e-07
910 2.0466411440486695e-07
911 1.4877187830077834e-07
912 2.66097768360932e-07
913 1.8722454703583736e-07
914 2.075081149163111e-07
915 1.5862091244795592e-07
916 2.8992784306507385e-07
917 2.2555878549527142e-07
918 1.657952894756381e-07
919 2.434691259278646e-07
920 2.7586233137294704e-07
921 2.8747319156135213e-07
922 1.5784809797974234e-07
923 2.3873749019710296e-07
924 2.337429664250427e-07
925 1.148977863287096e-07
926 1.956413433240302e-07
927 2.1330366585572535e-07
928 1.8036262622238821e-07
929 2.7120963230507204e-07
930 2.641943771176912e-07
931 2.570856006287819e-07
932 1.51937814122861e-07
933 1.685818979367371e-07
934 3.1166582066371084e-07
935 2.09622077823184e-07
936 2.0207796769913875e-07
937 1.7042370152803297e-07
938 2.2315340710285561e-07
939 2.525281696240542e-07
940 2.2249874295232195e-07
941 1.595275843238142e-07
942 1.9112657053475352e-07
943 2.3035384378489494e-07
944 1.7784500114802318e-07
945 2.1628789951588355e-07
946 1.6528192031906205e-07
947 1.0461364008243612e-07
948 2.433415120237967e-07
949 2.2679394323520897e-07
950 2.9009391855016854e-07
951 1.4461426077983908e-07
952 2.3830583987824348e-07
953 2.1971880748428902e-07
954 1.7355616199022572e-07
955 3.173178144858816e-07
956 2.55905341965491e-07
957 1.9563253709039938e-07
958 1.6931161229910604e-07
959 2.0158369073230162e-07
960 1.7475050230916096e-07
961 1.5062527459435278e-07
962 2.271252521629858e-07
963 2.4453588625560346e-07
964 2.697626441800494e-07
965 2.512571642499745e-07
966 2.326470733954665e-07
967 1.5869923726237663e-07
968 2.0206840208951784e-07
969 2.7010401543754585e-07
970 2.250286580687237e-07
971 2.889732887940491e-07
972 2.2623592718263342e-07
973 2.9492408718170085e-07
974 2.3550155070160467e-07
975 1.7120317870567587e-07
976 2.5901829377675764e-07
977 1.9050133837413226e-07
978 2.0875885826278706e-07
979 1.882332221536696e-07
980 2.1271684477465457e-07
981 2.2300126540481339e-07
982 1.8155962619985082e-07
983 1.0308231192250115e-07
984 3.573509477096297e-07
985 3.8272851290807527e-07
986 2.4950475501550033e-07
987 2.0074996081979373e-07
988 2.512398514541969e-07
989 1.6681710963603688e-07
990 3.1355067563676476e-07
991 1.3319277971384563e-07
992 2.3448234977474916e-07
993 2.593114943457313e-07
994 2.9234631941363206e-07
995 2.3979855671334184e-07
996 3.049506409072259e-07
997 2.899803572584784e-07
998 1.9319748301358615e-07
999 2.145013715429903e-07
