0 1.6080509415454667e-06
1 1.5279427671222258e-06
2 1.3508502439268123e-06
3 1.2171447929957849e-06
4 1.4045777917281422e-06
5 1.3224968743616148e-06
6 1.6372868991954556e-06
7 1.1520863083296208e-06
8 1.2647675090341872e-06
9 1.263849316909448e-06
10 1.4502188172871813e-06
11 1.6149621781306447e-06
12 1.1951940713264001e-06
13 1.5077245880213844e-06
14 1.7050574765297227e-06
15 1.6195234524366356e-06
16 1.401519820807132e-06
17 1.2997880258966804e-06
18 9.983508876069909e-07
19 1.212795297745e-06
20 1.5091202430408979e-06
21 1.0569473093308995e-06
22 1.046541278818039e-06
23 1.0754441670231923e-06
24 1.1902759226822473e-06
25 1.5700284827022127e-06
26 1.284546126128109e-06
27 1.2882197116378554e-06
28 1.6441196067961132e-06
29 1.1938492229252166e-06
30 1.4502563360765537e-06
31 1.2367509513395114e-06
32 1.5554861277158595e-06
33 1.3768320721594967e-06
34 1.2421359246861816e-06
35 1.1981454825278178e-06
36 1.4447448006986745e-06
37 1.315974883071859e-06
38 1.353519758507529e-06
39 1.3083098353734295e-06
40 1.3081090945337574e-06
41 1.2562915442928406e-06
42 1.5687929973171156e-06
43 1.1810770077741349e-06
44 1.4165566426460015e-06
45 1.319035861870092e-06
46 1.310386036617638e-06
47 1.3400434142325277e-06
48 1.5220236261351527e-06
49 1.1402801512562078e-06
50 1.4135570661335775e-06
51 1.459329950882529e-06
52 1.3314690072678371e-06
53 1.3611027452266265e-06
54 1.2845300226624475e-06
55 1.5446221755856404e-06
56 1.286183581899137e-06
57 1.2840846356143324e-06
58 9.836569020836624e-07
59 1.3006783515593378e-06
60 1.3464716776865172e-06
61 1.5541277585319218e-06
62 1.6285000826924654e-06
63 1.4027867585305198e-06
64 1.4314709786012208e-06
65 1.1452726290255848e-06
66 1.6707126986538155e-06
67 1.2083396365100357e-06
68 1.4257378047258745e-06
69 1.6192297317272088e-06
70 1.4520629972505299e-06
71 1.4313313811328425e-06
72 1.4122482542753367e-06
73 1.1255633627672807e-06
74 1.5071249598668012e-06
75 1.4128781967176128e-06
76 1.1817968274848464e-06
77 1.3659733961411561e-06
78 1.0872862967362449e-06
79 1.2683333018464525e-06
80 1.6013196816603623e-06
81 1.4836141884255113e-06
82 1.4572963113493681e-06
83 9.700413558694658e-07
84 1.4542396756421692e-06
85 1.404509080761787e-06
86 1.514984507041677e-06
87 1.5438574940666299e-06
88 1.2528755311492849e-06
89 9.89942616543957e-07
90 1.0919341303244257e-06
91 1.0968329520479587e-06
92 1.109525142977079e-06
93 1.3312209458369834e-06
94 1.4724427317745479e-06
95 1.168584412747308e-06
96 1.253280116254876e-06
97 1.2212069848057176e-06
98 1.5964800081264034e-06
99 1.4313456434721324e-06
100 1.5707510291070213e-06
101 1.2748515041793716e-06
102 1.2116572701069358e-06
103 1.3654028240189235e-06
104 1.1612458490269754e-06
105 1.388265240411958e-06
106 1.2505509635751695e-06
107 1.1845760820245744e-06
108 1.208845192964663e-06
109 1.6045012280653406e-06
110 1.347803316076044e-06
111 1.3383658091309154e-06
112 1.1954256524199296e-06
113 1.5178241385969052e-06
114 1.2257554128291053e-06
115 1.3981657896744368e-06
116 1.0789311663006051e-06
117 1.3285817211199345e-06
118 1.378517097883019e-06
119 1.4661776419155852e-06
120 1.539750829785489e-06
121 1.4352353092726397e-06
122 1.4557387805670555e-06
123 1.4267297178124415e-06
124 1.3740252091788006e-06
125 1.1962550293364225e-06
126 1.4004411640927196e-06
127 1.3471762779296225e-06
128 1.0392526265664446e-06
129 1.094246606928839e-06
130 1.2204554792813038e-06
131 1.3120707614316027e-06
132 1.5513588768648422e-06
133 1.172320288408063e-06
134 1.6700009904839994e-06
135 1.2074008324720615e-06
136 1.5972641910236605e-06
137 1.2590681796374713e-06
138 1.3229531479260785e-06
139 1.4047596572493148e-06
140 1.2993762705941075e-06
141 1.5591168172937611e-06
142 1.4201242937635616e-06
143 1.2246912717009302e-06
144 1.3332327453186348e-06
145 1.485888905478913e-06
146 1.429552617931648e-06
147 1.4541589556452105e-06
148 1.523691275596566e-06
149 1.3313895151812158e-06
150 1.19806633555187e-06
151 1.3181573483995582e-06
152 1.2400837723528472e-06
153 1.1753360455446998e-06
154 1.2086369182768121e-06
155 1.132890277650216e-06
156 1.135938785889817e-06
157 1.1210497918667375e-06
158 1.4469689473616178e-06
159 1.195513433501762e-06
160 1.359300151562917e-06
161 1.2135599248452019e-06
162 1.2199721232050184e-06
163 1.2052327548089996e-06
164 9.041870850390063e-07
165 1.2700387106598894e-06
166 1.315712132791522e-06
167 1.0555039143046916e-06
168 1.4481897634528191e-06
169 1.151204256634561e-06
170 1.5416858172457856e-06
171 1.146428380396205e-06
172 1.2653615784548895e-06
173 1.4517412840611512e-06
174 1.023077435317354e-06
175 1.3512199791897223e-06
176 1.4410759233032893e-06
177 1.3762224591435228e-06
178 1.4465786816274383e-06
179 1.2332873720676416e-06
180 1.465075766875802e-06
181 1.377451545212264e-06
182 1.4056620019361532e-06
183 1.2740118290643707e-06
184 1.5704420121837195e-06
185 1.017282538413553e-06
186 1.4324132515399968e-06
187 1.6640701752366947e-06
188 1.326775193625906e-06
189 1.3698324295623733e-06
190 1.3706435593975634e-06
191 8.864852308062758e-07
192 1.3260210697138404e-06
193 1.279589256998738e-06
194 1.1040070393120613e-06
195 1.3425879915363491e-06
196 1.5282523030257404e-06
197 9.329449492559482e-07
198 1.359393645211513e-06
199 1.2502661495331141e-06
200 1.5155003617704712e-06
201 1.2300676929588692e-06
202 1.202203078139795e-06
203 1.4394445057409219e-06
204 1.5383354157867185e-06
205 1.1344629719201195e-06
206 1.355292601406826e-06
207 1.4330858440603773e-06
208 1.5879743654843937e-06
209 1.2161548458980352e-06
210 1.211327844817439e-06
211 1.4722193394301344e-06
212 1.2259073979426713e-06
213 1.435921438007237e-06
214 1.62102661423557e-06
215 1.1697395637685425e-06
216 1.3143787535328824e-06
217 1.2765287444402882e-06
218 1.3881481617351672e-06
219 1.5106671139344618e-06
220 1.2172102396055593e-06
221 1.3124427534507993e-06
222 1.2731808981721216e-06
223 1.2589771148664924e-06
224 1.5071515708040092e-06
225 1.0872008166567012e-06
226 1.1927549758689532e-06
227 1.1416315605452033e-06
228 1.0677666440846792e-06
229 1.4699665258201233e-06
230 1.5691655159069496e-06
231 1.1822646658323652e-06
232 1.0459646434313223e-06
233 1.1112477155144328e-06
234 1.1468434760846047e-06
235 1.4036755814689418e-06
236 1.261573874664429e-06
237 1.2879720829564473e-06
238 1.263695623921099e-06
239 1.0351181938465187e-06
240 1.1969841909562438e-06
241 1.495294611588477e-06
242 1.2096249466445081e-06
243 1.1777550164534248e-06
244 1.2767476998815283e-06
245 1.703077217668837e-06
246 1.6278282671963965e-06
247 1.1895915254909516e-06
248 1.3394288179398179e-06
249 1.0782629813350979e-06
250 1.163530031383483e-06
251 1.3967469346303603e-06
252 1.0394732521478887e-06
253 1.2252967203986462e-06
254 1.5519900776496874e-06
255 1.1945750039047564e-06
256 1.2147319029921099e-06
257 1.4101797934496868e-06
258 1.136154222875142e-06
259 1.4432457370864008e-06
260 1.6950658428437687e-06
261 1.3708659294946309e-06
262 1.2883318222522069e-06
263 1.3076379587279018e-06
264 1.366494603333073e-06
265 1.2321031698406205e-06
266 1.4506810034085428e-06
267 1.4563550151160167e-06
268 1.1888519235665612e-06
269 1.2954414337202463e-06
270 1.4249209779075108e-06
271 1.474804339470037e-06
272 9.452863479592725e-07
273 1.3056884079765843e-06
274 1.416611474064926e-06
275 1.5247344510435192e-06
276 1.1868555783937755e-06
277 1.3168066244814524e-06
278 1.1522600317434128e-06
279 1.2764353531145879e-06
280 1.3848047444327999e-06
281 1.36934680701381e-06
282 1.4012822775678244e-06
283 1.2985113386304892e-06
284 1.1920730250737362e-06
285 1.2135548509284146e-06
286 1.4694151685162192e-06
287 1.3532238529769031e-06
288 1.1483428224265455e-06
289 1.5183862319103972e-06
290 1.2847920231347682e-06
291 1.3651822691517494e-06
292 1.3368655335949003e-06
293 1.2541941796497843e-06
294 1.3126736686627268e-06
295 1.2932325748545099e-06
296 1.25794798515991e-06
297 1.6375685854827235e-06
298 1.2504113130349138e-06
299 1.4307193956879609e-06
300 1.1194678350959097e-06
301 8.197707747744028e-07
302 1.1751882713477211e-06
303 1.3588530235712415e-06
304 1.337435242513935e-06
305 1.0564851908151886e-06
306 1.4684036825667445e-06
307 1.157868804427546e-06
308 1.3422871274309605e-06
309 1.144602445062301e-06
310 9.768596495551263e-07
311 1.3229513584347945e-06
312 1.3924404366169197e-06
313 1.1970507563521605e-06
314 1.1003824567148056e-06
315 1.5006905987733587e-06
316 1.151307454526155e-06
317 1.1059472226468321e-06
318 1.32510899266344e-06
319 1.75313776260107e-06
320 1.1015482812338729e-06
321 1.2341635356390679e-06
322 9.724183438973464e-07
323 1.448367737803522e-06
324 1.3515524193242336e-06
325 1.6339397124386896e-06
326 1.4578547149364804e-06
327 1.3831204004887575e-06
328 1.4541787643976295e-06
329 8.984819283821542e-07
330 1.3060340758790177e-06
331 1.0253203204034545e-06
332 1.2257539891652329e-06
333 1.426324190443385e-06
334 1.2398191668314336e-06
335 1.0662147713098207e-06
336 1.5732730265985817e-06
337 1.4167412974257043e-06
338 1.2206967266719525e-06
339 1.4424874693443112e-06
340 1.1657860320937283e-06
341 1.0834084228504356e-06
342 7.747152431637443e-07
343 1.054844113965345e-06
344 1.4976525401967713e-06
345 1.4468726284082981e-06
346 1.2024683421433168e-06
347 1.1966314567134521e-06
348 8.240350988737231e-07
349 1.4106377049943475e-06
350 1.4747447310361187e-06
351 1.4461911377865465e-06
352 1.3487766596822057e-06
353 1.300647221740074e-06
354 1.1898434366874893e-06
355 1.207596184041941e-06
356 1.3897810298963586e-06
357 1.0037430618843476e-06
358 1.2239848152986678e-06
359 1.1513927915178996e-06
360 1.3513433294507922e-06
361 1.5316680240399447e-06
362 1.108406420812989e-06
363 1.2400072257986215e-06
364 1.2837409021194264e-06
365 1.1757432469184086e-06
366 1.372296939042645e-06
367 1.3859956529803037e-06
368 1.2066182387773762e-06
369 1.4052310502201014e-06
370 1.3857745103424283e-06
371 1.3785963898539703e-06
372 1.2507276734465554e-06
373 1.2720701208707595e-06
374 8.801097624036011e-07
375 1.3370562833760583e-06
376 1.1778949944908954e-06
377 1.459685776062911e-06
378 1.2032492314018794e-06
379 1.0308941878983732e-06
380 1.1526643099067871e-06
381 1.1383892534872066e-06
382 1.1648029074577683e-06
383 1.5495088343537244e-06
384 1.3225701950403315e-06
385 1.454190168964071e-06
386 1.5005385411616124e-06
387 1.2035468759357257e-06
388 1.2084245481325616e-06
389 1.4182007290822628e-06
390 1.4676983248583781e-06
391 1.0864270119629502e-06
392 1.113491448920083e-06
393 1.4292372240038218e-06
394 1.2962351353994263e-06
395 1.4597247613597477e-06
396 1.4680491703401037e-06
397 1.3812242252638104e-06
398 1.3210678580424302e-06
399 1.3746899303650306e-06
400 1.4040111472665468e-06
401 1.5387740852187133e-06
402 1.2933166857214805e-06
403 1.5075788769362967e-06
404 1.3611368892435388e-06
405 1.01631534611242e-06
406 1.1814534215905308e-06
407 1.3484293327483786e-06
408 1.2582782581439837e-06
409 1.4652838344059145e-06
410 1.6046597688785369e-06
411 1.2458362496838735e-06
412 1.1646988122564727e-06
413 1.4089226833042847e-06
414 1.3586381510639044e-06
415 1.3342534914187007e-06
416 1.387684673575837e-06
417 1.5369251519924536e-06
418 1.4827581614020406e-06
419 1.638837316162922e-06
420 1.081924547687837e-06
421 1.2542169592653257e-06
422 1.1035348660840786e-06
423 1.5480041079232956e-06
424 1.4163277797086656e-06
425 1.2623686446135586e-06
426 1.3724609919549693e-06
427 1.238687953687418e-06
428 1.2367916748596855e-06
429 1.234127087529792e-06
430 1.4010706981912086e-06
431 1.09453778478283e-06
432 1.1021945706037198e-06
433 1.3160935988463636e-06
434 1.4414157753021407e-06
435 1.4988390926392294e-06
436 1.0215885286882784e-06
437 1.769821701803988e-06
438 1.0846442611440971e-06
439 1.1624441999886814e-06
440 1.7389197327954298e-06
441 1.2294082097733634e-06
442 1.481392767818754e-06
443 1.3760635382406191e-06
444 1.260631495942194e-06
445 1.0631307944930271e-06
446 1.4417876867757123e-06
447 1.2385754216139665e-06
448 1.381047404515787e-06
449 1.201065875995506e-06
450 1.1537657906836742e-06
451 1.439407836367597e-06
452 1.595179911737616e-06
453 1.3942415798866123e-06
454 1.3497602738905564e-06
455 1.270294672597661e-06
456 1.5012317804207113e-06
457 1.4092113737069602e-06
458 1.346895517777614e-06
459 1.297416055232497e-06
460 1.4987208334812134e-06
461 9.890009771519745e-07
462 1.5906571581651967e-06
463 1.5581966863251258e-06
464 1.4517898783596912e-06
465 1.237664767267369e-06
466 1.3338049359153922e-06
467 1.4626530640232883e-06
468 1.4368151158499224e-06
469 1.4695981421007574e-06
470 1.5364680580611064e-06
471 1.3385389693678855e-06
472 1.3301584584914179e-06
473 9.579773197998875e-07
474 1.3241663929258617e-06
475 1.448361297835875e-06
476 1.2153513752196396e-06
477 1.2484374690718047e-06
478 1.3278803894208135e-06
479 1.4306880041235207e-06
480 1.3942519012775605e-06
481 1.3546883679632954e-06
482 1.4832886964066446e-06
483 1.386743730967968e-06
484 1.3135736077732588e-06
485 1.3316812488419663e-06
486 1.2165032262123518e-06
487 1.4582822877915623e-06
488 1.5013519212208042e-06
489 1.3264543443275264e-06
490 1.2926532861396104e-06
491 1.2052365183261535e-06
492 1.1647512662929134e-06
493 1.2144164240718056e-06
494 1.1568082346959715e-06
495 1.4230488805827147e-06
496 1.1484223299888433e-06
497 1.3969058646350856e-06
498 1.2707164956928208e-06
499 1.611962115593831e-06
500 1.2394101026001124e-06
501 1.103656023332074e-06
502 1.2957351742725926e-06
503 1.2967404153254336e-06
504 1.339271754309791e-06
505 1.5808713937098213e-06
506 1.2996103358559047e-06
507 1.639296230557206e-06
508 1.2749350221899603e-06
509 1.7288141540252966e-06
510 1.3159248467439462e-06
511 1.177713582823103e-06
512 1.3450279713909048e-06
513 1.484038163061094e-06
514 1.107836903769818e-06
515 1.2436054895307031e-06
516 1.5451837941212063e-06
517 1.0721146165129146e-06
518 1.2692249033909418e-06
519 1.092049087595475e-06
520 1.2579428580591692e-06
521 1.3480344057628913e-06
522 1.1600412069616207e-06
523 1.3681685781227487e-06
524 1.4010387868450177e-06
525 1.2869683465349075e-06
526 9.358931107211303e-07
527 1.340242258231231e-06
528 1.6513970091781397e-06
529 1.1445580847643403e-06
530 1.0415866621861442e-06
531 1.1468207704760064e-06
532 1.065831414622739e-06
533 1.4969255423934097e-06
534 1.449988330310341e-06
535 1.416646311020926e-06
536 1.4021854585165896e-06
537 1.657131999381117e-06
538 1.4607455173189825e-06
539 9.575226938966352e-07
540 1.2741068013868988e-06
541 1.2119497195399746e-06
542 1.1156553429435794e-06
543 1.3437309081533666e-06
544 1.3952396467042143e-06
545 1.2535214040466002e-06
546 1.3454758868309855e-06
547 1.0655680420812192e-06
548 1.4074307705119549e-06
549 1.3842819030293333e-06
550 1.2433830276650786e-06
551 1.3597581492900088e-06
552 1.626328809186027e-06
553 1.5191463227299197e-06
554 1.185070344026297e-06
555 1.3763992791352054e-06
556 1.1316279417153455e-06
557 1.1574988778480545e-06
558 1.1939224017216752e-06
559 1.3482615086252732e-06
560 1.374653980187154e-06
561 1.3221866738416967e-06
562 1.6003276586290263e-06
563 1.0908592741857222e-06
564 1.5144589288500411e-06
565 1.3326121106074154e-06
566 1.6272463945100434e-06
567 1.037517751496425e-06
568 1.3504495146545795e-06
569 1.1700286975844117e-06
570 1.089991802527296e-06
571 1.217799824773355e-06
572 9.630887510387082e-07
573 1.2576814262376597e-06
574 9.325737746680305e-07
575 1.3262978412291148e-06
576 1.4091380778819791e-06
577 1.3104679538236933e-06
578 1.436611822821847e-06
579 1.2591978213216106e-06
580 1.0561678050408837e-06
581 1.3629977755509992e-06
582 1.2259960745606703e-06
583 1.315621940511889e-06
584 1.5370412538995226e-06
585 1.35656799230509e-06
586 1.2880223041598262e-06
587 1.0248791587226467e-06
588 1.5313740913286117e-06
589 1.2666284506897702e-06
590 1.2601075315926439e-06
591 1.0385493282390264e-06
592 1.185015045644652e-06
593 1.2625220952480362e-06
594 1.1264966294804948e-06
595 1.4941619959784767e-06
596 1.4791226303925941e-06
597 1.2454021938450327e-06
598 1.5492650473269836e-06
599 1.3106889923011152e-06
600 1.4228112279820008e-06
601 1.3373844350934007e-06
602 1.3362738145804017e-06
603 1.6394818718869535e-06
604 1.6138780206669669e-06
605 1.3653213449708442e-06
606 1.3279615862170175e-06
607 1.32266962009173e-06
608 1.1901973421847546e-06
609 1.2961273035921618e-06
610 1.1214885402513375e-06
611 1.507657824787714e-06
612 1.453737990435967e-06
613 1.329511059274751e-06
614 1.3477274399936814e-06
615 1.4257215280291702e-06
616 1.7319272362407784e-06
617 1.1435914508516534e-06
618 1.3500716312149025e-06
619 1.3421363895004573e-06
620 7.688107251839222e-07
621 1.4327308130070538e-06
622 1.3545513267111847e-06
623 1.1505452005711595e-06
624 1.2700905510854525e-06
625 1.3878010908288404e-06
626 1.4292772117073695e-06
627 1.271461538090455e-06
628 1.3408408204542491e-06
629 1.3101996916166565e-06
630 1.3877970366483126e-06
631 1.3532697616286646e-06
632 1.4425087608236573e-06
633 1.086461454559902e-06
634 1.089322589133058e-06
635 1.624281835038565e-06
636 1.4687788492906594e-06
637 1.4674454731979431e-06
638 1.4582095977722923e-06
639 1.0886293859379204e-06
640 1.6179684650715333e-06
641 1.2710177621323528e-06
642 1.5943510769360048e-06
643 1.4645827510881587e-06
644 1.2406742328177514e-06
645 8.209076620178834e-07
646 1.6498233402291292e-06
647 1.378242180842382e-06
648 1.4412431656913835e-06
649 1.7080600483091777e-06
650 1.0884953935192572e-06
651 1.5119865142434346e-06
652 9.70370404124385e-07
653 1.276556883401331e-06
654 1.401625772400906e-06
655 1.6975195690266925e-06
656 1.2730553591062132e-06
657 1.6875825117206227e-06
658 1.372603519178268e-06
659 1.5636933699426532e-06
660 1.1108750258818053e-06
661 1.2822105624262217e-06
662 1.1232933889409251e-06
663 1.5826036971969395e-06
664 1.4012460875880878e-06
665 1.0455096053562432e-06
666 1.270505907223924e-06
667 1.4918236023447756e-06
668 1.3859879147854068e-06
669 1.464916026858618e-06
670 1.1981405842598613e-06
671 1.1171430727384425e-06
672 1.201447993858651e-06
673 1.1518078649925018e-06
674 1.2442323059147887e-06
675 1.166223929183684e-06
676 1.347443115157072e-06
677 1.3834907324800708e-06
678 1.260742569075454e-06
679 1.2285794514202722e-06
680 1.0902847079147213e-06
681 1.1764548711815714e-06
682 1.6129728337310903e-06
683 1.3051943374407192e-06
684 1.2669465404212256e-06
685 1.0861369017988971e-06
686 1.4737445216330618e-06
687 1.5105323445588226e-06
688 1.4954297925451705e-06
689 1.4961501269937997e-06
690 1.429365654642724e-06
691 1.917229488281398e-06
692 1.1433319342201199e-06
693 1.6582315349700673e-06
694 1.5649218531358906e-06
695 1.3157860458249888e-06
696 1.6087219994498332e-06
697 1.156468855842511e-06
698 1.2257096738627094e-06
699 1.6161170266174904e-06
700 1.4831595940031129e-06
701 1.3265202976514558e-06
702 1.0961856982089001e-06
703 1.2089430014643634e-06
704 1.0332566873583562e-06
705 1.4618387797160426e-06
706 1.201372056102895e-06
707 1.3437573682591191e-06
708 1.2870303584295896e-06
709 1.3163834273121682e-06
710 1.313175994676279e-06
711 1.385496868571845e-06
712 1.528958207620032e-06
713 1.509233420698133e-06
714 1.2927118217651184e-06
715 1.1882869643730181e-06
716 1.6234827872546576e-06
717 1.388085986244068e-06
718 8.294694543066171e-07
719 1.550694988082954e-06
720 1.4660090281559427e-06
721 1.2669938682378383e-06
722 1.123178144854992e-06
723 1.0537039283398428e-06
724 1.3834537732556548e-06
725 9.430733107901312e-07
726 1.4987645360214567e-06
727 1.4093061023814284e-06
728 1.1901433573444264e-06
729 1.1695821867379431e-06
730 1.1310755787039106e-06
731 1.296017223027048e-06
732 1.3648812292576706e-06
733 1.5169425079681394e-06
734 1.2187161144217162e-06
735 1.2747395190171473e-06
736 1.334581830210991e-06
737 1.21461966325363e-06
738 1.1623733336093799e-06
739 1.649183707570256e-06
740 1.4900364264074154e-06
741 1.0820368921238053e-06
742 1.2200124391118434e-06
743 1.294392488044289e-06
744 1.3549627156077151e-06
745 1.7498179174476546e-06
746 1.4006847144541605e-06
747 1.2928178219657233e-06
748 1.1839001654750716e-06
749 1.4012148004265793e-06
750 1.3331157315719988e-06
751 1.153958325316841e-06
752 1.2732059347996705e-06
753 1.3237428501972352e-06
754 1.4351722453052157e-06
755 1.3288993313728723e-06
756 1.5288130296921253e-06
757 1.4306815036648963e-06
758 9.966139456612259e-07
759 1.2071325614283138e-06
760 1.5755878603583434e-06
761 1.4861757727098035e-06
762 1.3715112751063592e-06
763 1.382803771330638e-06
764 1.509811226851788e-06
765 1.1845429223072609e-06
766 1.1833632692451367e-06
767 1.4463765536835876e-06
768 1.218094042820553e-06
769 1.175218546298028e-06
770 1.2673940025273131e-06
771 1.6932409141182224e-06
772 1.164065540268747e-06
773 1.3189199465842267e-06
774 1.2789093676337758e-06
775 1.2375465578515362e-06
776 1.5230175273875123e-06
777 1.2963778126045168e-06
778 1.2920030437314748e-06
779 1.2728056530137458e-06
780 1.278275417743602e-06
781 1.3086253502297637e-06
782 1.171191109579937e-06
783 1.2667353368174666e-06
784 1.4225663001391208e-06
785 1.5090557598677959e-06
786 1.3973056884723454e-06
787 1.1676806769263642e-06
788 1.521868664581647e-06
789 1.5295715829213446e-06
790 1.2178888585500893e-06
791 1.421069194965845e-06
792 1.4375262259031173e-06
793 1.5378175711448602e-06
794 1.4336324121529009e-06
795 1.250184186906622e-06
796 1.1584681726629824e-06
797 1.529378227710012e-06
798 1.1606906129696657e-06
799 1.2226845351339564e-06
800 1.169931394811847e-06
801 1.4174242296493144e-06
802 1.499162359943962e-06
803 1.202886862323745e-06
804 1.3091944066333517e-06
805 1.5423522691544997e-06
806 1.458317576705861e-06
807 1.4470448047525822e-06
808 1.4550682929183347e-06
809 1.430583466478821e-06
810 1.1287719823149555e-06
811 1.3259556898882332e-06
812 1.1918459976526137e-06
813 1.4011214128106755e-06
814 1.119764541017727e-06
815 1.4371986729719496e-06
816 1.1895737547086293e-06
817 1.6174839885813049e-06
818 1.5192682444079391e-06
819 1.3964566095941738e-06
820 1.3443796012519684e-06
821 1.330837638339386e-06
822 1.2737727684590924e-06
823 1.5015708290576316e-06
824 1.4059489128167146e-06
825 1.287256666254195e-06
826 1.3282707703921327e-06
827 1.0064787173417996e-06
828 1.5088017878274579e-06
829 1.0271388904773659e-06
830 1.3785512943492545e-06
831 1.1779677222300497e-06
832 1.0587736227586882e-06
833 1.39012754739282e-06
834 1.4184718196041274e-06
835 1.4787704432786492e-06
836 1.2326265431350898e-06
837 1.3966931360290149e-06
838 1.0590824865522315e-06
839 1.387578768956237e-06
840 1.279264812381733e-06
841 1.1635666663926897e-06
842 1.1186009408301298e-06
843 1.2710330720628125e-06
844 1.3250267523598682e-06
845 1.5075504485976228e-06
846 1.1866157518084397e-06
847 1.365055626376364e-06
848 1.3176991679184903e-06
849 1.1832680341506995e-06
850 1.2251650112421862e-06
851 1.218701906224118e-06
852 1.483318072084449e-06
853 9.876323581845494e-07
854 1.3299706862610153e-06
855 1.4443202777217678e-06
856 1.4498339726219308e-06
857 1.5504298128633739e-06
858 1.3334133390729338e-06
859 1.591146638983979e-06
860 1.4013264145007e-06
861 1.220446331812481e-06
862 1.4972766491746099e-06
863 1.23939104720667e-06
864 1.2012016150620277e-06
865 1.2773139499741994e-06
866 1.312266778115615e-06
867 1.0629248472709905e-06
868 1.2288997114623456e-06
869 1.2064919852990306e-06
870 1.3928277200243507e-06
871 1.347094352621761e-06
872 1.3363729908583803e-06
873 1.6670125919270097e-06
874 1.3179351815875662e-06
875 1.5567053347834743e-06
876 1.7269671823290114e-06
877 1.5865089475045152e-06
878 1.2773625751676453e-06
879 1.4529738122403098e-06
880 1.2340175038645365e-06
881 1.5102877176106633e-06
882 1.4749220282067033e-06
883 1.1834593694608516e-06
884 1.5288142630084757e-06
885 1.3620840437486891e-06
886 1.273276671829462e-06
887 1.458177748930714e-06
888 1.5903001637648817e-06
889 1.6324008721918125e-06
890 1.138255459795304e-06
891 1.6103473109376491e-06
892 1.5925752281300765e-06
893 1.2938728305438016e-06
894 1.2633713347652153e-06
895 1.150627460308947e-06
896 1.084410318021637e-06
897 1.3171515525498987e-06
898 1.5478783144626963e-06
899 1.1300533404858087e-06
900 1.3370038575021135e-06
901 1.4469969227174506e-06
902 1.6706107232019993e-06
903 1.511328996001183e-06
904 9.54089809574916e-07
905 1.3327270415954262e-06
906 1.3319692312711687e-06
907 1.4711298877445785e-06
908 1.6381190945261657e-06
909 1.0971591889777482e-06
910 1.2876064055180797e-06
911 9.348371412710022e-07
912 1.414351612773367e-06
913 1.0280220128254363e-06
914 1.2704230583797951e-06
915 9.050009157110971e-07
916 1.1737930842737388e-06
917 1.2107858315011022e-06
918 1.429691142338726e-06
919 1.0997668394676176e-06
920 1.3636090322846091e-06
921 1.2410250643359158e-06
922 1.2227884339182026e-06
923 1.5701954856640798e-06
924 1.1975118906680904e-06
925 1.2186460697271759e-06
926 1.3058098809742246e-06
927 1.302768912613824e-06
928 1.4043100391296203e-06
929 1.5520955559909009e-06
930 1.4889653676186867e-06
931 1.3211787113774225e-06
932 1.2820121581824755e-06
933 1.0065607945120082e-06
934 1.2208705789793997e-06
935 1.4668521046901127e-06
936 1.2813954007729637e-06
937 1.2270458775039233e-06
938 1.3858098682542604e-06
939 1.261097464938176e-06
940 1.255878651157211e-06
941 1.1164510992447876e-06
942 1.2904261389408898e-06
943 1.3748057061714531e-06
944 1.304216375728374e-06
945 1.469852340530269e-06
946 1.2723671135321539e-06
947 1.0251315555105033e-06
948 1.2594647171361927e-06
949 1.4879807885468874e-06
950 1.2043723627594959e-06
951 1.1640473433087593e-06
952 1.3896951828803452e-06
953 1.2503912518314673e-06
954 1.5437259156661698e-06
955 1.4396221496973037e-06
956 1.2854636685895734e-06
957 1.4445867634149124e-06
958 1.3095046902404165e-06
959 1.274503923731043e-06
960 1.1303786546012006e-06
961 1.1604015296246555e-06
962 1.690374907801348e-06
963 1.279433882410752e-06
964 1.2140244803482114e-06
965 1.2658569954750173e-06
966 1.4451857500866592e-06
967 1.2499391151993185e-06
968 1.4000362232598832e-06
969 1.6014939258184089e-06
970 1.2144969308433901e-06
971 1.3781129726004687e-06
972 1.2435729387349069e-06
973 1.4116417091136985e-06
974 1.4548115668716878e-06
975 1.004495683048888e-06
976 1.5286394048653116e-06
977 1.146243481370477e-06
978 1.207876640358503e-06
979 1.3094193291467625e-06
980 1.2644714433373126e-06
981 9.658813029651626e-07
982 1.0777132969034498e-06
983 1.3924449017784346e-06
984 1.572254770386638e-06
985 1.7464759569574978e-06
986 9.987811476321047e-07
987 1.3048575076714112e-06
988 1.3601155943780098e-06
989 1.1934244527268179e-06
990 1.375165286623935e-06
991 1.13583634504134e-06
992 1.204935980322527e-06
993 1.3767668748365763e-06
994 1.5638290810168707e-06
995 1.5075525027264424e-06
996 1.4398473630639607e-06
997 1.372653853080855e-06
998 1.5234223987348007e-06
999 1.4028397403964623e-06
