0 -3.8971981990657963e-07
1 -1.6988555189610022e-07
2 4.184245539069961e-08
3 2.3396926526830068e-07
4 -1.591710593228843e-07
5 4.419907259715647e-08
6 -1.787138370670053e-07
7 2.175131254941973e-07
8 1.326920543227325e-07
9 4.509699860892811e-08
10 -1.392491132617892e-07
11 -2.1428554293123567e-07
12 1.542522687353658e-07
13 -2.211547414204382e-08
14 -1.8933101835882015e-07
15 -9.253617870987407e-08
16 -1.6962228086386158e-07
17 5.57401324788664e-08
18 2.922562547581217e-07
19 1.1868413514855879e-07
20 -3.99471945782559e-08
21 1.500623871335838e-07
22 3.349289757848822e-07
23 1.9063091657090187e-07
24 1.76568910423262e-07
25 -7.395266864889124e-08
26 9.410789698444033e-08
27 9.278440096119175e-08
28 -2.206144605884563e-07
29 3.002105751851223e-07
30 -6.16027372459856e-08
31 1.7192695043319286e-08
32 -2.1671573398965443e-07
33 -6.305646729402783e-08
34 1.0514635577142479e-07
35 4.6164627695436966e-08
36 9.202028515807787e-09
37 1.28285234653175e-07
38 1.3744759050648218e-07
39 2.9554018097621375e-08
40 1.3842566283180853e-07
41 5.4699586840729196e-08
42 -6.601522915281762e-08
43 1.8929319955938877e-07
44 7.535019817408817e-08
45 3.382070567564602e-08
46 7.357603098260421e-08
47 1.9079239254041075e-07
48 -1.1557586221683246e-07
49 2.4889156717505754e-07
50 -1.2288337092927598e-07
51 1.0038812069745918e-07
52 8.470939441505748e-08
53 1.983577729158445e-07
54 8.903011817230848e-09
55 -9.918855435849435e-08
56 1.4376733605345476e-07
57 1.7037426766434152e-07
58 3.666425802894479e-07
59 -1.0921636164230047e-08
60 -4.8583785476305236e-08
61 -4.956864769595966e-08
62 -1.149556434027806e-07
63 -5.075036030610367e-08
64 -1.5133076167725604e-09
65 2.342099178752272e-07
66 -2.1409032442351286e-07
67 4.680766062966425e-08
68 -1.3365096827848267e-07
69 -1.8525614211486176e-07
70 -1.084191079910534e-07
71 -1.5798157462847056e-07
72 1.0405392429215149e-07
73 2.4228872690736887e-07
74 -1.883847513101985e-07
75 -2.8375395857836652e-08
76 8.178859450030495e-08
77 -1.6417740157055987e-08
78 2.853370910538516e-07
79 1.274612809596148e-07
80 -1.1643508152993179e-07
81 -1.4579735016373678e-08
82 -7.425975560624863e-08
83 2.612195061444674e-07
84 -1.1621711397795415e-07
85 1.1311745077655045e-07
86 -8.956792694821864e-08
87 -2.263887475030328e-07
88 2.4637106476800456e-07
89 3.1247508285945617e-07
90 7.918094990264216e-08
91 2.0038076474556286e-07
92 3.223690394000499e-07
93 2.4476198183916767e-08
94 3.054719086980265e-09
95 1.451602400635438e-07
96 1.1282161477442296e-07
97 4.6446323973229426e-08
98 -7.238596443006455e-08
99 -4.0996562896870347e-08
100 -2.346112132809688e-07
101 1.1777577190344748e-07
102 8.253333424355885e-08
103 7.84380602522364e-09
104 2.001562129412766e-07
105 -5.3413248220468236e-11
106 -1.0346875013815137e-07
107 1.4479217639587177e-07
108 3.0050916525971165e-08
109 -1.0823630366769395e-07
110 -7.369319343477424e-08
111 5.9469100599265686e-08
112 1.464147571792646e-07
113 -7.099504326418351e-08
114 5.86047991783955e-08
115 4.2438076232882375e-09
116 2.2837419128579927e-07
117 1.8497677320193252e-07
118 5.866397640616455e-08
119 -1.1795877824844892e-07
120 -8.921587420946904e-08
121 2.4247638221290508e-08
122 2.9684476784318252e-09
123 -2.204132027099557e-08
124 4.3120200571229903e-08
125 1.2117705290719495e-07
126 4.868922094647421e-08
127 8.352845709141531e-09
128 2.754856256785501e-07
129 2.0248672546358647e-07
130 -2.724701796388767e-08
131 -4.872119900305001e-09
132 -2.0603161996902438e-07
133 5.649848146303621e-08
134 -8.742875105195038e-08
135 -5.3912932638526343e-08
136 -1.7282573065726023e-07
137 1.463659047734294e-07
138 1.2783977862873233e-07
139 -3.236503763223433e-08
140 1.7053348076868804e-07
141 -1.7760186876579524e-07
142 4.191925227150082e-08
143 1.3917788071794638e-08
144 -5.586192286185788e-08
145 8.450323038031644e-08
146 -5.860081154497858e-10
147 1.2002918188956982e-07
148 -1.2998788624003868e-07
149 -7.978842558670648e-09
150 2.3169982548292667e-07
151 2.371513338865483e-07
152 2.3276951138705166e-07
153 1.3662685240152248e-07
154 1.4639097723694672e-07
155 2.700901563857318e-07
156 4.4378934868169194e-08
157 8.836220049440922e-08
158 8.027956718167237e-08
159 3.2888512307485355e-08
160 -7.207803461439275e-08
161 2.413813846699231e-07
162 1.3361703565246876e-07
163 9.132010767134837e-08
164 4.670612528531538e-07
165 -5.89540559266216e-08
166 9.613680292081875e-08
167 1.7480942726019476e-07
168 -3.3681937954057e-07
169 2.4043853678506157e-08
170 -7.380292126041461e-08
171 1.7948814649990773e-07
172 2.3514367100958845e-08
173 2.291873316895892e-08
174 2.2336768871427578e-07
175 9.241880567507279e-08
176 4.145212104212249e-08
177 -1.8279331524941404e-08
178 -5.1640635093881974e-08
179 4.204191551366689e-08
180 -6.455928824184984e-08
181 -4.853497425017381e-08
182 -1.7693467584726095e-08
183 1.4125570305577417e-07
184 -2.4070185611730023e-07
185 3.3857592395531027e-07
186 -7.589563914602841e-08
187 -2.0184521635623247e-07
188 2.107497658321594e-07
189 6.312373825685901e-08
190 -7.21114931524764e-09
191 4.3410761706725283e-07
192 7.632921009908043e-09
193 -2.0350419596389967e-08
194 1.1848129234851438e-07
195 1.4392281011667403e-07
196 -6.076266929786388e-08
197 4.700074265007623e-07
198 -4.171645962032436e-08
199 2.8308595191854503e-07
200 -1.469375347234398e-07
201 2.818341628313419e-07
202 1.009919959935773e-07
203 2.432552746865356e-08
204 -1.659414048257941e-08
205 2.1162557029365967e-07
206 1.347765830444675e-07
207 -8.026350378339756e-09
208 -6.136496008028919e-08
209 1.6995879063876954e-07
210 1.3895690337724946e-08
211 -1.4228087054200355e-07
212 1.9169064602975956e-07
213 -2.3545994417119272e-07
214 4.792912315252082e-09
215 1.1889742064511658e-07
216 -7.408725753553246e-08
217 9.126836301490595e-08
218 -5.2466352946457464e-08
219 -7.464539598619153e-08
220 1.3946295136941295e-07
221 5.829581937590434e-08
222 7.714243117741991e-08
223 6.072135932927958e-08
224 6.683659967589374e-08
225 1.262432560622272e-07
226 2.757599506079496e-07
227 1.4092213877869898e-07
228 2.0185398388266722e-07
229 -1.334541253514752e-07
230 -8.046027229278544e-08
231 1.4674756374852266e-07
232 4.119734596889414e-07
233 6.31479503576764e-08
234 2.855326870638978e-07
235 1.6119153072711508e-08
236 1.025309515910902e-07
237 2.619111105029994e-07
238 4.7236855786913545e-08
239 1.9044454735900314e-07
240 1.2137302394825e-07
241 -8.463919689046676e-08
242 2.1187323638799804e-07
243 1.4832131561435858e-08
244 1.0375819303043477e-07
245 -4.382833143745676e-07
246 -2.8537633525956226e-07
247 2.1989024044460277e-07
248 1.7457776460550424e-07
249 1.8085081609839016e-07
250 2.2017109808722163e-07
251 7.584553769385557e-08
252 3.6330004217799844e-07
253 2.10691190806481e-07
254 -1.235560963237218e-07
255 3.5511100851368494e-07
256 -1.1303401447350683e-08
257 -9.817391794576655e-08
258 3.347332767248465e-07
259 2.6024343056739533e-08
260 -3.230456297119971e-07
261 -9.348546294561993e-08
262 -8.945608985523466e-08
263 -4.4397069681212506e-08
264 1.4013674579698526e-09
265 2.501506625171939e-07
266 -1.6556148187511488e-07
267 -4.5499610389003585e-08
268 1.4139989810832803e-07
269 -1.04927726380857e-08
270 -1.345910808532592e-07
271 -7.477355504917859e-08
272 4.440955083107783e-07
273 2.709525223430368e-07
274 4.147159360849111e-08
275 -2.222327687399791e-07
276 1.4211477271661242e-07
277 -2.1057655343548607e-08
278 1.447052014535263e-07
279 6.54515505423901e-08
280 4.944400049524174e-08
281 1.3090734912411478e-07
282 5.898400482644343e-08
283 1.7278000419755916e-07
284 1.127916866756241e-07
285 5.637018635695376e-08
286 -5.496644376605313e-08
287 3.844441191978013e-08
288 1.4296432502511894e-07
289 -1.0849301393340132e-07
290 -1.8274080756363803e-07
291 1.588147303982349e-07
292 2.854384454814802e-08
293 9.670115769888311e-08
294 5.405171316874323e-08
295 -9.164404088057318e-08
296 2.3271972663952885e-07
297 -2.0681185233906774e-07
298 9.788447375429308e-08
299 1.4967877050831545e-08
300 1.3664999626555055e-07
301 4.870007349734136e-07
302 1.7561553759393465e-07
303 9.234171802838492e-08
304 1.1622152826515923e-07
305 2.460440108587588e-07
306 -6.874385431758241e-08
307 1.9058457317958511e-07
308 6.920460158775404e-08
309 1.7772352454277022e-07
310 1.3622591945712877e-07
311 4.035615624082523e-08
312 -1.898155592518774e-07
313 1.8672076222297995e-07
314 1.4724524296174352e-07
315 -7.580999783111258e-08
316 9.79567496625163e-08
317 3.430067125531545e-07
318 1.8664714651264712e-07
319 -2.94713034609502e-07
320 1.7651856482248403e-07
321 1.803207630769416e-07
322 4.280694342972322e-07
323 -3.0207392819919866e-08
324 6.303729662080205e-08
325 -1.8209489144828625e-07
326 2.0175283986943796e-08
327 1.2382863307792265e-07
328 -2.5925461410087213e-08
329 3.065984992546445e-07
330 1.1728944421308488e-07
331 2.641110183150627e-07
332 1.2663154409675152e-07
333 5.052581242765781e-09
334 1.3886341401320615e-07
335 3.6593933473352394e-07
336 -1.9664092158924824e-07
337 -7.896228771999218e-09
338 2.0516851111997888e-07
339 1.7307706450179683e-07
340 -7.452352552834867e-09
341 2.4201092049778595e-07
342 5.498789825720332e-07
343 4.139850143860323e-07
344 -1.678422714601213e-07
345 3.925310206705907e-08
346 1.6641502938717325e-07
347 8.586046477254199e-08
348 3.784057243648398e-07
349 -1.4927533054948268e-07
350 -2.1350760305475218e-07
351 7.748344987791231e-08
352 -3.3582382820619434e-08
353 1.7533427079850167e-07
354 2.5559065911346666e-07
355 1.846888331322419e-07
356 -3.0318850548938125e-08
357 2.7282869032563954e-07
358 1.9855895172344947e-07
359 2.1870406592261565e-07
360 1.3004110129679835e-08
361 2.1276943990360263e-09
362 2.0508245212664483e-07
363 3.128259635882346e-08
364 4.1837506595273264e-08
365 2.5645774585029745e-07
366 3.832033787129652e-08
367 1.72982096265035e-07
368 2.853802340865189e-07
369 -9.87367065865611e-08
370 2.826338618870776e-08
371 1.1353811601376912e-07
372 1.88914715593766e-07
373 1.956730496101336e-07
374 4.3643251176252013e-07
375 9.665938131941616e-08
376 7.392358037742238e-08
377 -5.0701982455498804e-08
378 1.5529963490027335e-07
379 3.3831393455698795e-07
380 2.537141277642657e-07
381 1.3295602600151998e-07
382 1.6955056523934186e-07
383 -1.8833317432421353e-07
384 5.78954512054702e-08
385 -7.319832513445378e-08
386 -6.370828346204514e-08
387 1.9875399983840043e-08
388 6.34499076279267e-08
389 1.4467346741213e-07
390 -8.19094549062582e-08
391 3.391947597605572e-07
392 1.9702111976475874e-07
393 -1.3286139837980073e-08
394 -4.385463450291849e-08
395 -9.283164336531468e-08
396 -6.191232045275134e-08
397 7.780726488722291e-08
398 1.4563515240145438e-07
399 7.067281144203053e-08
400 -9.274948513252694e-08
401 7.96722851499849e-08
402 1.1987001747370027e-07
403 -1.7115305900665074e-07
404 -6.139948457448178e-08
405 3.2475909073693e-07
406 1.3643095572517623e-07
407 -1.1723257819907895e-07
408 7.496946490582719e-08
409 -2.1598106089604012e-08
410 -5.878619257725613e-08
411 1.2639294984184822e-07
412 -7.81759110090655e-10
413 -1.313463436412871e-07
414 4.69129093493022e-08
415 5.839493016009031e-08
416 -8.252192919320909e-08
417 -5.591449443801477e-08
418 -1.9703814101369158e-07
419 -1.4495813156792116e-07
420 1.9640575731774613e-07
421 2.297710698773569e-07
422 1.9426168418370537e-07
423 -4.589273069350528e-08
424 -5.889954350713755e-08
425 2.2594793874666025e-07
426 1.3453141117084318e-09
427 2.075873812448915e-07
428 1.2486468323252427e-07
429 8.83822668631872e-08
430 6.090924365684572e-08
431 3.343349968869368e-07
432 1.1660672946010933e-07
433 1.527521102989683e-09
434 -2.785692252090439e-08
435 -2.0833742146714205e-07
436 4.6539583533853313e-07
437 -3.19679492164777e-07
438 1.4785933983155695e-07
439 2.1368743387168805e-07
440 -1.994151065354207e-07
441 1.2671447784067757e-07
442 -2.398140107833837e-07
443 -1.1717971777786793e-08
444 1.14731714203276e-07
445 8.681162691967016e-08
446 -4.25020520988063e-08
447 1.5569877752974145e-07
448 -2.3934603594804957e-08
449 1.5490357545266138e-07
450 1.781675686809362e-07
451 -3.433834091398391e-08
452 -1.7137763971190247e-07
453 -2.5837719961649127e-08
454 8.338043496940546e-08
455 9.237535274009645e-08
456 2.452822031122915e-08
457 -1.2144357288843665e-07
458 3.9618588250836254e-08
459 3.69817682836921e-08
460 -2.3098254567211137e-07
461 3.469323612910577e-07
462 -1.5538702947473458e-07
463 -2.3873066622979755e-07
464 -5.2086606377002356e-08
465 1.32938793552025e-07
466 3.8772128197792827e-08
467 1.687952551851555e-08
468 1.9448865910753635e-08
469 -6.544174269423555e-08
470 -1.1005668013558484e-07
471 -1.2670832268258878e-07
472 1.3417074335610254e-07
473 4.036035368256245e-07
474 1.0490659758055725e-07
475 7.531941815814073e-08
476 7.512105958344947e-08
477 -2.212704221721526e-08
478 -5.274292888290819e-08
479 -5.202265343917286e-08
480 -3.163248500732838e-08
481 1.0154019002425252e-07
482 2.455930437958284e-08
483 -7.782339407095994e-08
484 5.961032771847045e-09
485 -2.1965129223202068e-07
486 1.801769040085794e-07
487 -1.1367942867872095e-07
488 -1.730308606196712e-07
489 1.0800157984467078e-07
490 7.534028010778576e-08
491 1.5580179848430534e-07
492 2.097849723504109e-07
493 8.627852845716583e-08
494 1.735883034461776e-07
495 -4.0538838628375056e-08
496 4.3990911848151e-08
497 -8.589329472831033e-11
498 1.7895639755774408e-07
499 -1.498399562993588e-07
500 -5.627338219584129e-08
501 2.0990523876618637e-07
502 9.766984377815597e-08
503 1.3909143884525056e-07
504 2.984976482663914e-08
505 -1.4514868230598293e-07
506 4.492211273606981e-08
507 -2.672822802909146e-07
508 5.791694248296434e-08
509 -4.301040520935836e-07
510 1.0049207576549313e-07
511 1.5987603325811276e-07
512 1.670676364442721e-07
513 3.0447064750867254e-08
514 3.43190051029766e-07
515 7.029805904915621e-08
516 -4.167915396740036e-08
517 1.6651038162650782e-07
518 2.0872266043581478e-07
519 1.897585212061286e-07
520 5.795095424226368e-08
521 -2.7125917634047714e-09
522 5.2231255086000444e-08
523 8.91749008398482e-08
524 -1.0218251047800567e-08
525 1.6520714753295348e-07
526 4.406090345905311e-07
527 -4.0264278579702194e-08
528 -3.369872099956344e-08
529 1.5912479077281737e-07
530 3.33612870969525e-07
531 -2.9398254886188003e-08
532 2.2705649757884873e-07
533 -6.781974356956612e-08
534 -7.552655829973216e-08
535 2.3419506152463967e-08
536 -1.013342544088877e-07
537 -1.823591795099816e-07
538 -7.583611979953096e-08
539 3.7983190926939737e-07
540 2.1216747526343457e-09
541 1.1304039696019481e-07
542 2.5096305282425816e-07
543 -3.1253140614526334e-08
544 4.4570722814334074e-08
545 8.795582125819548e-08
546 -5.244332330381164e-08
547 3.149274148067944e-07
548 4.872079977370047e-08
549 -1.0204232657800626e-07
550 1.2463997519644886e-07
551 -1.8688040506494078e-07
552 -1.5321384617966486e-07
553 -2.1285603343157006e-07
554 1.2253711884148804e-07
555 -3.621616953445862e-08
556 2.1460222067542662e-07
557 1.175715171968537e-07
558 -2.0565942702255197e-09
559 3.012012261237127e-07
560 6.906238637806083e-08
561 2.8044225525501105e-08
562 -1.535966070311232e-07
563 1.4182512992779522e-07
564 -6.268331755234492e-08
565 1.0444794726657142e-07
566 -2.362699624857009e-07
567 1.8217057053467e-07
568 3.7419233387581045e-08
569 2.8513125192616787e-08
570 2.463813594610889e-07
571 1.1754596071234386e-07
572 2.555140163194878e-07
573 6.494730858979697e-09
574 4.0810361059545545e-07
575 1.0308099485174899e-07
576 -3.096707486069565e-08
577 1.340081694514634e-07
578 1.1949120266941693e-07
579 4.574842666514553e-08
580 1.5880678608314175e-07
581 2.2388196205352644e-08
582 3.9201536058987606e-08
583 2.1407445921999863e-09
584 -1.6287213809368804e-07
585 -1.2623045423981155e-08
586 -1.0965236476017163e-07
587 4.892372312034102e-08
588 -3.923823836653946e-08
589 2.2233666754022755e-07
590 1.4197635345574071e-07
591 3.0125060996599657e-07
592 1.2686149277434068e-07
593 1.7839672183934922e-07
594 1.80422541856754e-07
595 -1.4998248336271566e-07
596 -7.081080473752366e-08
597 1.5640729111017763e-07
598 -1.6897437006781947e-07
599 1.3248699661681177e-07
600 -1.3588378746224377e-07
601 -2.2292319268523382e-08
602 1.5867783803528505e-08
603 -2.2895373334875916e-07
604 -2.1106869840296236e-07
605 -1.1565336138820337e-07
606 5.6275533664228024e-08
607 1.3047773170566502e-07
608 1.894252857746493e-07
609 1.2196697346226935e-07
610 3.0061130847635727e-07
611 -1.5978221984902728e-07
612 7.283698221704718e-08
613 1.978949502373054e-07
614 -2.5260774541176998e-08
615 7.660124397285812e-08
616 -2.516792312171626e-07
617 2.884502690865819e-07
618 8.183152168143517e-08
619 4.58222907011785e-08
620 4.626909610707905e-07
621 -6.854909680341987e-08
622 2.699521447854343e-08
623 1.2328499566529823e-07
624 5.173403236227798e-08
625 8.551862741310974e-08
626 4.667202273651399e-08
627 1.5476852710577914e-08
628 7.857169855256545e-08
629 1.5609537680624184e-07
630 -1.1830270980524687e-08
631 1.948856033965998e-07
632 3.669839428226176e-08
633 2.8122308159397257e-07
634 1.2294419064443044e-07
635 -3.5168199923524756e-09
636 -2.6185410924717328e-08
637 -3.05064408324826e-08
638 -9.68423135016234e-08
639 1.7273011081066298e-07
640 -1.0029566946989996e-07
641 1.0903909595735772e-07
642 -1.4381179832941498e-07
643 -1.247968652488548e-07
644 2.657771665336947e-07
645 4.3882130754774083e-07
646 -1.6886379892044583e-07
647 -7.697114488602546e-08
648 -3.6774412655929306e-08
649 -1.261745599150395e-07
650 2.1507841304784212e-07
651 1.640837223197251e-08
652 2.8647553495935773e-07
653 1.3764620695710548e-07
654 4.742450565934524e-09
655 -2.248684741950752e-07
656 1.0150834865482864e-07
657 -1.016937539990668e-07
658 -5.574931315287527e-09
659 -6.883328744733386e-08
660 5.2107132813815796e-08
661 9.627340827488948e-08
662 2.44484996504231e-07
663 -2.5604950253239167e-07
664 -2.012570642615914e-07
665 3.1910761078138145e-07
666 1.574905642465993e-07
667 -1.3986706162841377e-07
668 -8.751897676837993e-09
669 -8.769080140365771e-08
670 1.0847834486586603e-07
671 1.5023550278253275e-07
672 2.088728595706183e-07
673 2.062471374718129e-07
674 8.852262334574981e-08
675 1.1213556136704308e-07
676 4.1673906025963085e-08
677 -1.815647534830415e-08
678 9.171307940724155e-08
679 6.881172108706488e-08
680 1.7240860501638248e-07
681 9.538440272806242e-08
682 -1.3852750681423746e-07
683 4.560258716608733e-08
684 2.4840196733716763e-08
685 8.805887584153077e-08
686 -3.409953685062577e-08
687 -2.0176153646905618e-08
688 -1.4784218769371297e-07
689 -1.985405065132382e-07
690 1.1553861914604766e-08
691 -2.237113941735743e-07
692 1.1855278644531555e-07
693 -2.112732329343035e-07
694 -9.265849562223702e-08
695 2.578614498075419e-07
696 -1.4393200055124986e-07
697 2.8778508375675434e-07
698 1.3429360583775896e-07
699 -4.0377999515030686e-07
700 -1.461721275937069e-07
701 2.392456633856888e-07
702 1.1812205181542054e-07
703 2.1251955472380701e-07
704 2.340666515055585e-07
705 1.929769780580125e-08
706 1.9824369920114537e-07
707 1.496310435060182e-08
708 1.8489537426352166e-07
709 5.347952624308035e-08
710 -1.095716852039074e-07
711 6.967835702499595e-08
712 -3.299890781995317e-08
713 -1.233212737475202e-07
714 2.1008069482542708e-07
715 1.285827511311081e-07
716 -1.949118018191381e-07
717 2.2503788190030867e-07
718 5.187087919876407e-07
719 -1.2956321272579353e-07
720 -3.1650772664459385e-07
721 1.561314567174637e-08
722 2.8248926799433857e-07
723 1.6949333893486182e-07
724 -7.226197020646748e-08
725 3.622918207316774e-07
726 -1.916710299216198e-08
727 -8.350291775868657e-08
728 2.314341008805475e-07
729 1.7191224700783326e-07
730 4.141283769455337e-10
731 1.435871630284003e-07
732 -6.91925769854828e-08
733 -8.521531176182149e-08
734 1.2768281945681103e-07
735 8.23010700185296e-08
736 1.2555175052952331e-07
737 1.3466044534891303e-07
738 1.7891131165914365e-07
739 -8.583713037971604e-08
740 -1.3968616413705997e-07
741 2.0905793230126462e-07
742 1.0969262345015587e-07
743 1.2388509477531816e-07
744 1.8897152585135048e-08
745 -2.3209144908771285e-07
746 -7.390161499042203e-08
747 1.1474907816464512e-07
748 1.0827802034357643e-07
749 7.337176402541294e-08
750 1.0822532958657296e-07
751 1.4909000772952692e-07
752 3.4434247340010117e-09
753 2.6515881104829846e-07
754 4.4562061029206135e-08
755 -7.764956507606031e-08
756 -5.793136852899734e-08
757 -4.317113209302207e-08
758 2.315379427664299e-07
759 1.9041516241221664e-07
760 -1.696934394736033e-07
761 -1.377578488878333e-07
762 3.872035708948423e-09
763 -1.5188391124538585e-08
764 -1.4435491901580132e-07
765 -1.4510195119295035e-08
766 4.725245084836309e-09
767 6.912410649337021e-10
768 1.0791626038189375e-07
769 3.858407777233683e-07
770 4.102219190569263e-08
771 -1.815012159609669e-07
772 2.367022050499637e-07
773 2.2447479123440942e-07
774 7.029219937403573e-08
775 2.007058834881931e-07
776 -1.5093292766001863e-07
777 7.779188553261266e-08
778 9.276734850117836e-08
779 1.8226208489925158e-07
780 9.783507894122704e-08
781 5.384646247553851e-09
782 1.6598922213607804e-07
783 2.1745442889592387e-07
784 5.3039665751507066e-08
785 -1.9486137855390283e-07
786 4.048847495579295e-08
787 9.258939049048488e-08
788 -3.086944576128818e-07
789 -1.5204545560060623e-08
790 1.7956740162814598e-07
791 4.9207590446310476e-08
792 1.7577555490796606e-08
793 -2.1415971728292043e-07
794 -6.562569068868626e-08
795 1.4721291559072315e-07
796 3.0232718519489735e-07
797 -1.876103005764208e-07
798 2.444522838178917e-07
799 7.398179102462884e-08
800 2.5249015833249796e-07
801 4.04371431220725e-08
802 -8.481872394912373e-08
803 2.974080338186845e-07
804 5.973916997914816e-08
805 -1.456772911426313e-07
806 -8.394102994853125e-08
807 6.132001329808547e-08
808 -7.3688000020429e-09
809 -3.311758050346768e-08
810 1.2500084270483584e-07
811 -6.938440813820375e-08
812 2.907092480297991e-07
813 -7.916553657838744e-08
814 2.160878808885057e-07
815 -1.5154970789906933e-07
816 1.2445507904618652e-07
817 -3.6307703960271344e-08
818 -3.5979990187197496e-08
819 -5.363662704420212e-08
820 5.2935690963402475e-08
821 1.5171831632983957e-07
822 6.12355667175283e-08
823 8.17373606744687e-09
824 3.4023363198535655e-08
825 -4.9857380390546586e-08
826 -6.82384039900669e-08
827 2.991581694781964e-07
828 -6.132382272175896e-08
829 3.4556095707952243e-07
830 -1.4357514404930563e-08
831 6.47846366170783e-08
832 2.973110338580323e-07
833 7.422527217744756e-08
834 8.367342854782977e-08
835 -1.6515393831305714e-07
836 2.668547071136787e-07
837 3.56054761532206e-08
838 2.176871442529324e-07
839 -2.2324974110953486e-08
840 2.171740122978412e-08
841 2.2892378570402642e-07
842 2.1229489330425137e-07
843 -1.6744457369865348e-08
844 -6.588590996230726e-09
845 -4.285115592387381e-08
846 6.75549583780819e-08
847 -5.886497004378128e-08
848 6.44812599086892e-08
849 1.4732170860607124e-07
850 4.801414065924376e-08
851 1.607173215444179e-07
852 -2.0581270207984365e-07
853 2.435462907645316e-07
854 4.792431281560315e-08
855 -1.5478116041133385e-07
856 -1.470478766320804e-07
857 -1.1475488762022134e-07
858 2.5309992483270057e-07
859 -1.4849643834703962e-08
860 1.3670876108107327e-07
861 2.440909065231996e-07
862 -3.8728729733887496e-08
863 6.216066395188086e-09
864 1.2818103538361926e-07
865 1.788610187963941e-07
866 6.958495680254001e-08
867 3.9659896020309577e-07
868 2.7815737815209786e-07
869 9.982494834752342e-08
870 3.9518003451155524e-08
871 2.2331237197827787e-07
872 1.3517667478924323e-07
873 -1.7439580736502846e-07
874 1.3518660781159109e-07
875 -8.059914124961982e-08
876 -2.93599842636788e-07
877 -1.5865687884898366e-07
878 1.3882577817738886e-07
879 -2.16013624752857e-08
880 2.4483487252005763e-07
881 -9.518325299881871e-08
882 1.7012254705072818e-08
883 -3.723663277622272e-08
884 -6.262701725232596e-08
885 8.43132201634368e-08
886 2.5739162515615367e-07
887 5.491071513490833e-08
888 -1.9036514038418045e-07
889 -1.5089604305241194e-07
890 2.93318473206398e-07
891 -1.3468932436903289e-07
892 -1.058821753959519e-07
893 1.6279749301475914e-07
894 9.059661606161077e-08
895 3.207715945924158e-07
896 2.078691654964136e-07
897 4.767636348261295e-08
898 -1.7802252784584825e-07
899 2.669559534227693e-07
900 9.735877883427787e-08
901 -9.259037038607141e-08
902 -1.9455621532040162e-07
903 -8.986112080626823e-08
904 5.116274510749754e-07
905 -3.6970655752604872e-09
906 2.496330738044307e-07
907 -3.35045058701265e-07
908 -2.0893331970097998e-07
909 2.769539843976944e-07
910 1.5561567318169062e-08
911 3.413505280422998e-07
912 -2.819476469556136e-08
913 3.202755344027421e-07
914 7.25587060108595e-08
915 2.1388044183098902e-07
916 3.4482323606763606e-08
917 2.0064026636896325e-07
918 5.438180229611345e-08
919 1.3817524609678635e-07
920 -2.093315238665215e-08
921 2.44521240045708e-07
922 1.6055549540792423e-07
923 -6.96108002025883e-08
924 1.1461244111550028e-07
925 1.5745594800542241e-07
926 -6.507695328633148e-08
927 1.3996449448282783e-07
928 1.4773809786669497e-07
929 -6.683581604169263e-08
930 8.118713688644572e-08
931 2.20123075604925e-07
932 7.16944042774693e-08
933 2.1795499490715365e-07
934 1.930931373540772e-07
935 4.920785891032476e-09
936 1.1470301246043064e-07
937 2.8430678234383207e-07
938 7.648407880011678e-08
939 2.004217368196781e-07
940 2.2489773142293415e-07
941 3.8032887685311233e-07
942 2.4931185222452103e-08
943 -1.0947078258405027e-07
944 -2.784623667075617e-08
945 -7.009147108553393e-08
946 2.687432189415893e-07
947 2.6849123054343316e-07
948 -3.662251618699257e-08
949 -1.4351096930579378e-07
950 1.28950529143782e-07
951 2.1687975593562238e-07
952 -1.279163512649536e-07
953 2.573776241869103e-07
954 -3.2032523329408585e-07
955 1.6509489448652867e-08
956 4.905259170943207e-08
957 -3.816438228931639e-08
958 2.066812781243095e-08
959 1.6911194360390984e-07
960 2.5258289671837894e-07
961 2.4135828659066764e-07
962 -2.1281076158735233e-07
963 2.2005695372715628e-07
964 1.8932989329033103e-08
965 1.3571947776625157e-08
966 5.700908456405729e-08
967 2.270508041655423e-07
968 9.703109132361786e-08
969 -1.7226180213240425e-07
970 1.3735753684621396e-07
971 3.890371959741991e-08
972 -3.995700230882463e-09
973 1.4182400842357028e-07
974 2.1742640608647296e-08
975 2.8988591105554683e-07
976 1.0417443668991993e-07
977 1.9451254248638228e-07
978 8.140414906390505e-08
979 2.3239222490177055e-08
980 -6.08855802739968e-09
981 3.6401536197145394e-07
982 3.069073449203616e-07
983 1.4575497570370344e-07
984 -2.2864099307125555e-07
985 -3.472830848476547e-07
986 1.7114989220684256e-07
987 6.792683661078022e-08
988 -4.7302501226973966e-08
989 2.3083123895745735e-07
990 -8.475786223215497e-08
991 2.6567639885881564e-07
992 1.4267122332731816e-07
993 -7.251358479625943e-08
994 -1.3630836976942829e-07
995 -5.2854329356437546e-08
996 -1.705838397031427e-07
997 -1.6155701898592627e-07
998 1.7912217636455774e-09
999 6.5807013587612285e-09
