0 -2.4451004859972063e-07
1 -2.3668269498654537e-08
2 1.8673311264637785e-07
3 4.249663969511834e-07
4 -2.3850714756454746e-08
5 1.6685181477535305e-07
6 4.3445741776106595e-08
7 3.3014973158197755e-07
8 3.0361751672461096e-07
9 1.6394523348315514e-07
10 6.246996187679683e-08
11 5.0053987159430254e-08
12 2.670011902534996e-07
13 2.1339447255904784e-07
14 9.268150125468772e-08
15 1.4099538840688395e-07
16 -8.580252943067798e-08
17 2.2210291178584758e-07
18 3.786152366499609e-07
19 2.655277059368045e-07
20 2.2011780896805366e-07
21 1.6700372334514978e-07
22 4.1532081283989095e-07
23 2.628889526210898e-07
24 3.256152892924369e-07
25 1.508659551829664e-07
26 2.2059893140254133e-07
27 2.5202044188524733e-07
28 6.280921697145313e-08
29 4.7490008742307183e-07
30 1.1763254765960367e-07
31 1.1751334176089281e-07
32 -5.851065479833186e-08
33 8.837506298488707e-08
34 2.1757398026046014e-07
35 1.1336226061033283e-07
36 1.9437362329979053e-07
37 3.435734067680267e-07
38 3.124534755031875e-07
39 1.7466543165884807e-07
40 3.6677604739313553e-07
41 1.8989002717584495e-07
42 1.5035775524590008e-07
43 3.351937552858742e-07
44 2.8008985327513283e-07
45 1.5208847063692255e-07
46 2.81119695369849e-07
47 4.479121629014675e-07
48 9.590574276948655e-08
49 3.521353679508266e-07
50 -1.027795754376353e-08
51 3.840451062387142e-07
52 2.394214262295169e-07
53 4.262702990947958e-07
54 8.772913920284873e-08
55 1.2467654389967335e-07
56 2.5264964292299693e-07
57 3.3443080685314167e-07
58 4.4550217967609326e-07
59 9.253294433108516e-08
60 1.874351819776542e-08
61 1.9984134777236457e-07
62 1.2641886675382492e-07
63 9.773711760342008e-08
64 1.8722673311650244e-07
65 3.854211261125876e-07
66 3.1179397012940164e-08
67 1.2417144904914654e-07
68 -1.3271363771734867e-09
69 3.572250579578205e-08
70 -5.4916116793663424e-08
71 -4.67421690343917e-08
72 3.6315923361264056e-07
73 3.2611399108889454e-07
74 -1.7382240752514457e-08
75 1.0216918420256637e-07
76 1.654691545003423e-07
77 1.3088399045609321e-07
78 3.9898966273653474e-07
79 2.6442874744513593e-07
80 8.495942599009135e-08
81 2.2246500521914592e-07
82 1.3134167623742728e-07
83 2.9827960644442325e-07
84 1.4340999876672884e-08
85 3.772977081941314e-07
86 9.266452397993316e-08
87 -6.650921782227847e-08
88 4.4554882180704153e-07
89 3.24837594484761e-07
90 1.3256830988448896e-07
91 2.9942497379532455e-07
92 4.5375240196574665e-07
93 1.8194971728786493e-07
94 2.770871075572611e-07
95 2.237924889593887e-07
96 2.4245000291423226e-07
97 1.0035482929503292e-07
98 2.1167423171829917e-07
99 1.0112965230873103e-07
100 -5.5982273318469203e-08
101 2.5093981977519336e-07
102 1.838360468250052e-07
103 1.8769715262756243e-07
104 3.2237711918972546e-07
105 1.6297201770606035e-07
106 -4.1121385149524624e-08
107 2.4099015760400827e-07
108 7.640675944048218e-08
109 1.3000699793934977e-07
110 3.0602154384994435e-08
111 2.794726321864433e-07
112 2.614568875733127e-07
113 1.7249209716674097e-07
114 1.468805414482984e-07
115 1.848549583303903e-07
116 3.2162729049141735e-07
117 4.250147927815533e-07
118 2.3671495023323978e-07
119 1.0053299586208488e-07
120 1.0234599426586529e-07
121 2.483093691425441e-07
122 2.3455537610641888e-07
123 1.283975233403156e-07
124 2.3261332933528737e-07
125 2.0738344554028547e-07
126 2.752686032026985e-07
127 1.7265144982649008e-07
128 3.498794214059214e-07
129 3.119871671359687e-07
130 3.1999504801102205e-08
131 1.0930288050374027e-07
132 -3.856822753948408e-08
133 8.888290136177111e-08
134 2.4102530506391064e-07
135 1.2848125206605687e-09
136 2.270558350300444e-08
137 3.2040760618489527e-07
138 3.3358495411774237e-07
139 1.4276961397703601e-07
140 3.798262532191916e-07
141 7.0237745524424855e-09
142 2.5472880949291846e-07
143 7.684482685716299e-08
144 3.885066278706899e-08
145 3.149732815976572e-07
146 2.1735933565671566e-07
147 3.4610069024565197e-07
148 6.348687730408333e-08
149 1.3097769198751615e-07
150 3.691586030296525e-07
151 4.868234739685285e-07
152 4.3507656929145376e-07
153 2.2335315006733112e-07
154 3.059106668406005e-07
155 4.63303839563771e-07
156 6.838855352972874e-08
157 8.151018678839616e-08
158 3.088014371289903e-07
159 5.994259945484577e-08
160 1.0652559660190357e-07
161 3.9367308868722164e-07
162 2.512621839370936e-07
163 1.953699207302597e-07
164 5.536010274915972e-07
165 4.6778132468545446e-08
166 2.550441072729414e-07
167 2.1886278422132879e-07
168 -2.2438654563938192e-07
169 6.26166113549065e-08
170 1.4647791906372421e-07
171 2.612111006678915e-07
172 1.5667457928465294e-07
173 2.048948061108694e-07
174 2.1437653011629752e-07
175 2.5584336102537595e-07
176 2.887131482847239e-07
177 8.856169665054553e-08
178 1.2339040264168963e-07
179 1.0518327805440466e-07
180 1.456757824888308e-07
181 1.0476659950099111e-07
182 6.634318693678924e-08
183 2.9267132336457137e-07
184 -4.5922819965206794e-08
185 4.476268750273911e-07
186 6.631413619108587e-08
187 1.6863051774712437e-08
188 4.084271567293848e-07
189 2.3052204522259775e-07
190 1.7196280375479497e-07
191 4.852948430374423e-07
192 1.8339716248319113e-07
193 2.229460334053592e-08
194 1.6803839757057068e-07
195 3.300726357875743e-07
196 1.6186536513516327e-07
197 6.074337677981092e-07
198 7.880304360970155e-08
199 4.5071992800125616e-07
200 2.5342241949315988e-08
201 5.140417337413886e-07
202 2.1241496987507612e-07
203 2.367962384772176e-07
204 1.969565401225211e-07
205 3.2854571426947705e-07
206 3.788200877692823e-07
207 1.6874831624677384e-07
208 1.6487650226842153e-07
209 2.6839721345341853e-07
210 1.0904344398362789e-07
211 2.7214622662833597e-08
212 3.6858630109316867e-07
213 -1.1559319819258576e-07
214 3.1177710985723196e-07
215 2.2640246675986499e-07
216 5.330554715159702e-09
217 1.6840729303243436e-07
218 1.0805109695414436e-07
219 1.575579476181543e-07
220 2.775190335616721e-07
221 2.4208177379429046e-07
222 2.6845937298074076e-07
223 1.5275741732150425e-07
224 3.565555343178597e-07
225 1.848803750164579e-07
226 4.844382544943503e-07
227 2.5638714369532775e-07
228 2.799356043200334e-07
229 7.584926502227333e-08
230 2.0124444729700231e-07
231 2.2153706083447967e-07
232 5.487033853267954e-07
233 7.135457767648046e-08
234 3.627323526749252e-07
235 2.5140116839864424e-07
236 2.394654321263927e-07
237 5.028092330305559e-07
238 1.635532530506561e-07
239 1.9249405367914274e-07
240 2.390570663098854e-07
241 9.78040320206945e-08
242 3.6061754055451476e-07
243 3.6223355800566146e-08
244 2.6469481556205413e-07
245 -2.959268768019565e-07
246 -1.0767923181521245e-07
247 3.9467487020007576e-07
248 3.6010930293173097e-07
249 1.565920813466708e-07
250 3.310781461552561e-07
251 2.942289027270598e-07
252 4.627177771434957e-07
253 4.52154051631957e-07
254 1.1544079728709372e-07
255 5.759200892911409e-07
256 1.1636509104981738e-07
257 7.90808062830364e-08
258 5.465293860484336e-07
259 2.335283794537113e-07
260 -1.2485847173190122e-07
261 7.986926682044833e-08
262 -3.2989894097283864e-08
263 5.343485729324709e-08
264 1.6073641286813945e-07
265 4.4887977415924167e-07
266 -2.0481904314837164e-08
267 1.5760819365661155e-07
268 2.891508645324004e-07
269 7.591993714267185e-08
270 1.9399426428934236e-08
271 1.2872659605430207e-07
272 4.6130729915202514e-07
273 4.5109733883054925e-07
274 2.3711662376253895e-07
275 -4.839362684992358e-08
276 2.419026866738882e-07
277 1.0453716540821866e-07
278 2.618210736928396e-07
279 1.4506863497141318e-07
280 2.1463072092023065e-07
281 3.1639453326446245e-07
282 2.6791234738520667e-07
283 3.3256974884822134e-07
284 2.285310856517235e-07
285 1.510783612594694e-07
286 1.0017191224455512e-07
287 2.191126598715447e-07
288 2.2606527606860101e-07
289 4.8421477097525485e-08
290 -1.480796318906871e-07
291 4.01663494716816e-07
292 1.4623187194304505e-07
293 2.4019887849555266e-07
294 2.2569004860792703e-07
295 -5.016214714929749e-08
296 4.638794075044559e-07
297 5.6568367652112364e-08
298 2.534388772990966e-07
299 2.2353262832525247e-07
300 2.0217959529376983e-07
301 5.431297273982956e-07
302 3.15587372298609e-07
303 3.2668760898525335e-07
304 3.0649452176737154e-07
305 2.7205512032336557e-07
306 7.298664135234474e-08
307 3.061031173655302e-07
308 1.7898541443798928e-07
309 2.881930833408017e-07
310 1.1034212164315082e-07
311 1.716736181388702e-07
312 -1.3914641200522009e-07
313 2.488919066309451e-07
314 1.438860113531073e-07
315 9.029092300996261e-08
316 1.495686135946555e-07
317 4.241457553436922e-07
318 3.705575147458059e-07
319 4.149082419942879e-08
320 2.866434263855851e-07
321 3.313277984759289e-07
322 4.720805934576825e-07
323 1.9226285075513214e-07
324 1.963622977517852e-07
325 7.026683014119632e-08
326 2.501698843579179e-07
327 3.442668409677756e-07
328 1.1765861854557088e-07
329 3.392461082527477e-07
330 2.400202031534163e-07
331 3.536418584418043e-07
332 2.4738660310468846e-07
333 2.3522680885064794e-07
334 2.5041676115627005e-07
335 4.848719336397162e-07
336 5.292808495378351e-09
337 1.6997532455599615e-07
338 3.227970957865252e-07
339 4.6820158220512554e-07
340 1.0861013535890807e-08
341 3.870296885693468e-07
342 6.417145173794384e-07
343 4.912167270428372e-07
344 9.72750147531807e-09
345 2.552601774604756e-07
346 2.783833304089143e-07
347 1.8624840604147084e-07
348 3.6896810555828726e-07
349 -1.545191598862223e-08
350 -9.209958990805547e-08
351 2.8512261870014443e-07
352 9.7252262640897e-08
353 4.006454198444148e-07
354 4.1863199518494887e-07
355 2.7521283039037973e-07
356 1.5405580889747578e-07
357 3.2886330608796926e-07
358 3.657072226196073e-07
359 3.39461388392283e-07
360 1.4684320842592358e-07
361 2.885931497735403e-07
362 3.404113727777737e-07
363 8.229591310629487e-08
364 2.024481045818928e-07
365 4.427274255142238e-07
366 2.488006237431852e-07
367 3.946606237587876e-07
368 4.179063798897943e-07
369 2.932448897712159e-08
370 2.1984931086712077e-07
371 3.024870396794892e-07
372 3.5562217358696487e-07
373 3.3095147672312536e-07
374 4.7033730941921195e-07
375 2.3605477568329715e-07
376 1.556841295369782e-07
377 1.477595868934081e-07
378 2.806869389110636e-07
379 4.3469831652292593e-07
380 3.983202091265489e-07
381 2.3336884911267728e-07
382 2.823484606385137e-07
383 -2.9670442616732884e-09
384 2.2352376805738393e-07
385 8.347569603189525e-08
386 8.689078959283355e-08
387 1.8017254208238775e-08
388 1.5234801038330734e-07
389 4.0936556484229705e-07
390 1.454795177583987e-07
391 4.582469379717606e-07
392 2.432592495040183e-07
393 1.8516062736942508e-07
394 4.170231218504351e-08
395 3.14503136271934e-08
396 1.8053389165285405e-07
397 2.3188946503157714e-07
398 3.2190289537916515e-07
399 2.274916324533702e-07
400 7.694616170940801e-08
401 4.2745441903828215e-07
402 3.228586320157308e-07
403 1.6410345264888346e-08
404 8.621406510492182e-08
405 4.4921880105383184e-07
406 2.9102262339289333e-07
407 -4.9615776520398104e-08
408 2.169838265361239e-07
409 1.471776796491389e-07
410 1.7716348143158987e-07
411 2.9741170931783325e-07
412 1.9844679293536317e-08
413 -1.2246098576758537e-08
414 2.0153672100734775e-07
415 2.1426258618381179e-07
416 6.464150180606949e-08
417 2.3146422878925055e-07
418 -9.122445981710733e-08
419 1.1587020313330189e-07
420 3.010673322668524e-07
421 3.5658381690970397e-07
422 2.4122348282787827e-07
423 1.526120360944055e-07
424 1.4992740683185733e-07
425 3.839553476767428e-07
426 1.6775633321724915e-07
427 4.023061593601063e-07
428 2.3254491128831407e-07
429 2.4348854020982845e-07
430 2.7371886759965805e-07
431 4.260613057649082e-07
432 1.3351542409954942e-07
433 1.3424801562995714e-07
434 1.7924129053112852e-07
435 -6.994090896514701e-08
436 6.77373236284998e-07
437 -7.521110648236696e-08
438 1.6491690512626042e-07
439 3.29245684332899e-07
440 6.628560011583191e-08
441 2.6732930693167507e-07
442 -1.2547740432924662e-07
443 1.589216723681361e-07
444 2.673150406234687e-07
445 5.7188021733841426e-08
446 1.0612465559298908e-07
447 2.6198653132420037e-07
448 1.7183417186865276e-07
449 2.2743636735237498e-07
450 3.646488713681444e-07
451 1.1387392399413584e-07
452 3.717753711259903e-08
453 1.2106409683490966e-07
454 3.0068790772061313e-07
455 2.6484275209699127e-07
456 3.1511084153133683e-07
457 4.941275293852829e-08
458 2.3488080325541974e-07
459 1.8688387727304935e-07
460 -6.667711834687286e-08
461 3.9541553796637294e-07
462 3.816696749711339e-08
463 -1.0250140500064687e-07
464 1.5070088011134363e-07
465 1.845441306718455e-07
466 1.9356943712829174e-07
467 2.414443270327322e-07
468 2.7549887907564106e-07
469 1.3756777661771766e-07
470 9.605378979141358e-08
471 -6.383108874021911e-08
472 3.1075483581867155e-07
473 4.783982582141369e-07
474 3.0666205761497595e-07
475 3.2749954639232187e-07
476 1.6610766468249142e-07
477 8.75722509509111e-08
478 2.479314130676871e-08
479 7.556971709605636e-08
480 1.1140644322399301e-07
481 3.1458080714543515e-07
482 2.3809918489634133e-07
483 5.9109813599866346e-08
484 1.0923657505452941e-07
485 -1.9040760632608671e-07
486 3.338135549277966e-07
487 7.470972912808353e-08
488 2.02474321403192e-08
489 2.860449809350281e-07
490 2.2867742958794825e-07
491 3.0206855500747136e-07
492 3.386501135446956e-07
493 2.2399839889800978e-07
494 2.969591547106185e-07
495 1.0599323093019185e-07
496 1.1966724177469835e-07
497 2.8412270330423527e-07
498 3.845245890266588e-07
499 7.29992974173848e-08
500 -1.1568322443214344e-08
501 3.488537315357302e-07
502 2.740135167417726e-07
503 2.8400744889015256e-07
504 2.1766432637350034e-07
505 1.2598423605755285e-07
506 1.5868563928757818e-07
507 -1.0495272926450448e-07
508 2.161281700323279e-07
509 -1.753576169636834e-07
510 2.618216511313658e-07
511 2.8626533166946566e-07
512 3.8799240425897647e-07
513 3.030423969363457e-07
514 5.288290519586635e-07
515 1.614747120787744e-07
516 2.8529922360300867e-07
517 1.9563269001182056e-07
518 3.951755396319935e-07
519 2.4228977971717404e-07
520 1.5253130873574633e-07
521 1.570558656946558e-07
522 9.954689080951709e-08
523 2.906599355617751e-07
524 1.714896638188361e-07
525 3.542569898544263e-07
526 5.227223988432684e-07
527 5.164113718258623e-08
528 3.1444926066388767e-07
529 2.748099238238547e-07
530 4.315137312364314e-07
531 -2.8908285598738647e-08
532 3.028002971772645e-07
533 9.891352001905815e-08
534 1.0012390971572305e-07
535 2.791886705369004e-07
536 9.159237538826466e-08
537 3.0390174722382802e-09
538 1.2360668034647743e-07
539 4.80416063810129e-07
540 1.4123409811076122e-07
541 2.2710699222862536e-07
542 3.4608902332127054e-07
543 1.2559426827238435e-07
544 2.11675132407224e-07
545 1.9565808148941627e-07
546 1.0158651758981956e-07
547 4.173482875664328e-07
548 2.657213102082222e-07
549 -1.991418857906377e-08
550 2.405663002712859e-07
551 -1.147690044295293e-07
552 7.147807420482107e-08
553 -5.0594738829263645e-08
554 2.366650242635209e-07
555 1.0805641667580096e-07
556 3.102482804854219e-07
557 1.9475108285227696e-07
558 2.5188654030199617e-08
559 5.336195571476882e-07
560 2.780157895171987e-07
561 1.8090198369065902e-07
562 8.429553103634337e-08
563 1.931659715263021e-07
564 1.415973960388944e-07
565 3.938344576458263e-07
566 -3.623481402944167e-10
567 2.3358250128929396e-07
568 2.1803844353521426e-07
569 1.075914887221427e-07
570 3.224913247095442e-07
571 2.876621726173382e-07
572 2.8574403035558054e-07
573 7.018158560256276e-08
574 4.2713974361963114e-07
575 2.75530390825664e-07
576 1.7615238046860775e-07
577 3.633712826804683e-07
578 3.5332799488576393e-07
579 1.2532579793208805e-07
580 1.6023564573154688e-07
581 1.9811463271207697e-07
582 1.2372098168776535e-07
583 2.5463680075639896e-08
584 2.207831531989969e-09
585 1.498828044536152e-07
586 -2.6142782019942042e-08
587 1.1144961691808944e-08
588 1.6052367603848455e-07
589 4.127547438648392e-07
590 2.915712891982173e-07
591 3.7157510106611813e-07
592 2.498780966821855e-07
593 3.5481245638267133e-07
594 2.6656666941282027e-07
595 -3.269147561193506e-08
596 1.6737640745872445e-07
597 2.903771049412637e-07
598 3.489113457476355e-08
599 3.307056160094242e-07
600 -2.310858726499693e-08
601 8.970711367906795e-08
602 1.3816442027855865e-07
603 -1.0260837420202415e-08
604 -9.426616259674724e-09
605 -3.897315695892145e-08
606 2.424745587285057e-07
607 2.802095425356953e-07
608 3.3896513266458316e-07
609 3.500672642877956e-07
610 4.015752712255105e-07
611 5.012459805897496e-08
612 3.277600939476882e-07
613 4.1444398463344056e-07
614 9.889916159196436e-08
615 2.9323807346128334e-07
616 -2.392295835998769e-09
617 4.6223963396271555e-07
618 2.817254116740735e-07
619 2.2153240956602768e-07
620 4.925718776842935e-07
621 1.1581030022733022e-07
622 1.7596388714172332e-07
623 2.1532253268470273e-07
624 1.403551370207564e-07
625 2.937139746339096e-07
626 1.4558564282176745e-07
627 3.5109986690802535e-08
628 2.5261580074306045e-07
629 3.8859849906134544e-07
630 1.5125576077988467e-07
631 4.1217627645549834e-07
632 2.490740923732051e-07
633 3.0529948708094565e-07
634 1.9171561409381922e-07
635 2.9403841651826307e-07
636 1.5833361341676318e-07
637 1.8104456838953567e-07
638 6.558740211794618e-08
639 2.6131958180668763e-07
640 1.3527063610879987e-07
641 2.241125539144664e-07
642 1.0629557346428287e-07
643 -2.385443110872925e-08
644 4.669106835906575e-07
645 4.841101112671877e-07
646 8.137986060754706e-08
647 6.735590206577159e-08
648 2.0884938534440628e-07
649 1.8551356562775302e-07
650 2.5735236444541234e-07
651 2.482533581890323e-07
652 2.824532845311096e-07
653 3.0963187520632756e-07
654 1.692449923018747e-07
655 -7.656833808347821e-09
656 2.583374961940172e-07
657 2.1669917130478907e-07
658 1.5357074397549332e-07
659 1.3141401670851513e-07
660 1.0464919491881419e-07
661 2.4937225904746143e-07
662 3.6093499681574377e-07
663 -6.127893697348977e-08
664 -5.301017162000938e-08
665 4.1097829999372943e-07
666 3.7024544181208305e-07
667 3.8284276018838565e-08
668 1.6457230383624203e-07
669 9.662602164156106e-08
670 1.9799662433642953e-07
671 2.0580758180490547e-07
672 4.1888815136051917e-07
673 2.402971776342353e-07
674 1.7962888285366031e-07
675 2.2397206114978893e-07
676 2.15636058281923e-07
677 1.40145057747692e-07
678 2.174077713575074e-07
679 1.6353855267304347e-07
680 2.2976487191586878e-07
681 9.343961293146866e-08
682 8.504778631071577e-08
683 2.0814895385088545e-07
684 1.409350242064173e-07
685 5.056866137483617e-08
686 2.1600165503828094e-07
687 2.142890944571419e-07
688 1.1221970005963168e-08
689 -7.674468227177108e-08
690 1.5095687565155586e-07
691 2.3082018478534328e-07
692 1.6660680442434485e-07
693 8.474313798398622e-08
694 6.476594163737493e-08
695 5.155177522382862e-07
696 1.424150282884416e-07
697 4.1886847120656095e-07
698 1.781395573676159e-07
699 -2.856240997114816e-07
700 9.287696860815814e-09
701 4.7491522151914495e-07
702 1.5255638805043407e-07
703 3.7607664999822074e-07
704 2.423516714333318e-07
705 2.5902385363111075e-07
706 3.7285469043115647e-07
707 1.465558941671427e-07
708 3.657648638241678e-07
709 2.0412717677731842e-07
710 -5.509560830708111e-08
711 2.4749204016246287e-07
712 2.1800603793809397e-07
713 3.635537698956115e-08
714 4.1215657270715865e-07
715 2.378313288221115e-07
716 4.68342008057315e-08
717 4.7488441938478787e-07
718 5.126415022562869e-07
719 1.0534528968618126e-07
720 -2.4944706858465354e-07
721 1.1894691210343568e-07
722 3.8286243449398524e-07
723 1.706574377361971e-07
724 2.307854395638135e-08
725 4.548914883259061e-07
726 1.3520229457544028e-07
727 2.8868994057111908e-08
728 3.321151470445357e-07
729 2.606655986711909e-07
730 -5.242895544328124e-09
731 2.9114608351434566e-07
732 7.713124010771456e-08
733 1.3109762333614562e-07
734 3.2245034581673406e-07
735 2.9677033993166423e-07
736 2.8092579676051516e-07
737 2.461895489210595e-07
738 3.496832476314072e-07
739 2.042431194146929e-07
740 6.288006434042381e-08
741 2.9209857577636165e-07
742 2.543821929265082e-07
743 2.668084472217541e-07
744 1.955772918014086e-07
745 3.1040035725144224e-08
746 3.6128079935925905e-08
747 2.770319925601843e-07
748 2.132317338517598e-07
749 2.6642482517618053e-07
750 2.746960137992979e-07
751 2.4855103057128864e-07
752 7.611208196856088e-08
753 5.031290728325049e-07
754 2.0321391949391617e-07
755 2.6682045238121166e-08
756 1.7627191448725865e-07
757 1.3064145071825538e-07
758 2.2119937597395872e-07
759 3.344312739008056e-07
760 2.674377890124322e-08
761 3.434660116983273e-08
762 1.8269687719785135e-07
763 1.689541251635056e-07
764 -2.679262052265463e-09
765 8.089031573679069e-08
766 1.0610843417580938e-07
767 2.454312595223139e-07
768 1.8824547506111221e-07
769 5.568228344237611e-07
770 8.579467652950263e-08
771 9.114096186722743e-08
772 3.502632480394161e-07
773 4.308811754702586e-07
774 2.0122403608279758e-07
775 3.74907052436817e-07
776 -1.057063205494283e-08
777 2.481653085869224e-07
778 2.594574764678364e-07
779 3.337622551893557e-07
780 2.0489673699898145e-07
781 1.7040333008341213e-07
782 3.1730793849681893e-07
783 4.2141668825234623e-07
784 2.7893743809857834e-07
785 -5.960477423418012e-09
786 2.2229617818609367e-07
787 2.1115937648672899e-07
788 -1.935479562182665e-07
789 2.125642861464883e-07
790 3.218617126063096e-07
791 2.6157792605625335e-07
792 2.3516064250591552e-07
793 -1.146478708562009e-07
794 1.0479271712254629e-07
795 2.756082837041879e-07
796 4.796643899969346e-07
797 3.135945672775112e-09
798 3.5047937934352355e-07
799 1.9333054012577126e-07
800 3.963351825195972e-07
801 2.6478877568599227e-07
802 6.778577673622505e-08
803 5.076297896930011e-07
804 2.2257219278736673e-07
805 4.684207000542827e-08
806 6.313101042551999e-08
807 3.7861512193508326e-07
808 1.7475215269268377e-07
809 1.586171078000688e-07
810 1.450737763022368e-07
811 1.1631714885720665e-08
812 4.5409485635775183e-07
813 7.886635163468747e-08
814 3.217144798796611e-07
815 -4.033620121873524e-08
816 2.966198181823757e-07
817 2.581764659534757e-07
818 1.7742464936993887e-07
819 1.1695621637499919e-07
820 2.3016241577515375e-07
821 3.323146077128762e-07
822 2.0871118823939162e-07
823 2.5284120369381226e-07
824 2.818400789096204e-07
825 2.362396205668707e-08
826 2.0695659558871101e-10
827 4.085642205211701e-07
828 1.8815950097305684e-07
829 4.414107394419143e-07
830 1.4643436917724004e-07
831 1.6314106750371636e-07
832 4.311853049215779e-07
833 2.9896389030014385e-07
834 2.801881270160822e-07
835 4.025005618778828e-08
836 4.792119443167554e-07
837 2.146470545170936e-07
838 2.7155651532225267e-07
839 1.3984215486125473e-07
840 1.3903572356496187e-07
841 3.890049183620473e-07
842 2.9970916655261803e-07
843 8.86892882875785e-08
844 1.1412428674021087e-07
845 1.7236054939012466e-07
846 1.6488369241712964e-07
847 -1.284710680927093e-08
848 2.0903067740664043e-07
849 2.26995283144306e-07
850 1.369457367454399e-07
851 3.378081751163838e-07
852 -2.5900574555852217e-08
853 2.974088147942332e-07
854 2.290266477652872e-07
855 -5.336132295251154e-08
856 -2.9295568981327276e-08
857 8.7319783814097e-08
858 5.016062731612408e-07
859 3.284392781243163e-07
860 4.085432516461046e-07
861 3.721264145764241e-07
862 2.016962446180763e-07
863 1.2280119858170302e-07
864 2.385237317056402e-07
865 3.836526527952923e-07
866 1.7778671881148187e-07
867 5.666744399257039e-07
868 4.348349933314009e-07
869 1.9923923105605666e-07
870 2.1110208134482747e-07
871 4.31133047344223e-07
872 3.748476981580002e-07
873 8.5611247347292e-08
874 3.214357287219879e-07
875 9.019986166218738e-08
876 -2.985016176407067e-08
877 7.824186851939948e-08
878 2.629975328700983e-07
879 1.5875643582695013e-07
880 4.65215688488146e-07
881 7.891428473762734e-08
882 2.5799356849265413e-07
883 -2.064711136860338e-08
884 1.3314611832412954e-07
885 2.4048848380067235e-07
886 5.196032932579747e-07
887 2.9109544165496403e-07
888 -4.4163331922668496e-08
889 1.2450642695702592e-07
890 4.394595252941767e-07
891 6.285204342826791e-08
892 1.4808964988575722e-07
893 3.6404184285582767e-07
894 2.2315110568665032e-07
895 5.246968213237752e-07
896 3.652786046413153e-07
897 1.473566495102688e-07
898 -2.8154680608504406e-08
899 3.8032843447816884e-07
900 2.7754929945103916e-07
901 1.1026760120760185e-07
902 3.7753006909937706e-08
903 9.711296912301122e-08
904 6.153663772916468e-07
905 1.5532309088357745e-07
906 4.613595597662516e-07
907 -2.1282278661316767e-07
908 4.2495318477719826e-08
909 4.253495113680277e-07
910 1.4792600646977026e-07
911 4.204614624436638e-07
912 1.286838787661001e-07
913 3.951819445159087e-07
914 2.162129350422097e-07
915 2.0203291545425303e-07
916 6.636107035701867e-08
917 3.66554913994569e-07
918 3.188124839554804e-07
919 1.5264659000307947e-07
920 1.0137015527790641e-07
921 3.8846981467960545e-07
922 3.379182956641643e-07
923 1.8730590484878818e-07
924 2.0618330098114557e-07
925 3.4095093235419597e-07
926 5.193019775612437e-08
927 3.1785596541683676e-07
928 4.06648973045252e-07
929 1.7116868483239175e-07
930 3.2052718474997004e-07
931 4.1263869823003023e-07
932 2.676589908002516e-07
933 2.672694676844076e-07
934 3.1332157605162105e-07
935 2.3438453444856384e-07
936 2.9533666568162363e-07
937 4.998491307246951e-07
938 2.669881058406037e-07
939 3.34788954658387e-07
940 4.038750834159795e-07
941 5.36405574858586e-07
942 1.7080075673245428e-07
943 2.2422871535394558e-08
944 1.1699725952824802e-07
945 1.533258820753179e-07
946 4.962581190459502e-07
947 3.8095803754948527e-07
948 3.2840205527722236e-08
949 4.888756805866015e-08
950 2.0026943655652756e-07
951 3.7216929080598244e-07
952 -1.8470509890569553e-08
953 4.4864573373632195e-07
954 -1.2355570161804365e-07
955 1.71789626180285e-07
956 1.7153634273424027e-07
957 1.7410670627892213e-07
958 1.8546443637342257e-07
959 3.4039137651427733e-07
960 3.9828102261302124e-07
961 3.8689316984654956e-07
962 7.443530202498304e-08
963 3.9429975748625705e-07
964 4.6641336750235625e-08
965 8.258625525663835e-08
966 2.6565265625285135e-07
967 4.2638946830852135e-07
968 3.333962579259085e-07
969 4.5929123335045646e-08
970 2.3220234728723366e-07
971 1.797234286125461e-07
972 7.314524448431285e-08
973 3.410993143897592e-07
974 2.5488821619434145e-07
975 3.5761756902631347e-07
976 4.0047151294806557e-07
977 2.896069895857789e-07
978 1.8781219563812152e-07
979 1.8265034411889533e-07
980 6.371465187640645e-08
981 4.054159990900051e-07
982 4.163868546432023e-07
983 4.4497695136198473e-07
984 -8.153737634636156e-08
985 -1.5343415541440857e-07
986 1.5210711559436982e-07
987 2.3216210526300357e-07
988 9.201665871561514e-08
989 4.0077779360101245e-07
990 -4.877736663742511e-09
991 4.3143877656403793e-07
992 2.5334967942818715e-07
993 6.10606289505675e-08
994 6.513735453169434e-08
995 1.9086737242851996e-07
996 -5.554634258460351e-08
997 -9.352351293625306e-08
998 2.862821029434643e-07
999 1.961187966298359e-07
