0 2.725451591263251e-07
1 3.8798952947507e-07
2 4.3568262313555797e-07
3 5.661121695246297e-07
4 5.000118743811365e-07
5 4.7985478091081e-07
6 2.4273585568839973e-07
7 6.012367761950998e-07
8 5.394516313353533e-07
9 5.666071108882721e-07
10 4.448235556191595e-07
11 3.04393437963457e-07
12 5.643790574884364e-07
13 3.1329759577264253e-07
14 2.4762066445037125e-07
15 2.740422164010786e-07
16 4.294200875411988e-07
17 5.448204366089955e-07
18 7.108473064848316e-07
19 5.838484175263291e-07
20 3.837809541157798e-07
21 6.773223338847231e-07
22 6.209885350280278e-07
23 6.698844819660793e-07
24 5.895430559481698e-07
25 3.004908288705975e-07
26 4.885821214869564e-07
27 5.270383999116929e-07
28 2.81421924269874e-07
29 5.522959275299634e-07
30 4.2429148021542067e-07
31 5.439182762246075e-07
32 3.2999184047482667e-07
33 4.3757745507387256e-07
34 5.429350119000322e-07
35 5.528170739866722e-07
36 4.309561492494273e-07
37 4.899699355772364e-07
38 4.616899497898432e-07
39 5.346654722251294e-07
40 4.973115388588626e-07
41 5.395565011916231e-07
42 2.3080033639358008e-07
43 6.056601614548333e-07
44 3.7205031078085e-07
45 5.113634364740754e-07
46 5.059914400611581e-07
47 5.392947282872305e-07
48 3.5778339134101857e-07
49 5.936930545569268e-07
50 4.618024862146776e-07
51 4.078289410227392e-07
52 4.361945654272878e-07
53 4.776621435199476e-07
54 5.254047058500446e-07
55 3.4985073785820086e-07
56 4.6362908251286086e-07
57 5.380716194274282e-07
58 7.511360162037957e-07
59 5.21145067630211e-07
60 4.798887828341599e-07
61 2.5641932510620396e-07
62 2.3645027312070793e-07
63 4.183533874774508e-07
64 4.368649205091829e-07
65 5.933247986271735e-07
66 2.435912943331178e-07
67 5.840010231462366e-07
68 3.9725154550512744e-07
69 2.6395272191186803e-07
70 3.1493904086537984e-07
71 4.44564838552742e-07
72 4.431865946655778e-07
73 5.863822926587709e-07
74 3.531971231431584e-07
75 4.263144153250633e-07
76 5.791860245610231e-07
77 4.5790003903839757e-07
78 6.428345431920935e-07
79 5.160870398392855e-07
80 2.4947595244874325e-07
81 3.347312492003297e-07
82 4.32156670147255e-07
83 7.19895287969343e-07
84 3.856820374030594e-07
85 4.624689217778326e-07
86 3.5042853600460434e-07
87 3.6193540939919354e-07
88 5.409959090355956e-07
89 6.912710741453223e-07
90 6.807932939160561e-07
91 6.383143276320083e-07
92 6.067380597370773e-07
93 5.106835990019449e-07
94 4.03992698447236e-07
95 5.544493718388281e-07
96 5.207434408626106e-07
97 5.71813738330178e-07
98 2.93336943760654e-07
99 3.93636062210574e-07
100 3.0393641146109325e-07
101 4.823917758408723e-07
102 5.850620616974432e-07
103 4.80088764888044e-07
104 6.268297855736187e-07
105 4.7141928643805916e-07
106 5.482504844594967e-07
107 5.800578778820357e-07
108 5.646791346491302e-07
109 2.759843510025825e-07
110 4.5310509490426146e-07
111 5.011416796425586e-07
112 5.559505711870615e-07
113 3.9524670544722234e-07
114 5.800650051570685e-07
115 4.4721726936352864e-07
116 6.870635284704804e-07
117 4.988170100556513e-07
118 4.1790463521908167e-07
119 4.2075086078571523e-07
120 3.4283515874735393e-07
121 4.34302884875021e-07
122 3.8678480830010726e-07
123 3.5575591410823e-07
124 4.7552689140435603e-07
125 5.265220458442685e-07
126 4.5029011780311576e-07
127 4.963696703780591e-07
128 6.84884707700647e-07
129 6.346859535826162e-07
130 5.703949697451122e-07
131 4.505025300047509e-07
132 3.2455985439539603e-07
133 5.922578770595509e-07
134 2.7053625252863056e-07
135 5.802231336860013e-07
136 2.453492835844327e-07
137 5.358527456593018e-07
138 5.156088768526815e-07
139 4.5431950825997995e-07
140 5.249609268243628e-07
141 2.954182921918917e-07
142 3.802285335469633e-07
143 5.418491329999607e-07
144 4.611348744636255e-07
145 3.5046452794605527e-07
146 4.2852268039461434e-07
147 4.007644002280581e-07
148 3.446697379162568e-07
149 4.4078711924458245e-07
150 5.48377249482434e-07
151 4.6525912011644306e-07
152 5.591400676488712e-07
153 6.405616424416969e-07
154 5.833274655284605e-07
155 6.611818205524322e-07
156 6.326440911327558e-07
157 5.944842445493238e-07
158 4.1142057916606806e-07
159 5.714296856968684e-07
160 4.996667193466735e-07
161 5.119163561587623e-07
162 5.614393463167521e-07
163 5.724735919924768e-07
164 7.743953375571287e-07
165 5.535308552921636e-07
166 4.709366214172512e-07
167 6.814640851295387e-07
168 4.896227384067221e-07
169 5.837244572901939e-07
170 3.338645243460627e-07
171 6.28432205343456e-07
172 5.301119208164963e-07
173 3.2024299439188887e-07
174 7.005722766646848e-07
175 4.717615161661646e-07
176 4.347414404728181e-07
177 4.587998767526891e-07
178 4.108856189166011e-07
179 5.027622713769203e-07
180 4.391815565748224e-07
181 4.46030467553476e-07
182 3.929813346015233e-07
183 5.074162213067481e-07
184 3.185188309928797e-07
185 7.186944568279501e-07
186 4.0526088497147145e-07
187 2.7909229352198257e-07
188 4.907513988316538e-07
189 4.3719146078841426e-07
190 5.202200978060376e-07
191 7.56201209731758e-07
192 5.100420019072302e-07
193 4.6438618971133714e-07
194 6.416237072571842e-07
195 5.012249648504882e-07
196 3.1717329573486055e-07
197 7.623537772549354e-07
198 4.095023532154484e-07
199 5.311373808270483e-07
200 3.05110778248296e-07
201 5.976630587691029e-07
202 5.451898118086862e-07
203 4.1632059476400455e-07
204 3.287630987464269e-07
205 5.793236251988682e-07
206 4.631145616942334e-07
207 4.2101336259123466e-07
208 2.5136035119987156e-07
209 5.334704464871272e-07
210 5.720825349314196e-07
211 3.9011328043800823e-07
212 5.692437775073958e-07
213 4.0926337309911583e-07
214 2.401569818695923e-07
215 6.097032524676198e-07
216 4.91222360207444e-07
217 4.772051760040362e-07
218 4.765700486376886e-07
219 3.49235942704892e-07
220 5.182764440536568e-07
221 5.180616053802746e-07
222 5.381263864093165e-07
223 5.352418299072188e-07
224 3.856738049448161e-07
225 6.418423477025498e-07
226 6.056359775844951e-07
227 6.195580733610032e-07
228 6.543663019666887e-07
229 3.871962054031039e-07
230 3.129884614306386e-07
231 6.045383738264509e-07
232 6.566481629159885e-07
233 6.19226194744651e-07
234 5.808215179116895e-07
235 4.64910311239344e-07
236 4.93087421718397e-07
237 5.147357911918832e-07
238 5.462388386009342e-07
239 6.697359654907577e-07
240 5.53106806238237e-07
241 3.4457862249861427e-07
242 5.4936660794839e-07
243 5.798076486067343e-07
244 5.172484061590505e-07
245 2.474539989819508e-07
246 2.780500350998224e-07
247 5.992469982207105e-07
248 4.3718729584633213e-07
249 6.30022068326452e-07
250 5.754797171891324e-07
251 4.608700631349642e-07
252 6.717709775814233e-07
253 5.513928371685527e-07
254 3.3623638788729626e-07
255 5.164822608769893e-07
256 5.763633282975849e-07
257 4.782617696484564e-07
258 6.181190642572849e-07
259 4.1324553245008585e-07
260 2.7256938965664844e-07
261 5.137791887926309e-07
262 5.240246287355616e-07
263 4.846210477806661e-07
264 4.5962550242880904e-07
265 5.656413316179922e-07
266 4.372076831282481e-07
267 4.0098887563159413e-07
268 6.099078952611815e-07
269 5.117265688422088e-07
270 4.557408588064032e-07
271 4.1327220965285135e-07
272 7.220265387760972e-07
273 4.2008164222570137e-07
274 3.73081370350301e-07
275 3.2501453186169656e-07
276 6.366366591150379e-07
277 5.02119201268537e-07
278 6.361676973343013e-07
279 4.894728837575542e-07
280 4.1327840631678635e-07
281 3.9679684023180706e-07
282 4.263922485924636e-07
283 4.6442283620768564e-07
284 5.775488632992142e-07
285 6.012744075241683e-07
286 3.609122609464768e-07
287 4.711652548447587e-07
288 6.392436630842942e-07
289 2.7056418065171644e-07
290 5.55516431919827e-07
291 4.0696933505149375e-07
292 4.7014529823484375e-07
293 5.794962382109494e-07
294 5.111899844216567e-07
295 4.725010726082996e-07
296 5.542211690235949e-07
297 2.6115655848651423e-07
298 5.413695524487925e-07
299 4.123173868277274e-07
300 6.370178303959952e-07
301 8.8380631219885e-07
302 6.119493736546906e-07
303 4.7099124151023545e-07
304 4.6803368406476516e-07
305 6.449259235136422e-07
306 3.617205713326911e-07
307 6.145398079660722e-07
308 4.38157814034829e-07
309 6.444797166347027e-07
310 7.849519650660429e-07
311 4.578574071343311e-07
312 3.924929976873607e-07
313 5.086385217501251e-07
314 6.306105391883921e-07
315 3.4698352478546554e-07
316 6.058883503675939e-07
317 5.516507305710256e-07
318 4.304395918807638e-07
319 2.341031101805721e-07
320 6.69140796609756e-07
321 5.351686924421712e-07
322 7.246630815409384e-07
323 4.1500017497242076e-07
324 4.247731666440029e-07
325 2.9236608903744925e-07
326 3.49696525754461e-07
327 4.402549623920592e-07
328 3.580666234724618e-07
329 8.214685998449016e-07
330 4.618596824033831e-07
331 7.177548496067618e-07
332 4.877859952152469e-07
333 4.420439421860656e-07
334 5.224625457186727e-07
335 6.929583654293381e-07
336 3.4466312846107056e-07
337 3.977808832899227e-07
338 4.898150987800938e-07
339 3.857491901877045e-07
340 6.212447658105611e-07
341 6.610295948784839e-07
342 8.97149029393248e-07
343 5.994832423785665e-07
344 3.9818142796852354e-07
345 4.038424281278028e-07
346 5.69946250976323e-07
347 5.761758723183013e-07
348 8.288950885127298e-07
349 4.342166334228775e-07
350 3.6386613133984887e-07
351 4.150965727598264e-07
352 4.886804526997194e-07
353 4.910001507730572e-07
354 5.800142265302876e-07
355 5.69034651129268e-07
356 4.3335108211030995e-07
357 7.083867388665427e-07
358 5.376390453803417e-07
359 6.110899864388349e-07
360 4.7516370305107965e-07
361 3.8814062084116614e-07
362 6.590689994510377e-07
363 4.825897004403627e-07
364 5.623307961924225e-07
365 5.977452470623245e-07
366 4.53220433118738e-07
367 4.2426801165272874e-07
368 5.255524478328185e-07
369 4.592099249152586e-07
370 4.903020234060292e-07
371 4.0461111367939606e-07
372 5.149503129042526e-07
373 4.565309024390921e-07
374 7.946246938116343e-07
375 4.924339056533315e-07
376 5.780169135750667e-07
377 3.8444965690640223e-07
378 5.992144838967622e-07
379 6.915477888367563e-07
380 6.429546623862091e-07
381 6.443372846384512e-07
382 5.683234122470623e-07
383 3.3401966589397834e-07
384 4.997253060064095e-07
385 3.999875049646609e-07
386 3.2795394660961384e-07
387 5.284245158247582e-07
388 5.78113424458746e-07
389 4.2713773317409474e-07
390 4.484466965837543e-07
391 6.431103986173314e-07
392 5.794996499212873e-07
393 3.849896531385294e-07
394 4.884615885350644e-07
395 3.782873606719657e-07
396 4.0377992466151163e-07
397 4.033014958971017e-07
398 4.6526514411261303e-07
399 4.0764971499332104e-07
400 4.0126209446802764e-07
401 3.412451143945513e-07
402 4.90876736991494e-07
403 4.007196769939398e-07
404 4.5440951397674184e-07
405 7.16245133149898e-07
406 5.964072346972011e-07
407 4.887675475121161e-07
408 5.632911563425216e-07
409 4.0828778729241195e-07
410 2.9608437293148496e-07
411 5.507037501867204e-07
412 6.119407921474915e-07
413 4.3263229751695326e-07
414 4.761410209520738e-07
415 4.994717538154179e-07
416 4.4120403375483577e-07
417 3.644254221999147e-07
418 3.331059613830832e-07
419 2.654117752413266e-07
420 7.233121962718921e-07
421 5.083525010498566e-07
422 6.242534221306117e-07
423 2.911104103707206e-07
424 4.7453049657213343e-07
425 5.14090200215183e-07
426 4.485497252129547e-07
427 5.303790046840378e-07
428 4.890720726422574e-07
429 6.148607208567071e-07
430 4.2444492580276206e-07
431 6.184238593119292e-07
432 6.254875426494365e-07
433 4.894484182204215e-07
434 4.223254391200384e-07
435 3.7004915473371906e-07
436 6.883161536477552e-07
437 1.7548988671540067e-07
438 6.79147354677891e-07
439 5.675681096222491e-07
440 1.7534470039555354e-07
441 5.376874289108599e-07
442 3.753535923626077e-07
443 4.508265465206168e-07
444 5.127189916113967e-07
445 6.983969455372267e-07
446 3.7758992633411435e-07
447 5.541208954791646e-07
448 4.775108165322199e-07
449 5.234276908642504e-07
450 6.735504385397458e-07
451 4.0153964273935786e-07
452 2.8953832412150893e-07
453 4.4385959450480243e-07
454 4.434478482701607e-07
455 5.324718819264388e-07
456 4.1627038129203003e-07
457 4.2671572595706507e-07
458 4.722554177585824e-07
459 4.679408198340592e-07
460 3.7986209702456713e-07
461 6.420337116496834e-07
462 3.2278747872307947e-07
463 2.6629280776975115e-07
464 3.865351741629937e-07
465 4.924372988236809e-07
466 5.015186814849981e-07
467 3.9136563361326205e-07
468 4.3752732391017656e-07
469 4.1392137297834486e-07
470 3.3165451075651576e-07
471 4.854285976222797e-07
472 4.451725323219356e-07
473 7.556915903441045e-07
474 5.059826972109196e-07
475 4.113884856882515e-07
476 5.561936416412658e-07
477 5.701024861520154e-07
478 4.930312670308276e-07
479 4.211299774180808e-07
480 3.915812135704519e-07
481 4.505862871321624e-07
482 4.03515402695784e-07
483 4.597994216566657e-07
484 4.896765007830527e-07
485 4.82267141258442e-07
486 5.665223755099534e-07
487 4.2688528913920694e-07
488 3.762973841881875e-07
489 5.335459139380543e-07
490 4.590162208700514e-07
491 6.077414422582908e-07
492 5.992468801233988e-07
493 5.131042239615776e-07
494 6.20271217315963e-07
495 3.938473409484946e-07
496 6.059846663739837e-07
497 5.439626573297178e-07
498 5.233718776401522e-07
499 2.2907068665912255e-07
500 5.532570928655596e-07
501 6.678283542890629e-07
502 4.862348984902611e-07
503 4.7206317964199904e-07
504 5.056252232701454e-07
505 3.527653647585312e-07
506 5.110793365739282e-07
507 2.2503526339789617e-07
508 5.173289621412897e-07
509 2.0523733281167754e-07
510 5.122880944142848e-07
511 6.187605629927703e-07
512 4.253445243559169e-07
513 3.6269124204951927e-07
514 6.552133550817717e-07
515 5.745429306067679e-07
516 3.64284565524698e-07
517 6.743133552684086e-07
518 5.172070774014641e-07
519 6.060753202863125e-07
520 5.427754233353235e-07
521 4.6787960348575775e-07
522 5.905688904921683e-07
523 4.721452920375888e-07
524 4.318958584304826e-07
525 5.014693700360658e-07
526 7.263194084647097e-07
527 4.173055605746242e-07
528 3.031671479353417e-07
529 6.656831224792509e-07
530 6.089899098432471e-07
531 6.470856600453195e-07
532 6.331518726664433e-07
533 3.247702400551276e-07
534 3.8937246794270384e-07
535 4.379356249754725e-07
536 5.118043565789112e-07
537 2.154627907353156e-07
538 3.398271537703884e-07
539 8.367470860288344e-07
540 5.765300711960799e-07
541 5.557626627686912e-07
542 6.117021552318432e-07
543 5.333480464864858e-07
544 4.1623797241651133e-07
545 4.960686146112629e-07
546 4.792391966719019e-07
547 6.424485811214067e-07
548 4.417345184686612e-07
549 3.9331158424225105e-07
550 5.75246613121579e-07
551 4.268306551619744e-07
552 2.9687815084780646e-07
553 3.433270547937109e-07
554 6.34153601181577e-07
555 4.437860453758341e-07
556 5.960451863357427e-07
557 5.603667209786469e-07
558 5.226718265267748e-07
559 4.1496458851703576e-07
560 4.936749527369392e-07
561 4.832212888339331e-07
562 2.903637431923451e-07
563 6.689459764204363e-07
564 3.3486161749373647e-07
565 5.534018996132744e-07
566 2.853282481016286e-07
567 6.844143651584275e-07
568 4.529767449825024e-07
569 6.099360312624371e-07
570 6.509157166712343e-07
571 5.916990933970722e-07
572 6.964774901274311e-07
573 5.206921443495353e-07
574 7.19185784793351e-07
575 4.69612052326512e-07
576 4.3853792994554596e-07
577 5.86339440990693e-07
578 3.820220461663555e-07
579 4.886456195555899e-07
580 6.312952161620649e-07
581 4.48710666037741e-07
582 5.504361789203999e-07
583 3.9945609034566187e-07
584 3.3203672317805726e-07
585 5.097212521734519e-07
586 5.657246642591779e-07
587 7.027238647533008e-07
588 3.447184042236268e-07
589 5.392289384772218e-07
590 4.805296993391268e-07
591 6.234140992859362e-07
592 5.681068553006065e-07
593 5.433495715933143e-07
594 6.53354600841004e-07
595 3.4656973159287345e-07
596 4.3767949697702414e-07
597 5.01574073883686e-07
598 3.0970742764120746e-07
599 5.526427631853838e-07
600 4.2457089712896174e-07
601 4.866699021064551e-07
602 4.622154416517938e-07
603 3.1032150825858964e-07
604 3.0280545587371605e-07
605 4.320961861284106e-07
606 4.885806294234921e-07
607 4.41766648590731e-07
608 5.791653385567343e-07
609 5.117778628939597e-07
610 5.756475419751861e-07
611 3.537861484325802e-07
612 4.47041158854013e-07
613 5.010876728836285e-07
614 4.467134682189378e-07
615 4.0868116751525996e-07
616 2.452490731141163e-07
617 6.5473185576155e-07
618 5.000143119312069e-07
619 4.788046187672324e-07
620 8.860323887032004e-07
621 4.311998689962309e-07
622 4.51558501979322e-07
623 5.94519085356691e-07
624 5.148406360045176e-07
625 4.554354445415757e-07
626 3.3454471217422655e-07
627 5.164643081497465e-07
628 4.905000190439434e-07
629 5.113300871330319e-07
630 4.269601345744673e-07
631 4.2182144019531006e-07
632 3.831579314546533e-07
633 5.66417001188794e-07
634 6.547574458918581e-07
635 2.274995354026007e-07
636 3.3435074106562034e-07
637 3.869601868903398e-07
638 4.0659005642164435e-07
639 6.638387810080921e-07
640 2.4663598226173517e-07
641 5.559556236413958e-07
642 3.176259528653305e-07
643 3.711840007801216e-07
644 5.266780024835748e-07
645 8.778200528765063e-07
646 2.853284505010934e-07
647 4.367851575150823e-07
648 4.1621346077911456e-07
649 2.404812086791415e-07
650 6.440197236266741e-07
651 3.1910856226647485e-07
652 7.4513161998334e-07
653 5.241843372987991e-07
654 3.977802250769542e-07
655 2.183042859982832e-07
656 5.310665235964389e-07
657 2.374129425026916e-07
658 4.166442733832053e-07
659 2.8398473313098623e-07
660 6.686880353536667e-07
661 5.052693184702329e-07
662 6.337180589253462e-07
663 2.942371372236828e-07
664 5.009714821560687e-07
665 6.266201156421172e-07
666 5.567634532657126e-07
667 3.6360163772663765e-07
668 4.647784687349395e-07
669 3.820405857347268e-07
670 5.436562358590726e-07
671 6.42974269085683e-07
672 6.061675123875871e-07
673 5.408681612510568e-07
674 5.482904747658205e-07
675 5.801943788171154e-07
676 4.5636040688321257e-07
677 4.502570102967569e-07
678 4.783131877806352e-07
679 5.888140760049875e-07
680 6.296005305106904e-07
681 5.619486712942682e-07
682 2.523749865693898e-07
683 5.146261291580142e-07
684 5.127476610117594e-07
685 6.342692111321463e-07
686 3.885255813861846e-07
687 4.055958687049643e-07
688 3.8872887495378155e-07
689 3.3322996522697376e-07
690 3.754490432798006e-07
691 1.023818939977272e-07
692 5.83112882892266e-07
693 2.729750084398241e-07
694 2.7455742795242394e-07
695 4.958257748833877e-07
696 3.271044805498342e-07
697 5.386283418495353e-07
698 5.027539867307783e-07
699 2.895580513060658e-07
700 3.591150240085279e-07
701 4.882425120646461e-07
702 6.25976450169191e-07
703 5.871672915714924e-07
704 6.559786102158074e-07
705 3.2456861324318655e-07
706 6.300280079963208e-07
707 4.5355424230618655e-07
708 5.3977974149728e-07
709 4.657796635712164e-07
710 4.5236853471507474e-07
711 4.3425490849692075e-07
712 3.811723160821657e-07
713 3.522543410138055e-07
714 4.870833275651288e-07
715 5.455927392272144e-07
716 2.64592844851995e-07
717 4.6508210990782636e-07
718 7.874547871052492e-07
719 3.350726761729311e-07
720 4.1150781062574284e-07
721 5.340119007919304e-07
722 6.385233398523299e-07
723 6.658079268535131e-07
724 4.175762594383763e-07
725 7.508355322381318e-07
726 3.1677034844813897e-07
727 3.6860052669764064e-07
728 5.538611888590823e-07
729 6.002050381916068e-07
730 6.797987083720709e-07
731 4.727671774056527e-07
732 4.934252729588597e-07
733 3.763251770992054e-07
734 5.896697466027621e-07
735 5.397312033709353e-07
736 4.484921466676402e-07
737 5.367677823399719e-07
738 6.256393719069449e-07
739 2.4712541039443205e-07
740 3.958781588903926e-07
741 6.350209120382469e-07
742 5.767686132120416e-07
743 4.830286528475526e-07
744 4.5559353682543375e-07
745 1.729062275794158e-07
746 3.99636734684736e-07
747 5.024315162003245e-07
748 6.067397646962208e-07
749 4.2567406131084054e-07
750 4.793990771621053e-07
751 5.993715087866319e-07
752 4.967540021456805e-07
753 4.600057974762297e-07
754 3.6148556542240114e-07
755 4.915286887091742e-07
756 3.2499002569182124e-07
757 4.3824032606752965e-07
758 7.049821209543116e-07
759 6.04779615753992e-07
760 2.965221790783446e-07
761 4.0188275461707296e-07
762 4.3625018103964583e-07
763 4.807882845058961e-07
764 3.1873647715920544e-07
765 5.913340676692498e-07
766 6.254105320805562e-07
767 4.454520549419343e-07
768 5.281512984963933e-07
769 6.014641109067516e-07
770 4.819040156534919e-07
771 2.5213280854310624e-07
772 5.492647444961531e-07
773 4.3381320301306576e-07
774 5.362767107395742e-07
775 5.328793967780664e-07
776 3.039839726165755e-07
777 5.338547460035471e-07
778 5.221944691109201e-07
779 4.876083954809818e-07
780 4.874781999836038e-07
781 5.09702638891028e-07
782 6.478431041944693e-07
783 5.095593692396978e-07
784 4.3193758880385176e-07
785 3.71602531259908e-07
786 4.366144816590761e-07
787 6.065481597353897e-07
788 3.579460098673737e-07
789 3.2085938407034145e-07
790 5.139124532088045e-07
791 4.398351061583754e-07
792 3.8983629887430224e-07
793 2.99515512467361e-07
794 4.31879688500713e-07
795 5.399483059476774e-07
796 5.817914487380646e-07
797 3.3823028592918456e-07
798 6.050789566215787e-07
799 5.619269562693468e-07
800 6.012274047937992e-07
801 4.127058611312214e-07
802 3.507447306287236e-07
803 5.452539479100426e-07
804 5.079197509526388e-07
805 3.1390830129746655e-07
806 4.2435031397142337e-07
807 4.754550745637362e-07
808 4.0124750172719897e-07
809 4.037740115257993e-07
810 5.959213323033159e-07
811 4.809162932689633e-07
812 5.660873361615128e-07
813 4.564348361056826e-07
814 6.434005410172408e-07
815 3.8764625771518415e-07
816 5.952034391521249e-07
817 2.844657062338466e-07
818 2.993925661068922e-07
819 4.39706918137071e-07
820 4.5004525396747857e-07
821 4.805700591157316e-07
822 5.153454801533862e-07
823 3.5350087106747355e-07
824 4.221929284957798e-07
825 5.366482840694839e-07
826 4.6108250499124907e-07
827 6.933111080187379e-07
828 3.927921014809528e-07
829 6.743691491264633e-07
830 4.471909643612464e-07
831 5.256026578037707e-07
832 7.051123929860504e-07
833 4.287338047580622e-07
834 3.4547690725649354e-07
835 4.1144752315401606e-07
836 5.451219108869263e-07
837 4.207198390611091e-07
838 6.18813149927902e-07
839 4.40622278146356e-07
840 5.296589999610114e-07
841 5.880024487969993e-07
842 6.088332592686553e-07
843 5.50155794747924e-07
844 4.769190353301922e-07
845 3.534568725504825e-07
846 5.901507156845733e-07
847 3.8929112866859675e-07
848 4.3292886454897884e-07
849 5.645851405932816e-07
850 5.593518269265087e-07
851 5.81273684496627e-07
852 3.8462642977668584e-07
853 7.239319353951045e-07
854 4.609989619225649e-07
855 4.2208123387380015e-07
856 3.423700492808185e-07
857 3.463941094163183e-07
858 4.6432278489471244e-07
859 3.053351320084116e-07
860 4.170481787970548e-07
861 5.392824855323454e-07
862 3.6591826633733457e-07
863 5.937562447590714e-07
864 5.267407707491589e-07
865 5.605992700417675e-07
866 4.7435753934859227e-07
867 6.560033485865098e-07
868 5.17606314256633e-07
869 5.419920017920951e-07
870 4.183929982652883e-07
871 4.361104232685394e-07
872 4.98906903203507e-07
873 2.034931374136374e-07
874 4.7130961694563916e-07
875 2.74117140493695e-07
876 1.8996318263681177e-07
877 2.8857036227246274e-07
878 4.7572216753559873e-07
879 3.4863950309760575e-07
880 5.786833500851355e-07
881 3.1852464733468505e-07
882 3.6145660624198236e-07
883 5.740169094973294e-07
884 3.270965597089445e-07
885 4.508566337314662e-07
886 5.321111678009149e-07
887 3.5706421815659807e-07
888 2.468767917967924e-07
889 2.3531055488789787e-07
890 6.604716564007689e-07
891 2.494221090898191e-07
892 2.8285765811338913e-07
893 4.817462896500414e-07
894 5.621276703855372e-07
895 6.209897978528619e-07
896 7.041329192628211e-07
897 4.968222449178006e-07
898 3.2327092492191545e-07
899 6.126391227470079e-07
900 4.548929942884256e-07
901 4.7197499767464706e-07
902 2.7092625614222147e-07
903 3.4764567580179287e-07
904 7.786213225501637e-07
905 5.567167402702499e-07
906 4.670624190189242e-07
907 4.278043535870495e-07
908 2.919315335405052e-07
909 6.639735382505008e-07
910 5.32546290426665e-07
911 8.034711485215696e-07
912 4.5217382375185244e-07
913 7.194013993494308e-07
914 5.319404694136818e-07
915 7.659545008057539e-07
916 5.993836645568394e-07
917 6.277868079494898e-07
918 4.4649947632623663e-07
919 6.202758618135006e-07
920 4.412709949866928e-07
921 5.188943311596991e-07
922 5.421399400732173e-07
923 3.0066910599211337e-07
924 5.495037116924303e-07
925 5.873600796205071e-07
926 5.237846815502892e-07
927 5.141105363544208e-07
928 4.073238291749315e-07
929 3.65949173866308e-07
930 3.304389393086296e-07
931 5.303985876452956e-07
932 5.189295547189208e-07
933 7.387396953038358e-07
934 5.14419898290577e-07
935 3.881801586046309e-07
936 5.392518743812043e-07
937 5.172775370042931e-07
938 3.9642510884592714e-07
939 4.6892363961940233e-07
940 5.138841761627814e-07
941 6.095260629881781e-07
942 5.009869944634379e-07
943 4.6777134800739235e-07
944 5.257658055106867e-07
945 4.490839528090803e-07
946 5.007830487140838e-07
947 7.09506484069581e-07
948 5.332659317744813e-07
949 4.05108245399507e-07
950 5.27014999074908e-07
951 6.271949057475078e-07
952 4.0942331243633464e-07
953 5.397946096522286e-07
954 4.31355971067631e-07
955 3.77926188180723e-07
956 4.941665857972409e-07
957 3.972988534396892e-07
958 5.185402136524151e-07
959 5.660023956026347e-07
960 6.177904778073592e-07
961 6.217296063470916e-07
962 2.425951877756062e-07
963 4.937427311461899e-07
964 5.299249360703959e-07
965 4.860739816317876e-07
966 3.672156562444236e-07
967 5.651284000959786e-07
968 3.906528067416253e-07
969 3.1584620729530164e-07
970 5.00870937182583e-07
971 4.1438729069282876e-07
972 5.253361593080914e-07
973 3.77525309786516e-07
974 3.9709859030311015e-07
975 6.948351961034561e-07
976 3.5001723950833184e-07
977 5.77513744161587e-07
978 6.191297468131864e-07
979 5.384899415593952e-07
980 5.147221322457443e-07
981 7.144923500333644e-07
982 6.452934698962383e-07
983 4.870017007405588e-07
984 3.116334481510845e-07
985 1.7796452030349148e-07
986 6.69974654109113e-07
987 4.976411160283774e-07
988 4.750241733468122e-07
989 5.807259396138749e-07
990 3.931712757004489e-07
991 6.261134873904448e-07
992 5.458847346816041e-07
993 4.6900555079102183e-07
994 3.2000507783465436e-07
995 3.5343593402643933e-07
996 4.165534074821599e-07
997 4.15622694067968e-07
998 3.6874892419794994e-07
999 4.588096813682904e-07
