0 1.5544967333428239e-06
1 1.547293580634688e-06
2 1.2988968145554946e-06
3 1.1215158459160547e-06
4 1.4167356928830981e-06
5 1.3429420841564509e-06
6 1.3986181117327815e-06
7 1.1758756888202696e-06
8 1.1712921224204342e-06
9 1.3238418892541592e-06
10 1.2891681072632436e-06
11 1.3342399415660518e-06
12 1.2237792866888117e-06
13 1.28012261386292e-06
14 1.3519159208277103e-06
15 1.3790664318547883e-06
16 1.4818658937103748e-06
17 1.241502882955369e-06
18 1.0844595759562534e-06
19 1.1935829105304374e-06
20 1.2662085419262168e-06
21 1.2611134144438792e-06
22 1.132634821058931e-06
23 1.2158292983956485e-06
24 1.1814521733467728e-06
25 1.3112969775862842e-06
26 1.3087202366588305e-06
27 1.223532766333154e-06
28 1.2880345539086572e-06
29 1.1434377890612497e-06
30 1.3559310148833377e-06
31 1.2749225476983223e-06
32 1.4639850666766469e-06
33 1.3085152425169053e-06
34 1.2759633830833044e-06
35 1.2985727711171573e-06
36 1.369895725193483e-06
37 1.1638820236001208e-06
38 1.2357701549982449e-06
39 1.2737988574194083e-06
40 1.1053610519872945e-06
41 1.2547891429296198e-06
42 1.3026255333193342e-06
43 1.165599042376279e-06
44 1.2110460933226301e-06
45 1.3299717326325904e-06
46 1.1462762960253849e-06
47 1.1130470795959887e-06
48 1.338204903459487e-06
49 1.175227596469265e-06
50 1.4345838067416713e-06
51 1.1352277186068097e-06
52 1.2457817167308301e-06
53 1.156094768910012e-06
54 1.3680514140114458e-06
55 1.3472662361818983e-06
56 1.335517092573985e-06
57 1.2525469617654915e-06
58 1.1197453420063614e-06
59 1.398672224651485e-06
60 1.4662246820522153e-06
61 1.24226402425483e-06
62 1.3571867227027007e-06
63 1.3426054960444458e-06
64 1.3048906899461697e-06
65 1.0858000124658875e-06
66 1.4047629870934703e-06
67 1.3450467024133142e-06
68 1.397861293912404e-06
69 1.3741228993137824e-06
70 1.5455661171967311e-06
71 1.498637741981011e-06
72 1.1531704113365289e-06
73 1.2266710620969657e-06
74 1.4158780475205383e-06
75 1.3822788805604573e-06
76 1.266531502863733e-06
77 1.346177309974283e-06
78 1.122426463412582e-06
79 1.2819064885052327e-06
80 1.3630423768962622e-06
81 1.2308524181719197e-06
82 1.3110347474735454e-06
83 1.16298331375128e-06
84 1.4549887506064992e-06
85 1.125977278063038e-06
86 1.4047430125152294e-06
87 1.4887648207254173e-06
88 1.115167671260694e-06
89 1.2220785037001851e-06
90 1.2942463330144164e-06
91 1.1713207049285112e-06
92 1.0970623843080085e-06
93 1.2878541681428042e-06
94 1.1482172824171327e-06
95 1.27136038053294e-06
96 1.276960583993255e-06
97 1.4090577680741652e-06
98 1.2262712088524937e-06
99 1.3870887960562301e-06
100 1.4282425269089492e-06
101 1.2379649123728326e-06
102 1.299907781892276e-06
103 1.2805068082955603e-06
104 1.186748395709973e-06
105 1.325594409528386e-06
106 1.3962994733489816e-06
107 1.2378116437196686e-06
108 1.3916081728921924e-06
109 1.3676672704165656e-06
110 1.3774081064304568e-06
111 1.1798525204176167e-06
112 1.2010569741765886e-06
113 1.2906895647570124e-06
114 1.2986353156513019e-06
115 1.266907225931486e-06
116 1.1942776818119338e-06
117 1.1185986383515114e-06
118 1.276659176510184e-06
119 1.2698598583455496e-06
120 1.3842041592462195e-06
121 1.2433149284111758e-06
122 1.234989932022378e-06
123 1.331629318307687e-06
124 1.2584568532163462e-06
125 1.2489301427826604e-06
126 1.1892596789567113e-06
127 1.2963051811178746e-06
128 1.1652823682082317e-06
129 1.1320081427519635e-06
130 1.359293434697884e-06
131 1.2792529867337005e-06
132 1.4152317690212808e-06
133 1.3817927260248792e-06
134 1.2385371453089604e-06
135 1.3404590222552738e-06
136 1.378274096032053e-06
137 1.180255615330095e-06
138 1.176940353286572e-06
139 1.3037720235337972e-06
140 1.1255949404239874e-06
141 1.4233111001524552e-06
142 1.20851483549515e-06
143 1.3630607489875458e-06
144 1.3764847641597115e-06
145 1.2587519209944705e-06
146 1.2119257063504024e-06
147 1.2592856744382382e-06
148 1.3797559897135423e-06
149 1.2983732564786423e-06
150 1.1728526446080724e-06
151 1.0243893728782093e-06
152 1.1225911859978899e-06
153 1.3099081004969116e-06
154 1.1670062800427296e-06
155 1.0360641462950973e-06
156 1.3819504768627185e-06
157 1.3800521512286884e-06
158 1.208695474800501e-06
159 1.4173960962504854e-06
160 1.2519436933115536e-06
161 1.1143897111297482e-06
162 1.289158287765694e-06
163 1.2644799848758329e-06
164 1.0156533288410783e-06
165 1.3527159795321893e-06
166 1.2469370834980431e-06
167 1.2722065106007329e-06
168 1.5250302770003105e-06
169 1.3216011751877987e-06
170 1.3488802016706574e-06
171 1.2740755319353292e-06
172 1.24483685893322e-06
173 1.297436658713938e-06
174 1.362608605650667e-06
175 1.286326277490202e-06
176 1.2364880320631621e-06
177 1.4360018636922074e-06
178 1.2873668675164975e-06
179 1.3219360523789233e-06
180 1.3224713107847474e-06
181 1.2883311219452796e-06
182 1.4476899034234655e-06
183 1.2077392433939006e-06
184 1.4201307508037605e-06
185 1.1289643883247297e-06
186 1.3942204982454218e-06
187 1.5191264646634344e-06
188 1.215286724935377e-06
189 1.3044240587495094e-06
190 1.2973420732839046e-06
191 1.039154967279729e-06
192 1.2134099430008827e-06
193 1.4311121169099288e-06
194 1.2782422319600977e-06
195 1.2178935245800056e-06
196 1.2935746459863254e-06
197 9.633096478617644e-07
198 1.3305765149343717e-06
199 1.1872384897081856e-06
200 1.3623010211237404e-06
201 1.0521719833594964e-06
202 1.2180283300737665e-06
203 1.2426909911827592e-06
204 1.3558820665870387e-06
205 1.1125664671123623e-06
206 1.117998897848962e-06
207 1.307567853518781e-06
208 1.3460076348079757e-06
209 1.2563995402623271e-06
210 1.31171113221175e-06
211 1.347803687130239e-06
212 1.14926729013803e-06
213 1.4217893264659097e-06
214 1.1980049329050576e-06
215 1.2284597123077355e-06
216 1.3985823481646687e-06
217 1.3500977641342324e-06
218 1.3475466256906114e-06
219 1.2542985311705286e-06
220 1.1278476958768827e-06
221 1.2242230709308205e-06
222 1.1846424543143116e-06
223 1.3206402944591896e-06
224 1.2044941121181493e-06
225 1.2301436286920235e-06
226 1.050319552714005e-06
227 1.170098320474686e-06
228 1.1678230024442784e-06
229 1.2842507367514236e-06
230 1.2582524336557954e-06
231 1.3192960248015136e-06
232 1.0252177045612887e-06
233 1.335557657307878e-06
234 1.284852279039688e-06
235 1.1978468443891213e-06
236 1.2222301968948024e-06
237 1.0518335842730088e-06
238 1.2922936396667524e-06
239 1.2872040587867945e-06
240 1.1783606885833869e-06
241 1.3400130446539511e-06
242 1.160920164874525e-06
243 1.4093002255441357e-06
244 1.219988828065186e-06
245 1.6561783866245873e-06
246 1.4750915195131515e-06
247 1.0994871093636174e-06
248 1.2116292833682137e-06
249 1.394225363765622e-06
250 1.1856778665341941e-06
251 1.2338067563791104e-06
252 1.1201373320680004e-06
253 9.891918379362794e-07
254 1.3333360227219544e-06
255 9.591336264984574e-07
256 1.1989232205101855e-06
257 1.3318434022418957e-06
258 9.914014540166661e-07
259 1.2766714463952336e-06
260 1.5522795735576842e-06
261 1.3331618231599822e-06
262 1.4462086353776633e-06
263 1.3575659756996895e-06
264 1.3038699109449877e-06
265 1.0848319164536896e-06
266 1.4306897732218328e-06
267 1.2828841578103927e-06
268 1.1795695264827413e-06
269 1.3918637809195246e-06
270 1.3854090702685533e-06
271 1.315632154639341e-06
272 1.1964741459299628e-06
273 1.1520725913126949e-06
274 1.2254473113117782e-06
275 1.4113681156396666e-06
276 1.2866059095394306e-06
277 1.3291979178863978e-06
278 1.2151746431099015e-06
279 1.3540578048977735e-06
280 1.2628580173665036e-06
281 1.2164750491019287e-06
282 1.2076703000842367e-06
283 1.1934347795348235e-06
284 1.2181838471746868e-06
285 1.3186858711084074e-06
286 1.3972772258648766e-06
287 1.242784716767601e-06
288 1.2866692801128602e-06
289 1.3937978143269215e-06
290 1.5095315713169707e-06
291 1.123494398202085e-06
292 1.3491929854061254e-06
293 1.244469112985304e-06
294 1.2242613829168252e-06
295 1.435935655608735e-06
296 1.0423753132747598e-06
297 1.3193660366366127e-06
298 1.1839769410519078e-06
299 1.2676944913436478e-06
300 1.2716906104304125e-06
301 1.0451188803335601e-06
302 1.172811329116038e-06
303 1.1208905016831476e-06
304 1.2136448720110432e-06
305 1.277273465130737e-06
306 1.4021576366813948e-06
307 1.2070622000226176e-06
308 1.3610469646555093e-06
309 1.194495987233689e-06
310 1.3324238685115343e-06
311 1.2751872013812111e-06
312 1.520616384170455e-06
313 1.280140626038375e-06
314 1.3849630490685707e-06
315 1.3897530713065407e-06
316 1.3178407307131014e-06
317 1.1503878754514501e-06
318 1.1715587821447964e-06
319 1.3658680389477263e-06
320 1.1782923295839325e-06
321 1.1731211211924009e-06
322 1.1984909937332172e-06
323 1.2933122740335122e-06
324 1.3035201685231248e-06
325 1.369403159444368e-06
326 1.1727575747786764e-06
327 1.2115166488837703e-06
328 1.4003245082623013e-06
329 1.1507830885329981e-06
330 1.3104024543719595e-06
331 1.1495122071878637e-06
332 1.1862266856290404e-06
333 1.2503007098708893e-06
334 1.2880052546648465e-06
335 1.1294508537819803e-06
336 1.425982476704375e-06
337 1.2891412568542825e-06
338 1.2093959165226835e-06
339 1.0728093427385176e-06
340 1.4145742713045047e-06
341 1.047531433672789e-06
342 8.995255555383912e-07
343 1.14631842430608e-06
344 1.3842544454973069e-06
345 1.2661085916303907e-06
346 1.2382589954537584e-06
347 1.269745715529672e-06
348 1.1411217497653067e-06
349 1.396766567502994e-06
350 1.504871900298404e-06
351 1.290367373844175e-06
352 1.3792840862708972e-06
353 1.055617222221941e-06
354 1.1446274990372114e-06
355 1.2862899469490846e-06
356 1.2627064894316217e-06
357 1.1551107538596551e-06
358 1.1129941477645023e-06
359 1.1619435501004749e-06
360 1.3523081005546864e-06
361 1.241464409684218e-06
362 1.117981833878678e-06
363 1.3203048407155225e-06
364 1.2316755442355768e-06
365 1.064351242595772e-06
366 1.2085733217607885e-06
367 1.1970671399311307e-06
368 1.1866043798480819e-06
369 1.4001219071136158e-06
370 1.3034673293805724e-06
371 1.2507694239408934e-06
372 1.121321301422565e-06
373 1.20857661825522e-06
374 1.082269795281327e-06
375 1.3198376275368282e-06
376 1.2793254508808977e-06
377 1.3270681444884714e-06
378 1.243287068791898e-06
379 1.1473249228694734e-06
380 1.1197267469523959e-06
381 1.231948222013974e-06
382 1.1543197383652717e-06
383 1.4037280828610325e-06
384 1.2602553449139875e-06
385 1.3711339460840835e-06
386 1.4058670592412661e-06
387 1.4560300740418953e-06
388 1.3088742311175865e-06
389 1.1272929441875645e-06
390 1.2917646541132396e-06
391 1.1262331589209649e-06
392 1.23311273637618e-06
393 1.2516192103055873e-06
394 1.3859544608124127e-06
395 1.4522970606190227e-06
396 1.2232412439626246e-06
397 1.2924754574355637e-06
398 1.2152402882450103e-06
399 1.2796423658489996e-06
400 1.263556292324112e-06
401 1.0466283037772026e-06
402 1.1405494347285651e-06
403 1.3996811442328006e-06
404 1.2963813728974985e-06
405 1.0431789948914673e-06
406 1.1321846535406747e-06
407 1.4761792168474695e-06
408 1.2280397271818435e-06
409 1.4172932653226884e-06
410 1.3565601239902685e-06
411 1.1821414354263576e-06
412 1.37510775173635e-06
413 1.3980214120370121e-06
414 1.3003203284333818e-06
415 1.307368004303171e-06
416 1.3237753761317852e-06
417 1.2205058896521236e-06
418 1.482835620011504e-06
419 1.3218722512434758e-06
420 1.1873742974416069e-06
421 1.239964390699777e-06
422 1.2712983245844566e-06
423 1.4063469796428474e-06
424 1.2953944902196245e-06
425 1.1817526753937812e-06
426 1.277062923596547e-06
427 1.0976020274788645e-06
428 1.2419364240465429e-06
429 1.1951439816091475e-06
430 1.2137449342431049e-06
431 1.1770700450971763e-06
432 1.3405978470654592e-06
433 1.2952812728024097e-06
434 1.2771256305306314e-06
435 1.4687451121901733e-06
436 8.66416480307088e-07
437 1.4987121475921608e-06
438 1.3186066859540543e-06
439 1.1890493676583072e-06
440 1.4254980450636958e-06
441 1.188175851985244e-06
442 1.4843474874271135e-06
443 1.262929731965589e-06
444 1.205322249941402e-06
445 1.4188538551404665e-06
446 1.3405577026762478e-06
447 1.307206238256777e-06
448 1.2563317583489851e-06
449 1.31909728535514e-06
450 1.0881928399600724e-06
451 1.3787089177313484e-06
452 1.4199281711099362e-06
453 1.3238414806894726e-06
454 1.1255025621691993e-06
455 1.1911224958347508e-06
456 1.1732007640696416e-06
457 1.275047589438015e-06
458 1.1977704899057107e-06
459 1.2000174887652374e-06
460 1.419387888698982e-06
461 1.1268745745283538e-06
462 1.4621150005917473e-06
463 1.4814700332048051e-06
464 1.2527797301753524e-06
465 1.3504961178972055e-06
466 1.3179432959032329e-06
467 1.2511884149666953e-06
468 1.205976549441182e-06
469 1.3337033354300955e-06
470 1.3902564419623344e-06
471 1.4659923203214523e-06
472 1.2110141035987182e-06
473 1.1183415733409224e-06
474 1.1858869762266454e-06
475 1.1922933402364037e-06
476 1.2901452446526852e-06
477 1.3068749319515604e-06
478 1.461901460788596e-06
479 1.400587677487912e-06
480 1.3124049908158022e-06
481 1.1609557203054287e-06
482 1.31924382956643e-06
483 1.3795221000860876e-06
484 1.3349517513516541e-06
485 1.5444583679195153e-06
486 1.2076609649358642e-06
487 1.371370536031361e-06
488 1.3409392788055289e-06
489 1.2803041644192577e-06
490 1.1939628695821734e-06
491 1.1908976378024628e-06
492 1.1753428105643057e-06
493 1.1484841982996254e-06
494 1.193947663027828e-06
495 1.3766471880697313e-06
496 1.2669676187854777e-06
497 1.1510210123295194e-06
498 1.1032249920291283e-06
499 1.377283965332099e-06
500 1.3965319632371873e-06
501 1.1162605920562455e-06
502 1.215733750643297e-06
503 1.2347659329259344e-06
504 1.232363398320658e-06
505 1.2894127402300168e-06
506 1.3280342575677542e-06
507 1.524147902175991e-06
508 1.2323842661553443e-06
509 1.4241257477333065e-06
510 1.288136033020125e-06
511 1.2285202706365635e-06
512 1.1024776771023282e-06
513 1.1508126478779457e-06
514 1.0295987182564111e-06
515 1.3355459665353208e-06
516 1.148857763072218e-06
517 1.3187690699875645e-06
518 1.1464786148464e-06
519 1.2395476842009104e-06
520 1.3192927112716296e-06
521 1.2639089460533528e-06
522 1.3075371443244467e-06
523 1.2398530213160211e-06
524 1.2708458862734159e-06
525 1.1171653969446818e-06
526 1.0487769444651151e-06
527 1.3899041578639835e-06
528 1.1943656969620397e-06
529 1.2199275504448028e-06
530 1.0841461090277895e-06
531 1.4790113112652731e-06
532 1.1413925259003133e-06
533 1.392190430966647e-06
534 1.2986030785863686e-06
535 1.1444240397181428e-06
536 1.2890354829577006e-06
537 1.4910224094536713e-06
538 1.260170312710897e-06
539 1.0695010977728252e-06
540 1.294742011640585e-06
541 1.2779159066571038e-06
542 1.2294574344696239e-06
543 1.3126531401276061e-06
544 1.3012025179486018e-06
545 1.2934095734702516e-06
546 1.285180903212006e-06
547 1.1281160416601005e-06
548 1.2424313120827139e-06
549 1.4461732547504955e-06
550 1.2941516060968906e-06
551 1.4246007208563824e-06
552 1.4303873256444768e-06
553 1.4217126174715623e-06
554 1.242797082860802e-06
555 1.3301497339079103e-06
556 1.200528565862994e-06
557 1.2337031431114134e-06
558 1.3321060773499252e-06
559 1.1253146424750434e-06
560 1.2479977698787861e-06
561 1.2408004313564279e-06
562 1.349633700751898e-06
563 1.2870972164214556e-06
564 1.30123154893711e-06
565 1.027156152117544e-06
566 1.3794411928466499e-06
567 1.1994811921901166e-06
568 1.1882464180740274e-06
569 1.2614414242769732e-06
570 1.2201149638539462e-06
571 1.1247467018644832e-06
572 1.128311528808726e-06
573 1.3562046528348683e-06
574 1.149106253995677e-06
575 1.2274652852786203e-06
576 1.2259685245701154e-06
577 1.182197810104165e-06
578 1.2059498242713248e-06
579 1.3351527833322509e-06
580 1.3018049086629583e-06
581 1.2908018371306512e-06
582 1.304777415404641e-06
583 1.4755756036508595e-06
584 1.4716441939547706e-06
585 1.3190786997171416e-06
586 1.392092574864423e-06
587 1.3715483630733409e-06
588 1.368413697611558e-06
589 1.1287216027741499e-06
590 1.1952021446057952e-06
591 1.117371554716112e-06
592 1.1836248107246646e-06
593 1.18894854483241e-06
594 1.2398486169609122e-06
595 1.4943481377521183e-06
596 1.2882218061927512e-06
597 1.2268725598393776e-06
598 1.347996108035768e-06
599 1.207295316043093e-06
600 1.4636178273312045e-06
601 1.341401182927572e-06
602 1.3309138978386598e-06
603 1.46841952769345e-06
604 1.4584831162841652e-06
605 1.4519174498749405e-06
606 1.2207150058807173e-06
607 1.2309961811809243e-06
608 1.147658361998888e-06
609 1.0757328427197282e-06
610 1.167643557858584e-06
611 1.3315369137221966e-06
612 1.212326034139655e-06
613 1.1984787621817344e-06
614 1.3441316240777518e-06
615 1.1942299941490502e-06
616 1.5119036134291088e-06
617 1.10329964758761e-06
618 1.2270557944281985e-06
619 1.2657512014941278e-06
620 1.0234266000429466e-06
621 1.3635857610198192e-06
622 1.2810546474250018e-06
623 1.196116474080229e-06
624 1.3608752257136284e-06
625 1.2180594199351054e-06
626 1.44984730962009e-06
627 1.529209352312702e-06
628 1.261660815471559e-06
629 1.0742408004069686e-06
630 1.2802129438733571e-06
631 1.1499883839460946e-06
632 1.2177709649670168e-06
633 1.2872943141821219e-06
634 1.2160517142302634e-06
635 1.2452461319953225e-06
636 1.2891470027545083e-06
637 1.279116679310297e-06
638 1.383338128269008e-06
639 1.2122260712987642e-06
640 1.3359467187908055e-06
641 1.3103504897749499e-06
642 1.33466655019103e-06
643 1.4961271238687388e-06
644 1.1054205762371353e-06
645 1.0696134353959697e-06
646 1.3622557201644855e-06
647 1.3258891116584509e-06
648 1.154103033083238e-06
649 1.2997875582769025e-06
650 1.286664198544231e-06
651 1.2520550840560424e-06
652 1.244218778498345e-06
653 1.1908511208942275e-06
654 1.3186049885910552e-06
655 1.48654916477134e-06
656 1.2306220734621893e-06
657 1.2712113926852912e-06
658 1.2705255995670695e-06
659 1.3730270781488241e-06
660 1.3048432038905024e-06
661 1.2424630190398662e-06
662 1.187470788898189e-06
663 1.4180448732971214e-06
664 1.3720732836559308e-06
665 1.1047745334665185e-06
666 1.1306722407059276e-06
667 1.3785611440534652e-06
668 1.3005517293917966e-06
669 1.3130879646760445e-06
670 1.2697346373511712e-06
671 1.2795679493027851e-06
672 1.09055263375255e-06
673 1.3366218411422788e-06
674 1.3334580245016815e-06
675 1.2137142819960042e-06
676 1.2471847869666977e-06
677 1.3213107969713119e-06
678 1.2199747491893694e-06
679 1.3090514171117426e-06
680 1.2435881847910754e-06
681 1.4516634344378253e-06
682 1.3764823370671882e-06
683 1.233270806241201e-06
684 1.2870619403345561e-06
685 1.4408233870106255e-06
686 1.2050831542818284e-06
687 1.3101565796028695e-06
688 1.440483758844026e-06
689 1.4770108845906324e-06
690 1.3590562706679613e-06
691 1.2207051050630726e-06
692 1.2869760510232212e-06
693 1.2932099117052174e-06
694 1.4883779400582854e-06
695 1.052268958930532e-06
696 1.284750958477977e-06
697 1.0964217090178665e-06
698 1.3655996892198198e-06
699 1.6437904928686216e-06
700 1.4114259166841196e-06
701 1.1261582502480808e-06
702 1.2738403068574384e-06
703 1.1074608804710646e-06
704 1.2622825034038716e-06
705 1.1905073999399075e-06
706 1.1677145117585242e-06
707 1.3207102191038175e-06
708 1.1869547016869184e-06
709 1.231388742240343e-06
710 1.3997874828123948e-06
711 1.2610327048527643e-06
712 1.2746460894476788e-06
713 1.4172440613058607e-06
714 1.1210391621701777e-06
715 1.2272257990705476e-06
716 1.3364526086754436e-06
717 1.1508030706383507e-06
718 1.1179883548381531e-06
719 1.321656103736337e-06
720 1.6163208797549036e-06
721 1.304049910418271e-06
722 1.2059036752432461e-06
723 1.3120990440405943e-06
724 1.421619939562539e-06
725 1.0521863464146742e-06
726 1.3860260793757834e-06
727 1.3835835040197586e-06
728 1.24248468065011e-06
729 1.2678917675998586e-06
730 1.432166473084828e-06
731 1.227593633060872e-06
732 1.33735220038284e-06
733 1.3340469974565486e-06
734 1.0884329100743295e-06
735 1.1440809122094268e-06
736 1.2698892559849663e-06
737 1.2306065821500325e-06
738 1.1082391362186517e-06
739 1.2994739785328899e-06
740 1.3482769521937345e-06
741 1.1744949408928028e-06
742 1.2051037507440672e-06
743 1.2195718666060944e-06
744 1.2267377448449757e-06
745 1.4277135610097966e-06
746 1.4238016035353276e-06
747 1.233704654098255e-06
748 1.2401282113224796e-06
749 1.2364012373296323e-06
750 1.2646946430704e-06
751 1.2202266085869286e-06
752 1.3611107780804475e-06
753 1.0813003253287576e-06
754 1.3507746986745848e-06
755 1.386908789676679e-06
756 1.2812855224778768e-06
757 1.337161544426921e-06
758 1.2956438303957015e-06
759 1.2134379840646174e-06
760 1.417812097077011e-06
761 1.3801103591952012e-06
762 1.2525309928544337e-06
763 1.2824119213745151e-06
764 1.4224225588617944e-06
765 1.2738288646610587e-06
766 1.2574302216130656e-06
767 1.2193377672735438e-06
768 1.3176858968804278e-06
769 1.1466899187892122e-06
770 1.3987645005453453e-06
771 1.4026651235641277e-06
772 1.153109297909938e-06
773 1.1083479424163318e-06
774 1.2824535878110492e-06
775 1.1207372982134675e-06
776 1.4939961421037158e-06
777 1.2669879544697133e-06
778 1.2386788820588747e-06
779 1.23991732405036e-06
780 1.3108265448065568e-06
781 1.219992318840518e-06
782 1.1268663144748494e-06
783 1.1144736795765974e-06
784 1.2441379702606477e-06
785 1.3752478219131779e-06
786 1.2726247563096877e-06
787 1.200210911928109e-06
788 1.4967483907496028e-06
789 1.2896495783247884e-06
790 1.1794672788585545e-06
791 1.2562054737030363e-06
792 1.2548857413942427e-06
793 1.589046476109295e-06
794 1.3678427001603988e-06
795 1.2631790859099917e-06
796 1.0511215583486704e-06
797 1.3714560796329334e-06
798 1.2288149518232564e-06
799 1.251856696966155e-06
800 1.1459095252384858e-06
801 1.1854515243297023e-06
802 1.3995613644969501e-06
803 1.0589602970979573e-06
804 1.2599622486813042e-06
805 1.4031286480609191e-06
806 1.4130277293729257e-06
807 1.0975278991224057e-06
808 1.34329402185261e-06
809 1.288472105944474e-06
810 1.350241455634057e-06
811 1.4186787187800862e-06
812 1.1188388430504107e-06
813 1.3223613745700755e-06
814 1.1949551686672381e-06
815 1.4519070698049497e-06
816 1.118139552641326e-06
817 1.2547059728021674e-06
818 1.2841933743787152e-06
819 1.304910259181725e-06
820 1.2417323868390288e-06
821 1.251022047072353e-06
822 1.2287138947051515e-06
823 1.2376354786694222e-06
824 1.1681307497551078e-06
825 1.4121992764799174e-06
826 1.4196422491253208e-06
827 1.0312371059277897e-06
828 1.2891444095171006e-06
829 1.0782557396653975e-06
830 1.3146755147802029e-06
831 1.2022472670361219e-06
832 1.1337975228227876e-06
833 1.1774283120123387e-06
834 1.2332384273735926e-06
835 1.3413391583249571e-06
836 1.063528670455082e-06
837 1.2724321633558898e-06
838 1.174360583774532e-06
839 1.296913928351784e-06
840 1.3128028280304289e-06
841 1.0911928541438005e-06
842 1.1784094747510032e-06
843 1.3220315787849376e-06
844 1.3075973126283208e-06
845 1.2859773042744892e-06
846 1.2583372194631884e-06
847 1.4637217111468323e-06
848 1.26416374526537e-06
849 1.2907700941260865e-06
850 1.308841529546903e-06
851 1.11334916366615e-06
852 1.3590845065781832e-06
853 1.193586390455826e-06
854 1.1736752882715497e-06
855 1.4850343213301735e-06
856 1.4276410280767036e-06
857 1.4125007308544489e-06
858 1.088525378313915e-06
859 1.1213864922096344e-06
860 1.08420751104027e-06
861 1.2220470821668437e-06
862 1.2479745327387297e-06
863 1.3215289021422668e-06
864 1.1947714929607212e-06
865 1.161732163698097e-06
866 1.339848143584039e-06
867 9.871474600823795e-07
868 1.138407789193989e-06
869 1.24945122702413e-06
870 1.2739044172896656e-06
871 1.1749276779029224e-06
872 1.1134644414586271e-06
873 1.3300882639098257e-06
874 1.195942118451408e-06
875 1.4043761259234198e-06
876 1.3829657687736014e-06
877 1.3187167232904598e-06
878 1.261781862850159e-06
879 1.2881145610740512e-06
880 1.0548067419842176e-06
881 1.3658939623710536e-06
882 1.2231901224901777e-06
883 1.402123523444627e-06
884 1.3763368291476054e-06
885 1.286937993394816e-06
886 9.762835364779359e-07
887 1.2185522942351599e-06
888 1.4936394943212797e-06
889 1.2656368960489359e-06
890 1.1147639131009775e-06
891 1.4041621825442943e-06
892 1.2979936241040778e-06
893 1.1389692128638342e-06
894 1.2690769438381109e-06
895 1.0159740692795073e-06
896 1.0696356970453725e-06
897 1.3731345994755707e-06
898 1.4832231735083072e-06
899 1.1589521366788834e-06
900 1.2096123152941967e-06
901 1.3070077392203977e-06
902 1.4570402222393488e-06
903 1.362142380704239e-06
904 1.0713882246566077e-06
905 1.316366346190679e-06
906 1.1373831016582766e-06
907 1.465426618480406e-06
908 1.3799231289922791e-06
909 1.0444495905969973e-06
910 1.279995612284782e-06
911 1.1123993728377363e-06
912 1.3710872983387045e-06
913 1.17014095350248e-06
914 1.2485968999995923e-06
915 1.1972153474119327e-06
916 1.4150492813184106e-06
917 1.2253752300796834e-06
918 1.168085378510821e-06
919 1.324415213747249e-06
920 1.3612309143478795e-06
921 1.2335236781276653e-06
922 1.1095599584042271e-06
923 1.2741270603737193e-06
924 1.2644850140849836e-06
925 1.1043593270379588e-06
926 1.3277105605434055e-06
927 1.2078023862253075e-06
928 1.0897506510265983e-06
929 1.3569914491476549e-06
930 1.2249007111689651e-06
931 1.2390276104254224e-06
932 1.1460177565658042e-06
933 1.2139394070625276e-06
934 1.2732378668457265e-06
935 1.231266153154105e-06
936 1.2048760513932075e-06
937 1.0349228946168372e-06
938 1.19815846596437e-06
939 1.1943016539979352e-06
940 1.1576191317584869e-06
941 1.039503268263265e-06
942 1.2373973817872417e-06
943 1.3742395935021021e-06
944 1.2763491638769297e-06
945 1.3086452111501824e-06
946 1.0466558876648618e-06
947 1.0649516988115561e-06
948 1.3825025250497798e-06
949 1.3610568755163334e-06
950 1.3190455282503266e-06
951 1.124992475211354e-06
952 1.3815995536021307e-06
953 1.1363151800771044e-06
954 1.429548056550917e-06
955 1.368331863897634e-06
956 1.3032406293007676e-06
957 1.238209111453586e-06
958 1.2320973223116205e-06
959 1.2182727604978753e-06
960 1.1110725604832444e-06
961 1.1175393995038554e-06
962 1.3369470601787124e-06
963 1.1811392530834596e-06
964 1.3871339993051623e-06
965 1.3391150866615155e-06
966 1.2335817436365496e-06
967 1.1207068336427502e-06
968 1.1286164114626075e-06
969 1.4072682700931266e-06
970 1.2256000296975856e-06
971 1.3344564509810144e-06
972 1.3300163136647226e-06
973 1.245713884268734e-06
974 1.2428861620880505e-06
975 1.1337572835046574e-06
976 1.1973762001997082e-06
977 1.1834263108897782e-06
978 1.3037476464894296e-06
979 1.2607245552652273e-06
980 1.330080882831911e-06
981 1.1634456040634531e-06
982 1.1168307659196577e-06
983 1.042583035250961e-06
984 1.5473157285760771e-06
985 1.595115291288535e-06
986 1.3002721742266583e-06
987 1.2301465858354777e-06
988 1.3571012962597862e-06
989 1.1133491910764647e-06
990 1.4262990735802243e-06
991 1.0594794738698685e-06
992 1.235822628120997e-06
993 1.3829052447736118e-06
994 1.4053527315458925e-06
995 1.2675946267433228e-06
996 1.4799276414736568e-06
997 1.4570333441589642e-06
998 1.1915335816927134e-06
999 1.274201556600279e-06
