0 3.5645503534997024e-07
1 3.6525989602728475e-07
2 3.5778566890101985e-07
3 3.522276964951187e-07
4 3.7191063173636096e-07
5 3.4514536125664235e-07
6 3.589680465775055e-07
7 3.669299390199042e-07
8 3.755831318026877e-07
9 3.660686560747162e-07
10 3.6200956119250194e-07
11 3.524683969813643e-07
12 3.688518517060605e-07
13 3.4231464380494066e-07
14 3.504926037651984e-07
15 3.618585387379055e-07
16 3.7911208677793783e-07
17 3.4031419333948045e-07
18 3.580560003222427e-07
19 3.605231279162822e-07
20 3.478452317478719e-07
21 3.4141830279475643e-07
22 3.499018486012835e-07
23 3.32765754575382e-07
24 3.3935450363374005e-07
25 3.528293493761942e-07
26 3.743800999770521e-07
27 3.7974716422194024e-07
28 3.5653159401965634e-07
29 3.393643626723332e-07
30 3.6399198313740744e-07
31 3.510432385334663e-07
32 3.6827305332657986e-07
33 3.5165165016115623e-07
34 3.328706875200151e-07
35 3.7952047317851915e-07
36 3.3423791792999265e-07
37 3.454278561967803e-07
38 3.512822681919717e-07
39 3.5559236448877387e-07
40 3.353740066744933e-07
41 3.229782772994012e-07
42 3.5223357477536366e-07
43 3.438008967739492e-07
44 3.14696590503351e-07
45 3.560816456842595e-07
46 3.603549175640761e-07
47 3.427441991185807e-07
48 3.633439789935882e-07
49 3.6243877309553807e-07
50 3.6298076691709926e-07
51 3.6520110206459287e-07
52 3.454365800781394e-07
53 3.5912227749605717e-07
54 3.04606933368953e-07
55 3.703123570781102e-07
56 3.490153981383784e-07
57 3.285079590807321e-07
58 3.3761882007795433e-07
59 3.5861788405172896e-07
60 3.7368057264243675e-07
61 3.33434943415466e-07
62 3.4812364472998867e-07
63 3.518337116054142e-07
64 3.566043210411516e-07
65 3.7440099940916847e-07
66 3.3483760686776286e-07
67 3.449834829062958e-07
68 3.253738001053771e-07
69 3.4641276604027146e-07
70 3.376992548726274e-07
71 3.582811177786378e-07
72 3.616910941276593e-07
73 3.39624278770497e-07
74 3.201913267285264e-07
75 3.7317770603237625e-07
76 3.453404055857466e-07
77 3.536232553923936e-07
78 3.047620757556021e-07
79 3.245561664616961e-07
80 3.8499457448148336e-07
81 3.6943283306819775e-07
82 3.7467301373974683e-07
83 3.4786844328234945e-07
84 3.6038220207558133e-07
85 3.766885614197447e-07
86 3.346566815844314e-07
87 3.552557959895157e-07
88 3.316490045430317e-07
89 3.4826247783120466e-07
90 3.7049303204074627e-07
91 3.652147219048389e-07
92 3.474431451722866e-07
93 3.635995906041847e-07
94 3.4165673614806403e-07
95 3.6167470627016265e-07
96 3.673959902819084e-07
97 3.4006490849628916e-07
98 3.374033063556586e-07
99 3.565199884867477e-07
100 3.51927679996622e-07
101 3.7887692489990324e-07
102 3.3592128248046864e-07
103 3.5992130309999597e-07
104 3.628543545955718e-07
105 3.7063458574186326e-07
106 3.6378758318134766e-07
107 3.470962697089526e-07
108 3.6355909286699365e-07
109 3.5389184973571703e-07
110 3.440196418884378e-07
111 3.26385288282809e-07
112 3.518052590922743e-07
113 3.27374988720257e-07
114 3.675497676726852e-07
115 3.4371654642526827e-07
116 3.2935024868959993e-07
117 3.6899636026039213e-07
118 3.513791088816483e-07
119 3.4380251684631955e-07
120 3.4415305544570544e-07
121 3.7669509406775985e-07
122 3.3871143365106944e-07
123 3.230512116447684e-07
124 3.3363305384675566e-07
125 3.4701577129658414e-07
126 3.5362438253327794e-07
127 3.620968358552503e-07
128 3.501078901628759e-07
129 3.433766287201611e-07
130 3.5099188084934766e-07
131 3.6170981535546933e-07
132 3.718496299800604e-07
133 3.4792009822619474e-07
134 3.1729479809329495e-07
135 3.6526541962738703e-07
136 3.6218490934976203e-07
137 3.2809993138563244e-07
138 3.6353928980144775e-07
139 3.622270613237986e-07
140 3.637712113560952e-07
141 3.71733956391607e-07
142 3.7626339567681844e-07
143 3.4643468203556194e-07
144 3.403851590754856e-07
145 3.6278947178844174e-07
146 3.339461258392844e-07
147 3.402288441721892e-07
148 3.396414383069019e-07
149 3.515109520039999e-07
150 3.552733314549119e-07
151 3.50289174894884e-07
152 3.5060536916865487e-07
153 3.3266168805758146e-07
154 3.5339485797621797e-07
155 3.620834764714469e-07
156 3.4754763751110827e-07
157 3.3663222798080115e-07
158 3.221809453288858e-07
159 3.471344866859216e-07
160 3.1564503632869134e-07
161 3.7228293430950896e-07
162 3.4441010991708334e-07
163 3.490870874993399e-07
164 3.529244224447855e-07
165 3.629967509058642e-07
166 3.6745489137492434e-07
167 3.294417641325152e-07
168 3.547781565642006e-07
169 3.476088540742464e-07
170 3.335351643222606e-07
171 3.595411088018295e-07
172 3.659489512205193e-07
173 3.7465640373804953e-07
174 3.3257479598272487e-07
175 3.514976748753791e-07
176 3.5098684060122596e-07
177 3.2397034162169246e-07
178 3.468098998521835e-07
179 3.6247425346921084e-07
180 3.6133378336845174e-07
181 3.5455370493482833e-07
182 3.6040471025895386e-07
183 3.6709655470250445e-07
184 3.4178757697228206e-07
185 3.6101123733706995e-07
186 3.200370544220345e-07
187 3.629404406333513e-07
188 3.7129985275645086e-07
189 3.401539851637248e-07
190 3.5744340886062574e-07
191 3.5172769880860216e-07
192 3.2994277202591254e-07
193 3.7246901636357235e-07
194 3.4885095067601346e-07
195 3.308383665432617e-07
196 3.292798784932486e-07
197 3.373856685418142e-07
198 3.5973531739960894e-07
199 3.541222448949554e-07
200 3.5578415287354296e-07
201 3.5558584444984155e-07
202 3.475234482359631e-07
203 3.4337642178968573e-07
204 3.6770107013549505e-07
205 3.5457157928358905e-07
206 3.782440647154308e-07
207 3.2324800565163383e-07
208 3.2646859178271536e-07
209 3.2379144307580475e-07
210 3.6314465918731204e-07
211 3.512575825148271e-07
212 3.2379578124091303e-07
213 3.428903079193178e-07
214 3.557040789805428e-07
215 3.557532233402454e-07
216 3.3126319102797294e-07
217 3.362488481576925e-07
218 3.6128661816413343e-07
219 3.20456014500696e-07
220 3.3930575726840605e-07
221 3.55412195623707e-07
222 3.4300559125379505e-07
223 3.2912557080898995e-07
224 3.45366629502109e-07
225 3.6912142328865394e-07
226 3.6741357051728637e-07
227 3.6450779309977017e-07
228 3.5232229176633736e-07
229 3.2198198066494893e-07
230 3.5708447266712716e-07
231 3.4465790697790747e-07
232 3.501680951946762e-07
233 3.6675869377378806e-07
234 3.5663375099855913e-07
235 3.500517854317858e-07
236 3.5692026499251636e-07
237 3.600513449012212e-07
238 3.519365942641355e-07
239 3.3878912575539164e-07
240 3.4160517660228333e-07
241 3.5363678663704164e-07
242 3.585657249939362e-07
243 3.4777481476744736e-07
244 3.5808443455342177e-07
245 3.264930024638357e-07
246 3.485718620806804e-07
247 3.3995701790202986e-07
248 3.505861110866372e-07
249 3.5382107847923406e-07
250 3.6090419318233276e-07
251 3.459579803200302e-07
252 3.7755063789442605e-07
253 3.3271973967798564e-07
254 3.720383661219555e-07
255 3.44557796799788e-07
256 3.4574352488289314e-07
257 3.594301192833586e-07
258 3.3503556488774354e-07
259 3.5336367649166846e-07
260 3.8057685633857137e-07
261 3.572193103564368e-07
262 3.428631051967224e-07
263 3.6916207628039476e-07
264 3.63863363874808e-07
265 3.3421197059856915e-07
266 3.330110591747671e-07
267 3.700291941197011e-07
268 3.329267148164735e-07
269 3.34135963430687e-07
270 3.601847366094793e-07
271 3.6335367009618674e-07
272 3.5859830666354204e-07
273 3.4749357877201156e-07
274 3.421387088474101e-07
275 3.3857893509477585e-07
276 3.7114406517574187e-07
277 3.114839757733353e-07
278 3.2048543036706636e-07
279 3.42906404276918e-07
280 3.524435652254365e-07
281 3.6176242207670495e-07
282 3.575225640602342e-07
283 3.424064522245145e-07
284 3.4564669798414054e-07
285 3.661034657300735e-07
286 3.253603853116659e-07
287 3.351654951061549e-07
288 3.647360712088409e-07
289 3.439159137010404e-07
290 3.5150314678209614e-07
291 3.6269406676864646e-07
292 3.2870583172105226e-07
293 3.386278162758218e-07
294 3.486474315509858e-07
295 3.4856987835982334e-07
296 3.574579842434337e-07
297 3.4895612203390587e-07
298 3.652376309327763e-07
299 3.5212673962685467e-07
300 3.601356283464676e-07
301 3.473076600523945e-07
302 3.4544392132724555e-07
303 3.408172339108341e-07
304 3.6908277986249044e-07
305 3.56230322472677e-07
306 3.5588295800006545e-07
307 3.5795267767880556e-07
308 3.5880926175923585e-07
309 3.582254320012043e-07
310 3.8236212956810853e-07
311 3.660150578819926e-07
312 3.4468285261274565e-07
313 3.645929094175746e-07
314 3.3650678346166283e-07
315 3.3557932214852037e-07
316 3.546378699840765e-07
317 3.638584272214443e-07
318 3.5618356247589853e-07
319 3.60510453164644e-07
320 3.554738528801873e-07
321 3.4411001143300125e-07
322 3.543456962541951e-07
323 3.337026751173859e-07
324 3.427809350427168e-07
325 3.562103582910195e-07
326 3.906752354702436e-07
327 3.443549878372183e-07
328 3.7104973147466065e-07
329 3.528071368864957e-07
330 3.597078568098104e-07
331 3.633632238593476e-07
332 3.7961189565184303e-07
333 3.7920478758536897e-07
334 3.3525194611316895e-07
335 3.741261061227497e-07
336 3.6017959799854814e-07
337 3.5028375409764246e-07
338 3.5598174955047023e-07
339 3.7796925170844917e-07
340 3.684042309837338e-07
341 3.465933864802485e-07
342 3.6115957496568763e-07
343 3.4773264480949124e-07
344 3.7246891771173155e-07
345 3.703610576242507e-07
346 3.504999875616878e-07
347 3.581003763489401e-07
348 3.1096445213636254e-07
349 3.582839611690779e-07
350 3.5499790813230726e-07
351 3.4651060891898647e-07
352 3.4138696062961817e-07
353 3.6362635158455483e-07
354 3.564356227120394e-07
355 3.368820900416004e-07
356 3.1448014427740746e-07
357 3.4838526493624144e-07
358 3.218752116165151e-07
359 3.572283547392234e-07
360 3.4546498034091306e-07
361 3.642590702280231e-07
362 3.5987059099689735e-07
363 3.225570889962896e-07
364 3.3873980348456606e-07
365 3.482374709537981e-07
366 3.331239590114721e-07
367 3.70382547949765e-07
368 3.582422042869234e-07
369 3.586018741399968e-07
370 3.6546575313342384e-07
371 3.277325741831084e-07
372 3.8283834365144073e-07
373 3.6024862659401685e-07
374 3.7171139375090276e-07
375 3.8092316076464674e-07
376 3.6742664558862475e-07
377 3.591201959927295e-07
378 3.4962705267510356e-07
379 3.731183983380756e-07
380 3.3224711606640256e-07
381 3.6467304705322166e-07
382 3.62345497623258e-07
383 3.486244127852482e-07
384 3.5699749938464525e-07
385 3.4017112829344114e-07
386 3.5407408081382144e-07
387 3.439594762259386e-07
388 3.80394475185957e-07
389 3.9290084397615943e-07
390 3.4723561890443326e-07
391 3.7206652374131255e-07
392 3.5271918921354915e-07
393 3.5564229351825116e-07
394 3.358565555733071e-07
395 3.5565382209712104e-07
396 3.459379401869712e-07
397 3.5716132168668414e-07
398 3.499594653802986e-07
399 3.6818437869430815e-07
400 3.4936001922002715e-07
401 3.4651298620906867e-07
402 3.497620889237695e-07
403 3.5146361387864673e-07
404 3.7717553298018805e-07
405 3.504193175563751e-07
406 3.5038560850626604e-07
407 3.479000766092166e-07
408 3.3810578174622326e-07
409 3.471092338421452e-07
410 3.646404126165306e-07
411 3.4147287333291793e-07
412 3.4925802528297145e-07
413 3.3836290660901703e-07
414 3.6803691736088674e-07
415 3.477456103405912e-07
416 3.2542421110346374e-07
417 3.7169636357130674e-07
418 3.66916330068009e-07
419 3.4937497633933766e-07
420 3.3823228175350155e-07
421 3.667415392270937e-07
422 3.5270186860744007e-07
423 3.4308140919126105e-07
424 3.3817944313483734e-07
425 3.867885030731817e-07
426 3.260114263251048e-07
427 3.4197404984514735e-07
428 3.5621752509191696e-07
429 3.6462823113794693e-07
430 3.432701979628686e-07
431 3.292313650817649e-07
432 3.599918528063189e-07
433 3.515232754861614e-07
434 3.1983788587702537e-07
435 3.541346006926182e-07
436 3.6017619400744886e-07
437 3.583229176326519e-07
438 3.6182150591017036e-07
439 3.6290412432741373e-07
440 3.4098961594316723e-07
441 3.4409547897691155e-07
442 3.5749563783527615e-07
443 3.3002209444641655e-07
444 3.569287912155482e-07
445 3.490569314354927e-07
446 3.2848825195451784e-07
447 3.342397318566587e-07
448 3.594395046003748e-07
449 3.1315996132673475e-07
450 3.3085350581487284e-07
451 3.6956164317147283e-07
452 3.4590603054462853e-07
453 3.5779937258946874e-07
454 3.292182037414675e-07
455 3.5035131031436225e-07
456 3.4461085680869035e-07
457 3.4550196725418337e-07
458 3.4732223854076037e-07
459 3.333447611870702e-07
460 3.3658626956038947e-07
461 3.567271458549412e-07
462 3.40125947592523e-07
463 3.5501256426938415e-07
464 3.252040470590527e-07
465 3.706362422374978e-07
466 3.334341726572082e-07
467 3.624753273237006e-07
468 3.571638525555993e-07
469 3.379548384945736e-07
470 3.417765224320798e-07
471 3.4763979255909833e-07
472 3.33445870477245e-07
473 3.744454978662819e-07
474 3.6369609394496835e-07
475 3.4128422876835707e-07
476 3.5136748428782956e-07
477 3.562612026821875e-07
478 3.420279895037022e-07
479 3.4834683774721666e-07
480 3.3729356426253414e-07
481 3.638762240302936e-07
482 3.5317547011652375e-07
483 3.4192609286545893e-07
484 3.3390028885736323e-07
485 3.661485984473871e-07
486 3.6222053874118217e-07
487 3.589973922605994e-07
488 3.4396551537845963e-07
489 3.592042440579028e-07
490 3.5926567676295847e-07
491 3.6501899183370553e-07
492 3.6945552816757494e-07
493 3.16765799294508e-07
494 3.2068400246205064e-07
495 3.1988355989819895e-07
496 3.2399559487461106e-07
497 3.341933478126313e-07
498 3.5126899949952907e-07
499 3.6037049340694685e-07
500 2.98467443380618e-07
501 3.732675633531954e-07
502 3.5456626328021393e-07
503 3.251072100500676e-07
504 3.5185998014328797e-07
505 3.3472574316395016e-07
506 3.4143741059983786e-07
507 3.7692318918768296e-07
508 3.517868424940297e-07
509 3.437110831794593e-07
510 3.4935582502733814e-07
511 3.6023003894783487e-07
512 3.6831353383149566e-07
513 3.53658799618276e-07
514 3.327282170434944e-07
515 3.6637004217303825e-07
516 3.520769838962603e-07
517 3.329122728687391e-07
518 2.962034912562169e-07
519 3.8116372346212944e-07
520 3.509795113291958e-07
521 3.45669577038455e-07
522 3.568331036863926e-07
523 3.7241041174058504e-07
524 3.5676671621807534e-07
525 3.7876515827692075e-07
526 3.391509396866993e-07
527 3.373127877024633e-07
528 3.5249792492387376e-07
529 3.4123842406152625e-07
530 3.306788688083678e-07
531 3.6036455871388153e-07
532 3.6519934323379704e-07
533 3.645328888906704e-07
534 3.346707605718831e-07
535 3.6600062176818863e-07
536 3.5812523616528823e-07
537 3.509068943786725e-07
538 3.4115065760862013e-07
539 3.543526022329285e-07
540 3.388077763409984e-07
541 3.5190743407542123e-07
542 3.66323781010775e-07
543 3.438836245760267e-07
544 3.7639745138868e-07
545 3.415520062656381e-07
546 3.4065243245895644e-07
547 3.426591855031111e-07
548 3.494355668433957e-07
549 3.4599558780132655e-07
550 3.490311277277214e-07
551 3.5789319832231636e-07
552 3.469168923734495e-07
553 3.628654232677059e-07
554 3.3705722018597106e-07
555 3.4431141977976567e-07
556 3.761610400148719e-07
557 3.4389252492424867e-07
558 3.336240475901432e-07
559 3.8204603553246505e-07
560 3.5325622347069635e-07
561 3.7064295042580685e-07
562 3.705621849507449e-07
563 3.5394723026211014e-07
564 3.693272638338275e-07
565 3.267738470248305e-07
566 3.6043311326512425e-07
567 3.5527916213821335e-07
568 3.5213061952266024e-07
569 3.5966625301131525e-07
570 3.461811056821495e-07
571 3.6918897625113365e-07
572 3.6189703898747147e-07
573 3.35334389670538e-07
574 3.2511874795938186e-07
575 3.338782171370532e-07
576 3.7839854302688436e-07
577 3.44949532280294e-07
578 3.3793740561730176e-07
579 3.218069854467746e-07
580 3.440345743874883e-07
581 3.499185484803839e-07
582 3.2072496222651554e-07
583 3.611120019212821e-07
584 3.3794134444569674e-07
585 3.1701764516661074e-07
586 3.2510866058796267e-07
587 3.364194496642457e-07
588 3.6544948382634063e-07
589 3.371759470461476e-07
590 3.4008454280302193e-07
591 3.6293470716245315e-07
592 3.378215216429694e-07
593 3.6123989272067136e-07
594 3.388037783852508e-07
595 3.5744024671102184e-07
596 3.3408696742114664e-07
597 3.4960448003519184e-07
598 3.707376686007368e-07
599 3.3935655057078233e-07
600 3.457844425327366e-07
601 3.4085364005489563e-07
602 3.4827003944736523e-07
603 3.3265396354502285e-07
604 3.1889276996617767e-07
605 3.4957820596643943e-07
606 3.497182612464703e-07
607 3.487764581539521e-07
608 3.5262613708350423e-07
609 3.745114844668776e-07
610 3.584574397695254e-07
611 3.3602084411351804e-07
612 3.1173526411503897e-07
613 3.658222781819329e-07
614 3.624963547172274e-07
615 3.5872564686004583e-07
616 3.623224384272596e-07
617 3.787800942088183e-07
618 3.4438811240392053e-07
619 3.406982462027138e-07
620 3.328551231463289e-07
621 3.6648122719668617e-07
622 3.5530065430833413e-07
623 3.384051518174126e-07
624 2.9732285497757157e-07
625 3.446016762870614e-07
626 3.620614610011152e-07
627 3.588406237794818e-07
628 3.658216807369247e-07
629 3.4706727056738147e-07
630 3.553192536794873e-07
631 3.303789827836775e-07
632 3.6638408450790125e-07
633 3.7770214739892447e-07
634 3.394242006425579e-07
635 3.733504452511028e-07
636 3.4174289948960566e-07
637 3.3769572588309587e-07
638 3.5543479659298567e-07
639 3.4296341046589033e-07
640 3.576793092885723e-07
641 3.823084950744274e-07
642 3.295519799152849e-07
643 3.497717583388085e-07
644 3.209781860923227e-07
645 3.587989532497512e-07
646 3.37092018088267e-07
647 3.622742786828951e-07
648 3.714247377211424e-07
649 3.5947783506459613e-07
650 3.349674322227484e-07
651 3.622026110305866e-07
652 3.4623730876239046e-07
653 3.536469990287784e-07
654 3.4307665748353354e-07
655 3.222734105562338e-07
656 3.5206088349823877e-07
657 3.495573139239544e-07
658 3.4831297860334186e-07
659 3.4408466230660773e-07
660 3.528221012527184e-07
661 3.3754560162096576e-07
662 3.8074477362914644e-07
663 3.6778734416444127e-07
664 3.304449830314243e-07
665 3.3209741777408315e-07
666 3.392722421506531e-07
667 3.655738675074769e-07
668 3.658544793417036e-07
669 3.6532134518549836e-07
670 3.427161878916944e-07
671 3.474295852644415e-07
672 3.5990256804381065e-07
673 3.5224745595259096e-07
674 3.608974623514828e-07
675 3.657488918772057e-07
676 3.422988279115149e-07
677 3.081875735414376e-07
678 3.3404277473774817e-07
679 3.5562222812317335e-07
680 3.6741991997771103e-07
681 3.577555415730754e-07
682 3.298399408368613e-07
683 3.55221825319388e-07
684 3.6437876430294223e-07
685 3.7230579120050795e-07
686 3.500034803884972e-07
687 3.630502592125313e-07
688 3.470007193635222e-07
689 3.4643647579472585e-07
690 3.5808058515599366e-07
691 3.4650312739303255e-07
692 3.6939649215787216e-07
693 3.4789367001648326e-07
694 3.4127629035899473e-07
695 3.630935695005685e-07
696 3.4281646963956546e-07
697 3.622828275284753e-07
698 3.548886286570542e-07
699 3.213728136659835e-07
700 3.3927165232049175e-07
701 3.625710949992607e-07
702 3.663126491518867e-07
703 3.389562977618039e-07
704 3.691555933223896e-07
705 3.4139455932678175e-07
706 3.5222630833024854e-07
707 3.7325742030182823e-07
708 3.8746570275057753e-07
709 3.4534494790737377e-07
710 3.2751946297139233e-07
711 3.598301666860552e-07
712 3.5691993606803943e-07
713 3.2699054671720923e-07
714 3.3895687143111917e-07
715 3.7138255585349135e-07
716 3.800646856773777e-07
717 3.2622181905972106e-07
718 3.477756810933061e-07
719 3.5934904496928915e-07
720 3.1490542046879633e-07
721 3.2589767410322616e-07
722 3.5812124535963007e-07
723 3.5757070137549616e-07
724 3.435748012246381e-07
725 3.717478697613679e-07
726 3.350702367544504e-07
727 3.510194319593866e-07
728 3.621852474114072e-07
729 3.8484589437210056e-07
730 3.3350818751652494e-07
731 3.244322302001218e-07
732 3.8879067070412e-07
733 3.391125050208197e-07
734 3.608081863691739e-07
735 3.512488210634729e-07
736 3.561501545841982e-07
737 3.4965817121533553e-07
738 3.6288023842918375e-07
739 3.629805392665108e-07
740 3.6999727410400253e-07
741 3.4797213542916923e-07
742 3.5132961282145687e-07
743 3.617109912750476e-07
744 3.5108740638873186e-07
745 3.2017976373772635e-07
746 3.4876861807162387e-07
747 3.3927975781350005e-07
748 3.435851831603375e-07
749 3.643571067029916e-07
750 3.5419515485673897e-07
751 3.795960333000171e-07
752 3.67461214373165e-07
753 3.614360276379279e-07
754 3.475623364084634e-07
755 3.4352789344477545e-07
756 3.6871193653181165e-07
757 3.5176944656497683e-07
758 3.135618335463893e-07
759 3.4590642545897423e-07
760 3.58942793177226e-07
761 3.453788861157111e-07
762 3.4395369643252797e-07
763 3.8853940089816187e-07
764 3.5530993239282724e-07
765 3.4851265281545543e-07
766 3.837049326111851e-07
767 3.901140601754248e-07
768 3.2690712608076434e-07
769 3.641979671108671e-07
770 3.626803214730601e-07
771 3.4770171468730174e-07
772 3.8857333550464536e-07
773 3.655402781269129e-07
774 3.304862113658414e-07
775 3.635247209817324e-07
776 3.626506189462045e-07
777 3.4774030574197546e-07
778 3.749307883155377e-07
779 3.6359567020777074e-07
780 3.462567852288699e-07
781 3.4775410813763867e-07
782 3.666305532166226e-07
783 3.5242543486790616e-07
784 3.6194711111332267e-07
785 3.4270888688316733e-07
786 3.61583498446648e-07
787 3.4277066854529983e-07
788 3.761034166159599e-07
789 3.8359033975404543e-07
790 3.136664018191302e-07
791 3.231048894567854e-07
792 3.686611551461668e-07
793 3.76371330847958e-07
794 3.7261035703985393e-07
795 3.64898775084955e-07
796 3.6227522442464697e-07
797 3.605077811488713e-07
798 3.213634579413101e-07
799 3.565167021260066e-07
800 3.6648788251354923e-07
801 3.7314085077098805e-07
802 3.450108935419676e-07
803 3.7581565243849815e-07
804 3.493108510859703e-07
805 3.748480380919203e-07
806 3.418576928802534e-07
807 3.494203252773186e-07
808 3.6150664637962023e-07
809 3.625871407479141e-07
810 3.667111967043133e-07
811 3.7724955176090243e-07
812 3.465337318134003e-07
813 3.3215415204149296e-07
814 3.57323695668297e-07
815 3.2900478167629135e-07
816 3.1033363702581826e-07
817 3.329745286742976e-07
818 3.3382485495875303e-07
819 3.536039814837594e-07
820 3.5722932883528955e-07
821 3.269156615873878e-07
822 3.4674002946474347e-07
823 3.5906932178268504e-07
824 3.300901356175286e-07
825 3.59846308880464e-07
826 3.599349394766373e-07
827 3.561462686288861e-07
828 3.480263348905982e-07
829 3.6515947246688547e-07
830 3.571810988834608e-07
831 3.828551174283012e-07
832 3.489297458439358e-07
833 3.541059637898638e-07
834 3.4610370008920457e-07
835 3.3025267313501344e-07
836 3.4750697901267735e-07
837 3.522224867090721e-07
838 3.4344465308176616e-07
839 3.3959056044279945e-07
840 3.2615528979700746e-07
841 3.3765003757857526e-07
842 3.756301648056339e-07
843 3.2588076695148013e-07
844 3.5139649582625166e-07
845 3.245531953914975e-07
846 3.59101202936691e-07
847 3.56571537320919e-07
848 3.491496501432073e-07
849 3.4929702207613734e-07
850 3.398943160546041e-07
851 3.635694230426079e-07
852 3.4856992433170667e-07
853 3.2617540369691936e-07
854 3.44724598582396e-07
855 3.4838630320669557e-07
856 3.6158175920636593e-07
857 3.4136335190710517e-07
858 3.520194349379272e-07
859 3.2327839127311175e-07
860 3.583825049929159e-07
861 3.3900463052346e-07
862 3.551520173149788e-07
863 3.5450538957397384e-07
864 3.45492851612152e-07
865 3.4787463528408906e-07
866 3.2658038977432876e-07
867 3.6717716845807556e-07
868 3.497272329895788e-07
869 3.8647492276206083e-07
870 3.7501093188310836e-07
871 3.6458511098770427e-07
872 3.663742065741861e-07
873 3.5254965689846107e-07
874 3.5009176848221696e-07
875 3.467242399611229e-07
876 3.418383870151138e-07
877 3.6506259731074824e-07
878 3.1577198654732493e-07
879 3.417779556204506e-07
880 3.4498791587670195e-07
881 3.6619856440624983e-07
882 3.406924054728633e-07
883 3.473502198381722e-07
884 3.3817203581046366e-07
885 3.000785478197822e-07
886 3.812235444099697e-07
887 3.7924514858462975e-07
888 3.6441729675367056e-07
889 3.746106652359084e-07
890 3.6742821906274635e-07
891 3.6391356085196176e-07
892 3.490937367911327e-07
893 3.3253016586477076e-07
894 3.5728458265749284e-07
895 3.4707247670142066e-07
896 3.5452601979378485e-07
897 3.509926910944214e-07
898 3.3798083156698534e-07
899 3.3923990986243603e-07
900 3.409850276153697e-07
901 3.172543725116345e-07
902 3.5750089635487714e-07
903 3.782310368920157e-07
904 3.5569076187200966e-07
905 3.5418480659855496e-07
906 3.406979220948976e-07
907 3.7965496300956845e-07
908 3.5273272182131113e-07
909 3.464322378723286e-07
910 3.3233191697219046e-07
911 3.648669678291836e-07
912 3.459666583917599e-07
913 3.6678301317870746e-07
914 3.3677428933449173e-07
915 3.5182885733292464e-07
916 3.6768696030906894e-07
917 3.4110831832857456e-07
918 3.1808631168855173e-07
919 3.3659338851075185e-07
920 3.486262118141538e-07
921 3.373914919959425e-07
922 3.693654050779737e-07
923 3.558219004063083e-07
924 3.394893600790308e-07
925 3.186691376857874e-07
926 3.5779420153943624e-07
927 3.6109690677476354e-07
928 3.4247111558737054e-07
929 3.4825013403629025e-07
930 3.595746458837285e-07
931 3.7477660512081675e-07
932 3.4204529113171763e-07
933 3.72132958224157e-07
934 3.434575469261889e-07
935 3.3778765561717947e-07
936 3.399807086579928e-07
937 3.467655997435714e-07
938 3.3138258943268176e-07
939 3.6651503644263133e-07
940 3.656533320130125e-07
941 3.687497103744378e-07
942 3.7691082541490737e-07
943 3.5311089345649525e-07
944 3.804936542418537e-07
945 3.6781442655533473e-07
946 3.4429311042337843e-07
947 3.6982252135625623e-07
948 3.721548145533818e-07
949 3.5440527754643e-07
950 3.5497097213262613e-07
951 3.686818828299133e-07
952 3.5812075683666185e-07
953 3.592593538154509e-07
954 3.286322312428895e-07
955 3.4409134994282494e-07
956 3.535296952140917e-07
957 3.5237705415783373e-07
958 3.5367727871364723e-07
959 3.628204562753374e-07
960 3.4176282752394467e-07
961 3.4893024538098195e-07
962 3.755721697588183e-07
963 3.5624959404797736e-07
964 3.512012685808241e-07
965 3.5855311452378973e-07
966 3.4151549292054213e-07
967 3.4919077624964785e-07
968 3.577409793574663e-07
969 3.644811287711684e-07
970 3.438140984391994e-07
971 3.41424490128613e-07
972 3.5258530443325213e-07
973 3.362792494986977e-07
974 3.575338139798487e-07
975 3.806512963695941e-07
976 3.484478599307842e-07
977 3.6935875455549236e-07
978 3.6617653999312967e-07
979 3.5968601888601337e-07
980 3.4725286441855503e-07
981 3.5399829630668313e-07
982 3.3238229548416295e-07
983 3.792996753246711e-07
984 3.3222402992173495e-07
985 3.390597449016803e-07
986 3.691912841964346e-07
987 3.548873457397397e-07
988 3.6631853457694664e-07
989 3.578340229094699e-07
990 3.3229124852033085e-07
991 3.712050688987022e-07
992 3.659475162943426e-07
993 3.598102782444078e-07
994 3.593351013737896e-07
995 3.434685267414803e-07
996 3.756565800470145e-07
997 3.6180677385847374e-07
998 3.299766010817308e-07
999 3.386952107298674e-07
