0 5.796514023370425e-08
1 6.880949273718711e-08
2 6.90418115561984e-08
3 7.690098367053526e-08
4 8.065064470780554e-08
5 7.339311049995015e-08
6 6.988420115584833e-08
7 7.314996259795662e-08
8 8.153475797918473e-08
9 8.509470523343861e-08
10 9.457783858473275e-08
11 8.907251764205303e-08
12 8.838704235370534e-08
13 9.992671953124762e-08
14 5.026334606241203e-08
15 6.635733390050133e-08
16 6.362787689575539e-08
17 7.791717312070668e-08
18 7.533079896355159e-08
19 6.931225212109401e-08
20 7.82208560748161e-08
21 6.632291280808107e-08
22 8.346470211686609e-08
23 7.029450229381952e-08
24 7.411235213577974e-08
25 8.298728334969032e-08
26 7.42733203870283e-08
27 8.05623197545491e-08
28 6.682457465478355e-08
29 8.788199578714164e-08
30 8.206379025105529e-08
31 8.897398842907159e-08
32 7.104482515998115e-08
33 6.869540059848332e-08
34 7.34983550230238e-08
35 1.0362053439202648e-07
36 7.224608971101538e-08
37 5.892534179871292e-08
38 8.299726567435151e-08
39 6.307705080033593e-08
40 5.2748923711329074e-08
41 9.612712620368023e-08
42 8.391002700248982e-08
43 6.617188849401841e-08
44 6.919942269944557e-08
45 5.803275153739364e-08
46 7.085482280926564e-08
47 6.990515466347043e-08
48 7.737111062875986e-08
49 6.737769427489365e-08
50 6.817965750048627e-08
51 5.032936876382306e-08
52 8.058849145237346e-08
53 7.537470286257416e-08
54 8.917515144945201e-08
55 3.2494897016762006e-08
56 6.418443587006282e-08
57 8.090166012936974e-08
58 6.700775882197743e-08
59 6.093784355541389e-08
60 7.863675001784022e-08
61 1.0017486824783806e-07
62 5.3402964986718554e-08
63 7.31004337848263e-08
64 4.543188261471881e-08
65 6.521816905491612e-08
66 7.725423766469231e-08
67 8.831268197394935e-08
68 6.920578588309059e-08
69 9.705522055554428e-08
70 8.040037683974123e-08
71 8.427027121925803e-08
72 7.293100156939068e-08
73 6.83163416432998e-08
74 1.0577219331388754e-07
75 5.682305072373424e-08
76 6.709322799006026e-08
77 6.694142401815612e-08
78 7.410500130371313e-08
79 7.83530979119304e-08
80 5.819259207065438e-08
81 7.613632457209966e-08
82 5.595878614242573e-08
83 7.191897390813783e-08
84 5.857301256663171e-08
85 5.432924164930028e-08
86 9.819229205730894e-08
87 5.760143635331954e-08
88 1.0979108190593757e-07
89 5.419966783242892e-08
90 4.315430691084512e-08
91 5.572567835907041e-08
92 7.365504997539195e-08
93 8.300987493791762e-08
94 7.064633879354553e-08
95 9.383020264321824e-08
96 8.112907984186731e-08
97 9.322352407783638e-08
98 6.648720471112146e-08
99 5.417132103167157e-08
100 7.863342193098121e-08
101 7.88133549443342e-08
102 8.57599999857835e-08
103 6.65125487291188e-08
104 7.621786201067392e-08
105 7.964956839995905e-08
106 6.707935000852114e-08
107 7.703828722485159e-08
108 9.088574487490587e-08
109 6.040178234535989e-08
110 8.242896312634341e-08
111 6.759900022984941e-08
112 6.596579451707517e-08
113 7.535979976773771e-08
114 6.392330381998165e-08
115 1.0367559895836303e-07
116 5.628151500514065e-08
117 9.185954375300067e-08
118 7.775461850387576e-08
119 6.968476723178561e-08
120 6.800097765082111e-08
121 5.818087511362524e-08
122 7.669207666514793e-08
123 9.668510212290788e-08
124 9.58846853261039e-08
125 7.887858897554377e-08
126 9.52923101468177e-08
127 5.8057217037569804e-08
128 7.514026863127889e-08
129 7.72813592664182e-08
130 7.962671679411786e-08
131 5.930762804555676e-08
132 8.047152901781958e-08
133 7.068565106314232e-08
134 8.187042678356821e-08
135 6.538663036171591e-08
136 6.998880592574015e-08
137 5.683804996583711e-08
138 7.572834408132348e-08
139 6.478110991178806e-08
140 5.134230743504796e-08
141 5.048611556991354e-08
142 5.219369635165468e-08
143 8.616144795573945e-08
144 7.88678553444158e-08
145 7.64253010844467e-08
146 9.877243727869821e-08
147 9.000040141093937e-08
148 7.26481896348707e-08
149 8.39292020742738e-08
150 3.770704558023422e-08
151 6.614955242411645e-08
152 8.499095625911385e-08
153 8.09735897843024e-08
154 7.224374706211335e-08
155 5.122158310032194e-08
156 6.590177719860481e-08
157 6.97249293118819e-08
158 9.0941464041084e-08
159 9.018787550505468e-08
160 6.760272724224816e-08
161 4.8112233389210963e-08
162 5.216925713037077e-08
163 7.251415473199417e-08
164 8.058359570624166e-08
165 9.929842524896e-08
166 7.048641201534806e-08
167 8.246257779381814e-08
168 7.711668212197335e-08
169 6.455653237803447e-08
170 8.291455976424457e-08
171 5.441884704849642e-08
172 7.583603446948847e-08
173 5.766740096669021e-08
174 7.794415114199306e-08
175 7.499413829138843e-08
176 9.601004341443307e-08
177 9.914080998294466e-08
178 8.026562766533104e-08
179 6.020046917920792e-08
180 7.92634243657613e-08
181 7.528429498193513e-08
182 7.195940596903494e-08
183 5.51365936597998e-08
184 7.287837639407992e-08
185 5.919345123657798e-08
186 6.142072780664162e-08
187 8.666134788309901e-08
188 8.557392582440212e-08
189 6.639308461754373e-08
190 8.662578768904753e-08
191 6.962693380419314e-08
192 8.546018076097712e-08
193 7.747507095440532e-08
194 9.464864711738525e-08
195 8.345289391813985e-08
196 7.921126065966314e-08
197 7.670593637177024e-08
198 8.260480070853133e-08
199 4.9958237288339415e-08
200 9.172818895288965e-08
201 6.946056496266211e-08
202 9.012639662273769e-08
203 8.8841372806028e-08
204 8.21283863373842e-08
205 7.5880704832635e-08
206 6.085524519468385e-08
207 9.530366733005814e-08
208 7.671397384085175e-08
209 6.841276997138064e-08
210 7.442278609724048e-08
211 7.52734912673396e-08
212 9.478745218594886e-08
213 7.281526126600045e-08
214 7.500456472317963e-08
215 7.625017291406147e-08
216 7.155638232685374e-08
217 6.057352070631433e-08
218 8.686017064100167e-08
219 7.11679038429942e-08
220 9.001589242786912e-08
221 5.653443327263133e-08
222 9.714328368933682e-08
223 8.0869919745402e-08
224 6.339455984221421e-08
225 7.724058372655369e-08
226 8.050220676498249e-08
227 5.9487925538695957e-08
228 8.947675785278681e-08
229 8.410906673918729e-08
230 5.829592597329873e-08
231 6.807629345240707e-08
232 7.212375092078494e-08
233 6.986677535994525e-08
234 9.824753837298381e-08
235 8.998934779933079e-08
236 6.570311456906559e-08
237 5.5552029225849774e-08
238 7.270190104783155e-08
239 6.832849453631827e-08
240 6.473904479982491e-08
241 7.212750376934263e-08
242 4.750079936431302e-08
243 5.25219780757437e-08
244 6.325272912358657e-08
245 6.546349705881157e-08
246 8.34028740082315e-08
247 8.253319418063858e-08
248 7.464438951481733e-08
249 7.649134651239066e-08
250 7.456616149374972e-08
251 8.016538277566822e-08
252 6.265397261941361e-08
253 6.357979329377848e-08
254 5.862349321099009e-08
255 8.216683049879088e-08
256 6.25953809552771e-08
257 7.905037552722771e-08
258 7.414381864742902e-08
259 9.240217457482094e-08
260 5.077289302215083e-08
261 4.670740548869894e-08
262 9.971774754135266e-08
263 6.872990452211013e-08
264 6.993785455359133e-08
265 6.136061305109553e-08
266 1.1335187394991645e-07
267 6.814852088137732e-08
268 5.8181298231429597e-08
269 8.351517057409937e-08
270 7.08806090853645e-08
271 5.719064007370197e-08
272 6.531244274008825e-08
273 8.822447108623962e-08
274 6.767207592857797e-08
275 7.976610371921024e-08
276 7.261504858439672e-08
277 9.241791406733326e-08
278 8.029925001381833e-08
279 8.432519391375878e-08
280 7.566329246167959e-08
281 6.64189804300902e-08
282 1.02613747825543e-07
283 7.807942317127367e-08
284 9.199980265986541e-08
285 7.000813309345994e-08
286 5.4208635880014106e-08
287 9.308455873346833e-08
288 6.590347651420982e-08
289 7.681817473493147e-08
290 6.919934252577494e-08
291 7.538315866070867e-08
292 7.62974425405405e-08
293 7.73805978154989e-08
294 7.101358339317772e-08
295 6.220214771131117e-08
296 8.703920900824231e-08
297 5.396379157501344e-08
298 7.013503277934426e-08
299 9.377870021667707e-08
300 6.520944290365538e-08
301 7.218585190098509e-08
302 7.406444801501931e-08
303 6.457594873045409e-08
304 5.249780432234643e-08
305 6.004029759048486e-08
306 6.920357675884768e-08
307 6.624547302441298e-08
308 8.929885658039951e-08
309 7.22521859052901e-08
310 7.530009327099604e-08
311 8.612823163747344e-08
312 7.140221110170668e-08
313 7.601184193541026e-08
314 6.593923205759244e-08
315 5.6407030871380075e-08
316 7.922674121654267e-08
317 5.858382664615758e-08
318 1.0056624391527381e-07
319 9.238820686471086e-08
320 6.307866637743446e-08
321 8.670008597227056e-08
322 7.316829108112667e-08
323 7.698828779753389e-08
324 7.373984543538715e-08
325 6.588617651972654e-08
326 7.965883777378902e-08
327 6.530218016457862e-08
328 5.6483496584558715e-08
329 7.375398301808538e-08
330 7.632171764596811e-08
331 1.0218432796520548e-07
332 6.693843052483601e-08
333 7.420038238226629e-08
334 7.275479616767717e-08
335 7.394323136485611e-08
336 8.018917614130061e-08
337 6.573424493288497e-08
338 7.022814398825126e-08
339 5.776867312493147e-08
340 6.77270398983933e-08
341 6.453031503532531e-08
342 8.980057481642556e-08
343 8.162630035536587e-08
344 7.622679618570259e-08
345 5.7020677554156533e-08
346 7.890099684855329e-08
347 4.9044193521680364e-08
348 8.355249550657281e-08
349 7.876439791125524e-08
350 7.624840272047041e-08
351 8.322656107651451e-08
352 7.178232585957393e-08
353 9.060232365422098e-08
354 7.135965102918681e-08
355 8.558514410581152e-08
356 7.058049374732968e-08
357 8.14888441761205e-08
358 8.76522209775928e-08
359 7.720899113673131e-08
360 8.140450594811259e-08
361 6.84298981030952e-08
362 7.102712715575245e-08
363 1.0464932992355081e-07
364 6.473315712185052e-08
365 9.759731777316358e-08
366 7.417837079616406e-08
367 7.378281716209691e-08
368 4.8300673372603125e-08
369 8.759461761045879e-08
370 8.423568953958282e-08
371 6.66387106191227e-08
372 5.3869220479825035e-08
373 5.613905059151769e-08
374 6.977953823483501e-08
375 7.498833686656096e-08
376 7.480932018251629e-08
377 6.230207334165254e-08
378 6.363613491473359e-08
379 6.923911521159956e-08
380 9.532305528258372e-08
381 6.978924829165595e-08
382 9.812711476603806e-08
383 5.67509952111866e-08
384 7.460223342963107e-08
385 9.939428147502296e-08
386 5.405176260063825e-08
387 6.914296005868314e-08
388 7.848097252610814e-08
389 3.659551523477565e-08
390 1.0462144694668645e-07
391 8.395526844934093e-08
392 7.065997466968592e-08
393 7.805293941851375e-08
394 8.360794008136516e-08
395 6.293020550401625e-08
396 8.455281365706825e-08
397 6.308616488351332e-08
398 7.392947712169645e-08
399 5.228896572303216e-08
400 6.082249543599307e-08
401 6.033597056250503e-08
402 8.195559493722298e-08
403 8.544807254461359e-08
404 8.08995484571021e-08
405 6.85043036806554e-08
406 1.023512041060189e-07
407 8.445339934022518e-08
408 5.766002618957438e-08
409 8.092046711991685e-08
410 9.338546764135483e-08
411 8.972020756098457e-08
412 6.839857782171433e-08
413 7.624612795918784e-08
414 5.8905464438402845e-08
415 8.304754927645628e-08
416 7.926099690847784e-08
417 6.764599049985851e-08
418 5.381399663932851e-08
419 8.147339005697976e-08
420 7.786126778319796e-08
421 7.123337124074576e-08
422 6.799845671666789e-08
423 6.39716446797148e-08
424 8.322832457148869e-08
425 6.159553299813505e-08
426 9.583121727448337e-08
427 6.839423173611938e-08
428 7.237623551519903e-08
429 6.701653500078626e-08
430 6.44740921378274e-08
431 8.762892785800285e-08
432 7.336847042106804e-08
433 7.087834895378378e-08
434 9.770716437709657e-08
435 7.74802408889436e-08
436 7.099098619371361e-08
437 5.261856538312648e-08
438 7.567823193406332e-08
439 8.409372756336312e-08
440 6.775331780033426e-08
441 6.848937517209008e-08
442 1.0359022472439201e-07
443 8.151183929253971e-08
444 7.779294629133467e-08
445 8.541092564636936e-08
446 6.540949227266615e-08
447 5.633118816215498e-08
448 8.315330571487693e-08
449 9.920504511388535e-08
450 7.844589808098232e-08
451 8.136116771909874e-08
452 6.029673426070225e-08
453 7.909662191289394e-08
454 8.741286783459253e-08
455 7.442639626360978e-08
456 6.323867406432797e-08
457 7.62182747792331e-08
458 7.22970233800996e-08
459 8.965769701527986e-08
460 9.574213846762147e-08
461 6.911850483274232e-08
462 6.929197814763245e-08
463 8.96137033772798e-08
464 5.593617215851296e-08
465 5.711735252383218e-08
466 6.617381787961521e-08
467 7.897632434606157e-08
468 5.3860264780390227e-08
469 7.810605206155693e-08
470 9.475584483631951e-08
471 8.105298328177636e-08
472 1.0052300506719271e-07
473 9.57066300493809e-08
474 6.080853933625529e-08
475 6.903222848954896e-08
476 6.95483776875577e-08
477 9.162170249489852e-08
478 6.998225404592217e-08
479 5.923028854414549e-08
480 6.947809504924402e-08
481 7.034384210818947e-08
482 8.797026181228279e-08
483 8.007917078204796e-08
484 8.733978665406142e-08
485 7.607997247738676e-08
486 7.726637076511736e-08
487 6.969170871941429e-08
488 7.561031280295217e-08
489 6.69883340545034e-08
490 6.052098073393534e-08
491 7.711418154045818e-08
492 6.894769079341915e-08
493 8.052547312434648e-08
494 5.511464813821751e-08
495 6.599952208518205e-08
496 8.999847273374948e-08
497 6.194258458851698e-08
498 7.229483464113777e-08
499 8.461051938255849e-08
500 6.276649321648253e-08
501 5.870951963747369e-08
502 5.0360271259494737e-08
503 8.161759051815641e-08
504 9.047554886037295e-08
505 7.691001851518706e-08
506 8.421650459100008e-08
507 9.360099674443828e-08
508 7.217749617364445e-08
509 6.76164049643665e-08
510 6.297823934447247e-08
511 9.908203406907174e-08
512 6.288137466991539e-08
513 7.428212951387315e-08
514 9.099291858075908e-08
515 7.359112623648306e-08
516 8.097585270449562e-08
517 7.426768601362736e-08
518 9.787806122467988e-08
519 7.333732463698878e-08
520 7.602481379306321e-08
521 6.380118612346539e-08
522 8.352493737049422e-08
523 5.908972399629203e-08
524 5.584990555023712e-08
525 8.881126422266816e-08
526 8.136273891457716e-08
527 6.591912868710543e-08
528 9.722997050257227e-08
529 9.022131040527134e-08
530 7.721193671571256e-08
531 6.040384674689478e-08
532 6.819675597087398e-08
533 6.215735300161254e-08
534 8.522052265818373e-08
535 8.458507167796371e-08
536 9.710426443749021e-08
537 7.262814242003413e-08
538 9.243957326228668e-08
539 6.36163126763342e-08
540 7.450151692100676e-08
541 7.439021340016696e-08
542 7.768705758215084e-08
543 7.808025771337609e-08
544 5.695574861453457e-08
545 7.905418755482497e-08
546 7.207926532268084e-08
547 6.713829177331401e-08
548 7.239156260198396e-08
549 8.95513805567861e-08
550 7.994483073249182e-08
551 7.46944114178113e-08
552 8.840147162903098e-08
553 8.260770115930028e-08
554 6.705431810112712e-08
555 6.21034402529854e-08
556 8.023357952838454e-08
557 8.558515573844863e-08
558 8.111399013481127e-08
559 6.079908996156086e-08
560 7.447876660065335e-08
561 8.098116465517967e-08
562 7.085736670619268e-08
563 5.393782079758792e-08
564 6.391961744768351e-08
565 7.750804428808236e-08
566 7.299527303833053e-08
567 7.412396395453847e-08
568 9.070946816977281e-08
569 6.907724213354257e-08
570 9.277730962909397e-08
571 7.076524337001773e-08
572 6.172288105916822e-08
573 7.243525111642644e-08
574 1.0136698221804121e-07
575 7.285151000218949e-08
576 7.616874453516375e-08
577 7.392008336151046e-08
578 8.07701917395451e-08
579 8.32175510281384e-08
580 7.418932661250502e-08
581 9.43121164571207e-08
582 8.640708101976347e-08
583 6.350453912828325e-08
584 7.672542403834432e-08
585 8.495250505197332e-08
586 6.291244063322764e-08
587 7.263918640157715e-08
588 6.916491198599633e-08
589 7.328063104967464e-08
590 9.16750936933719e-08
591 7.055142001686244e-08
592 9.133538786826217e-08
593 8.135888547362505e-08
594 6.563051297734307e-08
595 6.307718950560485e-08
596 6.060802040695846e-08
597 4.960747770265864e-08
598 5.5891127263191366e-08
599 9.837905470333585e-08
600 5.506725981161454e-08
601 9.625040805109232e-08
602 7.369996960390815e-08
603 7.659410097320062e-08
604 7.985751024191536e-08
605 7.44891873777048e-08
606 5.667221749102406e-08
607 6.601035433649298e-08
608 6.838047961199247e-08
609 7.501625345402466e-08
610 6.092247090974382e-08
611 6.58455618130452e-08
612 6.295916181160662e-08
613 8.626337624984838e-08
614 6.024909069258482e-08
615 9.426479781459807e-08
616 7.248825709136803e-08
617 8.674794477106854e-08
618 1.080462571140587e-07
619 6.851588724727589e-08
620 8.752022312792001e-08
621 6.190284665234042e-08
622 7.388832127553704e-08
623 6.474063266371055e-08
624 7.464308641554511e-08
625 7.192513762764031e-08
626 1.029897771028823e-07
627 5.918089477734645e-08
628 8.033607510166136e-08
629 8.572469495651848e-08
630 6.313385046015594e-08
631 8.17013043848772e-08
632 7.905056217596773e-08
633 6.549763474927717e-08
634 9.549634232452854e-08
635 8.361304985018423e-08
636 7.299760572130096e-08
637 7.808586210556825e-08
638 6.537230942090166e-08
639 9.196882624977368e-08
640 7.303333912547742e-08
641 6.91707578574865e-08
642 9.478391481835523e-08
643 5.984864215844173e-08
644 7.324302154031042e-08
645 7.593868702051663e-08
646 6.896918879743509e-08
647 5.8823233975873046e-08
648 6.524384774316037e-08
649 7.892481773121309e-08
650 6.706315111014269e-08
651 7.279445678625934e-08
652 8.047144110352154e-08
653 7.061666868124381e-08
654 6.409387354535784e-08
655 7.805125054685781e-08
656 7.469291120032074e-08
657 8.148343327727842e-08
658 6.618995012487045e-08
659 7.359646441618341e-08
660 6.369940599107415e-08
661 1.0533872253034711e-07
662 5.957455482978827e-08
663 6.360098636699697e-08
664 7.570669791111933e-08
665 7.245111423637113e-08
666 8.922668139506823e-08
667 8.255909895045831e-08
668 8.404373169138758e-08
669 7.517908741093056e-08
670 9.267787646991706e-08
671 6.60310401148423e-08
672 7.493485112938503e-08
673 8.999428373103724e-08
674 6.085204319053044e-08
675 9.896366496547976e-08
676 5.2320347834210334e-08
677 7.068942264442586e-08
678 7.637773821017975e-08
679 9.895155257737343e-08
680 5.0856763987646204e-08
681 5.771053793108608e-08
682 8.096320014306136e-08
683 5.447566590272678e-08
684 4.458075352018456e-08
685 7.949665786598245e-08
686 8.09613732500398e-08
687 8.437215783899738e-08
688 8.897676177550772e-08
689 5.7678793410695035e-08
690 8.23977716566227e-08
691 7.826825525697465e-08
692 7.033194571163293e-08
693 5.5961913181112555e-08
694 7.541609886338982e-08
695 6.156079394063859e-08
696 6.981411975147747e-08
697 9.124863669415181e-08
698 9.863203697241728e-08
699 8.69831078212108e-08
700 9.078448361198713e-08
701 6.05739134670476e-08
702 5.7236047366425046e-08
703 8.35470327661542e-08
704 6.788583811214303e-08
705 7.199211385875681e-08
706 6.428582693878016e-08
707 5.846453582785258e-08
708 4.889296902983588e-08
709 6.870748025392886e-08
710 7.725766156031978e-08
711 7.131862508684481e-08
712 8.003258507514716e-08
713 8.397281539036847e-08
714 7.436904462109054e-08
715 8.825694702986019e-08
716 5.6933004431292076e-08
717 8.452311930038184e-08
718 6.938296859009112e-08
719 6.686054537478666e-08
720 7.826412383192125e-08
721 5.5680061686442266e-08
722 7.502820718219309e-08
723 9.402020478186022e-08
724 8.720523480238892e-08
725 5.586670891911295e-08
726 6.735953044436455e-08
727 7.807358444435118e-08
728 4.9413108028326934e-08
729 9.535549312038998e-08
730 8.177926930364312e-08
731 7.00273095215168e-08
732 4.530268063701134e-08
733 8.035570079583825e-08
734 6.950371931136012e-08
735 8.41310716104222e-08
736 5.047098953755728e-08
737 7.321448059995326e-08
738 7.752067624102369e-08
739 7.351791598697062e-08
740 7.398376869480522e-08
741 8.56142783798934e-08
742 7.060223123769357e-08
743 6.960749818101768e-08
744 7.615510221988996e-08
745 7.738934657566396e-08
746 6.273044728207533e-08
747 7.107890707436125e-08
748 1.1032293467501822e-07
749 8.294357263618883e-08
750 8.026199383911668e-08
751 9.731338050804294e-08
752 7.607256599626673e-08
753 7.01895716966408e-08
754 5.8447447071080934e-08
755 7.987014370133145e-08
756 9.984085686482118e-08
757 8.477552363563848e-08
758 8.808261739784407e-08
759 6.79099347888132e-08
760 7.212287053224655e-08
761 7.271181393804688e-08
762 7.656862755151234e-08
763 4.582228140302653e-08
764 8.722681382057137e-08
765 8.04702228098038e-08
766 7.321216723502338e-08
767 7.455738957841325e-08
768 6.879343215656057e-08
769 7.853113148486657e-08
770 7.916982208978618e-08
771 6.987991662460015e-08
772 6.742984680245608e-08
773 7.403087165492292e-08
774 8.836451400076567e-08
775 8.01903394880695e-08
776 4.9175380771428094e-08
777 4.922256271310588e-08
778 7.269125631095842e-08
779 6.620231561851764e-08
780 7.578449977218951e-08
781 7.08550501452118e-08
782 6.939057305726179e-08
783 8.450762176821199e-08
784 7.661270126982364e-08
785 5.515487328881994e-08
786 6.994074125536261e-08
787 5.313398376565446e-08
788 6.120095780473924e-08
789 7.944713108543732e-08
790 7.544483940756092e-08
791 8.100465953084495e-08
792 6.046590136233134e-08
793 7.99567316636888e-08
794 9.072077556066118e-08
795 6.497887850026143e-08
796 8.91110117278385e-08
797 8.073025530860409e-08
798 8.568697024510905e-08
799 5.069289400407532e-08
800 7.994907997316655e-08
801 7.619300827681276e-08
802 7.465222990831289e-08
803 5.791888878729165e-08
804 6.806838667053829e-08
805 5.3158614638987913e-08
806 7.453644310177505e-08
807 7.702289953870679e-08
808 8.4226965812913e-08
809 4.5783080149502254e-08
810 8.357753523710035e-08
811 6.539384094910861e-08
812 8.103132667508899e-08
813 8.856358104617766e-08
814 1.0026333524010742e-07
815 7.145429985304116e-08
816 9.502601856433613e-08
817 6.26682471044508e-08
818 8.850503529821635e-08
819 7.871347227018297e-08
820 6.59487407290172e-08
821 7.80245724350923e-08
822 8.129835786891986e-08
823 8.275440122932676e-08
824 9.28157238327689e-08
825 7.096101550617979e-08
826 9.703676414695819e-08
827 8.472533483528896e-08
828 5.417378647795807e-08
829 8.057752575249832e-08
830 6.741717801183387e-08
831 4.648495593074163e-08
832 7.885046246409045e-08
833 6.558256995186726e-08
834 8.326622311221142e-08
835 8.6651933280885e-08
836 7.089880049367531e-08
837 7.850429202768425e-08
838 9.300773043270025e-08
839 6.949441859146625e-08
840 1.0002125622774055e-07
841 8.113228862657908e-08
842 6.067158072614188e-08
843 1.0006539838673405e-07
844 7.988756332075003e-08
845 7.62165219476144e-08
846 7.5722740105208e-08
847 8.507994167395562e-08
848 7.894912074990791e-08
849 7.329921974130541e-08
850 7.754585208432014e-08
851 6.818488309935034e-08
852 7.496819631023506e-08
853 7.812186316991229e-08
854 6.323020856440916e-08
855 8.133056429692317e-08
856 7.762722202660316e-08
857 9.02648254299423e-08
858 9.597811202975239e-08
859 5.730627429102379e-08
860 5.0524667133009756e-08
861 6.840699476246424e-08
862 5.2800092491644835e-08
863 5.577910381157131e-08
864 7.276543950341578e-08
865 5.5386234380620454e-08
866 5.493881549136934e-08
867 7.737747687290967e-08
868 6.587078197772324e-08
869 7.597452206643652e-08
870 7.27942818553068e-08
871 6.991212436858705e-08
872 5.422610239003476e-08
873 6.15281597259222e-08
874 5.8889844939037696e-08
875 7.979966979550754e-08
876 7.282552518263643e-08
877 8.432419868940582e-08
878 7.6857915369186e-08
879 6.444618734731088e-08
880 6.985031025367062e-08
881 8.357949084924618e-08
882 8.70077223578302e-08
883 6.898449022354701e-08
884 6.242377121902902e-08
885 7.627637999494253e-08
886 6.527051773290796e-08
887 6.951529548020363e-08
888 6.133965271661526e-08
889 7.242008570860978e-08
890 7.598218781818857e-08
891 4.8285017127790253e-08
892 6.42822616921536e-08
893 8.26661834876704e-08
894 5.8404379665205423e-08
895 9.909060072794088e-08
896 5.544415590985751e-08
897 8.638017526574062e-08
898 7.839336900521077e-08
899 6.52224152080842e-08
900 9.754490031026095e-08
901 7.969030082299685e-08
902 9.350065467536178e-08
903 4.946871462252397e-08
904 7.03565512877675e-08
905 2.5002951666003286e-08
906 8.44269234458039e-08
907 5.139613641578991e-08
908 7.22708490585438e-08
909 8.391806561441876e-08
910 6.711695249434666e-08
911 7.394579613701611e-08
912 9.196950325536903e-08
913 9.078906819350418e-08
914 6.18945707420227e-08
915 8.759275643641731e-08
916 6.670671882743574e-08
917 9.382444489510555e-08
918 9.621473879609443e-08
919 7.497941778905279e-08
920 7.190319808633227e-08
921 8.79413812114871e-08
922 8.1143961884956e-08
923 7.807237439737634e-08
924 8.858335334391464e-08
925 6.588762197515495e-08
926 4.9048891721757105e-08
927 9.892972889262575e-08
928 5.7299378580330235e-08
929 7.421668154467933e-08
930 6.634218673344988e-08
931 7.10101862189702e-08
932 7.263532795408543e-08
933 5.069201846851321e-08
934 8.755795290180173e-08
935 5.5186107984597014e-08
936 8.674522189249106e-08
937 8.339814834510473e-08
938 6.886385358678298e-08
939 6.38696285492215e-08
940 9.43887288128007e-08
941 8.599592303615466e-08
942 5.872053818513423e-08
943 8.121369398561108e-08
944 6.015073899216533e-08
945 6.131257099258676e-08
946 9.70339730654931e-08
947 4.821118278680651e-08
948 5.943325800716453e-08
949 4.596819679909087e-08
950 8.201283947724542e-08
951 5.037892906892661e-08
952 7.404154186748695e-08
953 7.934934885488577e-08
954 8.208115566513892e-08
955 8.298144257668662e-08
956 7.007921053911339e-08
957 8.33125659543728e-08
958 6.497521536307911e-08
959 6.459385691731276e-08
960 7.10869409629635e-08
961 6.634047875205632e-08
962 8.25379439426682e-08
963 9.500114636589138e-08
964 8.26681079762838e-08
965 8.34012849451882e-08
966 7.772199544883448e-08
967 5.700765989374153e-08
968 6.672902073775207e-08
969 7.495933347485385e-08
970 6.314023639756274e-08
971 6.626172404801469e-08
972 7.441602448824909e-08
973 1.0571605567721332e-07
974 7.648556848063903e-08
975 8.337228249984857e-08
976 6.094429005192304e-08
977 6.39365041291408e-08
978 8.400994575404777e-08
979 5.327720399558613e-08
980 8.671024078271869e-08
981 6.530257993554892e-08
982 5.9264204865309866e-08
983 5.534641883486341e-08
984 7.022189873462022e-08
985 7.883674097299184e-08
986 9.321500724027497e-08
987 6.104304834322688e-08
988 9.487175136804315e-08
989 8.080641452550532e-08
990 5.62741294231669e-08
991 6.531135327623291e-08
992 7.116454980133709e-08
993 4.408524916102989e-08
994 4.6669547655659185e-08
995 5.7015911556419385e-08
996 7.293264110827898e-08
997 6.686767195979578e-08
998 6.242816713734476e-08
999 8.131060876958094e-08
