0 9.450438268865314e-07
1 8.819887202718834e-07
2 9.420309390740977e-07
3 9.172090327380894e-07
4 9.204095993179875e-07
5 9.225543014019312e-07
6 8.614501377569037e-07
7 9.503576565310985e-07
8 9.094264481770584e-07
9 9.085035405852381e-07
10 8.868676458162215e-07
11 8.683601174838265e-07
12 8.540258196526311e-07
13 8.822718660506114e-07
14 9.424662649789946e-07
15 9.225549502059366e-07
16 8.697617425270967e-07
17 9.052144584820614e-07
18 9.193535882065338e-07
19 8.999343733086771e-07
20 8.960799735956602e-07
21 9.112186258992171e-07
22 8.965551212523758e-07
23 9.195726471928861e-07
24 8.985404795631284e-07
25 8.714163837957437e-07
26 8.960131640242809e-07
27 8.791529993713363e-07
28 9.483040783539605e-07
29 9.140263258323988e-07
30 8.934974285594924e-07
31 8.839661972887385e-07
32 8.994243576114997e-07
33 8.960400443101998e-07
34 9.171065446336599e-07
35 8.752587867831869e-07
36 8.938317318740995e-07
37 9.002683785802822e-07
38 8.956706660943422e-07
39 8.957958537033088e-07
40 9.380663174295532e-07
41 8.842723907333274e-07
42 8.832998508905483e-07
43 8.896560134937965e-07
44 9.121907018633672e-07
45 9.15415527570173e-07
46 8.956834577804778e-07
47 9.004990552607646e-07
48 8.97022570524765e-07
49 9.313497027369188e-07
50 9.255424936788973e-07
51 9.421194158650637e-07
52 9.176848411228204e-07
53 9.231722351110802e-07
54 8.930126349899719e-07
55 9.407276263597137e-07
56 9.101715881191307e-07
57 9.053586269583551e-07
58 9.382852258175671e-07
59 9.244197690564611e-07
60 9.091276992683001e-07
61 8.625840084697336e-07
62 9.331248362797596e-07
63 8.936872961917198e-07
64 9.441383358118752e-07
65 9.342369410078778e-07
66 8.856130087907303e-07
67 8.916641837188502e-07
68 8.944333250393721e-07
69 8.759627130378042e-07
70 8.802608864031657e-07
71 8.875191216111458e-07
72 9.253017176596755e-07
73 9.049794414554858e-07
74 8.639881039684619e-07
75 9.164140471306107e-07
76 8.94576732656539e-07
77 9.054604552934466e-07
78 8.917779610113033e-07
79 8.935878223336396e-07
80 8.814436794239081e-07
81 9.107690987339453e-07
82 9.176872487975159e-07
83 9.140370789155407e-07
84 9.535026464997308e-07
85 8.867573825936441e-07
86 8.747181971188922e-07
87 9.427980556603367e-07
88 8.739887658832137e-07
89 9.310323666339777e-07
90 9.117610796667451e-07
91 9.73043832344296e-07
92 8.967508332512672e-07
93 8.856579596119228e-07
94 9.405875977177483e-07
95 8.886136783084264e-07
96 8.872408495751425e-07
97 8.654459454227099e-07
98 9.141172634709784e-07
99 9.380175685154139e-07
100 8.771223935643408e-07
101 8.947038418967807e-07
102 8.939523793631915e-07
103 9.199122121782179e-07
104 9.019249474854485e-07
105 8.785666322519711e-07
106 9.281168618378181e-07
107 9.177895680092876e-07
108 8.532616378451092e-07
109 9.339629913338638e-07
110 9.041573959904808e-07
111 8.860400485249302e-07
112 9.437165231236457e-07
113 8.830446519821002e-07
114 9.576837196058925e-07
115 8.947529561526153e-07
116 9.364042946868122e-07
117 8.56359552777538e-07
118 9.325438839616424e-07
119 8.727361455462161e-07
120 9.202681496542605e-07
121 9.058058954899353e-07
122 9.033143176384864e-07
123 8.770488305518563e-07
124 9.211255921884492e-07
125 8.91187715942575e-07
126 9.019393331152122e-07
127 9.164656348351318e-07
128 9.079494939795843e-07
129 8.725115989017749e-07
130 8.907231317958136e-07
131 9.364855560908948e-07
132 9.010735027735879e-07
133 9.086626046257661e-07
134 9.203563861129596e-07
135 9.061944577614463e-07
136 9.091950652222631e-07
137 9.550636693502411e-07
138 9.387952581479493e-07
139 9.119539171220272e-07
140 9.38958964839724e-07
141 9.6898184308409e-07
142 9.279685641805465e-07
143 8.827782755028037e-07
144 8.818951842880678e-07
145 9.3245154494092e-07
146 8.753543606129011e-07
147 8.744587801865107e-07
148 9.226609039461806e-07
149 8.639863713136093e-07
150 9.82619813842016e-07
151 9.292433636826928e-07
152 9.082501615717873e-07
153 8.861020098168489e-07
154 8.867435721813219e-07
155 9.521548311968114e-07
156 9.365652411546591e-07
157 9.103870083141698e-07
158 8.705888661578485e-07
159 8.790379257805371e-07
160 9.070306603658703e-07
161 9.247977136070567e-07
162 9.447842260025224e-07
163 9.142708315124379e-07
164 8.616444987256125e-07
165 8.422774881755596e-07
166 9.047235888127923e-07
167 8.645827236092963e-07
168 9.162865076200214e-07
169 9.05704443140143e-07
170 9.089206344476946e-07
171 9.339640160004813e-07
172 8.789443822912674e-07
173 9.167591786290249e-07
174 8.992451456268859e-07
175 9.07193721419102e-07
176 9.099155979876242e-07
177 8.570294110518428e-07
178 9.1678469248903e-07
179 9.380267943790418e-07
180 9.005897764960247e-07
181 9.133240877745863e-07
182 8.547537194156442e-07
183 9.471108756038884e-07
184 8.761430087221547e-07
185 9.156055047451055e-07
186 9.212439605944531e-07
187 9.088720974373428e-07
188 9.475467964086382e-07
189 9.136119612989827e-07
190 8.820451132294795e-07
191 9.230164800983522e-07
192 8.997156831799283e-07
193 8.935949135432568e-07
194 8.531634284230743e-07
195 8.615673497730982e-07
196 8.969436929652933e-07
197 9.059842797225025e-07
198 8.960945243098847e-07
199 9.49394573317339e-07
200 8.721584378320585e-07
201 9.212792423531246e-07
202 8.910439588749418e-07
203 8.889466830819852e-07
204 9.358325689904545e-07
205 9.33398443623132e-07
206 9.360085461974759e-07
207 8.751152946307813e-07
208 9.324388940003508e-07
209 9.122051469838261e-07
210 8.875625491268163e-07
211 8.828019432618001e-07
212 9.025376374741475e-07
213 8.79059772845476e-07
214 8.665434090472054e-07
215 8.973884986534646e-07
216 9.080950614757928e-07
217 9.259723549916351e-07
218 8.820867849980597e-07
219 8.829603236871083e-07
220 9.319077552173118e-07
221 9.404045785197788e-07
222 8.796558367746725e-07
223 9.224607099683866e-07
224 8.976891993601437e-07
225 9.516477071109142e-07
226 8.968025178165969e-07
227 9.391425805400303e-07
228 8.966736713172752e-07
229 9.200068675115715e-07
230 8.933961077588722e-07
231 9.104264561156933e-07
232 9.188168805245811e-07
233 9.034966192456956e-07
234 8.839689530617855e-07
235 9.159748218612424e-07
236 9.861627170553165e-07
237 9.236467531127722e-07
238 9.219306125251711e-07
239 9.448798711918994e-07
240 8.848753584013448e-07
241 9.300468658273462e-07
242 9.068798403303545e-07
243 9.303346672860506e-07
244 9.072646756255006e-07
245 9.212469326288214e-07
246 8.873853996193568e-07
247 8.395634730167449e-07
248 8.547168708997832e-07
249 9.282361564912685e-07
250 8.958738260462221e-07
251 8.998335458675363e-07
252 9.31002939629706e-07
253 9.50993992183015e-07
254 9.129107600625228e-07
255 9.042818589267179e-07
256 9.496479509312377e-07
257 8.524678433458602e-07
258 9.114496156556079e-07
259 8.912942602447095e-07
260 9.231256069316265e-07
261 9.402253177243897e-07
262 8.836067883628996e-07
263 8.800508562762619e-07
264 9.39252833593782e-07
265 9.003922720728085e-07
266 9.013751260759032e-07
267 8.934470803234923e-07
268 9.392284611974898e-07
269 8.782923624296008e-07
270 9.4563039197293e-07
271 8.87437018194362e-07
272 8.964580150822353e-07
273 8.74907406408518e-07
274 9.069501172121451e-07
275 9.000964507232705e-07
276 8.732277411528021e-07
277 8.614475747386351e-07
278 9.058844758458195e-07
279 8.794392176345832e-07
280 8.957912002445412e-07
281 8.823661770983777e-07
282 8.912268094385465e-07
283 8.725785000388338e-07
284 8.529482344971024e-07
285 8.81704387481506e-07
286 8.965701755975406e-07
287 9.037852067081251e-07
288 9.065609001455738e-07
289 9.16949548095794e-07
290 9.160165974760827e-07
291 8.975390448557686e-07
292 8.792586635136567e-07
293 8.935006983532217e-07
294 8.827629307026703e-07
295 9.612822663803441e-07
296 8.641902052739913e-07
297 9.411293281232165e-07
298 9.243704757546867e-07
299 8.615966266399841e-07
300 9.192434387128669e-07
301 8.993459104848579e-07
302 8.906699327723931e-07
303 8.9690331185874e-07
304 9.246234839349141e-07
305 8.937801494911642e-07
306 8.75562954093757e-07
307 9.519483203469019e-07
308 9.046486855138822e-07
309 9.446954030361773e-07
310 8.827812226579447e-07
311 8.993753690024623e-07
312 8.894155682311054e-07
313 8.862767656934316e-07
314 9.182547499370272e-07
315 9.452815793033702e-07
316 9.267755737112128e-07
317 9.386803870955306e-07
318 8.318165550944216e-07
319 8.562143825402029e-07
320 9.427224535166838e-07
321 8.692822242994226e-07
322 8.9894770081461e-07
323 8.69638928410594e-07
324 9.038649173926878e-07
325 8.937717110356795e-07
326 8.93112116903146e-07
327 9.330696946697292e-07
328 9.03669966165657e-07
329 9.060228008043059e-07
330 9.001700876451729e-07
331 8.722322009371795e-07
332 9.294683798759073e-07
333 8.739072104221392e-07
334 8.542209502792777e-07
335 9.281155047027699e-07
336 8.752324523807601e-07
337 9.053821715217082e-07
338 9.276742986090054e-07
339 9.101590574867818e-07
340 9.089191621254387e-07
341 8.906336778927476e-07
342 8.494161139373898e-07
343 9.524674194746544e-07
344 9.244402716557514e-07
345 9.231546380853701e-07
346 9.120578212093166e-07
347 8.977775104039123e-07
348 8.987281546042462e-07
349 8.874362057859533e-07
350 9.429848814754535e-07
351 9.051067811020736e-07
352 8.886228808783921e-07
353 9.338100100323334e-07
354 8.897051818846865e-07
355 8.763547816085532e-07
356 9.264410378739939e-07
357 8.848101936838864e-07
358 8.734553308110047e-07
359 9.158990868044411e-07
360 9.025313300885678e-07
361 8.899087047531611e-07
362 8.80117713061619e-07
363 8.748099428285327e-07
364 9.122304433788426e-07
365 8.916603162766835e-07
366 9.096061430592436e-07
367 8.815566012947027e-07
368 9.37239695254317e-07
369 9.157171037727759e-07
370 9.202169963662006e-07
371 9.234569985490827e-07
372 9.061473917409369e-07
373 9.323350582542002e-07
374 8.961016185990498e-07
375 9.231393438650835e-07
376 9.049417164831982e-07
377 8.988630879212432e-07
378 9.337383155996923e-07
379 9.056256520010676e-07
380 9.162855282709177e-07
381 8.845358095450425e-07
382 8.675858702837093e-07
383 9.400173762726778e-07
384 9.057086790305182e-07
385 8.804324814494937e-07
386 9.030959976469944e-07
387 8.913148860852433e-07
388 9.074990279560498e-07
389 9.71594206374171e-07
390 8.762294145639162e-07
391 8.530478710454575e-07
392 9.187854182125978e-07
393 8.966927666257466e-07
394 9.293200781250872e-07
395 9.009009784904877e-07
396 8.80879535930914e-07
397 8.967548324529363e-07
398 9.014396214068348e-07
399 9.262959448193496e-07
400 9.457575855527241e-07
401 8.921647960507186e-07
402 9.224936752506946e-07
403 8.863385200094992e-07
404 8.960508359681825e-07
405 9.307540262953838e-07
406 8.698780399732973e-07
407 9.027270908534759e-07
408 9.236336824421863e-07
409 8.928967702485662e-07
410 8.600273555399837e-07
411 8.774332331541348e-07
412 9.363948523637422e-07
413 8.916717286781602e-07
414 9.393849733048062e-07
415 8.459712398678918e-07
416 8.713226123734702e-07
417 9.055542427554579e-07
418 8.889924492157053e-07
419 8.61820267545436e-07
420 9.200178180632114e-07
421 8.980366863819319e-07
422 9.227416697058834e-07
423 9.05082025537172e-07
424 8.96846447703648e-07
425 9.283108363094134e-07
426 9.092303584457163e-07
427 9.159485779307012e-07
428 9.250661888980577e-07
429 9.444482327701658e-07
430 9.289469446130133e-07
431 9.22395847801727e-07
432 9.122533514468155e-07
433 8.914959858535624e-07
434 8.845222782676619e-07
435 8.720811596008183e-07
436 8.85225289904866e-07
437 9.041961963239989e-07
438 8.850082031621077e-07
439 8.897334149370083e-07
440 9.189048504581788e-07
441 8.904933284014554e-07
442 8.483982008928e-07
443 8.955645348548362e-07
444 8.937811671572798e-07
445 8.806957219259491e-07
446 9.016857297042967e-07
447 9.285122892778957e-07
448 8.702058189714892e-07
449 9.015520088601931e-07
450 8.844829407468562e-07
451 9.110213342816327e-07
452 9.288412303028261e-07
453 9.177981509690919e-07
454 9.003272291073093e-07
455 9.023900703774017e-07
456 9.027554142168232e-07
457 9.039736134681396e-07
458 9.255837365311027e-07
459 8.841791970898885e-07
460 9.171406740584798e-07
461 8.930707714214797e-07
462 9.122668157251335e-07
463 9.040569525136317e-07
464 9.232059371899777e-07
465 9.400262475547526e-07
466 8.909886539200538e-07
467 9.019493107131428e-07
468 9.585263795880531e-07
469 8.92197094339506e-07
470 8.897331214241475e-07
471 9.260468557053243e-07
472 8.863979571833144e-07
473 8.631146574211609e-07
474 9.403045496958024e-07
475 8.642524489659301e-07
476 8.882307218803371e-07
477 8.944371904910292e-07
478 9.17386666657417e-07
479 9.036498761504903e-07
480 9.029114539518057e-07
481 8.895153063782076e-07
482 8.773713529447457e-07
483 9.198247426075732e-07
484 9.173038112533985e-07
485 9.128346216801549e-07
486 9.21129629655313e-07
487 8.806393721690903e-07
488 8.718621069569125e-07
489 8.902516683690929e-07
490 9.091914063758204e-07
491 9.040689352756717e-07
492 9.11047989280781e-07
493 9.156119640941808e-07
494 8.948543827709242e-07
495 9.217945512255735e-07
496 9.059354062111029e-07
497 9.434351360173597e-07
498 9.081748201592789e-07
499 9.317032564172823e-07
500 9.29596579634063e-07
501 9.007653764044976e-07
502 9.557668325166204e-07
503 8.775701970189846e-07
504 8.998991919978001e-07
505 9.332629466327345e-07
506 9.051216990996506e-07
507 8.582213929745765e-07
508 9.109807337715378e-07
509 9.261190014672097e-07
510 9.153230016310248e-07
511 8.746910379180376e-07
512 9.46760116036039e-07
513 8.535679787482805e-07
514 8.732208887032332e-07
515 8.858595973309555e-07
516 8.994550203602906e-07
517 8.811437454030726e-07
518 8.893193511205125e-07
519 8.753011783247299e-07
520 9.243545461427108e-07
521 9.34263051334963e-07
522 8.798712190226574e-07
523 9.277828741511189e-07
524 9.579160868468412e-07
525 8.875200473379207e-07
526 8.99232958695471e-07
527 9.000221129567171e-07
528 8.949060725176045e-07
529 9.019260463723502e-07
530 9.008298268588385e-07
531 9.19768635021697e-07
532 8.747565249165401e-07
533 9.095212816680311e-07
534 9.192799279390995e-07
535 8.585442298338704e-07
536 8.464009934581586e-07
537 9.201630667933122e-07
538 8.772575351802517e-07
539 9.229236984582082e-07
540 9.24411364143319e-07
541 8.985625058707688e-07
542 8.360610064412479e-07
543 8.841266200217828e-07
544 9.167608239828786e-07
545 9.274807971280914e-07
546 9.289062779510456e-07
547 9.177233951549493e-07
548 9.349529590904711e-07
549 8.81603446397512e-07
550 9.137592769788043e-07
551 9.097070385604088e-07
552 8.779960469801489e-07
553 8.883454285640548e-07
554 9.474950193436838e-07
555 9.315690695188027e-07
556 9.030335416142737e-07
557 9.007640955133515e-07
558 9.123654803889311e-07
559 9.000723470570365e-07
560 8.794927277585015e-07
561 9.156703726375139e-07
562 8.844387167923941e-07
563 9.517270824043188e-07
564 9.767386979720584e-07
565 9.036027466340803e-07
566 9.022068241291682e-07
567 8.808935109352731e-07
568 8.941176490788266e-07
569 9.267093136179201e-07
570 8.524819367732692e-07
571 8.846587593262826e-07
572 8.746643338557953e-07
573 8.843427213637255e-07
574 8.586495708527587e-07
575 8.837907213782851e-07
576 8.944204309576747e-07
577 9.152974975281949e-07
578 9.219839612407729e-07
579 9.037748365220019e-07
580 8.698600713952207e-07
581 8.811584036688773e-07
582 8.762779669963188e-07
583 9.256219162104183e-07
584 9.180139869404942e-07
585 8.876136456332558e-07
586 9.44697214388195e-07
587 8.981543319825509e-07
588 9.082524384805582e-07
589 9.00877607889985e-07
590 8.685187269231415e-07
591 9.111365649913933e-07
592 8.927421945191311e-07
593 8.679669593113982e-07
594 9.458232027465748e-07
595 9.113552691886645e-07
596 9.361660782813814e-07
597 9.499277483105464e-07
598 9.501316541768941e-07
599 8.511889822218507e-07
600 9.085269918661862e-07
601 9.049030204854518e-07
602 9.085828976628056e-07
603 8.960780598754311e-07
604 9.05498215654081e-07
605 9.369350674382367e-07
606 9.313743542986659e-07
607 9.06050139620868e-07
608 9.215496137986802e-07
609 9.245268159327368e-07
610 9.18800256816671e-07
611 9.583787983616354e-07
612 9.118102133378925e-07
613 8.66412561782392e-07
614 9.336535860171901e-07
615 9.396721970140773e-07
616 8.978708077714962e-07
617 9.21782929631047e-07
618 8.532610595956853e-07
619 8.935830479323783e-07
620 8.573945254145443e-07
621 9.128553253048326e-07
622 8.935358924744004e-07
623 9.065292945716667e-07
624 8.838944390436434e-07
625 9.015404679101725e-07
626 8.831316934265115e-07
627 9.245564681345694e-07
628 8.653895947070243e-07
629 8.718760630193749e-07
630 9.277507451405887e-07
631 8.903895386797598e-07
632 9.001751397238337e-07
633 9.09129586016101e-07
634 8.935691157773913e-07
635 8.519658419436153e-07
636 9.189217934314698e-07
637 8.88498660016934e-07
638 9.0594446652473e-07
639 8.895133311693165e-07
640 8.97124268708926e-07
641 8.824556239309872e-07
642 9.003172102657966e-07
643 9.139134394510696e-07
644 9.076529415391889e-07
645 8.831280198254055e-07
646 9.158694340507171e-07
647 9.330444590901155e-07
648 9.164821358242487e-07
649 9.075737734352511e-07
650 9.28142274133061e-07
651 9.160216143649745e-07
652 8.839145567933903e-07
653 9.104353733312344e-07
654 8.872480084122705e-07
655 8.933521559460834e-07
656 8.907973633681477e-07
657 9.173314604780823e-07
658 9.588513271920584e-07
659 9.10557183124817e-07
660 9.25624812098421e-07
661 8.398271368925105e-07
662 9.506038420633853e-07
663 9.177106550802973e-07
664 9.049176461281492e-07
665 9.145181356649895e-07
666 8.682409944941333e-07
667 8.91037966674376e-07
668 8.726864694439678e-07
669 8.77688748286643e-07
670 8.758753257992237e-07
671 9.076261298092538e-07
672 8.580522124464842e-07
673 9.031503018255608e-07
674 8.970710356407825e-07
675 8.926302404812915e-07
676 8.92042790015608e-07
677 9.52135367880685e-07
678 9.016531576703618e-07
679 9.103264744518595e-07
680 9.653246089844022e-07
681 9.386278472582303e-07
682 9.177119467557532e-07
683 9.332802694621956e-07
684 9.193600821169053e-07
685 9.152044819754385e-07
686 9.123275277269253e-07
687 8.861571352296051e-07
688 8.788602754269599e-07
689 9.545534771451711e-07
690 8.93862873476388e-07
691 8.950196679251946e-07
692 8.844728423857907e-07
693 9.355508739165127e-07
694 8.865325179475528e-07
695 9.147995817632317e-07
696 9.233814092192893e-07
697 8.719535827995479e-07
698 8.459445455971993e-07
699 8.841190927832039e-07
700 8.80455597303234e-07
701 9.1990479526071e-07
702 9.31211132552035e-07
703 9.037159308764495e-07
704 9.301131958698486e-07
705 8.763555162236748e-07
706 9.327864973830011e-07
707 9.341125287160444e-07
708 9.436084609586935e-07
709 9.050069293286611e-07
710 9.040097079583252e-07
711 8.768759373856822e-07
712 9.064509306140367e-07
713 8.949666099669818e-07
714 8.880779803775195e-07
715 8.73664380541498e-07
716 9.173907049421726e-07
717 9.261173660099515e-07
718 8.937237876650676e-07
719 8.775487056378469e-07
720 9.276389719412739e-07
721 9.61610402591394e-07
722 9.169177529336243e-07
723 8.668162950183318e-07
724 8.327166763557714e-07
725 9.290881079547192e-07
726 8.974549688382314e-07
727 9.404200817090551e-07
728 9.216279967296985e-07
729 8.84931315964237e-07
730 9.14491283743308e-07
731 9.475915063406959e-07
732 9.372166869561418e-07
733 9.156173997426258e-07
734 8.950804787405671e-07
735 8.993438248450282e-07
736 8.971620677435931e-07
737 9.049500584720397e-07
738 9.031661819531593e-07
739 9.331835085666125e-07
740 8.968189833837169e-07
741 8.793879621750437e-07
742 9.196725720347778e-07
743 9.57530480118697e-07
744 9.33447863398057e-07
745 9.023206606123199e-07
746 8.839970882315655e-07
747 9.000194850108153e-07
748 8.497949684160035e-07
749 9.018905962435315e-07
750 9.298589599616114e-07
751 8.673280992165221e-07
752 9.086721983432833e-07
753 9.026257146559075e-07
754 9.26625336922972e-07
755 8.888643382099622e-07
756 8.664547563905923e-07
757 9.235849804583671e-07
758 9.120555298255145e-07
759 8.749064625363307e-07
760 8.634478679944746e-07
761 9.316261026330325e-07
762 8.981653746300143e-07
763 9.222733145582649e-07
764 8.878011030662587e-07
765 8.980724123551665e-07
766 9.348455938424912e-07
767 8.835457180760978e-07
768 9.33121785863846e-07
769 8.668728650802383e-07
770 8.937761433062886e-07
771 8.920562697070689e-07
772 9.105277583160949e-07
773 8.94267904313787e-07
774 9.173744472764691e-07
775 8.767168080631147e-07
776 9.453055294472093e-07
777 9.330597847299993e-07
778 9.440750664274603e-07
779 9.168942695730287e-07
780 8.905562051486192e-07
781 9.537201144260612e-07
782 9.48096062914437e-07
783 8.615573723868727e-07
784 8.89725976397866e-07
785 9.212858647772367e-07
786 9.498834821605825e-07
787 8.844216346006999e-07
788 8.70432763066456e-07
789 9.327511948384526e-07
790 9.180057600601477e-07
791 8.980874054305739e-07
792 9.259914364662263e-07
793 9.228148687578924e-07
794 8.82895936581446e-07
795 9.420869469076874e-07
796 8.774272434370198e-07
797 8.621872598281856e-07
798 8.619929102847476e-07
799 9.352838564369383e-07
800 9.526638044966688e-07
801 8.891531447207483e-07
802 9.034492410389002e-07
803 9.394806516531885e-07
804 9.114787716784821e-07
805 9.686909981091807e-07
806 9.203585433455854e-07
807 9.023443966215849e-07
808 8.93819994623787e-07
809 9.516782938288867e-07
810 8.958327978742916e-07
811 9.383239653959633e-07
812 9.204747461466435e-07
813 8.814582890442606e-07
814 8.520576482632976e-07
815 8.765932214184564e-07
816 8.816189069577927e-07
817 9.316095334875155e-07
818 9.013394768358198e-07
819 9.100808898582766e-07
820 9.028048963513318e-07
821 9.183439473262871e-07
822 8.914503931628616e-07
823 9.081777170871053e-07
824 8.758676354053203e-07
825 9.007581289131891e-07
826 8.576750403504644e-07
827 8.617457163119278e-07
828 9.158766116569519e-07
829 8.897633128633629e-07
830 9.021128752707089e-07
831 9.090755839510713e-07
832 9.032979687734151e-07
833 8.945077952938357e-07
834 8.909414167492847e-07
835 8.751579418580355e-07
836 9.019467869429642e-07
837 9.009478503637766e-07
838 8.870024574614974e-07
839 9.197677156324332e-07
840 8.969478349079162e-07
841 8.66097075861976e-07
842 9.022381787354004e-07
843 8.73618755295798e-07
844 8.827757222787792e-07
845 8.737699422736608e-07
846 8.859194147362839e-07
847 8.865334650312702e-07
848 8.796415858882153e-07
849 8.80023771283403e-07
850 9.095361166268068e-07
851 9.126785974739977e-07
852 8.853348712586e-07
853 8.836247793201959e-07
854 9.159593457871363e-07
855 9.273316325703965e-07
856 8.52701164398107e-07
857 8.702787654212563e-07
858 9.143705976581656e-07
859 9.494901508530776e-07
860 9.526315922233306e-07
861 9.18695574824355e-07
862 9.14438032083219e-07
863 9.54669502048457e-07
864 9.444733609262525e-07
865 9.316451426583736e-07
866 9.386611845897802e-07
867 9.000602472068057e-07
868 9.382190429031586e-07
869 9.181087850080187e-07
870 9.565657839801788e-07
871 9.127567243187636e-07
872 9.158336644603731e-07
873 9.140526834583106e-07
874 9.358596695352459e-07
875 8.921747081854399e-07
876 9.155228714588822e-07
877 8.938947643112086e-07
878 8.956240803198752e-07
879 9.317112819635332e-07
880 8.925027203543494e-07
881 8.981626877287502e-07
882 8.976027826215902e-07
883 9.162010269253465e-07
884 9.093998384893597e-07
885 8.777441599078138e-07
886 9.418945444882831e-07
887 9.086372509722447e-07
888 9.179436230549985e-07
889 8.996322385831959e-07
890 9.208338688520296e-07
891 9.185941695456809e-07
892 9.41977252398174e-07
893 8.980708645091977e-07
894 9.329386696934738e-07
895 8.560472181144201e-07
896 9.21855497974447e-07
897 9.095960615890503e-07
898 8.805967733108552e-07
899 9.706167535045498e-07
900 8.717652122327528e-07
901 8.95274125050486e-07
902 9.087197471033889e-07
903 9.580099851284755e-07
904 9.205298414979929e-07
905 9.572685133700146e-07
906 8.882214748122992e-07
907 9.28109631266053e-07
908 9.096456999839079e-07
909 9.069881065011608e-07
910 8.909946407403783e-07
911 8.891365130948119e-07
912 9.009191232541188e-07
913 8.795964046205516e-07
914 9.466763982195589e-07
915 8.96871620680353e-07
916 9.358648978760445e-07
917 8.839225338596088e-07
918 8.731091977625666e-07
919 9.301157151397601e-07
920 9.177336111715989e-07
921 8.958100081710928e-07
922 8.800940400235501e-07
923 9.358358805869943e-07
924 8.848863314371892e-07
925 8.936980229827579e-07
926 8.939166690571953e-07
927 8.528615503704441e-07
928 9.462706831134563e-07
929 9.070623304310575e-07
930 8.771817408726845e-07
931 8.649303725124549e-07
932 9.190619106546332e-07
933 9.171511502712832e-07
934 8.879668697017356e-07
935 8.96253871831672e-07
936 9.130885699710128e-07
937 8.660041686382676e-07
938 8.923138863514776e-07
939 9.203056274460594e-07
940 8.903614024223579e-07
941 8.765210358581526e-07
942 9.624478955123491e-07
943 8.996720159517412e-07
944 9.529672051952946e-07
945 8.968245727900533e-07
946 8.625513432192041e-07
947 9.163569974014716e-07
948 9.348674551677127e-07
949 9.466634571000761e-07
950 8.787666222674536e-07
951 9.531330656023594e-07
952 8.826338096376008e-07
953 9.113846545609363e-07
954 9.113135426822529e-07
955 8.887202323751677e-07
956 9.461913753965916e-07
957 8.830610585245006e-07
958 9.135820183940774e-07
959 9.137396043354233e-07
960 8.784965357058894e-07
961 9.136733746825802e-07
962 8.686596505159235e-07
963 8.912853530623756e-07
964 9.140115805410946e-07
965 8.599182269282929e-07
966 8.926990058229658e-07
967 9.026475141302056e-07
968 9.165636935380532e-07
969 9.195617222779875e-07
970 9.141989739600767e-07
971 9.492232479007932e-07
972 9.189167452002549e-07
973 8.817999839061058e-07
974 8.717332223049669e-07
975 8.895721448159133e-07
976 9.11549240803715e-07
977 9.030947264724212e-07
978 8.885197727573559e-07
979 9.167840408287034e-07
980 8.883562120638317e-07
981 8.824174612572122e-07
982 9.566379871630978e-07
983 9.150026817486835e-07
984 9.313334136704447e-07
985 8.585240031887646e-07
986 8.704246110074404e-07
987 9.390087234395304e-07
988 8.918395946839679e-07
989 8.953474003506437e-07
990 9.083323039129327e-07
991 9.112656628871944e-07
992 8.965207310885082e-07
993 9.429581761358427e-07
994 9.367342946476556e-07
995 9.243099496655438e-07
996 8.985244210263827e-07
997 8.974731618895286e-07
998 9.092434421682556e-07
999 8.788958489361671e-07
