0 1.8637305950614525e-07
1 2.4705273088646205e-07
2 2.47216203981356e-07
3 2.44307166293538e-07
4 3.702306614607204e-07
5 1.9638636128309356e-07
6 2.510796910340187e-07
7 2.6791983915432276e-07
8 3.3052217595566257e-07
9 3.2703570250731055e-07
10 3.7294491884585324e-07
11 2.9748444908657813e-07
12 3.187400166654212e-07
13 3.252055929488939e-07
14 9.18655530329483e-08
15 1.859215477248537e-07
16 1.924959581017189e-07
17 2.4872315105891904e-07
18 2.5222724258243344e-07
19 2.235741178292394e-07
20 2.5119283631019197e-07
21 1.9879151767195234e-07
22 2.811524610824994e-07
23 1.4262721251136988e-07
24 1.739248327979385e-07
25 2.4641271319896395e-07
26 2.924659847480313e-07
27 2.8515054866680907e-07
28 1.7404078738369254e-07
29 2.887449805637102e-07
30 3.066010027498029e-07
31 3.342770429174796e-07
32 2.2487677262678488e-07
33 1.6818331486725193e-07
34 1.7972696764230267e-07
35 4.149141339021189e-07
36 1.3479731673862654e-07
37 1.4296421610232237e-07
38 2.521074035792837e-07
39 1.818989904155982e-07
40 1.6054971310056225e-07
41 2.760254053505516e-07
42 2.463166030799352e-07
43 1.4410816097572733e-07
44 1.2883174856225058e-07
45 1.4938887182961173e-07
46 2.3542157359248664e-07
47 1.720786922106322e-07
48 2.7091208012009176e-07
49 1.9394312233184813e-07
50 2.0587336079032678e-07
51 2.035993384963508e-07
52 3.0558754608531413e-07
53 2.805512521714067e-07
54 2.0394623450569343e-07
55 1.0777721749888052e-07
56 1.8864671219700064e-07
57 1.8735499897790684e-07
58 1.6975500859411855e-07
59 2.0996917919624666e-07
60 2.5357506976553925e-07
61 3.4259451595539283e-07
62 1.5718327168875964e-07
63 2.2389645713298396e-07
64 1.4747624345459742e-07
65 2.3098523470134826e-07
66 2.1859896971666915e-07
67 2.553032457344753e-07
68 1.12126098265931e-07
69 2.8717745914185817e-07
70 2.2564409616937785e-07
71 2.9203306084473176e-07
72 2.2381430438184921e-07
73 1.7814245869055163e-07
74 2.912256353818941e-07
75 1.8276182128856908e-07
76 1.811989635063794e-07
77 1.948742405241545e-07
78 1.287332075330762e-07
79 2.001372093019777e-07
80 2.816215436814345e-07
81 2.761781926467458e-07
82 1.8842435754025886e-07
83 1.7876444404035278e-07
84 1.6970660529092352e-07
85 2.423342129211463e-07
86 2.984694662912182e-07
87 2.092155075538359e-07
88 3.026644997427743e-07
89 1.2471492864589864e-07
90 1.249110904355616e-07
91 1.5042362051143857e-07
92 2.2250612353213968e-07
93 3.0511362072730316e-07
94 1.6231615588186171e-07
95 3.094810610593959e-07
96 2.379656182734317e-07
97 3.0741535015054454e-07
98 1.758044777306248e-07
99 1.7138833778278444e-07
100 2.2528548836892114e-07
101 2.828782735815301e-07
102 2.3095376818446066e-07
103 2.3528134247355912e-07
104 2.749424922350523e-07
105 3.06438531414432e-07
106 2.3623703984835809e-07
107 2.253021709868237e-07
108 3.687864927912331e-07
109 1.7897906325553996e-07
110 1.9331934964610906e-07
111 1.1792773428065985e-07
112 2.2209166535345632e-07
113 1.521290151404405e-07
114 2.5145348094789595e-07
115 3.1020917530572997e-07
116 6.617597727929644e-08
117 3.121219053569895e-07
118 2.572255648719272e-07
119 2.0478155791336068e-07
120 1.7783401196996796e-07
121 2.1977318419055327e-07
122 2.4169254053624146e-07
123 2.812550072359792e-07
124 2.4597061503324226e-07
125 2.3143335434936093e-07
126 3.212984449010092e-07
127 1.511466315295046e-07
128 1.9023406092668656e-07
129 2.5585600530033557e-07
130 2.1509425111069915e-07
131 1.7637877062095997e-07
132 3.3642715506138845e-07
133 1.8215250171265024e-07
134 1.9765472163232034e-07
135 1.6580453174130154e-07
136 2.1904522645837165e-07
137 1.2482537420039432e-07
138 3.227046698208504e-07
139 1.9330162164017368e-07
140 1.246469671293807e-07
141 2.195286281205769e-07
142 1.650340088389421e-07
143 2.2612186086828512e-07
144 2.0645093242922502e-07
145 2.933256879836282e-07
146 2.5349790268196057e-07
147 2.9109547837807973e-07
148 1.8799828392133379e-07
149 2.896022528700479e-07
150 6.551096658790869e-08
151 2.408436189331425e-07
152 2.517547236973787e-07
153 1.879764763091672e-07
154 2.2471765093648073e-07
155 9.914886019221572e-08
156 1.5161754514523634e-07
157 1.764734710877604e-07
158 2.3542742881555892e-07
159 2.5710187000623416e-07
160 1.0042618787883074e-07
161 1.6720596405753844e-07
162 8.34704506131613e-08
163 1.8447096332204887e-07
164 3.09496060072844e-07
165 3.4219133212679494e-07
166 2.6958797477828445e-07
167 1.6355624302665408e-07
168 2.4106412417374514e-07
169 1.8376216973293722e-07
170 2.588591729674641e-07
171 1.880559248593435e-07
172 2.599713068598409e-07
173 1.6549075137367976e-07
174 1.7985322300194008e-07
175 2.405789742931462e-07
176 3.2336823494497644e-07
177 2.5242738558371527e-07
178 2.7425225551806704e-07
179 1.8504994770574242e-07
180 2.594085539117556e-07
181 2.7734325762844194e-07
182 2.1802103291262946e-07
183 2.2356289968953292e-07
184 1.684046799221552e-07
185 2.3209849285141537e-07
186 4.149053752582174e-08
187 3.3266214075034387e-07
188 3.4549188644718084e-07
189 1.4334409699365723e-07
190 2.6909334832761117e-07
191 2.020600101888274e-07
192 2.2200045810506146e-07
193 3.327837298554153e-07
194 3.327869360634767e-07
195 2.1930452407156572e-07
196 1.7629366931352919e-07
197 2.65013303899482e-07
198 3.0560190927926504e-07
199 1.52521477035759e-07
200 2.976809397330357e-07
201 2.4028051071392815e-07
202 2.5538711114721556e-07
203 2.81623896263867e-07
204 3.1400400830949685e-07
205 2.1226692066948397e-07
206 2.575135404256511e-07
207 2.5108642612952903e-07
208 1.8054676660944675e-07
209 1.3257981574924154e-07
210 2.3970038268263806e-07
211 2.2170838988799053e-07
212 2.1872374647234914e-07
213 1.9507711277533516e-07
214 2.480613809831432e-07
215 2.2868657955254008e-07
216 1.6893697391794534e-07
217 1.265883198830648e-07
218 3.353173573144562e-07
219 1.4070669976396166e-07
220 2.3273581935009548e-07
221 1.4025412857099218e-07
222 3.084030753125501e-07
223 1.847753390974284e-07
224 2.1115057638006438e-07
225 2.2004808887888357e-07
226 2.9376937008178003e-07
227 1.289612060496454e-07
228 3.063647227461039e-07
229 1.858538611198747e-07
230 2.0161090552100895e-07
231 2.1577727098482913e-07
232 2.186660859201556e-07
233 2.539569041846545e-07
234 3.0809898907776863e-07
235 3.1448896811316595e-07
236 2.1137596822959928e-07
237 1.9882482889868668e-07
238 2.1426144818246072e-07
239 1.3742311470781174e-07
240 1.4738693421440293e-07
241 2.0190081598660973e-07
242 9.929568744970507e-08
243 9.615544199804677e-08
244 2.0206897421812408e-07
245 1.1822776060286856e-07
246 2.801107354368623e-07
247 2.2952345018848918e-07
248 2.921613888952774e-07
249 1.9907434928259412e-07
250 2.520677329656563e-07
251 2.1990846173539018e-07
252 2.453921571541339e-07
253 1.5161147731335592e-07
254 2.494798570001273e-07
255 2.4167314530442247e-07
256 1.4033733982017973e-07
257 2.8138811417495645e-07
258 1.7366238204633029e-07
259 3.2140414888338005e-07
260 1.6727717381456884e-07
261 1.072437815947031e-07
262 3.564720022702167e-07
263 2.5429119711944936e-07
264 2.6606874467493067e-07
265 1.4970640141671594e-07
266 3.843483461872191e-07
267 2.631787961598007e-07
268 1.1470383759992473e-07
269 2.263274291058207e-07
270 2.3300832746771284e-07
271 1.7427525777304597e-07
272 2.3308041177577646e-07
273 2.9554145272820935e-07
274 1.6589741389011043e-07
275 2.4525186617568913e-07
276 2.174744208266431e-07
277 2.531440702041425e-07
278 2.0488058198501102e-07
279 2.799583863865127e-07
280 2.951491075412986e-07
281 2.2895982649520943e-07
282 3.755237557776067e-07
283 2.3291347140624413e-07
284 2.6916163686410057e-07
285 2.3228016162806714e-07
286 1.1816997223883745e-07
287 2.3279539804019248e-07
288 2.691410363423439e-07
289 2.2419222555296322e-07
290 2.619628811275922e-07
291 2.8389369543816786e-07
292 2.3390893595135833e-07
293 2.2952770757296936e-07
294 1.9630838932172815e-07
295 1.761482591829017e-07
296 2.0312260056269854e-07
297 1.3269150516626003e-07
298 2.761957538342148e-07
299 3.0018058606015727e-07
300 1.673094567025887e-07
301 1.7354716520526478e-07
302 2.253782003705365e-07
303 1.2595955751893193e-07
304 1.9222802658906436e-07
305 1.7437120461867855e-07
306 1.8799735153530634e-07
307 2.3721185940749753e-07
308 2.959762721705513e-07
309 2.59043293467944e-07
310 3.2244480840231655e-07
311 2.9069931744890686e-07
312 2.281837756576168e-07
313 2.597043687790917e-07
314 1.6517610895849453e-07
315 1.85612267699901e-07
316 2.2639574640392756e-07
317 1.7669067536366416e-07
318 3.5576468091772196e-07
319 3.2825707863432587e-07
320 2.014857778562365e-07
321 2.2879997314875197e-07
322 2.1987543551047853e-07
323 1.9305268558957085e-07
324 1.8001250410092825e-07
325 1.7800776479128498e-07
326 3.4195317214379145e-07
327 1.5631464791068241e-07
328 1.5493384331318224e-07
329 1.9532228589061706e-07
330 3.0040575125985215e-07
331 3.61013603696896e-07
332 3.0123326430624877e-07
333 2.9691163840662943e-07
334 1.8651657494126498e-07
335 2.866978174429791e-07
336 2.4230542877129316e-07
337 1.4629022784183584e-07
338 2.180474538665976e-07
339 2.2049481934153975e-07
340 1.7761894449921597e-07
341 1.8069932763709606e-07
342 2.857704691842914e-07
343 3.153014660041735e-07
344 2.774197611150015e-07
345 2.243962876099268e-07
346 2.6777296293698924e-07
347 1.2805915191206503e-07
348 2.0566988592036625e-07
349 2.614810652204611e-07
350 2.1311917589110602e-07
351 2.1235378572751836e-07
352 1.6022940949709645e-07
353 2.786617420155005e-07
354 2.1587118663766096e-07
355 2.633857315672691e-07
356 1.457434563823194e-07
357 2.409262416686069e-07
358 1.8427699178707487e-07
359 2.7495356870161744e-07
360 2.552243254549258e-07
361 2.1754779810868485e-07
362 2.2767983240328865e-07
363 2.273072991040012e-07
364 1.336845411935471e-07
365 3.742751750790496e-07
366 1.9640209492154414e-07
367 2.8139788727568945e-07
368 1.2066227412995363e-07
369 2.711031776820835e-07
370 2.941480356841554e-07
371 1.4672450370215673e-07
372 1.9483974825461705e-07
373 1.6660111375936425e-07
374 2.9221557530309226e-07
375 2.8796398294662823e-07
376 2.1453687777332945e-07
377 1.6901083334467457e-07
378 1.8933683570136274e-07
379 2.850359286461442e-07
380 2.969235040476243e-07
381 2.4489594575535136e-07
382 3.8018604834515156e-07
383 2.0850138486291027e-07
384 2.2336604761958255e-07
385 3.2057248466989785e-07
386 1.0299127980443144e-07
387 1.8353459805746767e-07
388 2.7155422232964556e-07
389 2.0305581943530092e-07
390 3.3850505422655583e-07
391 2.517621417876039e-07
392 2.1546366637953514e-07
393 2.6874463203564053e-07
394 2.1001757565804853e-07
395 2.19762842769929e-07
396 2.0120842553306376e-07
397 2.0158985537074214e-07
398 2.082649340656821e-07
399 1.0189409164535154e-07
400 1.6993548610181665e-07
401 1.560232969813109e-07
402 2.4672350070380224e-07
403 2.779789025614975e-07
404 2.732575091292082e-07
405 2.558826728305804e-07
406 3.2524563516768973e-07
407 2.6090137555460295e-07
408 1.1791457798825934e-07
409 2.5274646272021016e-07
410 3.4745274744355777e-07
411 2.470516685768997e-07
412 1.4420529806192571e-07
413 2.0559189966412104e-07
414 1.9644392529441362e-07
415 2.3357538140099999e-07
416 1.836995550506728e-07
417 2.1762173738383043e-07
418 2.1266757201755655e-07
419 2.3856026247936547e-07
420 2.2700684182926902e-07
421 3.2752444849258386e-07
422 2.2345393613812682e-07
423 1.9529122964149144e-07
424 2.2564586780507552e-07
425 2.5713116253153637e-07
426 2.582042898590661e-07
427 1.4048888606929314e-07
428 2.806681434621414e-07
429 2.464921044566603e-07
430 1.3560468302862865e-07
431 1.8949288114478745e-07
432 2.1613414768397778e-07
433 2.221700938428413e-07
434 2.4687146946055206e-07
435 3.389845521582463e-07
436 2.490736453282032e-07
437 2.1042858217212525e-07
438 2.5086876960262e-07
439 3.0875807878053497e-07
440 1.684505427773897e-07
441 1.9844580267518778e-07
442 3.9106367830295516e-07
443 2.0824509889238826e-07
444 2.2406680041546567e-07
445 2.74581772766739e-07
446 1.3785165552739003e-07
447 9.123632479188232e-08
448 3.2821878230717066e-07
449 2.7710098189677795e-07
450 2.1017242010963288e-07
451 3.3706540330663587e-07
452 1.8057074332933578e-07
453 2.686576294792624e-07
454 2.3859268755600463e-07
455 1.8654498465504552e-07
456 1.7612629047585336e-07
457 2.7722420648633143e-07
458 2.421056274256107e-07
459 2.1706723882026476e-07
460 2.9387124581871615e-07
461 2.0419284016622575e-07
462 1.7670228088175185e-07
463 2.653333991946414e-07
464 1.5461635548771948e-07
465 1.57665933182472e-07
466 1.564379144413495e-07
467 3.0492713916605426e-07
468 1.67664567596654e-07
469 2.56602610213291e-07
470 3.588534590788818e-07
471 2.7521463753169097e-07
472 2.794292175343096e-07
473 3.668139784999211e-07
474 2.1027004129899432e-07
475 1.6064269213476023e-07
476 2.334821814986294e-07
477 3.3100958967012746e-07
478 2.437768575781575e-07
479 1.7939119371347775e-07
480 1.3252334747875442e-07
481 1.846796665236467e-07
482 3.120876965098006e-07
483 2.3661515327850565e-07
484 2.694876956649315e-07
485 2.743894540621304e-07
486 2.618895569288963e-07
487 1.644396707555234e-07
488 2.0769459902307004e-07
489 1.7507807180569239e-07
490 1.5870449500610415e-07
491 2.363465028422855e-07
492 2.406340362405042e-07
493 1.9163796795517e-07
494 7.745520894544338e-08
495 1.4319087835488765e-07
496 2.619565649494727e-07
497 1.3010149454191662e-07
498 2.0793005733026583e-07
499 2.977555368678041e-07
500 5.591285740688388e-08
501 2.1711445179326016e-07
502 1.1617759215526881e-07
503 1.944189975845275e-07
504 3.27386395418632e-07
505 2.634088138225391e-07
506 3.1136263169976903e-07
507 3.82271879442042e-07
508 1.7207002641990316e-07
509 2.1977144359881143e-07
510 1.6657334882763392e-07
511 3.432122092781842e-07
512 2.5022224031714825e-07
513 2.5215651503364485e-07
514 2.622248348772713e-07
515 2.8158243989634987e-07
516 3.3649248878966017e-07
517 1.8608830229439676e-07
518 2.1119212097768832e-07
519 3.0372814566718194e-07
520 2.4138449436541065e-07
521 1.4088341932423023e-07
522 2.5127832723375407e-07
523 2.0010330211004e-07
524 1.7260518561933383e-07
525 3.554143150044262e-07
526 2.0892203445588863e-07
527 1.9525080866944455e-07
528 3.6380022607582834e-07
529 3.1527961155035857e-07
530 1.4242941798709984e-07
531 1.42336993281786e-07
532 2.3316890184589758e-07
533 2.4704853641581765e-07
534 2.166563881725754e-07
535 2.9639263065974717e-07
536 3.2894052449240987e-07
537 2.4216629532733775e-07
538 2.2657304713574223e-07
539 1.6067222830283297e-07
540 1.7550403839595642e-07
541 2.1604144774492482e-07
542 2.905251099641614e-07
543 2.3366598553004267e-07
544 2.1377458840233327e-07
545 2.0465246998183973e-07
546 1.8095202961149767e-07
547 1.6516449465733608e-07
548 2.7391649158934746e-07
549 2.774718727349304e-07
550 2.660076079023598e-07
551 1.7722431195160606e-07
552 2.767380054437293e-07
553 2.551199517534296e-07
554 2.596733568314102e-07
555 1.6747656983113997e-07
556 2.728344584625296e-07
557 2.439953772117368e-07
558 2.0003041532941005e-07
559 2.8492326386844516e-07
560 2.8475244152935315e-07
561 2.9724642579553784e-07
562 2.309554576568532e-07
563 1.4155797073903572e-07
564 2.232269893343731e-07
565 1.9969992081089428e-07
566 2.604577426521226e-07
567 1.9113313685635363e-07
568 3.128216745277341e-07
569 2.4061809431467074e-07
570 2.849346583633117e-07
571 2.7108251746573576e-07
572 1.5323777933737008e-07
573 1.482753019833216e-07
574 2.709061182464845e-07
575 1.3456019845085064e-07
576 3.37168213928933e-07
577 2.440166536538631e-07
578 2.2817907741108154e-07
579 2.301026269839162e-07
580 2.2911497866002167e-07
581 3.003287948425519e-07
582 1.9077173522653677e-07
583 2.03730363004594e-07
584 2.1686512248334802e-07
585 1.9034368611547605e-07
586 1.2337889105672652e-07
587 1.8865579329630765e-07
588 2.6728826086386015e-07
589 1.5729216556724668e-07
590 2.4760728191972777e-07
591 2.5588879649734564e-07
592 2.515955510255398e-07
593 2.533246743174989e-07
594 2.136263059319761e-07
595 2.1102382243308314e-07
596 1.0593102747095347e-07
597 7.876348206998986e-08
598 1.7777894058533345e-07
599 3.0489110642386843e-07
600 1.091108904078792e-07
601 2.7311304634436667e-07
602 1.934305337985108e-07
603 1.9178326122585208e-07
604 2.220750254597388e-07
605 2.7480948217084145e-07
606 1.9796499738407222e-07
607 1.8713810735425026e-07
608 2.161389006218365e-07
609 2.8627984285288277e-07
610 1.552766592659406e-07
611 1.4487498084180968e-07
612 8.234050604409527e-08
613 2.8800385814954754e-07
614 1.7841548657358468e-07
615 3.8339085642586723e-07
616 2.621278797671672e-07
617 3.8168201730321447e-07
618 3.590884823794515e-07
619 1.8529343739923735e-07
620 2.6808168159119793e-07
621 2.1806967874868288e-07
622 2.1374201759623434e-07
623 1.4978415202104526e-07
624 7.89274188935933e-08
625 2.1629701489815265e-07
626 3.8481132115248413e-07
627 2.2943377185662886e-07
628 2.9132235887944887e-07
629 2.635132859202221e-07
630 1.565667923323443e-07
631 2.2331346662158928e-07
632 2.6805492142509813e-07
633 2.5004863113441116e-07
634 3.489161518555246e-07
635 3.2471251330800004e-07
636 2.430536067621954e-07
637 1.953656048501382e-07
638 1.7233289084398213e-07
639 2.7195585230964586e-07
640 2.482893920322375e-07
641 2.2941091817852787e-07
642 2.3222768925062772e-07
643 1.2810803666680117e-07
644 1.4679444044423757e-07
645 2.750864859084191e-07
646 1.2413309523948924e-07
647 1.6018614467655989e-07
648 2.671698853882612e-07
649 2.8398654986845416e-07
650 1.2326985231713515e-07
651 2.3870536675638065e-07
652 2.6077900965282956e-07
653 2.278019867995355e-07
654 1.9750187903079955e-07
655 1.4698582454446472e-07
656 2.403322324180001e-07
657 1.8965523494599002e-07
658 1.9692462725615988e-07
659 2.5862397188837586e-07
660 2.0429569325811083e-07
661 3.354886868401074e-07
662 2.2066456974277298e-07
663 2.4435553364718415e-07
664 1.652691783132698e-07
665 1.4290376171080046e-07
666 2.2825887609259294e-07
667 3.789033541330902e-07
668 3.381763799623389e-07
669 2.0728720036797963e-07
670 2.603417117724128e-07
671 1.881426879606838e-07
672 2.3054036059929715e-07
673 2.606272835092604e-07
674 2.3529147370763632e-07
675 3.742732919384095e-07
676 1.0282829458737312e-07
677 1.4611251317658934e-07
678 1.916337755221359e-07
679 3.524647904428867e-07
680 1.9613890097277577e-07
681 1.9275430235037858e-07
682 2.2127333547601001e-07
683 1.1965601012124745e-07
684 1.2657072527203406e-07
685 3.200043181529937e-07
686 2.6559789120535284e-07
687 3.2179889358714565e-07
688 2.3082813912177696e-07
689 1.3541252898552742e-07
690 2.9095258539113345e-07
691 2.713135910342081e-07
692 2.6807281632443346e-07
693 1.432108194632239e-07
694 2.1565686956850158e-07
695 2.347793529125769e-07
696 1.6865532642549823e-07
697 3.4480263573042557e-07
698 3.009879192958318e-07
699 2.0421525476087376e-07
700 2.300804409769727e-07
701 2.1208656924717428e-07
702 1.885626568069066e-07
703 2.35523719432586e-07
704 1.8837485929131153e-07
705 2.2176090068452804e-07
706 2.3436151356515973e-07
707 2.085665352776751e-07
708 2.2681271577756564e-07
709 2.472134976758551e-07
710 1.869670580295849e-07
711 2.4321723329060604e-07
712 2.587382539355999e-07
713 2.7482044196865924e-07
714 1.8372392784819633e-07
715 3.464475584393628e-07
716 2.0256698292437738e-07
717 2.414152538135868e-07
718 1.8417532448080952e-07
719 1.894738412340372e-07
720 1.0650472852021813e-07
721 8.774929374436308e-08
722 2.9567371799919155e-07
723 3.009171856590579e-07
724 2.6369253951286516e-07
725 2.3486985450583848e-07
726 1.783308473228676e-07
727 2.677010122753897e-07
728 1.3343910803523054e-07
729 4.410901881395359e-07
730 2.2263735969414987e-07
731 1.4105389121159864e-07
732 1.8105446033628974e-07
733 2.3731401232823188e-07
734 2.1145924052102514e-07
735 1.9069327555187308e-07
736 8.199059920886469e-08
737 2.075730387040943e-07
738 2.758738259714793e-07
739 2.3198774739999769e-07
740 3.097560586760219e-07
741 2.1767236238002388e-07
742 2.466213799666957e-07
743 2.6852728902056696e-07
744 2.683813573751098e-07
745 1.4607602469925182e-07
746 1.4699313209464153e-07
747 1.4117704087197567e-07
748 3.6977584552899636e-07
749 3.1766678929034633e-07
750 2.9448859930317955e-07
751 4.0646980740329415e-07
752 2.40853559070735e-07
753 2.1943239944759576e-07
754 1.3927668396009895e-07
755 2.476104129901545e-07
756 3.5017745381514343e-07
757 2.6368889634353345e-07
758 1.745604014232157e-07
759 2.2827895497121806e-07
760 2.3294772888664063e-07
761 2.460286436243496e-07
762 2.475947480019976e-07
763 1.773095068676668e-07
764 2.455763576641896e-07
765 2.459737499947689e-07
766 3.172970717757476e-07
767 2.8869642287514753e-07
768 1.5061154435011078e-07
769 2.8237954368910916e-07
770 2.3523852895993465e-07
771 1.7344626933806242e-07
772 2.532074048747116e-07
773 2.6229097141180537e-07
774 2.6072320172779134e-07
775 2.992916686648972e-07
776 1.4261650342002684e-07
777 1.1567292626394751e-07
778 2.816086709440324e-07
779 2.4845483028702567e-07
780 2.481341077301111e-07
781 2.9477509672107014e-07
782 2.4053338385436316e-07
783 2.6712740024984775e-07
784 2.294428533455518e-07
785 1.0468666197717709e-07
786 2.471916447414645e-07
787 5.1474241822568064e-08
788 2.744398613020218e-07
789 2.8859115024805197e-07
790 1.3120348587939538e-07
791 1.7170321038019906e-07
792 2.0743247253083115e-07
793 3.386228882022608e-07
794 3.500040906967227e-07
795 1.641549613861256e-07
796 3.0756456400363623e-07
797 3.1173289065630845e-07
798 1.687915274093941e-07
799 1.000556489093485e-07
800 3.167990737800156e-07
801 2.626228875549296e-07
802 2.393784925923775e-07
803 2.404508659526938e-07
804 1.4878774686963367e-07
805 1.97584354571892e-07
806 1.618248084542543e-07
807 2.3163562876219137e-07
808 2.879962519961491e-07
809 1.1953038144793997e-07
810 2.828986939867719e-07
811 2.2688881444713392e-07
812 2.7371922617117714e-07
813 2.1652193510400375e-07
814 3.365472507995864e-07
815 1.1163641458006982e-07
816 2.2221982960867912e-07
817 1.2833500818061733e-07
818 2.6049353558807087e-07
819 2.464785104630657e-07
820 2.1541787605710247e-07
821 1.731434787188611e-07
822 2.7134566208393455e-07
823 2.7908720200090596e-07
824 2.2918051684275692e-07
825 2.962723521844411e-07
826 3.66429663633494e-07
827 2.774969284698372e-07
828 1.1531491844024833e-07
829 2.512339866315448e-07
830 1.563974243463753e-07
831 1.8571902380277235e-07
832 2.5026644009221683e-07
833 2.121890799885871e-07
834 2.181509415338801e-07
835 2.0266745634722036e-07
836 2.328373897861523e-07
837 2.4099307558523505e-07
838 3.473944005208153e-07
839 1.7737787645700558e-07
840 2.8791603571472885e-07
841 1.996373010371405e-07
842 2.3046883218254092e-07
843 2.462798821280565e-07
844 2.971299549755378e-07
845 1.6408728537179366e-07
846 2.809949601241957e-07
847 2.6727954005429626e-07
848 2.1298455280694805e-07
849 2.1742260565836562e-07
850 2.1730513635861574e-07
851 2.6355329547611964e-07
852 2.3228040101657626e-07
853 1.748247303078264e-07
854 9.634387236061575e-08
855 2.4230186880583453e-07
856 2.1821347574605463e-07
857 2.502651081014236e-07
858 3.4063871457832334e-07
859 1.5290451668832536e-07
860 1.437304910214178e-07
861 2.1041284311159215e-07
862 1.85156062800553e-07
863 1.3121512796699702e-07
864 2.096208574528503e-07
865 1.8624789992221458e-07
866 9.62928431488697e-08
867 2.3848567718907777e-07
868 2.5724577401086116e-07
869 3.30738488006171e-07
870 2.673471828092371e-07
871 2.4042255023527263e-07
872 1.444085649927393e-07
873 1.8729852282405845e-07
874 1.483396022038797e-07
875 3.079657210378897e-07
876 1.7725107754104342e-07
877 2.8370811255741033e-07
878 1.469468755267411e-07
879 2.2014963451676614e-07
880 1.970147383913025e-07
881 2.7460029585761524e-07
882 2.569976900776126e-07
883 1.7338995645165575e-07
884 1.0730958508755098e-07
885 8.521583611189852e-08
886 2.95580126293845e-07
887 2.7035203591653656e-07
888 2.2692128981742368e-07
889 2.5837856435128065e-07
890 2.561992931713513e-07
891 1.4643275489077143e-07
892 2.3113946009301572e-07
893 2.0375946170989328e-07
894 1.4443798571505056e-07
895 3.3414059582557044e-07
896 1.806303721695534e-07
897 2.7870859284812717e-07
898 1.586461535074255e-07
899 1.4803543844290928e-07
900 3.0584804445961644e-07
901 1.4756706168042823e-07
902 3.4777964482855465e-07
903 1.7256313310042988e-07
904 2.1896132103169663e-07
905 1.1952074086390155e-08
906 2.3770545920149328e-07
907 1.7920044963898115e-07
908 1.7687718256247077e-07
909 2.289021884206181e-07
910 1.541861466764252e-07
911 3.052902716873044e-07
912 2.985149011342964e-07
913 3.56101544419962e-07
914 1.7505784288612176e-07
915 2.957193964408006e-07
916 2.545631359105459e-07
917 2.6892772845374055e-07
918 2.3655929041442936e-07
919 1.6563717004000605e-07
920 2.556397996265216e-07
921 2.482350542292361e-07
922 3.647803047506715e-07
923 2.6994005746653536e-07
924 2.2282990694809032e-07
925 7.844599464860973e-08
926 1.1924180067186547e-07
927 2.856047667042422e-07
928 1.072588905306446e-07
929 2.3191315782147143e-07
930 1.8745786931092513e-07
931 2.2442102742889223e-07
932 1.7522503408974272e-07
933 1.5214326068109345e-07
934 2.8278722635043416e-07
935 1.0595607826498889e-07
936 2.7672153889581863e-07
937 2.4768629673247134e-07
938 1.375484853725156e-07
939 2.0031010184429906e-07
940 3.392970132114189e-07
941 3.1880941273276256e-07
942 2.431896874774612e-07
943 2.7718423201218033e-07
944 2.5216749143117086e-07
945 2.2182235312128757e-07
946 3.248466069046589e-07
947 1.6160506861127885e-07
948 1.9735374141262423e-07
949 1.1590408681473812e-07
950 2.610286888982932e-07
951 1.2870058758775372e-07
952 2.2764963172924978e-07
953 2.998852767996591e-07
954 2.046475026810143e-07
955 2.1085915729003632e-07
956 2.1084260171158284e-07
957 2.633310888728507e-07
958 1.9979191931644126e-07
959 1.8818477435430635e-07
960 2.0024604959728287e-07
961 1.6268063431959177e-07
962 2.944771044900076e-07
963 3.3441089042768535e-07
964 2.763874062215654e-07
965 3.0107104304552835e-07
966 2.0448942133393497e-07
967 1.0030463000633003e-07
968 2.489633980148848e-07
969 2.379756502249683e-07
970 6.59389668156211e-08
971 2.0365440178798218e-07
972 2.524771350676338e-07
973 2.832751013227499e-07
974 2.2129833355469852e-07
975 3.200003504889282e-07
976 1.4065234260452493e-07
977 1.8932117845281613e-07
978 2.743808569669836e-07
979 2.0745802557788321e-07
980 2.4101469771977726e-07
981 1.7293272058612607e-07
982 1.7202140820853636e-07
983 1.4790555856834303e-07
984 1.7540316368963075e-07
985 1.6142058309818784e-07
986 3.774923834779838e-07
987 1.7530959687507327e-07
988 3.641574145060134e-07
989 2.8473125873960915e-07
990 1.480706751796983e-07
991 2.4601413435534957e-07
992 2.3557349523775938e-07
993 9.336637318281391e-08
994 1.5385337107356263e-07
995 1.251438485423788e-07
996 2.6142825845414546e-07
997 2.519023459778874e-07
998 1.1020895781260514e-07
999 2.0093567244529594e-07
