0 1.9152599526463926e-09
1 -3.1310287513286115e-10
2 6.555213810758715e-10
3 2.2033251690676744e-10
4 2.351359121277234e-09
5 -4.24080936505984e-10
6 -2.7316096980682633e-10
7 5.460725915915519e-10
8 6.024189951315668e-10
9 5.155153075758738e-10
10 1.7648812522687884e-10
11 -1.294238149687155e-09
12 -2.20560688368868e-09
13 -1.5421913863219224e-09
14 6.097317214344711e-10
15 -3.316776011269584e-11
16 -2.196490481594405e-09
17 -4.9438099475059374e-12
18 1.3682973323749687e-10
19 -4.3416895170272067e-10
20 -1.1487607220346114e-09
21 3.8457028099398174e-10
22 7.614097447257082e-11
23 -8.045119258712356e-10
24 -1.3854919646623586e-09
25 -2.2047133954835076e-09
26 -4.731272687507458e-10
27 -1.10001435153962e-09
28 5.691491953124897e-10
29 3.196441579609424e-10
30 -7.684338188424381e-10
31 4.637465410072198e-10
32 -1.1329212360619676e-09
33 -1.0893345885799883e-09
34 -4.126640676667e-10
35 -1.1233399923887772e-09
36 -1.5120759706443971e-09
37 1.7873746066525973e-10
38 -1.2086867703685997e-09
39 -1.1600884149131165e-10
40 2.8992416167346563e-09
41 -7.037461298498221e-10
42 -4.884250011848662e-10
43 -1.4120429297037484e-09
44 4.799206123147353e-11
45 -2.881064354134664e-10
46 8.1338546607482e-11
47 -9.845711008401256e-10
48 2.9252300975118336e-10
49 2.3408263896500815e-10
50 1.961467178407774e-10
51 2.488025948950929e-09
52 1.1300572529331918e-09
53 3.37223531497123e-10
54 -8.023961380040899e-10
55 2.226829276357212e-09
56 7.949261754417008e-10
57 -1.1421397708029421e-09
58 8.351201566840137e-12
59 1.6463335343500217e-09
60 -1.266873578310093e-09
61 -1.3415338338430264e-09
62 1.0782651723048453e-09
63 -2.616128164941841e-10
64 2.1641336465144304e-09
65 8.768420496023145e-10
66 -8.14029771058027e-10
67 -1.376990022049958e-09
68 -1.4911933289974882e-09
69 -2.2141351506636003e-09
70 -1.2699089379598587e-09
71 -6.966477405198774e-10
72 -7.017819097651588e-10
73 -3.9608072358986076e-10
74 -1.8661142191841076e-09
75 7.53549666526985e-10
76 -7.330869966457124e-10
77 -4.1435991237761147e-10
78 -4.866879539609013e-10
79 -6.855918307926091e-10
80 1.4473539573560775e-09
81 8.299157082564534e-10
82 8.061606179868166e-10
83 -1.22046532234751e-09
84 3.276690478640511e-10
85 9.738454360842064e-10
86 -1.1938177811156565e-09
87 1.8302973683443765e-09
88 -3.041398964915898e-09
89 1.0340768961118368e-09
90 3.1348635958537695e-10
91 8.563499513532498e-10
92 1.606145771394708e-10
93 -3.4404731205657865e-10
94 -5.145494150890085e-11
95 -1.5409910149637415e-09
96 -1.8377164966588954e-09
97 -7.320516826831685e-10
98 8.796898772455589e-10
99 1.4316477281502448e-09
100 -9.555351673602297e-10
101 -9.580794805461715e-10
102 -1.3268492734430813e-09
103 6.916253569302692e-10
104 8.501070816041056e-11
105 -1.916871863133753e-10
106 5.702968724714922e-10
107 -2.965650329018703e-10
108 -2.3132301448889487e-10
109 1.2738789163990744e-09
110 -8.312214657681882e-10
111 -1.1792670956691012e-09
112 1.7292917684517937e-09
113 -1.7972965693794537e-09
114 1.5021700609024007e-09
115 -1.9384699106134943e-09
116 -1.8296062614526294e-10
117 -1.2765675499230237e-09
118 9.940495260038165e-10
119 4.536020612512671e-10
120 -4.741124578729074e-10
121 4.690742767788919e-10
122 6.831193338703508e-10
123 -1.233018419629042e-09
124 -1.3754543883084812e-09
125 -4.110387454611353e-10
126 -6.713222132867258e-10
127 -1.0445012790518783e-10
128 -7.761184716788749e-10
129 -4.92592733142308e-10
130 -4.860337493781703e-10
131 2.846273494609261e-10
132 5.169457845143151e-10
133 -2.642525063774797e-10
134 -8.627467320235404e-10
135 -1.9701952117205973e-09
136 3.4265096788262973e-10
137 1.4600153677240164e-09
138 2.0136665606208174e-09
139 1.273559518478326e-10
140 4.5643946778354023e-10
141 2.889842410954843e-09
142 2.3138856283099306e-10
143 -2.7471731543938787e-09
144 -1.2370340279554519e-09
145 1.113586189919818e-09
146 -3.0227366149178764e-09
147 -1.0251621727848638e-09
148 -6.883862496312252e-10
149 -5.324249636910939e-10
150 2.1891220652928554e-09
151 2.0929837217154625e-09
152 -8.905040501142541e-10
153 -2.3631894616726403e-09
154 -1.02297353239317e-10
155 2.5328623085165096e-10
156 -7.336883730919518e-10
157 1.1497216000663626e-10
158 -9.172486431529097e-10
159 -1.2430582249980759e-09
160 -5.151763351505218e-10
161 1.8330966469306423e-09
162 5.935283649332386e-10
163 -9.030331424918989e-10
164 9.89051037148174e-10
165 -3.1989651155590823e-09
166 8.448841627575666e-10
167 -3.3560474055459985e-09
168 -2.372736790481409e-10
169 9.142496452905604e-11
170 -5.807524461331122e-11
171 1.5838817282412258e-09
172 -3.7590701570317346e-10
173 3.2477691363226425e-10
174 -1.3728030569927438e-09
175 9.098812363431091e-11
176 -6.296478744541347e-10
177 -2.716517870770572e-09
178 6.684741519715986e-10
179 5.361312815835059e-10
180 -4.480342257884062e-10
181 7.926485832020587e-10
182 -1.6995246117688103e-09
183 2.0183229665983437e-09
184 -9.154604502673423e-10
185 1.492139938622762e-09
186 -4.719636634503563e-10
187 -8.249743663351577e-11
188 1.6041600137363252e-09
189 -3.687828314424997e-10
190 -1.9536167054259044e-09
191 -1.4959983999926975e-10
192 -1.1401388651681908e-09
193 1.622385181173593e-10
194 -1.9727470011251866e-09
195 -1.42143013494954e-09
196 -9.22945372519109e-10
197 1.7499561556158332e-09
198 1.69418298266421e-10
199 2.737354412302908e-09
200 -2.388012537224918e-09
201 5.836461021271993e-10
202 -1.2349970105468906e-09
203 -5.966528043701992e-10
204 1.0422449022585344e-09
205 -7.912395168936517e-10
206 1.1552358604257894e-09
207 -1.7359233833946038e-09
208 -1.3372430267862573e-11
209 -3.7391451140831236e-10
210 -9.000474416069226e-10
211 -9.707526714648081e-10
212 -2.095699587167255e-09
213 -2.2503554018955727e-09
214 -1.1431413403377763e-09
215 -9.47671923654722e-10
216 -6.353252528833808e-10
217 -1.8325504620405007e-10
218 6.982147348901975e-10
219 -7.124820632228227e-10
220 -7.313662093689117e-10
221 4.447485115340785e-10
222 -2.322668625091749e-09
223 -9.54111378000295e-10
224 4.2091152698104134e-10
225 -6.950559983886499e-10
226 -2.2486965452127013e-10
227 -3.298386141060543e-10
228 -4.740902310597902e-10
229 -4.836478367692756e-10
230 1.0672959893630684e-09
231 6.611304043708759e-10
232 7.789249979427705e-10
233 -7.818567224961557e-11
234 -1.9355297305731473e-09
235 7.700328818938713e-10
236 1.5324628489436879e-09
237 2.245597394202139e-09
238 3.747975796630509e-10
239 -5.575320750492766e-10
240 -6.181413672270571e-10
241 -2.2370982397183015e-10
242 -2.2062323567910507e-10
243 5.13710070840361e-11
244 1.18440763681538e-09
245 -2.4742353403095397e-10
246 4.0133917099741575e-11
247 -1.851202107961891e-09
248 5.566425260340496e-12
249 -4.857149091415997e-10
250 -3.39768467841549e-10
251 -9.439683555915084e-10
252 8.434971102635074e-10
253 1.4283765040258677e-09
254 1.4187440894811878e-09
255 -3.3527876798061737e-10
256 1.948364673640196e-10
257 -8.814252402660862e-10
258 -4.1127082024590384e-10
259 -7.197517153434997e-10
260 8.751679960816639e-10
261 6.688134009654386e-10
262 -7.718363879487102e-10
263 8.779875000090266e-12
264 7.819011505723912e-10
265 1.013906780657756e-10
266 -8.095800409757705e-10
267 3.7374984109033674e-10
268 -3.597904503309661e-10
269 -1.6789858759068643e-09
270 4.68123964452904e-10
271 2.47232673410983e-10
272 1.226185743680426e-09
273 -6.497040227508315e-10
274 -9.794483107799323e-10
275 2.452914143448034e-10
276 -1.6850814880119235e-09
277 -1.3255995828370114e-09
278 6.990299413039237e-10
279 -3.1234732804296083e-10
280 1.28832741656986e-09
281 8.800343366488274e-10
282 -3.1652426534574845e-10
283 -5.211438378458997e-10
284 -2.3962643272685928e-09
285 -1.3748458744453828e-09
286 8.495238072896106e-10
287 -1.8365494513160506e-09
288 2.1703484089778213e-09
289 -7.104595411422704e-10
290 1.793557887016094e-09
291 6.148467326298194e-10
292 8.577183035556908e-10
293 4.2226037636613326e-10
294 -7.460943700275889e-10
295 1.6596630882622579e-09
296 -4.222503275334348e-09
297 9.146446295880505e-10
298 1.5575696238190178e-09
299 -2.038102091041857e-09
300 -5.151488871627975e-10
301 -9.065954772503516e-10
302 -2.1206009481410106e-10
303 -4.3787983762724234e-10
304 1.6638411800180623e-09
305 -1.1680119601741305e-10
306 -7.986496562331205e-10
307 1.827119861080939e-09
308 -1.1919575457140901e-09
309 1.0197367754425909e-09
310 6.906264084350339e-10
311 -6.442551814206433e-10
312 6.00761632061343e-10
313 -8.724518392254233e-10
314 1.6590697545886112e-10
315 2.331444716126736e-09
316 -2.347680580111195e-10
317 6.645046677972508e-10
318 -2.116823327416099e-09
319 -2.5625683497767465e-09
320 1.5627836337128607e-09
321 -2.720127655979938e-09
322 -2.1411685796724604e-10
323 -1.6970157716693321e-09
324 -1.1584244779324202e-09
325 -5.86904351454915e-10
326 -2.731459271993683e-10
327 3.81583256594489e-11
328 -6.057229150173361e-10
329 -4.976578532009952e-10
330 6.948512915624403e-10
331 -2.1493176764401635e-09
332 1.261603419706537e-09
333 1.9056871379554692e-10
334 -1.825586043566469e-09
335 1.2993455026434687e-09
336 -1.150593483377625e-09
337 -1.3443319991170561e-09
338 8.527347081191417e-10
339 3.502894164806293e-10
340 -1.081713836127252e-09
341 1.1291443194868876e-10
342 -1.7155512404390036e-09
343 1.763402136435519e-09
344 1.1234525298774282e-10
345 1.3991356728524008e-09
346 1.9704058972895816e-10
347 4.929390683889148e-10
348 -5.6726881143528196e-11
349 -2.207629585236928e-10
350 1.7773267415812066e-10
351 -1.5731263693704112e-09
352 -1.28853096689063e-09
353 -1.2014625021417465e-09
354 6.947312372623698e-11
355 -6.367711009210384e-10
356 4.816078409806174e-10
357 -1.4756568232684652e-09
358 -1.8167679159227889e-09
359 8.630069718327229e-10
360 -7.041553773025986e-10
361 -1.0375525426297548e-09
362 -1.783765053404461e-10
363 -3.969639309474594e-09
364 -1.297158603294961e-09
365 3.915058871158925e-10
366 -2.7568870931103124e-10
367 2.9863814217691495e-10
368 1.0769136863662217e-09
369 -1.61830979495289e-09
370 1.0753897821414337e-09
371 5.619445092270546e-10
372 3.33858646113989e-10
373 1.2286902026715726e-09
374 6.008109161403391e-10
375 9.195176589567196e-10
376 -1.837345547481428e-09
377 -4.953127987365473e-10
378 3.5372449652351827e-10
379 1.252516875668837e-09
380 -2.2001805439509104e-10
381 -4.366500916970475e-10
382 -9.242851029420637e-10
383 1.9843952649299984e-09
384 -1.8851689241748625e-10
385 -1.0166134684047921e-09
386 -5.44473570543546e-10
387 -4.5234951164532354e-10
388 -9.423776700148545e-10
389 3.850175037961245e-09
390 -1.2364308729989865e-09
391 -3.445255737479015e-09
392 4.562038242326056e-10
393 5.963283928987899e-11
394 -3.627088710878168e-10
395 5.309813152863444e-10
396 -2.928300279739692e-09
397 7.258789282641443e-10
398 -1.0604504793825327e-09
399 -6.786398493104381e-10
400 8.029113757276518e-10
401 -4.3582884071091995e-10
402 2.6645487265941625e-10
403 -1.3461679641895688e-09
404 -1.359413206029978e-09
405 1.6246687876333688e-09
406 -1.8304298167588573e-09
407 -1.005329315945112e-09
408 1.5490802631956073e-10
409 -3.0710939921741146e-10
410 -1.3930581002432016e-09
411 -2.5486159945913094e-09
412 -1.04729628646812e-09
413 -5.111918384550622e-10
414 8.186168046274953e-10
415 -2.1405854970607065e-09
416 -1.9698673506679148e-09
417 -3.8000012234489687e-10
418 1.0935540763253918e-09
419 -2.1727863504892843e-09
420 2.819421069465022e-10
421 2.288107867031155e-09
422 9.338628613124493e-10
423 1.0419434235974632e-09
424 -4.6238162933101854e-10
425 1.401796427429208e-09
426 -1.0888620867074323e-09
427 -3.75597841245175e-10
428 1.6446670601496481e-09
429 1.4511906100251122e-09
430 -6.569145897124251e-11
431 -1.5134024925964444e-09
432 -1.4022543071501786e-11
433 1.1945634454080526e-10
434 -2.0414820815041204e-09
435 8.307907835400289e-10
436 -3.600877909932164e-10
437 1.3065907682620187e-09
438 -5.741128830446212e-10
439 4.7806194434015516e-11
440 7.146207214551615e-11
441 -1.884377000774039e-10
442 -3.2643135241557594e-10
443 -1.780082498007334e-09
444 -6.131205537210974e-10
445 -9.924016049524107e-10
446 -6.777244720390623e-10
447 -2.0551907176091385e-10
448 -4.303422939463819e-10
449 -1.0043363363073054e-09
450 -1.3706898250378093e-09
451 1.3536573930566414e-09
452 1.2757878793831469e-09
453 -9.647967092896045e-11
454 -5.767971082275159e-10
455 -1.065851082438025e-09
456 -7.308499374774853e-11
457 6.134286161378365e-10
458 1.3634644942531788e-09
459 -1.4392329660302225e-09
460 -3.3004685087889535e-11
461 -5.666271147492553e-10
462 9.301133902905522e-12
463 -1.789369015657922e-09
464 2.0577974357965657e-09
465 1.3878607392116735e-10
466 -5.491674303211022e-10
467 5.572095566005472e-10
468 1.868387854899258e-09
469 2.5006069839577324e-10
470 -1.4135006714575318e-10
471 4.821619808760067e-10
472 -2.067122807390908e-09
473 -1.350141338521286e-09
474 2.0509020977593822e-09
475 -9.090089440666861e-10
476 3.857932323849745e-10
477 -1.617979999922573e-10
478 1.131301543708926e-09
479 1.1041346052703714e-09
480 -8.166855407392591e-10
481 -9.583729631938614e-10
482 -1.0265638656169463e-10
483 -5.81110876220925e-10
484 5.084343827990851e-10
485 -1.7455636529912317e-10
486 7.954778868263763e-10
487 -1.6999620548079871e-09
488 -5.199245642074393e-10
489 -1.4761732837308799e-09
490 -6.224927873164306e-10
491 -7.812676872317752e-10
492 7.569444914379729e-10
493 3.2037500480930774e-10
494 1.1898182828071435e-10
495 8.274782896955532e-10
496 -5.0642504209621135e-11
497 1.1184546145566523e-09
498 3.327814032447576e-10
499 8.222979973325183e-10
500 1.0954935237175346e-10
501 -6.096789857443552e-12
502 1.090411555653473e-09
503 -1.3902056182850524e-09
504 5.684372915898804e-10
505 1.2725489804283947e-09
506 1.345039587050462e-09
507 -7.935824669681796e-10
508 -1.892173219883467e-09
509 1.2293936326040722e-09
510 -9.299289095201967e-11
511 -2.1230246044075924e-09
512 1.9582980154777767e-09
513 -9.7952171969607e-10
514 -1.2095837835528178e-09
515 5.986809813573801e-10
516 1.2376708396806816e-09
517 -4.923016526126708e-10
518 -1.6836556061175792e-09
519 -1.5730943112320432e-10
520 -5.0066530676778267e-11
521 -7.259686145459862e-11
522 -8.411266877387482e-10
523 3.195231552010006e-10
524 1.8062062379343947e-09
525 -8.957481286918709e-10
526 -5.647160844499818e-10
527 7.256496955357276e-10
528 -5.799107246061516e-10
529 7.465715435012491e-10
530 -2.319943997273457e-09
531 -5.360535380102139e-10
532 -1.3065047756885667e-09
533 2.034432344994619e-09
534 -1.18215815771903e-09
535 -1.9025579306286107e-09
536 -2.0937012397769847e-09
537 6.007205979409531e-10
538 -3.477782898700075e-09
539 2.0918493891486593e-10
540 -1.3207518698480652e-10
541 -1.0047413222748235e-09
542 -9.306950616144753e-10
543 -9.56458718013197e-10
544 1.0885171659004251e-09
545 -7.55315963841389e-10
546 -4.723413017565259e-10
547 -1.6363871074516259e-10
548 1.7396328879608281e-09
549 -1.4006366604834853e-09
550 1.0980370586411331e-09
551 -2.039747634443556e-09
552 -1.0707550783744906e-09
553 -1.196874923998283e-09
554 3.2725737509449314e-09
555 6.164390083111825e-10
556 -6.225243136893132e-11
557 -6.561315887722594e-10
558 -3.230737932375385e-10
559 2.2646660038514267e-09
560 3.071251258027088e-10
561 8.769880041889763e-10
562 -6.929398418182324e-10
563 1.4478457376547175e-09
564 1.6998138269907476e-09
565 -1.2362521706260023e-09
566 -7.426137750080531e-12
567 -1.949442939579115e-09
568 -2.6048121872879754e-10
569 6.026035596319584e-10
570 -2.079104755440568e-09
571 4.4070489732435377e-10
572 -1.680505585830257e-09
573 -1.8888709229285038e-09
574 -2.9956550843511834e-09
575 -1.8438079713103287e-09
576 5.12635313314756e-10
577 2.0746757444496654e-11
578 1.4783419658740537e-10
579 1.3599209806186478e-10
580 -4.163115220660048e-10
581 -1.4826003326320646e-09
582 -1.5586574752091413e-09
583 4.3654302115457574e-10
584 -8.856454643035468e-12
585 -8.124253134302858e-10
586 7.997203580942685e-10
587 -7.708130566439705e-10
588 1.0580967539856127e-09
589 -1.73487439223031e-09
590 -2.007613723184891e-09
591 2.4008768903061075e-10
592 -1.2929511240915759e-09
593 -1.632749509991498e-09
594 2.077248521113086e-09
595 7.16185661246392e-10
596 -2.5826480834780037e-10
597 -8.356744725757005e-11
598 2.1306936073074894e-09
599 -1.8187457237645105e-09
600 -3.919017368809765e-10
601 -1.9329914147921698e-09
602 -1.0989666365534185e-09
603 -1.0252881602141922e-09
604 7.423466994640633e-10
605 1.335369545284867e-09
606 1.93542851142437e-09
607 5.5480761329294694e-11
608 5.729725112442122e-10
609 7.073096384143122e-10
610 -1.7719927211960045e-10
611 5.795988132281124e-10
612 -6.794954387171381e-10
613 -1.570480743845705e-09
614 4.2880196444093507e-10
615 1.738365070313408e-09
616 1.0197881272065808e-10
617 -1.3122936382669582e-11
618 -3.147475869653018e-09
619 -3.257569203269225e-10
620 -1.5661111778231964e-09
621 2.7474257350548416e-10
622 -2.895710538153444e-10
623 -2.857599634651464e-10
624 -1.6160291875396726e-09
625 -3.4450428172726426e-10
626 -8.766661191958843e-10
627 2.089312164245005e-09
628 -1.5943487588998977e-10
629 -9.948239550378952e-10
630 -4.399633828322808e-10
631 -7.033654239292915e-10
632 -2.9681532981565437e-10
633 5.437018480950397e-10
634 -1.9181995632786166e-10
635 -1.2105496398676244e-09
636 5.699613427722429e-10
637 -1.2899311894293207e-09
638 -1.059484469815171e-09
639 -1.4004394589134452e-09
640 6.815057646327117e-10
641 -8.123930319872547e-10
642 -2.213118363894222e-09
643 -1.0444236163254923e-09
644 -4.1328436533172434e-10
645 -3.790801382672058e-10
646 -1.3975083075551014e-09
647 8.49599242050048e-11
648 1.5135713547420993e-09
649 5.701028422852562e-10
650 -3.2269365276632583e-10
651 -3.428494593662109e-10
652 -1.1020021229806137e-09
653 2.4006839747302453e-10
654 2.9459649433598365e-10
655 -1.9762256290073585e-09
656 -2.1366746679571396e-10
657 -1.5682477405899484e-09
658 1.4198190937677715e-09
659 8.771244034229599e-10
660 1.8251985644488673e-09
661 -2.3319215675429726e-09
662 1.1339074805187099e-09
663 -8.558533792642211e-11
664 -1.003992327383815e-09
665 -1.2103700959539203e-09
666 -2.754121761123473e-09
667 1.4363273554137545e-09
668 3.5374309215714313e-10
669 -1.8321324975976714e-09
670 -1.7542609003508542e-09
671 5.656692931995227e-10
672 -2.4699910339433506e-09
673 -1.3272539407788165e-09
674 1.1175828178452037e-09
675 -5.777535031538365e-10
676 8.056093372299173e-10
677 9.092521418878321e-10
678 -1.5287213796424204e-09
679 -5.020389200542464e-10
680 3.3373660090889936e-09
681 2.2513104841509774e-09
682 -7.86482815578491e-10
683 -2.6348477769265424e-11
684 6.488895705542067e-10
685 8.417656829847643e-10
686 -3.6385345064364837e-10
687 -6.315335779329479e-10
688 -2.2047184618003834e-09
689 1.1598373659216632e-09
690 -9.763905547214849e-11
691 1.175015649763435e-09
692 -8.458391578670057e-12
693 8.870270331443056e-10
694 -8.272887408858604e-10
695 1.1977567628030651e-09
696 -1.7128391707018597e-10
697 -7.632667350136305e-10
698 -2.301686583896046e-09
699 -1.5378839151968727e-09
700 -2.448530470826657e-09
701 1.5012428846396708e-09
702 7.207568206703571e-10
703 -1.426354214002564e-10
704 -9.78132522416301e-10
705 2.459557463616058e-10
706 1.5056584874053578e-09
707 2.0929202842408022e-09
708 2.1525615028221474e-09
709 1.4978368407658163e-09
710 -3.8510829123189735e-10
711 -1.0781355921619556e-09
712 -1.6072135998706708e-10
713 1.372555860291276e-09
714 -7.531057800836006e-10
715 -5.521497620594248e-10
716 6.140629795713818e-10
717 1.0972961152708521e-09
718 -5.347444437015453e-10
719 -1.3608444471450407e-09
720 -2.124735668710594e-09
721 7.127516620541819e-10
722 2.08997660486778e-09
723 -1.764127271311583e-09
724 -2.177952009799062e-09
725 2.2045928921615214e-09
726 -2.863729327721604e-10
727 1.085067773358395e-09
728 9.539136418199658e-10
729 1.816970347562767e-10
730 -4.355623785993041e-11
731 6.536352278543031e-10
732 1.807719112438637e-09
733 -1.5262555385990554e-10
734 -3.708433789310272e-10
735 -2.4054896877908928e-09
736 -1.3103098983538603e-09
737 -4.0555524629339424e-10
738 -3.5004074990492277e-10
739 3.559150376364448e-11
740 1.0937109686856221e-09
741 -2.225250280168734e-09
742 1.2237181227944023e-09
743 1.9465590561514954e-09
744 1.0302022471860477e-09
745 -1.5137275598714088e-09
746 -1.3198723302978894e-09
747 -1.310748203403233e-09
748 -1.9684632655721187e-09
749 7.798419204452617e-10
750 2.0747272618848667e-10
751 -2.8882263155705984e-10
752 3.714990667470297e-11
753 -6.724232169253072e-10
754 5.750199304120288e-10
755 -4.591818187998742e-10
756 -1.5728870774517113e-09
757 -1.3366166964418623e-11
758 -1.1126377987353123e-09
759 7.920649274687234e-10
760 -1.0065667688465143e-09
761 2.0390946326563073e-09
762 2.52515089457116e-10
763 6.859888166410914e-10
764 -1.8632428223112527e-09
765 2.6274529323521334e-11
766 1.1312913111285742e-09
767 -7.895796426154634e-10
768 9.684421080597177e-11
769 -1.413125520535856e-09
770 -1.1212974719396264e-09
771 -1.1063682165903068e-09
772 6.711882705189421e-10
773 -6.552223142298752e-10
774 1.7359389212597717e-10
775 5.829000106028775e-11
776 1.5641313727361414e-09
777 1.1274484624107627e-09
778 1.0099379225523863e-09
779 1.2479081548743275e-09
780 5.252660821885673e-10
781 3.1195134265944344e-09
782 1.2259121373256016e-09
783 -1.2339185565283379e-09
784 -1.228971828343296e-09
785 1.2126639384134796e-10
786 2.6208195032268004e-09
787 -1.3804471100469566e-09
788 4.492043114947128e-10
789 2.258679031801698e-10
790 -1.1937638960299473e-09
791 -1.8401246207647551e-09
792 3.964735067924916e-10
793 8.310490783998245e-10
794 -8.740215452112502e-10
795 -7.323383546862887e-10
796 -1.0669601287344639e-09
797 -1.2483975737386006e-10
798 -3.164327096799624e-09
799 3.644967708636914e-11
800 1.6142417857096074e-09
801 -1.124171492035435e-09
802 -1.0792573057984649e-10
803 2.138956231862708e-09
804 -1.301514420730423e-09
805 1.5900082158446252e-09
806 -1.3046703104887777e-09
807 -1.4968608330753554e-10
808 -6.513687976369393e-10
809 1.3856405977875239e-09
810 -2.5095670147606484e-10
811 5.957819339699072e-10
812 8.311431838504589e-10
813 -3.1136232748699962e-09
814 -1.90161847156099e-09
815 -2.645186943262248e-09
816 -2.035554983779358e-09
817 2.237531162596541e-10
818 -2.188842668273387e-10
819 -1.9510885872113155e-10
820 -9.578349270027645e-11
821 -1.1648728380655246e-09
822 4.52349405620955e-11
823 -3.113800261259331e-11
824 -2.224468201300596e-09
825 1.5917420402352408e-09
826 -1.0699193344936044e-09
827 -1.1342268834107613e-09
828 2.4585617388131757e-10
829 -1.2636473293092626e-09
830 -1.667563712639703e-09
831 1.183444003892384e-09
832 -7.41104079532885e-10
833 -4.867535168539174e-10
834 -1.8695222303101147e-09
835 -2.3482289548601406e-09
836 6.662257091748313e-12
837 -3.711271995192432e-10
838 -6.34960907724857e-11
839 8.10767671007229e-11
840 -1.1764181146838317e-09
841 -1.920087495315646e-09
842 9.59993165967755e-10
843 -2.2012748378809037e-09
844 1.3723874961849995e-09
845 -1.5641621644004853e-09
846 6.42372552570871e-10
847 -1.5362529101951378e-09
848 -1.70005612173145e-09
849 -8.78911775726701e-10
850 -3.0471582291797215e-10
851 9.380096476838846e-10
852 1.2165001387135554e-10
853 -1.5289610169378238e-09
854 -2.0186128389844945e-09
855 -2.15538600594701e-10
856 -2.551544650760303e-09
857 -2.0907912835247554e-09
858 3.491793776948254e-10
859 2.9447883842730483e-09
860 1.4822630841281514e-09
861 7.595730819656619e-10
862 1.0468452443975982e-09
863 -1.3829679928410691e-10
864 3.3665916399045476e-10
865 2.195065418013374e-09
866 6.335089006936726e-10
867 -8.16604115186958e-10
868 2.3311017653091706e-09
869 7.50119534076261e-10
870 9.586401148419974e-10
871 1.9982459836536133e-10
872 -2.2309799282940352e-10
873 2.366075635258068e-10
874 -4.983232159162415e-11
875 1.1131853673220419e-09
876 -9.48354745745177e-10
877 -5.3299347706883624e-11
878 -1.3026672062320804e-09
879 2.0393002067816513e-09
880 -6.708903172926835e-10
881 -9.619565074473186e-10
882 -9.33751006933195e-10
883 -3.247433813019839e-10
884 -1.0383968181306444e-09
885 -2.0453572209208386e-09
886 2.58933825811654e-09
887 5.550076394224747e-10
888 1.2589453547796798e-09
889 -2.990714210700553e-10
890 6.251694547485134e-11
891 9.599553100950057e-10
892 2.522127424695842e-09
893 -5.710546757473174e-10
894 1.557484095793643e-10
895 -1.7649206451422252e-09
896 2.2184218547206813e-09
897 -9.566088646873639e-10
898 -2.704224518098319e-09
899 9.51610839936745e-10
900 -1.653520629825776e-09
901 -9.603490786237743e-10
902 -2.6110143360058217e-11
903 2.135196585133266e-09
904 3.952769796098378e-10
905 2.1522476019244195e-09
906 -9.161810709567895e-10
907 6.413758229613271e-10
908 -1.476984411980593e-09
909 -1.4090660861278713e-09
910 -3.0961238636157884e-10
911 7.853094725545728e-10
912 -1.4480156232541691e-09
913 -3.905363334031476e-10
914 1.6958698059051965e-09
915 -1.5117705978602064e-09
916 2.0272795685068344e-09
917 -1.702899975902389e-09
918 -2.4007193757749104e-09
919 -8.793386071640088e-10
920 7.827060852764472e-10
921 -7.982347241462354e-10
922 8.407811817201916e-10
923 6.310063442347844e-10
924 -1.9367002091091352e-09
925 -1.5700504969425077e-09
926 1.113932831375798e-10
927 -3.4614041678027657e-09
928 2.3007230217269798e-10
929 6.572905005131638e-11
930 -9.95887701844236e-10
931 -1.408676198473168e-09
932 -4.6414909238554533e-10
933 4.676926497412738e-10
934 -2.8329170714169335e-10
935 -2.043959894865278e-10
936 -8.959895071981405e-12
937 -1.0132733188134446e-09
938 -1.1007319958377082e-09
939 3.242753405681618e-10
940 -1.6206569427403865e-10
941 -1.26713377598378e-09
942 2.1207713167376894e-09
943 -2.8385668396711824e-10
944 1.4484058317198338e-09
945 2.6078461186146927e-10
946 -7.614550294657047e-10
947 1.1487106122348996e-09
948 9.75289560858339e-10
949 1.166456446080133e-09
950 -1.4494858919812496e-09
951 4.218612556999271e-10
952 -7.741188509249742e-10
953 1.8394068208500825e-10
954 -6.136218296877393e-10
955 -2.0877200422518727e-09
956 1.6302834463370531e-09
957 -9.962383685417348e-10
958 8.784235300959622e-10
959 -2.936714571620539e-10
960 3.045866846301914e-10
961 1.5534520746915445e-10
962 -8.699571824978786e-10
963 -6.200252319028064e-10
964 -9.681331927958941e-11
965 -1.499945868082328e-10
966 -5.156758536922331e-10
967 -1.0187098526714925e-09
968 1.433502540678726e-09
969 -1.8909541895198025e-10
970 -2.40827198135066e-09
971 1.2531146618938783e-09
972 6.367175931864459e-10
973 -2.4354189112146702e-09
974 -2.080068579239225e-09
975 -1.2450308191078685e-09
976 -3.9011470647776797e-10
977 -6.586323226260391e-10
978 -2.0040392855075837e-09
979 2.82146731376909e-09
980 -1.0800530212262547e-09
981 -1.0606299133331825e-09
982 3.498116524258247e-09
983 -1.4659911524418597e-09
984 1.0991411653745626e-09
985 -3.4156674178103017e-09
986 -1.2079777526875143e-09
987 4.613959857793372e-10
988 -5.066106463810647e-10
989 4.968515896038439e-10
990 1.9121531581304894e-09
991 2.784416872110888e-10
992 -5.175539348254162e-10
993 2.8123852733757575e-10
994 2.4620135014362984e-09
995 -9.447356407680062e-11
996 -8.254898790123416e-10
997 1.2727772124486089e-09
998 -2.351898366386901e-10
999 -1.8979986312859207e-09
