0 5.781537169475102e-07
1 5.634548018576923e-07
2 5.805333890973055e-07
3 5.638336880876264e-07
4 5.874800162656058e-07
5 5.589586537409225e-07
6 5.49942416012345e-07
7 5.906213141297878e-07
8 5.849061339737072e-07
9 5.751566451687859e-07
10 5.623979703216131e-07
11 5.434460516766079e-07
12 5.562005730228483e-07
13 5.427592783847863e-07
14 5.679896079573964e-07
15 5.747159179642562e-07
16 5.714060404681446e-07
17 5.495207076591224e-07
18 5.727962899259916e-07
19 5.658112975018063e-07
20 5.528791908194338e-07
21 5.513752868085583e-07
22 5.544770772670229e-07
23 5.449908491031218e-07
24 5.442464972786322e-07
25 5.480235132060166e-07
26 5.776494577600367e-07
27 5.774353666507385e-07
28 5.789947222465131e-07
29 5.516324436408559e-07
30 5.690767463114373e-07
31 5.5444962892409e-07
32 5.745171758503508e-07
33 5.548874913342403e-07
34 5.460111222742004e-07
35 5.75508398786922e-07
36 5.354355362286751e-07
37 5.496301834984172e-07
38 5.558593941073324e-07
39 5.595279630091505e-07
40 5.559721501717251e-07
41 5.260780186378548e-07
42 5.484809627705856e-07
43 5.446973354084147e-07
44 5.279030574929293e-07
45 5.661064146308918e-07
46 5.650079352671333e-07
47 5.484972558188695e-07
48 5.674921918171962e-07
49 5.790422195309294e-07
50 5.773435580297063e-07
51 5.883087497081546e-07
52 5.625936392284948e-07
53 5.740969331566826e-07
54 5.102167468156701e-07
55 5.889948818404764e-07
56 5.587302705881069e-07
57 5.352707619671276e-07
58 5.585028349727812e-07
59 5.728367260478787e-07
60 5.803793235822941e-07
61 5.263928202369179e-07
62 5.641214827775385e-07
63 5.5544440565039e-07
64 5.762890599941179e-07
65 5.920484190090953e-07
66 5.377275738709786e-07
67 5.456564791379749e-07
68 5.290453631251494e-07
69 5.430310864130753e-07
70 5.357900026399863e-07
71 5.608849249624251e-07
72 5.771319537709023e-07
73 5.461135144464479e-07
74 5.135935449893729e-07
75 5.827501268123067e-07
76 5.511424924674578e-07
77 5.624247076856561e-07
78 5.093138876412018e-07
79 5.275261525316282e-07
80 5.817676371274948e-07
81 5.782088247313656e-07
82 5.847492955373908e-07
83 5.579403325464472e-07
84 5.829331895780421e-07
85 5.774650162990701e-07
86 5.332377627991205e-07
87 5.76633352238422e-07
88 5.272679410395595e-07
89 5.651499785311662e-07
90 5.770117723131275e-07
91 5.960903215198769e-07
92 5.537362695344837e-07
93 5.650011337761105e-07
94 5.625873781100982e-07
95 5.617157817291237e-07
96 5.66208643380044e-07
97 5.330330508927743e-07
98 5.464943103375774e-07
99 5.76274139711303e-07
100 5.478229997871798e-07
101 5.807618267963806e-07
102 5.383995806343267e-07
103 5.734328150377747e-07
104 5.684206883285161e-07
105 5.694391451392698e-07
106 5.784700944294872e-07
107 5.60859300241956e-07
108 5.532030199607464e-07
109 5.718657385221385e-07
110 5.500607109225409e-07
111 5.265005975522763e-07
112 5.729832900223479e-07
113 5.274904498787777e-07
114 5.936018721004243e-07
115 5.469121275887319e-07
116 5.448273720500762e-07
117 5.561554999089824e-07
118 5.704817371209243e-07
119 5.414444664071497e-07
120 5.557891476206618e-07
121 5.832768599643549e-07
122 5.452262991016156e-07
123 5.236674937628675e-07
124 5.489780635801619e-07
125 5.502698212020272e-07
126 5.607295341692294e-07
127 5.721237688964085e-07
128 5.589672843381728e-07
129 5.400140633702239e-07
130 5.500294441041774e-07
131 5.783404467044144e-07
132 5.806298966705962e-07
133 5.559125794989158e-07
134 5.304928399591574e-07
135 5.710760258295222e-07
136 5.690391498790045e-07
137 5.540478991287678e-07
138 5.860382888452979e-07
139 5.71372761905242e-07
140 5.802015996783577e-07
141 6.048575230471965e-07
142 5.907027405878683e-07
143 5.442564227916641e-07
144 5.396780616186889e-07
145 5.812236967710393e-07
146 5.317746722231328e-07
147 5.37436197263101e-07
148 5.535095804520475e-07
149 5.44485439311104e-07
150 5.906968985501269e-07
151 5.681773637628467e-07
152 5.604003704076326e-07
153 5.323155999604534e-07
154 5.530961054603031e-07
155 5.83748548422095e-07
156 5.674350374578652e-07
157 5.437935330260386e-07
158 5.168208133024041e-07
159 5.466931985014195e-07
160 5.246904762163302e-07
161 5.836879166711273e-07
162 5.652473540052357e-07
163 5.589739945767141e-07
164 5.45278284958247e-07
165 5.472922836555844e-07
166 5.74333207022549e-07
167 5.19535668703322e-07
168 5.664089662237878e-07
169 5.569295305495031e-07
170 5.45610098454939e-07
171 5.76148789424874e-07
172 5.622565195035915e-07
173 5.824060407833517e-07
174 5.40329550021423e-07
175 5.613358184337236e-07
176 5.626150107240826e-07
177 5.133369642341136e-07
178 5.591113618230729e-07
179 5.835037070537874e-07
180 5.664433383285257e-07
181 5.675683657602591e-07
182 5.472695896537962e-07
183 5.88602246135319e-07
184 5.368495833023048e-07
185 5.710603389458233e-07
186 5.330326523219598e-07
187 5.73873645339864e-07
188 5.963535250992726e-07
189 5.513814923276963e-07
190 5.578618672177617e-07
191 5.6479803375307e-07
192 5.370140910715105e-07
193 5.76286697704857e-07
194 5.388916814373528e-07
195 5.216545948709343e-07
196 5.337155781031378e-07
197 5.482175676542142e-07
198 5.644691407819112e-07
199 5.765576573502163e-07
200 5.508603966423429e-07
201 5.694812707259315e-07
202 5.496226034150671e-07
203 5.462555911633361e-07
204 5.878835200509753e-07
205 5.705440202455512e-07
206 5.956717528633175e-07
207 5.212160884441401e-07
208 5.457756268665153e-07
209 5.321873318910279e-07
210 5.635011503671183e-07
211 5.521983709734956e-07
212 5.29930221031064e-07
213 5.42443037427254e-07
214 5.509592476881118e-07
215 5.577331983373226e-07
216 5.389121959414244e-07
217 5.514685558622256e-07
218 5.610971807716128e-07
219 5.176558212267734e-07
220 5.584962475860697e-07
221 5.759904544157023e-07
222 5.417778593151617e-07
223 5.429776561374174e-07
224 5.522808752128087e-07
225 5.926748113704278e-07
226 5.718512704539614e-07
227 5.820369972437337e-07
228 5.589987189853029e-07
229 5.346819530095667e-07
230 5.597078657591511e-07
231 5.541558828903526e-07
232 5.629093709545666e-07
233 5.748329760405761e-07
234 5.574021027932263e-07
235 5.627044081380029e-07
236 5.962063238568395e-07
237 5.730692958617661e-07
238 5.644384802045618e-07
239 5.603505874629036e-07
240 5.371407439641479e-07
241 5.721796149567854e-07
242 5.665864467966159e-07
243 5.617100005398402e-07
244 5.655347579638043e-07
245 5.42146268804016e-07
246 5.488140752016825e-07
247 5.241873833696403e-07
248 5.416095042999644e-07
249 5.688773437167811e-07
250 5.642697277307163e-07
251 5.503268049981033e-07
252 5.944861608667024e-07
253 5.57873175555335e-07
254 5.816965316448724e-07
255 5.540876901455019e-07
256 5.692676002583732e-07
257 5.487719774883102e-07
258 5.419195834748348e-07
259 5.570266668431716e-07
260 5.898179930676254e-07
261 5.763228049569377e-07
262 5.450551012334199e-07
263 5.675731581861569e-07
264 5.844353177575348e-07
265 5.420484005391075e-07
266 5.407844094317105e-07
267 5.707774808994281e-07
268 5.514542156419516e-07
269 5.334692080588979e-07
270 5.825094570904657e-07
271 5.631291812792771e-07
272 5.619764669261622e-07
273 5.446792742064313e-07
274 5.50865903338786e-07
275 5.458563285543265e-07
276 5.654609911648431e-07
277 5.072602212022978e-07
278 5.298750032770459e-07
279 5.420421185376052e-07
280 5.604016040051678e-07
281 5.596402064796784e-07
282 5.620574649750156e-07
283 5.385133216341552e-07
284 5.345325848318606e-07
285 5.628625355239157e-07
286 5.310662810141721e-07
287 5.429731392622826e-07
288 5.720386913829627e-07
289 5.544655020149687e-07
290 5.650181555780481e-07
291 5.692871193059489e-07
292 5.290255129367847e-07
293 5.447675334357128e-07
294 5.447519204551928e-07
295 5.769833459456628e-07
296 5.468364854532778e-07
297 5.692824378464661e-07
298 5.816276424700397e-07
299 5.439857490835706e-07
300 5.691550964783008e-07
301 5.503210941480206e-07
302 5.476572260981385e-07
303 5.409887355481659e-07
304 5.812102892054567e-07
305 5.576795553865907e-07
306 5.515163264712077e-07
307 5.820737940598814e-07
308 5.657933777159301e-07
309 5.818576650685632e-07
310 5.839517706448661e-07
311 5.690749606518112e-07
312 5.452176809345762e-07
313 5.640732570533759e-07
314 5.487636285274921e-07
315 5.592799653407027e-07
316 5.684694616256702e-07
317 5.824226352020088e-07
318 5.381838158552394e-07
319 5.500041020441772e-07
320 5.766493710701753e-07
321 5.361604246369623e-07
322 5.589679043812599e-07
323 5.275019373571755e-07
324 5.508099174046137e-07
325 5.586232676140781e-07
326 5.930563480439177e-07
327 5.574626846155523e-07
328 5.753098283613591e-07
329 5.580205776207631e-07
330 5.678400610589546e-07
331 5.586433919189161e-07
332 5.954864731380661e-07
333 5.754941044435684e-07
334 5.248961119424286e-07
335 5.890201438906352e-07
336 5.550780064535699e-07
337 5.554443574276094e-07
338 5.695362187499392e-07
339 5.864907664358697e-07
340 5.733035828781319e-07
341 5.46098837468152e-07
342 5.466022790799587e-07
343 5.750036991741311e-07
344 5.875378701032435e-07
345 5.83408188101098e-07
346 5.623485771692503e-07
347 5.615852416809995e-07
348 5.213947451822801e-07
349 5.557190447247593e-07
350 5.755463455706056e-07
351 5.51152506317873e-07
352 5.435486664278467e-07
353 5.78597885123529e-07
354 5.57481862697686e-07
355 5.366134976090755e-07
356 5.3011252325283e-07
357 5.492471164606023e-07
358 5.170399839033471e-07
359 5.706526416260008e-07
360 5.543588240245041e-07
361 5.622484674838733e-07
362 5.554307429965923e-07
363 5.182036229208477e-07
364 5.463476058973996e-07
365 5.572908780272008e-07
366 5.417547277617829e-07
367 5.686798771330763e-07
368 5.773972651748173e-07
369 5.678840674882064e-07
370 5.764892466592431e-07
371 5.426903259005052e-07
372 5.897073663662022e-07
373 5.777465793305832e-07
374 5.743138555921957e-07
375 5.905591099331921e-07
376 5.722747642435032e-07
377 5.63308165766558e-07
378 5.678578975545016e-07
379 5.80672862135136e-07
380 5.450691837356932e-07
381 5.646700493801815e-07
382 5.564462372201945e-07
383 5.694363636288264e-07
384 5.640865036058217e-07
385 5.402467998310926e-07
386 5.569471057781746e-07
387 5.472970178259058e-07
388 5.882441028386998e-07
389 6.219029715856942e-07
390 5.473438218305758e-07
391 5.567295968942046e-07
392 5.646576017079275e-07
393 5.588302033893762e-07
394 5.511482282169054e-07
395 5.601832391530073e-07
396 5.406700980082511e-07
397 5.606322369113415e-07
398 5.550305160301609e-07
399 5.769709762470249e-07
400 5.735774406605436e-07
401 5.491763731270607e-07
402 5.616567395757028e-07
403 5.506974131609029e-07
404 5.789198361356965e-07
405 5.692399932586876e-07
406 5.444339208117821e-07
407 5.557282073978841e-07
408 5.50466284200387e-07
409 5.492564342439777e-07
410 5.549604457895272e-07
411 5.368255329052241e-07
412 5.649435971962688e-07
413 5.400621600624711e-07
414 5.8758404208727e-07
415 5.332901783121829e-07
416 5.190574243090203e-07
417 5.770470508102775e-07
418 5.678083364022638e-07
419 5.408990951313095e-07
420 5.516048465237912e-07
421 5.763391113537954e-07
422 5.675153181792844e-07
423 5.489850377861631e-07
424 5.416465497795207e-07
425 6.029346261460907e-07
426 5.36096716087071e-07
427 5.493618563352462e-07
428 5.743977943020559e-07
429 5.867774329827877e-07
430 5.574395726658762e-07
431 5.413232340720118e-07
432 5.694360661209736e-07
433 5.538926386759815e-07
434 5.201980077334758e-07
435 5.527681117018465e-07
436 5.596969396078795e-07
437 5.659056509054164e-07
438 5.591828868442847e-07
439 5.65106831978881e-07
440 5.512079932958846e-07
441 5.469640636283261e-07
442 5.476854679852262e-07
443 5.340785942383345e-07
444 5.588336001838863e-07
445 5.477882036573597e-07
446 5.345763708064701e-07
447 5.498641829288567e-07
448 5.54377135091236e-07
449 5.237587205541311e-07
450 5.303782075095027e-07
451 5.79302212775254e-07
452 5.630344508936964e-07
453 5.698723449985402e-07
454 5.367049392367851e-07
455 5.542003493251262e-07
456 5.506501534813166e-07
457 5.548725729177858e-07
458 5.639411652984013e-07
459 5.307871406307788e-07
460 5.519056734042601e-07
461 5.58430937798168e-07
462 5.502820686726367e-07
463 5.597035845178763e-07
464 5.408930691073384e-07
465 5.859101142999442e-07
466 5.35526941273202e-07
467 5.706901683449854e-07
468 5.855427878451373e-07
469 5.443414365034682e-07
470 5.487747688326854e-07
471 5.649608495524341e-07
472 5.344809150347677e-07
473 5.660004810466783e-07
474 5.838438032299058e-07
475 5.31843285748727e-07
476 5.518295021412142e-07
477 5.595665174891179e-07
478 5.567509440423212e-07
479 5.552695997509764e-07
480 5.413509272459287e-07
481 5.626106460021058e-07
482 5.511110677839066e-07
483 5.561330527664704e-07
484 5.456037866735335e-07
485 5.754657635847914e-07
486 5.754052236236982e-07
487 5.536710469337384e-07
488 5.388275009895679e-07
489 5.587211758951878e-07
490 5.646299280610024e-07
491 5.689256699669017e-07
492 5.766639272171116e-07
493 5.291322878298265e-07
494 5.205584269910743e-07
495 5.327303567503199e-07
496 5.351952030749358e-07
497 5.56567294775698e-07
498 5.591486320419584e-07
499 5.779109071449938e-07
500 5.161065026575915e-07
501 5.786761213602708e-07
502 5.798612660127569e-07
503 5.240423004302032e-07
504 5.584621529541752e-07
505 5.569030658092249e-07
506 5.511579598418637e-07
507 5.67450939162036e-07
508 5.581725542150466e-07
509 5.592899834474401e-07
510 5.623379861503072e-07
511 5.562563444968308e-07
512 5.926271909527254e-07
513 5.431062042460811e-07
514 5.289148374894573e-07
515 5.654364363819608e-07
516 5.590052565292902e-07
517 5.33624747829682e-07
518 5.00221630983593e-07
519 5.770211263267779e-07
520 5.659014272904118e-07
521 5.62946884279545e-07
522 5.553648509008075e-07
523 5.855512690521096e-07
524 5.854328314070567e-07
525 5.777621640108023e-07
526 5.440745860259048e-07
527 5.435846235219195e-07
528 5.5893105760805e-07
529 5.514731310943683e-07
530 5.325892734335911e-07
531 5.702124602430279e-07
532 5.594181687899691e-07
533 5.744104328080549e-07
534 5.458115448980596e-07
535 5.549060137810227e-07
536 5.420014587516639e-07
537 5.631480942272702e-07
538 5.372274911427168e-07
539 5.673205584559465e-07
540 5.518433426222399e-07
541 5.561780632530787e-07
542 5.462117241799797e-07
543 5.440368286563423e-07
544 5.85797843618027e-07
545 5.573942748517352e-07
546 5.560854330464026e-07
547 5.548953004970134e-07
548 5.69955652737399e-07
549 5.466816594019686e-07
550 5.593623312138926e-07
551 5.635085151820686e-07
552 5.464198567593231e-07
553 5.628078442606757e-07
554 5.638317722976859e-07
555 5.608040680626611e-07
556 5.818519049910208e-07
557 5.478085847633006e-07
558 5.455788067080867e-07
559 5.865389211568617e-07
560 5.514592079893591e-07
561 5.800244889740166e-07
562 5.687267354155159e-07
563 5.77567212871891e-07
564 6.041828344216323e-07
565 5.342639303963834e-07
566 5.684688738573904e-07
567 5.505116453792064e-07
568 5.571763887170455e-07
569 5.772456853945447e-07
570 5.345943457147035e-07
571 5.689971000566709e-07
572 5.536416898381962e-07
573 5.33986114487693e-07
574 5.156096485509014e-07
575 5.310654574236766e-07
576 5.827199141486923e-07
577 5.584163006521727e-07
578 5.499652973471052e-07
579 5.310714701646623e-07
580 5.378410481492854e-07
581 5.492222399515364e-07
582 5.192634955965559e-07
583 5.746569318120331e-07
584 5.519277956173637e-07
585 5.194626522130299e-07
586 5.480796523745748e-07
587 5.415071198866933e-07
588 5.754571796127333e-07
589 5.42745946317913e-07
590 5.355683288787977e-07
591 5.719518901900366e-07
592 5.404212830972264e-07
593 5.531657092147302e-07
594 5.629681817701115e-07
595 5.6536282147726e-07
596 5.506497007402112e-07
597 5.72432635538274e-07
598 5.908810369109482e-07
599 5.278598350861916e-07
600 5.54679240966286e-07
601 5.476854496510626e-07
602 5.564249421416944e-07
603 5.360626159219621e-07
604 5.305117461049043e-07
605 5.711786616321327e-07
606 5.672245447599327e-07
607 5.574851186283417e-07
608 5.636940748593237e-07
609 5.885834124733226e-07
610 5.6962807887745e-07
611 5.604692666060349e-07
612 5.209182692631447e-07
613 5.574704317202124e-07
614 5.789968809327401e-07
615 5.827365987945482e-07
616 5.657120834804712e-07
617 5.937433149539201e-07
618 5.337112339495349e-07
619 5.450367490597877e-07
620 5.242015301878796e-07
621 5.746324894441321e-07
622 5.548364665963167e-07
623 5.463595178545855e-07
624 4.956380497726009e-07
625 5.534932562846918e-07
626 5.640527150515789e-07
627 5.730638651276517e-07
628 5.569076743758609e-07
629 5.412346701224938e-07
630 5.700439997924428e-07
631 5.344127911988857e-07
632 5.70612147200366e-07
633 5.836342976687225e-07
634 5.46106663271849e-07
635 5.608094758234264e-07
636 5.553349313582632e-07
637 5.38282582661492e-07
638 5.614635865543042e-07
639 5.461241956066071e-07
640 5.621387914519547e-07
641 5.794136101556057e-07
642 5.340703073961581e-07
643 5.567743503338947e-07
644 5.289858337986812e-07
645 5.592759171111044e-07
646 5.494011787950673e-07
647 5.793146085655753e-07
648 5.827465357688952e-07
649 5.663640449044951e-07
650 5.493547886228613e-07
651 5.718454882382132e-07
652 5.469187371803912e-07
653 5.630287545936334e-07
654 5.440795822445689e-07
655 5.264758289586554e-07
656 5.527856037844014e-07
657 5.592737383856913e-07
658 5.759537184753941e-07
659 5.564818032977026e-07
660 5.67170295724375e-07
661 5.221502508526988e-07
662 6.035898494235533e-07
663 5.808681455237178e-07
664 5.377721626152347e-07
665 5.432287985982856e-07
666 5.308864771279646e-07
667 5.702459087088582e-07
668 5.614190938066063e-07
669 5.612627596838258e-07
670 5.387230750684736e-07
671 5.570659441672285e-07
672 5.474416011956047e-07
673 5.597877313877286e-07
674 5.657567502748737e-07
675 5.686223361767745e-07
676 5.432687801292809e-07
677 5.366575704166397e-07
678 5.419029536606075e-07
679 5.657778927302166e-07
680 5.973087841781082e-07
681 5.74826275650134e-07
682 5.456570536878947e-07
683 5.698662558509464e-07
684 5.756051211642403e-07
685 5.851945577664093e-07
686 5.619372027521404e-07
687 5.63472594443056e-07
688 5.447060239844237e-07
689 5.710724025715819e-07
690 5.621032982036699e-07
691 5.510221611026789e-07
692 5.698773318734686e-07
693 5.653549534010421e-07
694 5.437551852793303e-07
695 5.767763717033561e-07
696 5.571737081710017e-07
697 5.583445407313513e-07
698 5.400085177931748e-07
699 5.227336403803026e-07
700 5.356116229331465e-07
701 5.753334698635375e-07
702 5.812598256207064e-07
703 5.456370384659952e-07
704 5.847201315183988e-07
705 5.387855453131768e-07
706 5.721669320533252e-07
707 5.877908041496454e-07
708 6.071712909445099e-07
709 5.548578006668813e-07
710 5.334787494354537e-07
711 5.560748198574236e-07
712 5.633342727574641e-07
713 5.339101385625825e-07
714 5.393755684849934e-07
715 5.687443315392675e-07
716 5.887835484691775e-07
717 5.423465587966015e-07
718 5.50767766197006e-07
719 5.541015086639827e-07
720 5.320342017181193e-07
721 5.548922388402189e-07
722 5.720009187307761e-07
723 5.517808498049015e-07
724 5.253610500214937e-07
725 5.866627120732528e-07
726 5.391089889588158e-07
727 5.723533042100858e-07
728 5.736091414392751e-07
729 5.877178093937687e-07
730 5.42667529949606e-07
731 5.485664663559733e-07
732 6.058691701260754e-07
733 5.499996313511051e-07
734 5.631170098156275e-07
735 5.552446975433725e-07
736 5.564140346717022e-07
737 5.56114465439219e-07
738 5.69468475901026e-07
739 5.800624785285438e-07
740 5.755123301899989e-07
741 5.433466585437144e-07
742 5.671994821615776e-07
743 5.896287194897219e-07
744 5.702478888253688e-07
745 5.252420138444839e-07
746 5.469436167845573e-07
747 5.424444149251868e-07
748 5.315352998978397e-07
749 5.717521680501626e-07
750 5.721997386598302e-07
751 5.729415665979652e-07
752 5.747324326682438e-07
753 5.642013907950391e-07
754 5.629778511237992e-07
755 5.444690301840736e-07
756 5.596719696615797e-07
757 5.658494065032726e-07
758 5.252381409255184e-07
759 5.403016498252415e-07
760 5.498014696311897e-07
761 5.635870261353983e-07
762 5.510389591616755e-07
763 5.986714365407215e-07
764 5.534522248947071e-07
765 5.539454284340973e-07
766 6.014171947986354e-07
767 5.857775423679179e-07
768 5.474089389936543e-07
769 5.581261536093731e-07
770 5.65626264778767e-07
771 5.473809199491744e-07
772 5.954027376692761e-07
773 5.695173973015982e-07
774 5.456557860660181e-07
775 5.588210020410821e-07
776 5.836825989622555e-07
777 5.649093349793479e-07
778 5.991561341442456e-07
779 5.782104047618719e-07
780 5.489123436237995e-07
781 5.760400069268367e-07
782 5.893060970482046e-07
783 5.438897469575512e-07
784 5.607094539193866e-07
785 5.559590929795113e-07
786 5.850882780278501e-07
787 5.394334860328025e-07
788 5.711539330694304e-07
789 6.006694995686067e-07
790 5.291975730228996e-07
791 5.278629523460533e-07
792 5.818235518622435e-07
793 5.909352355375209e-07
794 5.711289037776325e-07
795 5.836864752837559e-07
796 5.587795843812473e-07
797 5.527823115719104e-07
798 5.116292823707598e-07
799 5.711501406134538e-07
800 5.938755909667429e-07
801 5.745264575676272e-07
802 5.521005361624446e-07
803 5.968474862890469e-07
804 5.557350943214131e-07
805 6.071151608517237e-07
806 5.521300876658388e-07
807 5.547286115672993e-07
808 5.64467887373967e-07
809 5.83460049957834e-07
810 5.693809421958894e-07
811 5.92935166909914e-07
812 5.590781142002747e-07
813 5.308793217370961e-07
814 5.459083052158157e-07
815 5.228951798564694e-07
816 5.118096900898062e-07
817 5.510132147682964e-07
818 5.411839730986361e-07
819 5.628197574937209e-07
820 5.638514405766094e-07
821 5.401429622386608e-07
822 5.502879034258946e-07
823 5.663866784305863e-07
824 5.253188353269045e-07
825 5.654425185760603e-07
826 5.508238269049559e-07
827 5.474159959015867e-07
828 5.569083370328786e-07
829 5.667173592166251e-07
830 5.598264199236767e-07
831 5.887205381507165e-07
832 5.537315822508572e-07
833 5.578605148664627e-07
834 5.477479431178794e-07
835 5.24464275076293e-07
836 5.563091660171346e-07
837 5.579511236717981e-07
838 5.481535674472764e-07
839 5.508621981224553e-07
840 5.336831236234714e-07
841 5.281423352927262e-07
842 5.798486619033926e-07
843 5.216886112877481e-07
844 5.53152818637803e-07
845 5.205337824733668e-07
846 5.591431854833491e-07
847 5.558905774631961e-07
848 5.459502848426078e-07
849 5.464849606063591e-07
850 5.483688487742266e-07
851 5.723984469269753e-07
852 5.469685476643598e-07
853 5.264956497883224e-07
854 5.53334564506792e-07
855 5.652129700606844e-07
856 5.481385637110671e-07
857 5.379187035701393e-07
858 5.628441501269102e-07
859 5.490899682388961e-07
860 5.831392020968049e-07
861 5.51552794189676e-07
862 5.646452261092137e-07
863 5.787699823915474e-07
864 5.700375676512225e-07
865 5.652267587684925e-07
866 5.448277349216481e-07
867 5.695793026316203e-07
868 5.71007377338822e-07
869 5.970228471981621e-07
870 6.003967375925125e-07
871 5.745224980760171e-07
872 5.745989709450856e-07
873 5.61915130282771e-07
874 5.691338508276454e-07
875 5.504308495512939e-07
876 5.525312316913433e-07
877 5.684194505572648e-07
878 5.212037015674681e-07
879 5.612268715698166e-07
880 5.483384481630872e-07
881 5.688827869278055e-07
882 5.474056215507671e-07
883 5.602040322737678e-07
884 5.444115043121607e-07
885 4.992417868139545e-07
886 6.034614997115492e-07
887 5.875040142716372e-07
888 5.774199081065339e-07
889 5.772042094696578e-07
890 5.781274707269602e-07
891 5.736334009557922e-07
892 5.705334962429387e-07
893 5.375670474483643e-07
894 5.725206535526846e-07
895 5.372278015524226e-07
896 5.676072532041517e-07
897 5.613191151030305e-07
898 5.334796609060537e-07
899 5.704549340223934e-07
900 5.394441889405662e-07
901 5.179389151048023e-07
902 5.691946093824755e-07
903 6.038700753538354e-07
904 5.666934287891926e-07
905 5.780144932709634e-07
906 5.41582007672528e-07
907 5.920990829165014e-07
908 5.603546751930901e-07
909 5.546565401707292e-07
910 5.348033491489128e-07
911 5.680017237465814e-07
912 5.527653018467673e-07
913 5.642150339582056e-07
914 5.602427114660086e-07
915 5.584806667151919e-07
916 5.872300919191118e-07
917 5.389895927664737e-07
918 5.141262201196393e-07
919 5.537176464062807e-07
920 5.621536641138063e-07
921 5.428107259556905e-07
922 5.673455868824656e-07
923 5.759604133652038e-07
924 5.383284344227659e-07
925 5.203481541698972e-07
926 5.588435682889993e-07
927 5.472797459576238e-07
928 5.636077696176397e-07
929 5.566898933895676e-07
930 5.565466940506501e-07
931 5.640931961119172e-07
932 5.54726883819199e-07
933 5.80128682583318e-07
934 5.477294051154008e-07
935 5.403871317662472e-07
936 5.510572308597948e-07
937 5.395859518729579e-07
938 5.324169396809463e-07
939 5.793991973534254e-07
940 5.680081358048936e-07
941 5.65177916487377e-07
942 6.061851837694056e-07
943 5.583577651464613e-07
944 6.035370572283373e-07
945 5.71118167155896e-07
946 5.369780961916335e-07
947 5.792786843577554e-07
948 5.887857847801083e-07
949 5.755831379519077e-07
950 5.516945506741608e-07
951 5.910683687014015e-07
952 5.555229595915015e-07
953 5.684498913460684e-07
954 5.395026233701149e-07
955 5.433195403608071e-07
956 5.753115511991089e-07
957 5.525233756910725e-07
958 5.66067945873034e-07
959 5.719709692276332e-07
960 5.381316648204805e-07
961 5.582465110004728e-07
962 5.664641639185356e-07
963 5.59407075698826e-07
964 5.626525222248053e-07
965 5.493346539890884e-07
966 5.4267196281546e-07
967 5.508463743773808e-07
968 5.687760642428081e-07
969 5.763366987450539e-07
970 5.512576073010375e-07
971 5.665950520946321e-07
972 5.658063409242318e-07
973 5.330076752674436e-07
974 5.502659014623835e-07
975 5.800991024861792e-07
976 5.572179876619851e-07
977 5.720212702592331e-07
978 5.658615048791442e-07
979 5.709517310159053e-07
980 5.484086027765822e-07
981 5.533553245579262e-07
982 5.598033122954954e-07
983 5.871346113572142e-07
984 5.514858941131211e-07
985 5.26736809683976e-07
986 5.634085076619771e-07
987 5.738213979457624e-07
988 5.675675007937126e-07
989 5.611535033471808e-07
990 5.392397614815838e-07
991 5.810649705607995e-07
992 5.700077886577016e-07
993 5.767579103382934e-07
994 5.78731357049721e-07
995 5.565341199200138e-07
996 5.780422423938056e-07
997 5.658883226301198e-07
998 5.375390801574515e-07
999 5.339136539020975e-07
