0 7.73356284032434e-08
1 7.919511577914984e-07
2 4.802783355807085e-07
3 2.877119038893484e-07
4 8.026782496462733e-07
5 1.261188652668554e-07
6 7.572021211483611e-07
7 4.1906549250884404e-07
8 5.960035631204948e-07
9 3.6351125224741673e-07
10 3.9397942229773103e-07
11 6.110133899281027e-07
12 7.939965791443174e-07
13 3.2232311844914544e-07
14 -3.204833703477511e-07
15 2.5457629142822644e-07
16 1.167410681336642e-06
17 3.4410064416285534e-07
18 2.843424376440511e-07
19 5.487430572349643e-07
20 5.232922099803593e-07
21 2.864131210059708e-07
22 5.930357920349826e-07
23 2.925192756708762e-07
24 2.6176856059391294e-07
25 5.054928662162244e-07
26 4.996512550590103e-07
27 7.951610269953377e-07
28 4.4776407811685783e-08
29 2.2419941107751385e-07
30 5.89765766500535e-07
31 6.912558888207103e-07
32 7.332252179947275e-07
33 2.2431241796102053e-07
34 1.1036366076378429e-07
35 7.113347150713213e-07
36 -8.840814352509396e-08
37 3.5581045094050954e-07
38 3.504779903381941e-07
39 4.7509321885290863e-07
40 1.3184997158261163e-07
41 1.1477805434510745e-07
42 4.064703177956963e-08
43 2.1140105505947338e-07
44 -2.1850461285537518e-08
45 5.020161823310537e-07
46 4.3629947444563325e-07
47 3.411003478591363e-07
48 5.077307812987197e-07
49 1.495150756414076e-07
50 7.30896171206777e-08
51 2.910649966834526e-07
52 6.322780344401063e-07
53 3.7212899445470337e-07
54 -2.383559536191169e-07
55 5.611609863828572e-07
56 1.7176102371597422e-07
57 8.74991608606895e-08
58 1.2630135182789754e-07
59 3.176420371085121e-07
60 4.2663725741593184e-07
61 5.59563974963843e-07
62 3.732713710320361e-07
63 4.548539473033885e-07
64 1.2368738250852287e-07
65 4.765359783178763e-07
66 4.904376195865995e-07
67 4.075903143978875e-07
68 5.348138467074984e-08
69 1.7020556556845536e-08
70 2.682353093058867e-07
71 4.27118423628276e-07
72 2.3781464985995117e-07
73 7.353336904775502e-09
74 1.6922966825243427e-07
75 3.9880151763478724e-07
76 2.825647623689907e-07
77 -4.6273240626495416e-08
78 4.767297913062997e-08
79 3.0677038502046125e-07
80 1.1197148250395085e-06
81 3.760871016884355e-07
82 4.897597445146568e-07
83 -1.0466422093961782e-07
84 2.587363868487075e-07
85 9.103771639862041e-07
86 3.062094954048191e-07
87 5.317668309893267e-07
88 2.451587941719189e-07
89 -1.9152920511238578e-07
90 8.342060912563599e-07
91 -7.034806451675882e-08
92 3.799842604607507e-07
93 5.354131140331835e-07
94 -1.0150281197913255e-07
95 3.1899728359719076e-07
96 4.650079504030593e-07
97 3.5221947196889097e-07
98 4.6657840550378875e-07
99 3.835550190825103e-07
100 2.528634934797659e-07
101 5.356736964944765e-07
102 1.0229554202143164e-07
103 4.066454636164134e-07
104 5.641171139312667e-07
105 6.475252680343906e-07
106 4.737087657029075e-07
107 3.209976059923102e-07
108 6.090455429129067e-07
109 -3.259375782832563e-08
110 1.5200489303309342e-07
111 2.6202476132408627e-07
112 1.4729204407797226e-07
113 8.822332416576511e-08
114 4.123778740445456e-07
115 3.2739242741247185e-08
116 -2.70157670496828e-07
117 7.336080249164325e-07
118 3.249416276175189e-07
119 4.841372427230497e-07
120 1.5613959103030334e-07
121 5.322940169005999e-07
122 2.140277703241541e-07
123 4.076900276885837e-07
124 -1.264656380301881e-07
125 4.2533595666367225e-07
126 1.587041952407455e-07
127 4.2293451963537574e-07
128 1.5631950117800575e-07
129 2.851219346633011e-07
130 5.404219247212801e-07
131 3.345782543978473e-07
132 8.248619229231167e-07
133 1.5085926632342026e-07
134 -8.48576691628793e-08
135 2.601603194188659e-07
136 4.0388048087022787e-07
137 1.943737009946758e-07
138 3.8355233517429414e-07
139 4.4005041420668747e-07
140 1.9032700147367177e-07
141 2.3276496885286315e-07
142 2.948165803206563e-07
143 3.6018526576328916e-07
144 2.888312921569672e-07
145 3.449754895047791e-07
146 -1.1970301203335567e-07
147 6.480583065411819e-07
148 1.7863564719656601e-07
149 7.310200245193549e-07
150 -1.4004511034992494e-07
151 1.280198631711376e-07
152 1.42570106850827e-07
153 3.6495551229797474e-07
154 3.43893465847314e-07
155 -8.901579373148925e-08
156 1.1802169597221908e-07
157 4.259722193436628e-07
158 4.269463371439557e-07
159 2.912206588891495e-07
160 -9.541064976887644e-08
161 6.219240125686343e-07
162 1.6966572811200978e-07
163 -5.0564545370953295e-08
164 7.424041212161129e-07
165 8.507987847650882e-07
166 5.682509397599885e-07
167 1.6978579225215278e-07
168 2.5810212556476196e-07
169 3.104735543260515e-07
170 3.809393278406779e-07
171 3.029995739630543e-07
172 5.181969821513516e-07
173 2.458449204843345e-07
174 1.7699907882784678e-07
175 6.503729790994071e-07
176 2.466636888900438e-07
177 5.164460602669155e-07
178 3.938198414000078e-07
179 2.049766060525682e-07
180 2.8725516067169904e-07
181 9.864682717117995e-08
182 6.549121040399523e-07
183 3.415095085399717e-07
184 5.8773901694419414e-08
185 8.573731606570089e-07
186 -2.5605380461659435e-07
187 5.93388658694095e-07
188 6.604956837094822e-07
189 6.920955762203513e-08
190 4.695762691201382e-07
191 5.070322639724584e-07
192 1.6811671061468197e-07
193 9.365644413414669e-07
194 9.094378206269701e-07
195 4.642401352218671e-07
196 1.745618030857877e-07
197 4.5147214849736924e-07
198 4.824451754420478e-07
199 1.3613868687800306e-07
200 5.729062809846051e-07
201 5.22839943877903e-07
202 8.59946855069238e-08
203 2.9305175912377663e-07
204 5.628670967733108e-08
205 1.1943131264833567e-07
206 7.80040505740199e-07
207 -3.337858121408824e-08
208 1.4652829857073527e-07
209 1.0758235913942731e-07
210 5.35836708947839e-07
211 7.124011701588198e-07
212 7.286106771894722e-08
213 4.5337765435440066e-07
214 6.936827434679769e-07
215 1.7821926874882645e-07
216 8.16417603339055e-08
217 1.0393325871145808e-07
218 6.410534710345542e-07
219 5.107723389929248e-07
220 -2.8496689680313113e-07
221 2.65040324624223e-07
222 7.681149087309342e-07
223 6.823091653945483e-08
224 6.422326061237557e-07
225 6.970262780957115e-08
226 8.839961942371068e-07
227 3.436182991824291e-07
228 6.905364461745699e-07
229 1.8726874794093728e-08
230 7.295215840390308e-07
231 6.035420374302879e-07
232 2.7817240552181136e-07
233 6.825420147154111e-07
234 2.965669159420145e-07
235 3.6864970414584753e-07
236 2.2400857244216408e-07
237 3.619348654594472e-07
238 4.5236230170369733e-07
239 6.101003304337595e-08
240 1.8477943351346565e-07
241 -1.5875562004958594e-07
242 3.400846688343415e-07
243 3.870847319691413e-07
244 6.230231984650168e-07
245 1.5427894654555906e-07
246 2.985314843306062e-07
247 4.675181643017413e-07
248 8.248376746219605e-07
249 -7.427280627097232e-08
250 7.166068449405173e-07
251 1.7069607196042483e-07
252 7.245293803578594e-07
253 -2.652586773245866e-07
254 6.723282879183224e-07
255 2.702015587833776e-07
256 2.126599401491665e-07
257 7.738407989695836e-07
258 1.1562193345197281e-07
259 6.856292578051307e-07
260 3.88902868659474e-07
261 1.886643502013258e-07
262 3.985516887980253e-07
263 8.368064827969782e-07
264 4.4703419050013463e-07
265 1.3959169394347577e-07
266 2.640291662155302e-07
267 7.220197843696784e-07
268 -9.946999971752156e-08
269 3.405294190302143e-07
270 4.1237160676531e-07
271 3.4655199511606826e-07
272 4.6817320321057717e-07
273 5.059294581380974e-07
274 1.0806294033689379e-07
275 2.414708866896208e-07
276 4.956964277190861e-07
277 3.376310763861819e-07
278 -3.386502187213351e-08
279 7.485362018170682e-07
280 6.44192697596444e-07
281 4.77458648650111e-07
282 4.281187344403909e-07
283 4.6977091780828076e-07
284 4.0796564431894924e-07
285 7.497247830421795e-07
286 2.415269402943496e-07
287 2.9023988429355127e-07
288 4.7454109317259546e-07
289 4.595494732180616e-07
290 7.102157875009421e-07
291 8.03896524408171e-07
292 4.01702766433695e-07
293 3.741908287639846e-07
294 3.711894816939608e-07
295 -1.9647932775477604e-07
296 4.5974452709348054e-07
297 1.537728163911934e-07
298 6.353271731099666e-07
299 6.854780669389886e-07
300 2.5922878147768756e-07
301 1.8378611755183575e-07
302 2.5662478115483996e-07
303 9.044955461773261e-08
304 4.184365392523989e-07
305 5.005237929472148e-07
306 1.5105520783244038e-07
307 1.4450720386665683e-07
308 5.070884888130803e-07
309 4.5787331655824476e-07
310 8.102301641521187e-07
311 3.3094592055121315e-07
312 3.132532836877789e-07
313 6.10203007194369e-07
314 1.4377577492113928e-07
315 3.8972247640771513e-07
316 -5.788621371703404e-08
317 7.061425763359324e-08
318 6.445675922463498e-07
319 6.288066090030235e-07
320 7.903641324706654e-08
321 4.059458972621604e-07
322 4.10849045021196e-07
323 4.112051117473594e-07
324 1.468611773297929e-07
325 2.3532228132655696e-07
326 7.251776068765727e-07
327 1.7358982767578188e-07
328 3.535787352509509e-07
329 1.3965668346659446e-07
330 8.178418271133923e-07
331 6.460767486879984e-07
332 6.298956447220488e-07
333 7.934373358015733e-07
334 7.969728436032291e-07
335 5.951286017798519e-07
336 5.285927854662763e-07
337 4.5430432344320284e-07
338 1.989963985599732e-07
339 5.585450897014661e-07
340 4.108024485979764e-07
341 4.7614260755974606e-07
342 7.651332643222925e-07
343 8.377665433580522e-08
344 2.1522394769620435e-07
345 8.157898388116735e-07
346 5.245136406563907e-07
347 3.7013229223350935e-07
348 -1.4539293339713614e-07
349 5.523078808136227e-07
350 1.894721679283935e-07
351 1.9908327565360085e-07
352 4.139492785560934e-07
353 2.3783490403845926e-08
354 3.223657786049606e-07
355 2.2590309253602206e-07
356 -3.380598034292687e-07
357 6.158756076259525e-07
358 -1.260286364562513e-07
359 5.799566756437246e-07
360 2.492048325333481e-07
361 5.47044268221139e-07
362 3.6904910236998644e-07
363 -1.3246051812041948e-07
364 2.2751951522053332e-07
365 3.5822672016434293e-07
366 1.2945191795326123e-07
367 4.7500746106044355e-07
368 -8.778292877291006e-08
369 2.5412100073903305e-07
370 1.8204870667292451e-07
371 -7.547320790274635e-08
372 4.2701957337077105e-07
373 1.885327714051371e-07
374 4.631072537460326e-07
375 6.492453162138773e-07
376 2.7967632055878607e-07
377 6.32082452235149e-07
378 3.149188927417237e-07
379 5.94826808552471e-07
380 -7.065005432268265e-10
381 5.364931403465906e-07
382 6.311779567758488e-07
383 5.803431494711011e-07
384 1.6595287788630296e-07
385 4.905422220038162e-07
386 3.2765556475163143e-07
387 1.6481710318360907e-07
388 4.2491035568900643e-07
389 5.94117645083872e-07
390 3.726402197807492e-07
391 7.658946140637496e-07
392 1.1004841094642366e-07
393 4.184384811559682e-07
394 -2.7852673172705832e-08
395 6.439253217338984e-07
396 1.0500524734332312e-07
397 3.973929290940453e-07
398 3.2860914914700676e-07
399 7.406551351912345e-09
400 1.951808245347799e-07
401 3.513151686401074e-07
402 -1.231256678144461e-07
403 5.587240833388684e-07
404 6.115831968554059e-07
405 3.090120160680241e-07
406 2.2687291727434424e-07
407 4.436944038243299e-07
408 2.887862796200371e-07
409 3.0176358539214905e-07
410 4.919448829317194e-07
411 2.4847932871834716e-07
412 1.5193874118953893e-07
413 4.387535807365605e-07
414 2.0052756264144056e-07
415 5.110036435033521e-07
416 2.823684633529713e-07
417 4.931890864642952e-07
418 8.440190215767125e-07
419 4.233631776396676e-07
420 1.541850018738126e-07
421 9.733571223449994e-07
422 3.4104478382437913e-07
423 4.159409307684178e-07
424 2.98859232403893e-07
425 6.835123557344886e-07
426 -1.434343418662993e-07
427 3.377635709728224e-07
428 4.38298460521899e-07
429 3.1182482461540043e-07
430 6.8968497840953365e-09
431 -1.8056659010357884e-07
432 3.281998412767416e-07
433 2.817462972328251e-07
434 1.7906083877851596e-07
435 9.530224993421391e-07
436 7.284419838839725e-07
437 6.517943631713807e-07
438 6.843621334831861e-07
439 5.872673172040694e-07
440 -6.592535994255894e-08
441 4.0046430729802344e-07
442 6.116066697646904e-07
443 2.9039719259377326e-07
444 7.481971729481205e-07
445 4.446308430820963e-07
446 2.4213166421324474e-07
447 -1.2200494964342212e-07
448 7.128131367800306e-07
449 1.2952064961413992e-07
450 3.1631608387399993e-07
451 8.004182262968122e-07
452 3.71943076964585e-07
453 1.3177541824242745e-07
454 -5.366075241947616e-08
455 2.678547975890516e-07
456 3.685968978649459e-07
457 4.677199633749139e-07
458 1.8075587687042827e-07
459 -1.8220856376404613e-07
460 2.3908410713144804e-07
461 2.838049963202246e-07
462 3.3818934996446064e-08
463 2.9692129056002357e-07
464 3.7331374644237744e-07
465 4.306720926686764e-07
466 3.702817925259859e-07
467 5.368728459363595e-07
468 2.7848462986857617e-07
469 3.8249031071252813e-07
470 4.0760953074992504e-07
471 5.106152323547648e-07
472 3.9127826169195826e-08
473 5.833144881143531e-07
474 1.472810055210972e-07
475 1.432173628813172e-07
476 4.1261280060826805e-07
477 3.5921317215863997e-07
478 4.1634415554363286e-07
479 3.369323194354132e-07
480 1.554559867469973e-07
481 4.010058236486628e-07
482 5.87029741968635e-07
483 1.306435805854849e-07
484 -1.735134363252399e-07
485 4.904491251808568e-07
486 1.836263076992978e-07
487 4.185000696891692e-07
488 2.3113568824018653e-07
489 5.811773355387644e-07
490 5.590658986283665e-07
491 3.076265280866709e-07
492 5.301773264286569e-07
493 -3.2837850066201416e-07
494 1.8552757175821463e-07
495 1.2158160326650602e-07
496 7.977247447789086e-08
497 5.13098132131136e-08
498 -1.1663662936268759e-07
499 1.982296558742179e-07
500 -1.9378633989573586e-07
501 5.921971991092694e-07
502 -1.3627647785672034e-07
503 3.796279124211268e-07
504 2.680429085667652e-07
505 -4.039127261364387e-08
506 1.7622812226093864e-07
507 7.805280062121219e-07
508 2.1975309093404396e-07
509 1.620859744707863e-07
510 2.1727199489783528e-07
511 5.143304752904898e-07
512 2.3020586694604007e-07
513 8.985470126045546e-07
514 2.369043883043399e-07
515 4.5288768708411985e-07
516 7.546758354243235e-07
517 3.518608580244679e-07
518 -4.4299555968341204e-07
519 8.630709398337755e-07
520 3.315015860864842e-07
521 1.2464870218741467e-07
522 3.811792600611097e-07
523 5.143690172704561e-07
524 1.9454475180018712e-07
525 6.108938804902896e-07
526 1.3218998645430188e-07
527 3.8488512003601746e-07
528 4.815198232425754e-07
529 1.5494553644571104e-07
530 9.463208150355848e-08
531 3.807286962908373e-08
532 9.543003618930527e-07
533 3.3303303800413915e-07
534 2.2089840209012425e-07
535 5.433698728477594e-07
536 6.711538672729199e-07
537 3.835325214578343e-07
538 2.2672541882321056e-07
539 -1.130819393852431e-07
540 9.50864724929513e-08
541 3.7559338280404065e-07
542 1.1887502210248173e-06
543 3.8332423839488754e-07
544 4.4355893803008867e-07
545 -1.6694702970764594e-07
546 1.233378271403815e-07
547 3.7004706797596577e-07
548 2.1908715410141767e-07
549 3.2919484161244154e-07
550 3.836525513966357e-07
551 2.514737554947248e-07
552 5.66913464513845e-07
553 7.24327910513038e-07
554 1.343514598645732e-07
555 1.0861465423491815e-07
556 2.5998375639366306e-07
557 1.6698740344338227e-07
558 -1.836586213978117e-08
559 7.507392467953857e-07
560 7.036736896024675e-07
561 4.911322003393974e-07
562 4.72878170744169e-07
563 6.097755154458226e-08
564 1.3235905561903356e-07
565 2.4180001959843494e-07
566 6.178597766365801e-07
567 6.36697243378134e-07
568 1.6997889646320974e-07
569 2.1873096360304762e-07
570 4.1159366239778794e-07
571 6.943818589658024e-07
572 6.575408860800245e-07
573 2.4126092167348137e-08
574 9.896016196823448e-08
575 -2.573289434754988e-08
576 6.835995956088016e-07
577 3.6590393819734725e-07
578 1.6490687556475787e-07
579 1.2408056560363482e-07
580 4.305022354183994e-07
581 2.344960739185279e-07
582 3.624500475662374e-08
583 -1.0472947939132175e-07
584 8.697086871029285e-08
585 -1.2503114499481483e-07
586 -3.9022331304091207e-07
587 4.6412098612817777e-07
588 5.229385852632278e-07
589 -9.156461129680024e-09
590 1.9704596257058558e-07
591 6.789565031680198e-07
592 2.1483973808587282e-07
593 6.028760394040732e-07
594 2.1456187433868536e-07
595 5.231558011146102e-07
596 -6.076958957368312e-08
597 -2.527990920551855e-07
598 2.7335778067310474e-07
599 6.274246105888586e-07
600 4.166885044804042e-07
601 1.9333630671746626e-07
602 5.147229434455854e-07
603 -2.2571592399480694e-08
604 2.6692985798940974e-07
605 6.494735458305166e-07
606 3.654318257785943e-07
607 2.471927769819011e-08
608 3.3804614852470175e-07
609 5.950538037952649e-07
610 2.1683824139418176e-07
611 -8.326758704749674e-08
612 -3.2633188440480694e-09
613 5.785831238758866e-07
614 3.6794435715899843e-07
615 2.473983090101687e-07
616 3.562101862899839e-07
617 7.633299365049384e-07
618 6.769438701444249e-07
619 4.4574157737686774e-07
620 3.3595445324024183e-07
621 2.0393863950895264e-07
622 3.0411827207758237e-07
623 3.1301591406381195e-07
624 -2.7503320415388023e-07
625 2.327506967243947e-07
626 5.9249817911367e-07
627 5.742615081414351e-07
628 6.386716494528721e-07
629 3.2451495446248873e-07
630 4.012502908177881e-07
631 3.005528209839692e-07
632 4.584870044460088e-07
633 6.972811775496721e-07
634 3.172224691995696e-07
635 7.673353788568428e-07
636 3.7112577156787236e-07
637 1.1065119561326171e-07
638 2.001558165871738e-07
639 -1.0711617346810316e-07
640 5.849591054874883e-07
641 1.7675975448655667e-07
642 7.734672085685561e-09
643 2.1790383353640608e-07
644 2.4900637535353023e-07
645 4.182562077597161e-07
646 3.422753944421474e-08
647 1.2809778982998627e-07
648 5.603544851523539e-07
649 3.7695986557146607e-07
650 -1.568754403100291e-07
651 4.562401358219301e-07
652 6.502168181161341e-07
653 4.009569527135913e-07
654 5.689469946194837e-07
655 -1.185050747587358e-07
656 5.539336790271822e-07
657 1.848217677780051e-07
658 2.318740170704737e-07
659 4.0723929366780116e-07
660 3.214658587093502e-07
661 7.179594933936575e-07
662 3.45888836551391e-07
663 7.638943564609676e-07
664 3.391550934205138e-07
665 -9.954720705879873e-08
666 4.1736703641446056e-07
667 1.0234516602298123e-06
668 8.844154819749356e-07
669 2.9018473925200067e-07
670 4.110798501486439e-07
671 1.1005285989773948e-07
672 7.247538831177709e-07
673 4.3378650101073824e-07
674 1.1054038278186233e-06
675 4.997728310219263e-07
676 1.6075792817076056e-07
677 -3.310973809104836e-07
678 1.8057119182338425e-07
679 3.3175521719407993e-07
680 3.1379984851553204e-07
681 5.658432178672373e-07
682 1.4160930024955257e-07
683 2.106098663352914e-07
684 3.2915727614813636e-07
685 6.462907812874872e-07
686 -2.9718216925414677e-08
687 7.842794821175228e-07
688 4.939654115918573e-07
689 6.602804654352348e-08
690 6.906336565453618e-07
691 4.358143852260288e-07
692 6.325675902532358e-07
693 1.4061898944788758e-07
694 6.519059901941803e-07
695 4.442155185688067e-07
696 -1.7969700784513601e-07
697 7.372136672740213e-07
698 5.810851432961487e-07
699 2.322995986901588e-07
700 3.370287491059919e-07
701 3.8310803070303454e-07
702 6.598526478075608e-07
703 1.650961860355402e-07
704 2.2327224972744647e-07
705 3.472177733995519e-07
706 3.104309921569433e-07
707 2.0649129487672246e-07
708 8.702042262987898e-07
709 3.5114253469095907e-07
710 -1.470962699374609e-07
711 5.502863423426395e-07
712 4.5248051849230366e-07
713 3.1362075023737817e-07
714 1.5844711024487094e-07
715 7.398183000338864e-07
716 4.899201795241535e-07
717 2.871002144228056e-08
718 4.63126438628932e-07
719 6.433611571793319e-07
720 -4.439083279813579e-07
721 -1.4343694839083287e-07
722 4.768634109696786e-07
723 3.290840123385963e-07
724 6.090916665434664e-07
725 5.852922499971125e-07
726 2.6305912460004505e-07
727 2.2612788665582898e-07
728 3.709126599780909e-07
729 9.635232313941344e-07
730 -9.540931957001664e-08
731 -5.798597519085917e-08
732 4.888821541285392e-07
733 2.708535001161923e-07
734 2.968068371151194e-07
735 4.428326875318414e-08
736 3.0010414590450503e-07
737 4.092132833548417e-07
738 4.283280055748564e-07
739 4.6366522541083185e-07
740 9.202130682209675e-07
741 1.566321772422205e-07
742 4.7411737910373166e-07
743 1.3023431400819706e-07
744 1.4100990763911325e-07
745 -1.2884566569191976e-07
746 3.588093945215863e-07
747 -2.7879947275920153e-07
748 5.614920149688829e-07
749 5.185153436202635e-07
750 4.709685034351713e-07
751 9.460254235137052e-07
752 5.401767844118994e-07
753 5.739767217130788e-07
754 -6.031014396360574e-08
755 4.095863785638104e-07
756 6.686500105993889e-07
757 8.499024590415489e-08
758 -2.1271577657153145e-07
759 5.635222561583562e-07
760 7.169616337093982e-07
761 3.9264385573527125e-07
762 4.4195991221913276e-08
763 6.598955530559674e-07
764 4.05006461946608e-07
765 2.1804932072418645e-07
766 6.308288451132729e-07
767 7.849642202448443e-07
768 -2.725376589256219e-07
769 6.7056835054931e-07
770 3.728700714984398e-07
771 1.2109901639334423e-07
772 5.370241028605757e-07
773 3.565080242797972e-07
774 -3.004569226137855e-07
775 8.095555397140972e-07
776 4.870146708402161e-07
777 4.931772641525898e-07
778 3.1563898372523327e-07
779 3.909196340718613e-07
780 4.680468130674649e-07
781 3.454237886432155e-07
782 3.617141276909085e-07
783 7.311099962159909e-07
784 4.935953037846144e-07
785 1.8880790824577512e-07
786 8.510084632560639e-08
787 2.387928895838168e-07
788 1.1421183688685395e-06
789 4.4264288838354763e-07
790 -1.6324100248293073e-07
791 1.9407116774083795e-07
792 5.033294585987462e-07
793 5.983514352784171e-07
794 5.281688610128685e-07
795 3.4776737187984837e-07
796 4.866138243780956e-07
797 7.08992190232563e-07
798 -6.523142618646822e-08
799 2.34640248826572e-07
800 3.775631920479879e-07
801 6.152834654190546e-07
802 3.8589046254499657e-07
803 7.158951351035446e-07
804 1.5282651856523387e-07
805 2.4965857099142033e-07
806 -4.139545728756185e-08
807 2.4608978075596356e-07
808 5.0772246315433e-07
809 2.138862761004601e-07
810 3.7099607099443024e-07
811 3.2164593621556517e-07
812 1.7609632086221007e-07
813 1.2544500859554643e-07
814 3.2280587599295024e-07
815 1.5508632704954614e-07
816 1.2715775302300487e-07
817 -1.900653774909459e-08
818 4.539001735157754e-07
819 3.4457550445162984e-07
820 5.24532643913876e-07
821 -4.6918542179068844e-08
822 3.921951251137496e-07
823 2.7375029444497566e-07
824 -1.0555479640771748e-07
825 9.302950346697092e-07
826 7.797584885136556e-07
827 5.181266871809301e-07
828 2.724954441910768e-07
829 2.1625939143019109e-07
830 1.7631607380752762e-07
831 9.204946999060512e-07
832 4.1819778022210233e-07
833 4.213654831330294e-07
834 1.1029670042385862e-07
835 3.864345535704774e-07
836 5.433306877177619e-07
837 2.0807993975194655e-07
838 4.83059654355051e-07
839 -1.6972382784450498e-07
840 1.446958315547508e-08
841 6.757461411083828e-07
842 8.800804138088e-07
843 -2.814049003980823e-07
844 6.628873330119917e-07
845 -4.276814741701428e-08
846 6.093637316724239e-07
847 4.352443412898155e-07
848 3.3621364116806276e-07
849 4.570470288332225e-07
850 1.1807395535377306e-07
851 5.632777298782967e-07
852 3.3849514030159425e-07
853 1.7965703325032044e-07
854 4.1847554937398666e-08
855 1.1074906074182048e-07
856 4.5730315159343975e-07
857 4.26963625285149e-07
858 9.835228225577267e-08
859 1.2404977413781248e-07
860 9.932688487007029e-08
861 2.85096553615317e-07
862 4.81252756962211e-07
863 5.291559881188761e-08
864 -3.423723692778032e-09
865 4.877830104778001e-07
866 1.456709006723604e-07
867 3.5743031516267143e-07
868 2.370835409177524e-07
869 7.855300970747726e-07
870 3.4226367011475864e-07
871 3.362369558955027e-07
872 3.1335288849927455e-07
873 4.585741675616194e-07
874 5.0755049479279305e-08
875 5.647925956678571e-07
876 4.080527129169661e-07
877 4.164434640819379e-07
878 -3.383891176396738e-08
879 3.8592256767542783e-07
880 4.4943031842462144e-07
881 3.551555126980352e-07
882 2.677382187538195e-07
883 2.745845439977521e-08
884 4.523359916074939e-08
885 -3.009660046118168e-07
886 5.356293099401571e-07
887 8.403045797611967e-07
888 6.913512308692073e-07
889 6.281995148662549e-07
890 5.290564651193231e-07
891 5.165860454038971e-07
892 3.4919555618779176e-07
893 1.7656975776705098e-07
894 -3.161382493662668e-08
895 6.163236458502927e-07
896 3.4793735484366675e-07
897 4.745931355519855e-07
898 1.538050126351043e-07
899 -2.475111035459141e-07
900 1.809358266698614e-07
901 -1.5442914357122055e-08
902 8.672557628975397e-08
903 2.080327395358799e-07
904 2.052511680260383e-07
905 3.2025248465739496e-07
906 1.566365945530122e-07
907 2.891051610915669e-07
908 2.0982741590243278e-07
909 5.5065505248961826e-08
910 1.8565550031951112e-07
911 9.255531055422934e-07
912 6.903241552476154e-07
913 5.88536387399442e-07
914 2.345342096647172e-08
915 3.743607774114291e-07
916 3.9518846131745303e-07
917 2.0346016659957668e-07
918 1.010670858116557e-07
919 -7.988834786114112e-08
920 4.0081284797433507e-07
921 1.945795793873559e-07
922 9.226765775616616e-07
923 2.339599939175697e-07
924 4.872176248110464e-07
925 4.272183299260306e-08
926 5.948726471961546e-07
927 2.730689455894456e-07
928 -2.8973884771781112e-08
929 3.7741217514779136e-07
930 5.436434848439346e-07
931 8.946584555918881e-07
932 3.266791092302013e-07
933 2.874555891292035e-07
934 4.400271540303435e-07
935 3.9781537076974943e-07
936 1.2969208162289093e-07
937 4.0056554326329704e-07
938 1.8190986230028482e-07
939 6.107637126044873e-07
940 4.617571163251105e-07
941 8.124141218792426e-07
942 4.2104368908177574e-07
943 4.403592357647661e-07
944 5.421686518145225e-07
945 1.0544829826888584e-06
946 6.821110839907755e-07
947 4.5664857042393724e-07
948 4.182450954395353e-07
949 2.6988136328896407e-07
950 3.9712882391657057e-07
951 5.092062503112074e-07
952 4.377524020558975e-07
953 5.119577951689177e-07
954 -3.535801391645169e-08
955 1.9053364054776604e-07
956 5.696288066466067e-10
957 5.930359290071858e-07
958 2.0105736368646675e-08
959 2.800220506035897e-07
960 5.680520754468296e-07
961 -5.6996543489798616e-08
962 8.373610017698378e-07
963 3.3541817849320757e-07
964 2.1960870594610042e-07
965 6.429432916076678e-07
966 2.8795196155384017e-07
967 2.5659216208041175e-07
968 3.287966918843239e-07
969 3.561728430515934e-07
970 -1.8717714075920861e-07
971 2.0717699324117932e-07
972 4.1350948958566807e-07
973 8.922626075600944e-09
974 6.245954015158221e-07
975 5.898156834957063e-07
976 3.41224305127512e-07
977 5.363637445079376e-07
978 5.450807902014764e-07
979 7.731311092677734e-07
980 3.1653285876867756e-07
981 6.519780020666046e-07
982 -9.269159455834374e-08
983 5.326994796383374e-07
984 -6.726253844089839e-08
985 3.0550050581169326e-07
986 1.007928802400744e-06
987 1.1903489881735821e-07
988 4.569598694483097e-07
989 1.6547111132720406e-07
990 3.6591759325080327e-07
991 6.238461170055227e-07
992 6.302058253913406e-07
993 2.3061788615029844e-07
994 1.880196360888065e-07
995 3.218293134333097e-07
996 5.454272397026087e-07
997 6.159546276926033e-07
998 -3.614080948059618e-08
999 3.9494471783530834e-07
