0 -2.0429975888184274e-07
1 2.183385146937614e-07
2 -4.4304957113701083e-07
3 -1.41522448118607e-07
4 6.195648060226582e-08
5 4.9582499670978066e-08
6 2.0052800881546242e-07
7 -1.975869199830597e-07
8 1.274390603749146e-07
9 6.52328875605799e-08
10 3.1603652375869435e-07
11 1.8046625013850567e-07
12 1.9581830426852877e-07
13 3.534690476730925e-08
14 1.775641702544542e-07
15 3.9263165572939804e-08
16 -4.9519482903776475e-08
17 -6.406304763249334e-08
18 -3.6080656836904606e-09
19 2.980541152911257e-07
20 8.103696367118423e-08
21 2.3305837089486473e-07
22 1.1444881750578663e-08
23 2.3747845711393667e-07
24 4.825205952449678e-08
25 -9.073161721992731e-08
26 -2.662565909801439e-09
27 2.3821673155153632e-07
28 -3.8597706681185946e-08
29 2.229430838111941e-08
30 1.152880266433516e-07
31 6.801185095459892e-08
32 -3.015642746503061e-08
33 3.011921489747414e-08
34 1.0093463021927913e-08
35 9.275994662061143e-08
36 1.5355707742567171e-07
37 1.637910468061539e-07
38 2.303060755183337e-07
39 -3.098781634312264e-08
40 3.029742271565357e-08
41 1.047060998801332e-07
42 3.273461582509113e-08
43 2.1043670893022476e-07
44 4.4635960815193175e-08
45 4.605826946637363e-08
46 -6.673437518865927e-08
47 -1.683622089667069e-07
48 1.2443972493860764e-07
49 1.636376776478781e-07
50 1.941726927504128e-07
51 1.9816883969652158e-07
52 1.1371389221362188e-07
53 1.6094025370320548e-07
54 2.1152356251703752e-08
55 2.445700657549213e-07
56 1.0254411843540474e-07
57 1.0474849585232075e-07
58 -8.382071155985776e-08
59 6.623611939411767e-08
60 2.675135224364112e-07
61 3.926108731982967e-07
62 8.807126717355277e-08
63 6.503248497695372e-08
64 1.7620657959103902e-07
65 4.397499432201356e-08
66 9.188134056147644e-08
67 -1.1402513915799199e-07
68 1.5768789234430114e-07
69 2.2834650526771416e-07
70 1.8343738608017458e-07
71 7.625804302283326e-08
72 1.9798217650939876e-08
73 -9.723017854081585e-08
74 1.1579565973742426e-08
75 1.8293112350824675e-07
76 5.719698232410062e-08
77 7.247271601424952e-08
78 3.84909546558866e-08
79 2.3360563804213424e-07
80 2.14431189236396e-07
81 4.424728862214912e-08
82 2.6689765480451554e-08
83 1.4785845631335691e-07
84 2.2833672368633445e-07
85 -1.7395329390403435e-07
86 -1.8453248938102454e-09
87 3.957078868996903e-07
88 5.7767441364304273e-08
89 1.7691229268105111e-07
90 2.3826784152117647e-07
91 1.1463185048291671e-07
92 2.7732452666592153e-07
93 1.381721620376742e-07
94 6.494459159179974e-08
95 -4.970338889482008e-08
96 5.7403077488190406e-08
97 -5.568169512621998e-09
98 1.619173129875715e-07
99 -8.034552146058163e-09
100 -1.2269876143101768e-07
101 2.6792892488167364e-07
102 2.1093195657141367e-08
103 3.352275636219993e-07
104 5.027626799798064e-09
105 1.7688695302856108e-07
106 -2.261794088936568e-08
107 3.581564958260041e-08
108 2.4170932371605915e-07
109 2.3332986731209515e-07
110 2.5665359653611846e-08
111 2.44523504061782e-07
112 3.330735217459823e-07
113 6.992883534867597e-08
114 2.2070203112538424e-07
115 -1.5342529094334793e-08
116 3.179910752868466e-07
117 3.832327356546704e-07
118 7.298494080908667e-08
119 1.9589275135582392e-07
120 1.8300756794196402e-07
121 -1.369264449262555e-07
122 -9.35962705489268e-08
123 4.3591637472275863e-07
124 1.5646315234428354e-07
125 1.9078958858935188e-07
126 7.948593391946673e-08
127 1.4091208755962503e-08
128 1.0932001730596295e-07
129 2.8464514242254842e-08
130 -4.9890064348346474e-08
131 1.0516180382602239e-07
132 1.790999330465783e-07
133 -2.2636771555660233e-08
134 7.911760275714976e-08
135 1.74635655701472e-07
136 1.2923496485888183e-07
137 2.6452524311390834e-08
138 9.745989398567276e-08
139 1.2811792441941493e-07
140 6.868662285889979e-08
141 2.66815631265542e-07
142 4.562397983367961e-07
143 1.1071891450103396e-07
144 1.596824440815169e-07
145 3.182938968150723e-07
146 1.1770424820679586e-07
147 2.3519117745530621e-07
148 9.405709788396922e-08
149 1.4025734475710077e-07
150 -1.178352620559896e-07
151 2.3728771158753794e-08
152 1.7931396489387243e-07
153 1.9630401416794345e-07
154 2.1659971183603235e-07
155 -5.663881604174412e-08
156 1.3277353874972192e-07
157 1.325536204294207e-07
158 -8.481744177646401e-08
159 2.0662574806537122e-07
160 -5.7704804278595e-09
161 1.4789649480755294e-07
162 -2.3752339303492374e-08
163 2.098359665152646e-07
164 1.7680215699568427e-07
165 3.0541448146484097e-07
166 2.465001325859558e-07
167 1.7810375485287679e-07
168 1.19128938033308e-07
169 1.4019466835293839e-07
170 -2.4048503622684528e-08
171 -1.0649979677531194e-07
172 1.1021950315965167e-07
173 3.482653780345067e-07
174 -8.297002612939174e-08
175 4.2991709743662306e-08
176 -1.0123386847111229e-07
177 4.293545399937982e-07
178 2.575367580250622e-07
179 2.1940387516344712e-07
180 -4.191625596426045e-08
181 -1.1359028524828259e-07
182 -6.170196360613135e-08
183 -1.391533200085261e-07
184 2.2072788882773188e-07
185 -3.306419467869723e-09
186 3.0947692452506916e-07
187 2.6107289087171e-08
188 8.54487023385652e-08
189 1.3918928218207082e-07
190 2.639307876006294e-07
191 4.4056376665395746e-08
192 1.2016892112399345e-07
193 1.360475219943902e-07
194 -6.756997870423607e-08
195 2.2917957302647423e-08
196 2.9906653105769486e-07
197 1.608183061506501e-07
198 7.879421425893016e-08
199 8.04241949531509e-08
200 2.068018380942439e-07
201 1.6957483617250752e-07
202 -2.4000499098061896e-07
203 1.0707978504482324e-07
204 -4.379165707991816e-09
205 1.1892761662084003e-07
206 1.21610582275697e-07
207 8.177866262219096e-08
208 -2.925533216647138e-08
209 -1.5511198064568477e-07
210 3.28937875205379e-07
211 -1.61549345482764e-07
212 4.9850519985702104e-08
213 7.745158472057799e-08
214 1.628745724556865e-07
215 2.6384605212597566e-07
216 4.8604905346535425e-09
217 1.1008477308590253e-07
218 4.688635033784868e-08
219 -1.1421005968958772e-07
220 5.2521721642403134e-08
221 9.148542745638577e-08
222 4.1158476313898045e-08
223 1.0108556746031959e-07
224 5.575334739054739e-09
225 9.094989217801122e-08
226 5.274474595935265e-08
227 2.1517766825831322e-07
228 2.0609245520509506e-08
229 1.9449345328058926e-08
230 7.607424144876794e-08
231 -5.798859639859434e-08
232 6.803110396109477e-08
233 -7.040961688861926e-08
234 5.007963281626972e-08
235 9.882761942546504e-08
236 -3.4664471685381706e-09
237 4.527560808694232e-08
238 1.3446716376819752e-07
239 5.434035158023306e-08
240 7.424203849173051e-08
241 3.564043601903212e-08
242 1.8405526355729846e-07
243 7.038948043130677e-08
244 1.19776363879591e-07
245 1.3752754513004418e-07
246 -4.337686005479287e-08
247 2.7681291328938127e-07
248 2.3297177492721343e-07
249 2.611635368374298e-07
250 -8.440794418747428e-08
251 8.77468288997396e-08
252 9.293559304582912e-09
253 6.977397043504029e-08
254 1.168187342738009e-08
255 2.6978549832709535e-08
256 2.658721352023619e-07
257 2.902203232938556e-07
258 2.5094180620362428e-08
259 -4.5381968245860305e-08
260 1.6362465023176734e-07
261 1.688003200928963e-08
262 7.360248014016768e-08
263 2.2226011509327807e-07
264 3.838545845426544e-08
265 4.544027144793713e-08
266 5.0970286285592144e-08
267 1.666576533370628e-07
268 1.1251988274215485e-07
269 2.7784015278471697e-07
270 2.9077506397878833e-08
271 -8.378430330105e-08
272 1.8597448253602574e-07
273 -1.4613446710525976e-08
274 1.203528342778205e-07
275 -8.041718465434544e-08
276 4.340050819030563e-08
277 -1.8322285610095447e-08
278 4.7198991564113545e-08
279 9.893818841000862e-09
280 1.484523710274606e-07
281 1.6022675483542783e-07
282 1.3467396804923008e-07
283 2.7686537013320033e-07
284 6.042130711142426e-08
285 -6.719331169725426e-09
286 1.7346619299493584e-07
287 2.79753123895091e-07
288 1.8376686231451666e-07
289 -1.1995032375098017e-08
290 1.3242422483952216e-07
291 4.266462401959008e-08
292 2.6388470729023168e-08
293 3.262051680326322e-07
294 2.0819044842084578e-07
295 -1.4704447843519826e-08
296 1.2489124818537338e-07
297 1.3159733261628108e-07
298 9.357168246342942e-09
299 7.697700459377046e-08
300 1.2625896554194102e-07
301 7.449176440374443e-08
302 8.49320608331967e-08
303 1.9738443576744224e-07
304 1.1197703690908685e-07
305 3.0725271236025277e-08
306 5.7598278024794805e-08
307 -7.393753581159119e-09
308 -6.368833995094212e-08
309 -1.9692030936577728e-08
310 4.5528346192317276e-08
311 1.1431285770717411e-08
312 4.7449658124918316e-08
313 2.4602531146671205e-07
314 1.792936099237655e-07
315 2.8359586112604108e-08
316 1.9886413717505494e-07
317 2.849706477218848e-07
318 1.44935220255283e-07
319 7.095870955860659e-08
320 1.5672989544892203e-08
321 1.1575417592728335e-08
322 1.8984287317816722e-07
323 6.453923852021873e-08
324 1.0940150860751145e-07
325 1.0198149439123288e-07
326 4.473167459165079e-08
327 8.252469626878424e-08
328 2.4450276484441315e-07
329 1.974605369017481e-07
330 -9.810960164210437e-08
331 2.1520521447431035e-07
332 5.3260845134834096e-08
333 1.456834131608863e-07
334 3.5688393983918684e-08
335 -7.113397238470217e-08
336 1.4352921034418417e-07
337 2.2337179880432905e-07
338 -1.2977573446853603e-07
339 1.4273564566446548e-07
340 1.0738547840576256e-07
341 -2.447142342456086e-08
342 -3.808483663242073e-08
343 -1.1768037536297681e-07
344 1.733331667389622e-07
345 -5.393210879065752e-08
346 -3.1675555667318886e-08
347 -2.4330681700707442e-08
348 2.2433140707905239e-07
349 1.1696885143587502e-07
350 -2.7748515829312287e-08
351 9.181608444008106e-08
352 1.4011397750381652e-08
353 1.6453459326270414e-07
354 8.651970869094756e-08
355 3.584890825645082e-08
356 1.2403024555121338e-07
357 1.3846696795182533e-07
358 2.3649271015006756e-07
359 3.621823934098264e-07
360 3.5385940469850395e-09
361 5.933189738969982e-08
362 8.809717955134645e-08
363 2.5886653453706364e-07
364 -1.1734523926064082e-07
365 1.8412136312876662e-07
366 1.5338347991433846e-07
367 1.4845788936589937e-07
368 2.368456197923795e-07
369 9.409967231260744e-08
370 3.070023572625689e-07
371 -4.288007912390834e-08
372 2.4684661641395387e-07
373 1.4221852452369446e-07
374 -2.123613795844183e-07
375 2.4905992464660618e-08
376 1.1482708616257495e-07
377 1.6664386943779138e-07
378 -1.2876824511362128e-07
379 3.440814130766704e-07
380 -1.0947948862682636e-07
381 8.185622190272112e-08
382 2.0535079224985445e-07
383 6.663801249450901e-08
384 1.8042440534945037e-07
385 2.4393769477642433e-07
386 1.1596184075929e-07
387 1.7929365205018837e-07
388 -5.32893713166439e-09
389 1.0371513835687547e-07
390 1.7014031458505337e-07
391 2.8414842996032332e-08
392 4.420323848075815e-08
393 1.814013306588937e-07
394 2.645744986027316e-07
395 1.1603832916076912e-07
396 -5.141899555698672e-08
397 9.457411598526447e-08
398 1.2003842260123116e-07
399 7.693472914588537e-08
400 1.9708020955733565e-08
401 1.0298034397391318e-07
402 1.4839264884128542e-07
403 1.9660570036308245e-07
404 8.738271457650942e-10
405 3.0903054912708374e-08
406 8.793023179460722e-08
407 -1.226270937823358e-07
408 2.725630472695967e-07
409 -9.072979722323093e-09
410 2.0955410272653825e-07
411 1.392684532213259e-07
412 9.061718339720898e-08
413 6.168148683742002e-08
414 1.7341801677562971e-07
415 -2.0351438434695057e-08
416 2.0396805064428755e-07
417 2.454776955278855e-07
418 1.8548394890705613e-07
419 2.123506549824245e-07
420 3.9013967179243844e-07
421 1.4924039652948542e-07
422 7.41094603768959e-08
423 1.4927725622279023e-07
424 3.079461766963015e-07
425 1.3561726607070962e-07
426 2.1393831317791034e-07
427 1.3676280849369062e-07
428 1.0220462383305262e-08
429 8.326934640237509e-08
430 -1.8177659966192023e-08
431 9.812420478178731e-08
432 9.990541194907386e-08
433 1.4240852876114497e-07
434 -3.217081484818735e-08
435 3.2899992281758974e-07
436 2.586847042129031e-07
437 1.7024233799211627e-07
438 -1.2724039369937042e-07
439 8.043669636004251e-08
440 1.0139630716665223e-07
441 1.4964120714026007e-07
442 -5.1017400950790335e-08
443 -7.289775191720716e-08
444 1.5547421037133792e-07
445 1.145945585863993e-07
446 1.3185067558994666e-07
447 4.1419647413417935e-08
448 -4.074670823293474e-09
449 -1.7739676975191108e-08
450 4.776536154388252e-08
451 2.0111658649503607e-07
452 8.580731034107457e-08
453 3.1296087831196004e-07
454 3.714454073558532e-08
455 -3.787138477388062e-09
456 1.584338834559703e-07
457 5.1472247316708784e-08
458 4.724003825958185e-08
459 1.378959653160842e-07
460 2.656177497222834e-08
461 1.5763384314429241e-07
462 1.1931116014885757e-07
463 -3.589851520518379e-08
464 2.065978704043332e-08
465 -5.7706131520424404e-09
466 1.3149474629396485e-07
467 2.5702245990110036e-07
468 1.63774944141814e-07
469 -9.958727928688954e-08
470 1.9368303652495243e-07
471 2.705560662289091e-09
472 -1.120588855368231e-07
473 2.1257783954170707e-07
474 4.368257049076725e-08
475 1.9857699682478028e-07
476 8.173798307409753e-08
477 -1.9762341642424222e-07
478 5.9486073449008096e-08
479 9.4709698273384e-08
480 1.9659081397801243e-07
481 1.8861346382884173e-07
482 5.852150484903933e-08
483 1.5572810587257394e-07
484 1.7540871956717095e-07
485 1.2595508248795188e-07
486 -1.5027934790975376e-08
487 -1.8130004601851696e-07
488 9.423702895655957e-08
489 -9.030826790688991e-08
490 2.405071253022644e-07
491 5.3792096887689814e-08
492 2.595454587193727e-07
493 4.871911052469505e-08
494 3.2339185424800086e-07
495 2.3682322913809918e-07
496 6.190568920491164e-08
497 -2.1534009300060326e-07
498 4.797488920110358e-09
499 1.0842259144601781e-07
500 3.298912606516303e-08
501 1.4498898799156706e-07
502 9.053974097417155e-08
503 1.0694231865961261e-07
504 1.8520677264967107e-08
505 3.608268081468739e-08
506 5.483478714367564e-08
507 1.4806003943496886e-07
508 6.062207704167827e-09
509 1.8714047812401317e-07
510 1.412969197276954e-07
511 -3.2643108463904134e-08
512 9.189339567817394e-08
513 3.3162992666964107e-07
514 4.4186093427406885e-08
515 -1.0516020239276436e-07
516 -1.8998585385233298e-08
517 2.3921654275032206e-07
518 9.190526093263675e-08
519 2.6398509320745315e-07
520 8.11274295993011e-08
521 3.180068388760289e-08
522 9.873138694649964e-08
523 2.4704696572244926e-07
524 7.323753728681422e-08
525 1.7314221221464893e-07
526 1.415802770076195e-07
527 1.3693428284898233e-07
528 2.890806325613885e-07
529 1.8735071825859924e-07
530 -9.928245123811922e-08
531 -3.069105594022341e-08
532 1.181695930002034e-07
533 6.048027366466026e-08
534 3.762939845255176e-08
535 8.689885121703395e-08
536 2.9034101860698945e-07
537 1.5055731368781753e-07
538 1.235884069804655e-07
539 -1.3140925787703376e-07
540 1.8526073912815652e-07
541 1.164071326696596e-07
542 -5.227033307675116e-08
543 9.601628997460739e-08
544 -6.87783570175037e-08
545 2.025521294218182e-07
546 1.1746229455164574e-07
547 -2.001202104167871e-08
548 7.28379282416236e-08
549 -4.138516186513248e-08
550 7.97348475749855e-09
551 3.843334906001795e-08
552 7.236602149670299e-08
553 -4.5738013937702706e-08
554 2.032860454838314e-07
555 3.268690165301363e-08
556 3.735198412399687e-08
557 1.9157071754089514e-07
558 -2.2252914944686244e-08
559 1.9568618962330687e-07
560 2.1310577387733973e-08
561 1.7827487626734215e-07
562 1.0976409753809828e-07
563 -3.3113444295370807e-09
564 1.1310286534195921e-07
565 3.2788581917748684e-07
566 -1.1608946525601565e-08
567 -5.397161851562945e-08
568 2.0131908827869934e-07
569 1.201009845401465e-07
570 1.5939922026421958e-07
571 -1.0660168253666956e-07
572 1.2502941820485845e-07
573 2.684264834060251e-07
574 2.0477876326675675e-07
575 2.1744342728712026e-08
576 2.1100648389213957e-08
577 1.0521089390218854e-07
578 1.0343413866536874e-07
579 5.586203762775622e-08
580 5.0990348637343205e-08
581 1.2921615793318443e-07
582 1.136200711950941e-07
583 6.094203637180417e-08
584 2.9428955269905855e-07
585 2.1221538335495878e-07
586 2.2368073707435245e-07
587 -9.16442433051852e-08
588 1.0413827953916455e-07
589 2.7251800596475726e-07
590 2.177564423094672e-07
591 1.5697358402744044e-07
592 1.587522330075086e-07
593 1.7220849441696859e-07
594 4.7155109291331145e-08
595 1.5242495027886455e-07
596 9.704522730702062e-09
597 2.909811341267152e-07
598 2.028737680128295e-07
599 4.4169937376191725e-08
600 3.971140604961438e-08
601 -5.6190003685107604e-08
602 1.2093040570239715e-07
603 -3.196103122546507e-09
604 -1.2864283932907723e-08
605 2.547534896804486e-07
606 8.73468312062757e-08
607 7.960454647021305e-08
608 1.9227818866530043e-07
609 1.573968960731672e-07
610 2.63896697099183e-07
611 1.4144934850048768e-07
612 9.007322349797529e-08
613 1.0377065363755865e-07
614 6.156622791127414e-08
615 1.3624579995124545e-07
616 -1.3866929201823157e-08
617 1.0782202672325177e-07
618 1.3875554572963004e-07
619 -2.101696651267762e-08
620 4.2276323588330445e-08
621 1.734752828294427e-07
622 -1.0325411604906612e-07
623 1.4753010881125578e-07
624 2.6888884194603612e-08
625 1.3181653014198984e-07
626 4.256428021256782e-08
627 1.1767325304704317e-07
628 3.165233457524311e-08
629 3.214718604294162e-08
630 1.4879710642886672e-07
631 3.5463059756939486e-08
632 2.367000956627922e-07
633 -4.579167712282815e-08
634 -5.022341929954195e-08
635 1.532054324625922e-07
636 8.044940522112597e-08
637 1.0669253160332624e-07
638 3.399882377995886e-08
639 1.7378500764930445e-07
640 2.591747124317745e-07
641 2.1408570854696266e-07
642 1.4848430906948826e-07
643 9.259283946278133e-08
644 2.423263781070472e-07
645 7.632307512109269e-08
646 -1.090424214580237e-08
647 1.691084480483049e-07
648 2.14030736849625e-07
649 2.4794914314627057e-08
650 -9.993504632462001e-08
651 2.0352583348020891e-07
652 2.0973221273457274e-08
653 3.6466965652584194e-07
654 1.190988903865505e-08
655 1.1365699106866832e-08
656 1.396546268222234e-07
657 4.276416817096855e-08
658 -9.821222979308776e-08
659 1.3776071948912195e-07
660 1.262075440928099e-07
661 1.272858662342737e-07
662 -9.741898441066308e-08
663 2.3036125941771599e-07
664 1.1122438360757773e-07
665 1.667072538672827e-07
666 2.0176708375772282e-07
667 1.2344547446661828e-07
668 2.978563792743953e-08
669 1.668167590672583e-07
670 8.041189033003624e-08
671 1.0694517589856019e-08
672 1.056753409900522e-07
673 6.834652601845911e-08
674 2.820309511260261e-07
675 5.045835261952824e-08
676 3.587405398901914e-07
677 2.76976991536334e-07
678 5.705263836722067e-08
679 1.121435302469156e-07
680 2.2479479270212894e-07
681 -1.2875507312133307e-07
682 4.349347245019489e-08
683 1.9078813112034096e-07
684 -6.166433792156275e-08
685 -1.148709097178431e-07
686 3.389151008325334e-08
687 3.1634665666930922e-09
688 1.681615875587021e-07
689 1.7387225248338862e-07
690 1.7640447694232582e-07
691 -1.4272038211047147e-07
692 2.3245323508046784e-07
693 -8.952409071278201e-08
694 2.3403966101881812e-07
695 1.4425227505040577e-07
696 1.2412749806140294e-07
697 -6.826766563170666e-09
698 1.1739800921699409e-07
699 1.2349275283580977e-07
700 3.358791486644064e-08
701 1.98649268694166e-07
702 -5.244800832043051e-08
703 3.384471642207847e-08
704 1.672055210411717e-07
705 1.6748330465776548e-07
706 -2.6330564074331273e-08
707 1.1634435613310953e-07
708 2.3301773728473275e-07
709 9.737321332106168e-09
710 2.1333493325296606e-08
711 1.31265063917921e-07
712 -5.0778545225484894e-08
713 -1.186583290717877e-07
714 6.023990424441293e-08
715 8.984169511159157e-09
716 1.3752950399709475e-07
717 -8.401723136969682e-09
718 1.6191907369631628e-07
719 2.5911585793438477e-07
720 1.631459016629766e-07
721 -1.506706730518514e-08
722 2.0810929394286404e-07
723 2.0033601081887488e-07
724 1.7525782606015692e-09
725 9.474220184619402e-08
726 1.6661275318386397e-07
727 1.4793263862590355e-07
728 -2.681759487150985e-08
729 -4.097935655216698e-08
730 -1.1589348513828965e-07
731 1.7064376504833667e-07
732 1.3926249395088597e-07
733 -3.8238671321005344e-08
734 -7.459796029553216e-08
735 3.2456289109452056e-07
736 1.8585313238272005e-07
737 2.806758624443408e-07
738 5.505795125187873e-08
739 -5.992445887422453e-08
740 4.3560193946342895e-08
741 1.2355263875443335e-07
742 1.2045917027908387e-07
743 1.246151114514598e-07
744 -2.976471755612907e-09
745 -1.8265593679848046e-07
746 9.590003502711695e-08
747 2.0914963668080376e-07
748 1.796101782113993e-07
749 -1.4245725812708816e-07
750 -7.656835708111487e-08
751 -1.999270408752136e-08
752 -1.7721233222746215e-08
753 8.800048573620969e-08
754 -5.490739191311811e-08
755 7.735042488262199e-08
756 1.3879058888597005e-07
757 6.485862030945177e-08
758 1.5329591882523643e-07
759 6.595619120075495e-08
760 6.214765797222211e-08
761 1.7034989669661404e-07
762 1.9961339389072494e-07
763 1.7063437127786443e-08
764 -6.097233646709364e-08
765 3.0362960428456836e-07
766 8.317940278942619e-08
767 2.078692311642721e-07
768 1.9740639584183269e-07
769 -9.905643465793982e-09
770 1.6142812364934036e-07
771 -3.54804516337905e-08
772 8.98062187417076e-08
773 1.1886284033869004e-07
774 1.4592986493526092e-07
775 5.717345968456635e-08
776 1.3327125965607005e-07
777 1.7621056604778976e-07
778 2.3180994227957755e-07
779 6.603876840972309e-08
780 6.516544196468967e-08
781 2.287502391463033e-07
782 1.6622754400844369e-07
783 1.7376425138198193e-07
784 7.520373974887399e-08
785 2.6106219507222973e-07
786 -1.2441244811697866e-07
787 1.7678704549044678e-07
788 2.4472816363176275e-07
789 5.4622303725381306e-08
790 1.1941692583210138e-07
791 1.372706532043378e-07
792 1.0030741083447519e-07
793 -3.756257252829209e-08
794 2.8144722980025682e-08
795 1.247138059870487e-08
796 2.4238279858689293e-08
797 7.223762074781673e-08
798 -1.2236442850855259e-07
799 -3.98745570765587e-08
800 1.996912411928124e-07
801 1.2559148882033465e-07
802 -1.7542904087928242e-07
803 6.213648046505022e-08
804 2.631808296601029e-07
805 1.667722792612916e-08
806 3.242916671507871e-08
807 1.7063007913998147e-07
808 1.9518639708527517e-07
809 -3.9934116744979884e-12
810 9.747349111850822e-08
811 -4.414600989561205e-08
812 2.1951729298975055e-07
813 9.37479537544256e-08
814 -3.4642730274925124e-08
815 1.7363347936729544e-08
816 2.7327911071941353e-07
817 1.3617179939006456e-08
818 -4.2062741385414395e-08
819 4.229490236620067e-08
820 -7.468563409308515e-10
821 4.7870610181342614e-08
822 6.203962671078608e-08
823 3.2440360394380753e-07
824 -1.0593697522741878e-08
825 1.2691299534025506e-08
826 -1.0427356045550544e-07
827 3.8359589004283597e-08
828 1.1355314569337935e-07
829 4.886653860578326e-08
830 1.3945414820017136e-07
831 2.763910470596189e-07
832 2.4014264559230435e-07
833 6.184045190175882e-09
834 3.192948885862394e-07
835 -2.1699433560704984e-08
836 1.2797854184786514e-07
837 2.200625242502737e-08
838 3.252904502740506e-07
839 1.979197006842603e-07
840 -1.571963231073071e-07
841 1.828557901042542e-07
842 -4.691741515580322e-08
843 -2.6636362163442476e-08
844 5.095494824512079e-08
845 9.224963536272415e-08
846 1.7872077264595354e-07
847 1.1934178391535387e-07
848 1.7115227009449976e-07
849 2.2418088858451325e-07
850 1.54232580919271e-07
851 2.361483456963571e-07
852 3.202355483999266e-08
853 -5.625478877011133e-09
854 -8.126395702135236e-08
855 -4.860753498765189e-08
856 -2.005714748049529e-07
857 1.51484045459104e-07
858 7.643029780286543e-08
859 1.4073561824855191e-08
860 6.448346784405568e-08
861 1.4421885347164044e-07
862 2.365356456098999e-07
863 -1.1626649270787755e-07
864 1.3623695693885513e-07
865 3.4359903943251936e-07
866 7.143495662638009e-08
867 2.791724042787292e-07
868 -3.290461103582824e-08
869 1.5552660789125155e-07
870 1.2153976487483093e-07
871 2.0071825250710232e-07
872 7.776946027608878e-08
873 -4.155065971785277e-08
874 9.773479404963525e-08
875 -2.892435821407758e-08
876 1.211705270486145e-09
877 2.5242213914444713e-07
878 -1.9925149304343384e-08
879 2.3852636493954498e-08
880 2.276138999994477e-07
881 3.077251340152728e-07
882 4.891755562635332e-08
883 -6.724073923953006e-08
884 5.653098141905291e-08
885 -1.7099546391116122e-07
886 1.3636060607192862e-07
887 1.0430409711400813e-07
888 1.5880188357841335e-08
889 2.363661329835612e-08
890 -3.503380116115182e-08
891 -3.0111896063269065e-08
892 2.1824259274946228e-07
893 -3.105145788213725e-08
894 1.9448198886335338e-07
895 3.9003469039817355e-09
896 2.6215807859427104e-07
897 1.4715982683453922e-07
898 1.4338291104573073e-07
899 3.544998304297613e-07
900 3.842230235730092e-08
901 2.1555621286132094e-07
902 8.786135181766635e-08
903 2.821276297318192e-07
904 2.507510607635895e-07
905 9.87241857226036e-08
906 5.7513456437265486e-08
907 2.9787625747905077e-08
908 4.79343736479304e-08
909 -1.87197927511724e-07
910 2.3343250799285328e-07
911 1.6585035724204558e-07
912 6.007981730137213e-08
913 3.5843505478807403e-07
914 1.293955208048479e-07
915 1.7366005928211532e-07
916 -2.8542976498051414e-07
917 1.379270604393071e-07
918 4.462859252757463e-08
919 1.0870597660305637e-07
920 1.204167553928048e-07
921 1.6510913116658655e-07
922 1.4242532899993949e-08
923 3.254264224196692e-07
924 2.2321483578959517e-08
925 2.841506988253686e-08
926 1.084013976082588e-07
927 2.839933839520514e-07
928 1.8059924082480274e-07
929 1.5543296386742657e-07
930 1.7561128623788455e-07
931 7.319957809116912e-08
932 1.0706794587798484e-07
933 7.330105695592833e-09
934 -7.478976967575277e-08
935 9.394320360558745e-08
936 2.4800411492557857e-07
937 6.594335436128209e-08
938 -1.3947076018807008e-07
939 2.017428739591888e-07
940 2.0170814364845228e-07
941 1.2448004325939935e-07
942 2.2054787892132388e-07
943 -1.5457378294277504e-07
944 -9.869542048132847e-08
945 1.6416006313076894e-07
946 3.5292638030917306e-08
947 8.573111079069733e-08
948 9.841162980885155e-08
949 6.793981599974743e-08
950 2.0476346851575314e-07
951 2.9236017491125525e-07
952 2.427535020081378e-07
953 8.894962096565157e-08
954 2.6477470804513026e-09
955 -5.7229162366742384e-08
956 -1.0476425448131695e-08
957 1.7417938535437615e-07
958 1.5474017644030702e-07
959 -1.927961512318986e-08
960 2.2127346857492293e-07
961 -9.205173682560972e-08
962 7.524697065467179e-10
963 -5.814235332460991e-08
964 4.690132224348402e-08
965 1.206568229488816e-07
966 5.367782208299915e-08
967 2.8937805015432684e-07
968 -6.108052381640505e-08
969 1.9578748854938573e-07
970 -5.966152427835607e-08
971 6.081684790144122e-08
972 6.967345720081013e-08
973 1.776548830402991e-07
974 2.1413474221527138e-07
975 -1.2530939468763651e-07
976 -2.1931514438883137e-07
977 -7.769682034232501e-09
978 1.7794606317603755e-07
979 1.1212205339034081e-07
980 1.268859971404691e-07
981 1.5920664945844218e-07
982 -1.1652044696562107e-07
983 -2.7452085870825756e-08
984 6.989164977522213e-09
985 5.6743866477541465e-08
986 1.0609774398377649e-07
987 3.7734296711290174e-07
988 -1.1519230804204284e-08
989 2.795230550648787e-08
990 1.2250395835822818e-07
991 -4.9380044194854355e-08
992 8.647322340160033e-08
993 4.460554392054051e-08
994 2.3407860625322684e-08
995 1.503077547252994e-07
996 2.9161406475994793e-07
997 -2.447894813904812e-07
998 5.655672188742428e-09
999 -3.956975283101796e-08
