0 2.2740570912787434e-07
1 2.46981002234336e-07
2 2.0934293580410317e-07
3 2.372610474309925e-07
4 2.4154942211858933e-07
5 2.426359830041193e-07
6 2.433928649199684e-07
7 2.26472674742576e-07
8 2.3139314238739917e-07
9 2.392018430080835e-07
10 2.490203802187005e-07
11 2.53552070657265e-07
12 2.559056495063142e-07
13 2.3551986689688817e-07
14 2.4407709941924553e-07
15 2.3809477823780636e-07
16 2.3790721000743008e-07
17 2.200665605763997e-07
18 2.2538001506761499e-07
19 2.575818562211951e-07
20 2.4659930314782357e-07
21 2.4394389129826786e-07
22 2.3541797212484813e-07
23 2.4246439717410194e-07
24 2.3627405038628494e-07
25 2.306724421174605e-07
26 2.2998534817699886e-07
27 2.5151280982361405e-07
28 2.387396189428312e-07
29 2.2682144164546836e-07
30 2.409486896225562e-07
31 2.394929084245384e-07
32 2.2695568046796078e-07
33 2.3926061603591446e-07
34 2.4386844746177907e-07
35 2.3912082676727047e-07
36 2.372979656897008e-07
37 2.507682665079864e-07
38 2.473492320046825e-07
39 2.407134649091064e-07
40 2.351768753756782e-07
41 2.384774775817485e-07
42 2.425778572973941e-07
43 2.391482473117816e-07
44 2.3012208508087568e-07
45 2.290268883320374e-07
46 2.324184316800802e-07
47 2.3219169505724272e-07
48 2.46993176350458e-07
49 2.3772621564328746e-07
50 2.2821505800606895e-07
51 2.4105003610450494e-07
52 2.514187676266054e-07
53 2.406162014417972e-07
54 2.310958150165135e-07
55 2.540129587094284e-07
56 2.407888670888767e-07
57 2.3833222675454348e-07
58 2.2705074218299295e-07
59 2.391218126354645e-07
60 2.443942291483427e-07
61 2.5900128832431085e-07
62 2.415707218007062e-07
63 2.4679709696253337e-07
64 2.4629448408993275e-07
65 2.380311229561271e-07
66 2.325534176783071e-07
67 2.348857739359529e-07
68 2.439889185540104e-07
69 2.4391723982405005e-07
70 2.484656891108008e-07
71 2.461290853788193e-07
72 2.400835776127596e-07
73 2.3874554022236257e-07
74 2.3485512378971268e-07
75 2.3605306192610875e-07
76 2.3240542187903585e-07
77 2.391856188243238e-07
78 2.327070797353627e-07
79 2.420890075144515e-07
80 2.5513929961306275e-07
81 2.4587651724537533e-07
82 2.3337063883514282e-07
83 2.3990263928186574e-07
84 2.486205489862338e-07
85 2.3367633853409998e-07
86 2.3821263878113392e-07
87 2.513817078247941e-07
88 2.3612142018115805e-07
89 2.471372462523479e-07
90 2.4598860665708805e-07
91 2.478727432535724e-07
92 2.496061222551055e-07
93 2.3779711614103977e-07
94 2.3191565588365348e-07
95 2.2289027503063972e-07
96 2.5292810956554473e-07
97 2.24453395559879e-07
98 2.3816194479720382e-07
99 2.3405799730257495e-07
100 2.248435245262026e-07
101 2.5255502088728016e-07
102 2.2621169709477322e-07
103 2.5164611883026107e-07
104 2.483801966523289e-07
105 2.3849290559850153e-07
106 2.2997996284963894e-07
107 2.3723707569735222e-07
108 2.489925954646329e-07
109 2.3796077635475477e-07
110 2.3764900364078063e-07
111 2.407644547328338e-07
112 2.557737619514106e-07
113 2.336072613273757e-07
114 2.475832442792683e-07
115 2.3166046362817436e-07
116 2.427521673131965e-07
117 2.5978392180475584e-07
118 2.4453127363563575e-07
119 2.473028641344902e-07
120 2.344166941763619e-07
121 2.2633956260069501e-07
122 2.2853419796141792e-07
123 2.50675820580626e-07
124 2.44760511589032e-07
125 2.370340795932932e-07
126 2.363987548335684e-07
127 2.3962197010781805e-07
128 2.4101553981033544e-07
129 2.3748427232821269e-07
130 2.3249960026067394e-07
131 2.3856564805432074e-07
132 2.3814721325021914e-07
133 2.2841625882848873e-07
134 2.3946238974373774e-07
135 2.3348530641902829e-07
136 2.5178388200738046e-07
137 2.3659528551625246e-07
138 2.360648910887797e-07
139 2.321750178899712e-07
140 2.405609949735198e-07
141 2.492101919473272e-07
142 2.6299758732909373e-07
143 2.3306173551789918e-07
144 2.4618714457701173e-07
145 2.440021705144606e-07
146 2.474701037351191e-07
147 2.5081470286013365e-07
148 2.41042686856168e-07
149 2.5255846570527703e-07
150 2.3473460253871563e-07
151 2.2428977910859687e-07
152 2.456940811446735e-07
153 2.451936338161385e-07
154 2.5040303299063077e-07
155 2.304562784941865e-07
156 2.465315344902263e-07
157 2.4335650999363986e-07
158 2.413161258469338e-07
159 2.3677601185717796e-07
160 2.3143745217868936e-07
161 2.42006778973008e-07
162 2.3898013958312947e-07
163 2.4665043258234297e-07
164 2.38976762506764e-07
165 2.570186791642373e-07
166 2.516606269469292e-07
167 2.4296016097562245e-07
168 2.402522425998864e-07
169 2.4202418029702853e-07
170 2.297521494046551e-07
171 2.3122415917071597e-07
172 2.451382608003051e-07
173 2.5347957027313254e-07
174 2.375854671645104e-07
175 2.280269884095531e-07
176 2.303343959737241e-07
177 2.5682290250595897e-07
178 2.3822297781958336e-07
179 2.519891840803908e-07
180 2.445160775325352e-07
181 2.2924906934733986e-07
182 2.315450144007393e-07
183 2.3688340485653446e-07
184 2.42412670961237e-07
185 2.387130370014428e-07
186 2.4564925118145464e-07
187 2.3612173935381718e-07
188 2.335855585420206e-07
189 2.386083779072356e-07
190 2.4390304551028e-07
191 2.41576103580944e-07
192 2.360149667218563e-07
193 2.357690572382173e-07
194 2.3576132200401363e-07
195 2.406952601690107e-07
196 2.574865548578635e-07
197 2.489085094249561e-07
198 2.498715204973274e-07
199 2.397196648390633e-07
200 2.3960544718175846e-07
201 2.4462187717228e-07
202 2.1945046866548737e-07
203 2.4136047066335644e-07
204 2.4016401921129546e-07
205 2.388617303720791e-07
206 2.441428269769949e-07
207 2.500860519008596e-07
208 2.3966179566259154e-07
209 2.30854716677039e-07
210 2.5922178346762415e-07
211 2.2374959604295266e-07
212 2.3960674312260776e-07
213 2.3442438191786247e-07
214 2.458010867717986e-07
215 2.4459911853787056e-07
216 2.416160117602481e-07
217 2.4727306323374516e-07
218 2.402515809790465e-07
219 2.3131637128716715e-07
220 2.395507611610148e-07
221 2.4663913234641834e-07
222 2.451567105796893e-07
223 2.362509772336763e-07
224 2.3116812138615225e-07
225 2.3766389428964092e-07
226 2.4603795189252166e-07
227 2.447729996002263e-07
228 2.510625943254277e-07
229 2.3443270723221823e-07
230 2.310189664461708e-07
231 2.3433776455328174e-07
232 2.3743700626220488e-07
233 2.3027491371601555e-07
234 2.3554599898994038e-07
235 2.410284704083323e-07
236 2.3815069578650776e-07
237 2.341887067923063e-07
238 2.451295464267288e-07
239 2.3362102051959052e-07
240 2.3634482955085727e-07
241 2.398002454635243e-07
242 2.4404944962044113e-07
243 2.4259825414024254e-07
244 2.388079051570755e-07
245 2.4551557849165217e-07
246 2.2763138988921356e-07
247 2.5226512071113387e-07
248 2.479615621979397e-07
249 2.4737184502626643e-07
250 2.3432773866182793e-07
251 2.3940692545309864e-07
252 2.26007588265833e-07
253 2.330738682312717e-07
254 2.3455251119606512e-07
255 2.3042947081307573e-07
256 2.374891018796253e-07
257 2.4960917728841123e-07
258 2.3515950667269086e-07
259 2.347463441178131e-07
260 2.434507618437613e-07
261 2.3740669096368285e-07
262 2.4270192972409224e-07
263 2.436981402185574e-07
264 2.418396755762942e-07
265 2.4354361753847294e-07
266 2.318487418023385e-07
267 2.43777935906512e-07
268 2.4552502750417674e-07
269 2.4136387433805096e-07
270 2.363069787480766e-07
271 2.3307488862460215e-07
272 2.4414605142374326e-07
273 2.3281801579686434e-07
274 2.381475042304883e-07
275 2.2799755644393807e-07
276 2.355457767242702e-07
277 2.3121402743377985e-07
278 2.3824862202358842e-07
279 2.4078579273857303e-07
280 2.438937505848237e-07
281 2.449398145980483e-07
282 2.3423819197843154e-07
283 2.5042229854318583e-07
284 2.4102785262487497e-07
285 2.2785756707161517e-07
286 2.4863862189658767e-07
287 2.4112122326735787e-07
288 2.511213960328281e-07
289 2.359314961496728e-07
290 2.435391516839825e-07
291 2.339743718816372e-07
292 2.416352013329688e-07
293 2.5146622877194077e-07
294 2.4927906154992635e-07
295 2.5013039120360784e-07
296 2.395383337303516e-07
297 2.4171107947555734e-07
298 2.438742747417706e-07
299 2.4545461985596617e-07
300 2.499766884884979e-07
301 2.3531714104648689e-07
302 2.3648346525154907e-07
303 2.4527700538124447e-07
304 2.3560750003663308e-07
305 2.4084489988945973e-07
306 2.442027069891661e-07
307 2.2739848109688946e-07
308 2.3388491671383336e-07
309 2.2796447315521337e-07
310 2.417266732942914e-07
311 2.388232128573862e-07
312 2.2676853334282672e-07
313 2.5148750514224313e-07
314 2.5235467358018757e-07
315 2.3535612301078353e-07
316 2.4513919731963337e-07
317 2.4707514688050926e-07
318 2.3882289785126816e-07
319 2.3264273497118893e-07
320 2.3336666370233126e-07
321 2.3799303692567514e-07
322 2.499669837747421e-07
323 2.384006908443989e-07
324 2.4808765545075516e-07
325 2.4403067075074144e-07
326 2.4318338552491747e-07
327 2.3219155386958293e-07
328 2.448306907494132e-07
329 2.414919057064506e-07
330 2.309036039798157e-07
331 2.573569750336894e-07
332 2.3570413334056575e-07
333 2.3601090281611288e-07
334 2.3358878131746929e-07
335 2.3032774217133982e-07
336 2.3349605168392933e-07
337 2.4974491354979833e-07
338 2.260733553054607e-07
339 2.3449284662177012e-07
340 2.4818309884278773e-07
341 2.344581029798634e-07
342 2.3456418384513584e-07
343 2.390485599431063e-07
344 2.430554748208123e-07
345 2.3422602010966585e-07
346 2.2531128906629532e-07
347 2.4123883433661594e-07
348 2.504934473689652e-07
349 2.400680813493972e-07
350 2.424147404142428e-07
351 2.4847164259996347e-07
352 2.3626231035055648e-07
353 2.4434704045426694e-07
354 2.3787045365180167e-07
355 2.2793127612752692e-07
356 2.4317820206448184e-07
357 2.3500014382139351e-07
358 2.5294870760059053e-07
359 2.61600543581273e-07
360 2.2744103911713006e-07
361 2.3230970491729338e-07
362 2.390766872748316e-07
363 2.507438918645528e-07
364 2.3266347307059746e-07
365 2.486408665155731e-07
366 2.4492412420686787e-07
367 2.41646690392263e-07
368 2.456461757302127e-07
369 2.3734103231834224e-07
370 2.532680012376954e-07
371 2.3665531997518301e-07
372 2.341912022589629e-07
373 2.4637397041191117e-07
374 2.291138757987946e-07
375 2.3916560302996795e-07
376 2.4307606736423714e-07
377 2.4087857585537653e-07
378 2.20309134697007e-07
379 2.3998752437655086e-07
380 2.280793068885323e-07
381 2.424786280483252e-07
382 2.4585968070121126e-07
383 2.4188984156908995e-07
384 2.51447032719109e-07
385 2.5452716425481575e-07
386 2.4426413852274106e-07
387 2.4115990238972535e-07
388 2.4724262640838257e-07
389 2.3472507196989582e-07
390 2.3223474445025168e-07
391 2.3012886390686787e-07
392 2.3624745208841937e-07
393 2.4470945039057075e-07
394 2.469993719243079e-07
395 2.3683493364383505e-07
396 2.3084799665887817e-07
397 2.455593186564816e-07
398 2.346950168488288e-07
399 2.3393763485455734e-07
400 2.3728969393289464e-07
401 2.29862272995364e-07
402 2.423276121286983e-07
403 2.464748608402165e-07
404 2.3496460753988e-07
405 2.363840584869435e-07
406 2.4514145958362977e-07
407 2.2467668167971472e-07
408 2.5673084250714333e-07
409 2.3570139418857693e-07
410 2.3988429890213575e-07
411 2.4197933255161423e-07
412 2.4756584335622997e-07
413 2.366313042872239e-07
414 2.3134795125670704e-07
415 2.3325196859562528e-07
416 2.5265597703835657e-07
417 2.476236867411823e-07
418 2.3944838199094606e-07
419 2.436768232880126e-07
420 2.6617488771922023e-07
421 2.3333601267276098e-07
422 2.432961322404609e-07
423 2.3648025844898418e-07
424 2.515440851774446e-07
425 2.3564042407907996e-07
426 2.4771442795079713e-07
427 2.424582379810447e-07
428 2.3855225842644193e-07
429 2.3608682546421348e-07
430 2.3733901616407712e-07
431 2.395248283915056e-07
432 2.3692414161617173e-07
433 2.4034811906237155e-07
434 2.2938267026753004e-07
435 2.510754381484302e-07
436 2.543724030308975e-07
437 2.4494955798511373e-07
438 2.3837671329688537e-07
439 2.351455375374936e-07
440 2.3457116953509982e-07
441 2.509993808233875e-07
442 2.3674497074532172e-07
443 2.2588514667645358e-07
444 2.3995363765192466e-07
445 2.3963350110109564e-07
446 2.3554635055146444e-07
447 2.2648245789053356e-07
448 2.4028692117275945e-07
449 2.377910320992789e-07
450 2.393013743569598e-07
451 2.4931316291767786e-07
452 2.375066127598621e-07
453 2.434710798666361e-07
454 2.453852408476633e-07
455 2.386065403986713e-07
456 2.4559455543022484e-07
457 2.2817585720508793e-07
458 2.267852840611568e-07
459 2.429810397881123e-07
460 2.401500444547049e-07
461 2.4782361179951676e-07
462 2.437605786924901e-07
463 2.3424301676247642e-07
464 2.2483103426282718e-07
465 2.3110784378273231e-07
466 2.3608125207554223e-07
467 2.5569625754412446e-07
468 2.4902628232056546e-07
469 2.3312377260402365e-07
470 2.53707067683789e-07
471 2.379450186674851e-07
472 2.3034004061574499e-07
473 2.611461715299417e-07
474 2.3199293146838423e-07
475 2.5250158005872737e-07
476 2.3925986910343055e-07
477 2.3472268899415332e-07
478 2.3732406367131216e-07
479 2.3794945547127637e-07
480 2.4852583665088664e-07
481 2.5083995536331354e-07
482 2.3607773087152592e-07
483 2.317339287898054e-07
484 2.436716718031231e-07
485 2.4190955673086387e-07
486 2.2709433750507589e-07
487 2.2105003185825972e-07
488 2.34833237089676e-07
489 2.395367143885686e-07
490 2.439346034551085e-07
491 2.312815790312512e-07
492 2.423889490442593e-07
493 2.421874030406812e-07
494 2.4933333809767937e-07
495 2.497040759782966e-07
496 2.3604531784892657e-07
497 2.2087961149992024e-07
498 2.3748056827657622e-07
499 2.5057437446680895e-07
500 2.407658265124356e-07
501 2.3480557340683345e-07
502 2.467076739548273e-07
503 2.378839610895787e-07
504 2.455870630840697e-07
505 2.4695511781824786e-07
506 2.372668684338063e-07
507 2.4870117068298776e-07
508 2.4524771124206477e-07
509 2.4848190651985593e-07
510 2.4360579647996004e-07
511 2.3416964764669693e-07
512 2.4081060359076833e-07
513 2.4837546233198494e-07
514 2.3904827610775525e-07
515 2.3594308025391386e-07
516 2.3637899825725213e-07
517 2.400475435903531e-07
518 2.3160048342753682e-07
519 2.4856544917015867e-07
520 2.3395085031155657e-07
521 2.353141227899632e-07
522 2.37826955571238e-07
523 2.5463854753754826e-07
524 2.414553234983704e-07
525 2.4549661236523543e-07
526 2.5792760109878677e-07
527 2.4102534545460315e-07
528 2.512988706358728e-07
529 2.5454355405778615e-07
530 2.3001181746418356e-07
531 2.4356481570561655e-07
532 2.389673712583092e-07
533 2.3590985529985586e-07
534 2.3045652764684496e-07
535 2.3833240015273475e-07
536 2.46975150128461e-07
537 2.394254945435376e-07
538 2.391610802802612e-07
539 2.3616460042078442e-07
540 2.419504168913849e-07
541 2.379329806405066e-07
542 2.3740154109532988e-07
543 2.418909924003761e-07
544 2.328875422411717e-07
545 2.4674074309373843e-07
546 2.498215025595915e-07
547 2.3760777126497238e-07
548 2.407463302306873e-07
549 2.340510774201325e-07
550 2.419631558999055e-07
551 2.3685250050998556e-07
552 2.3758344462785747e-07
553 2.3735558999372893e-07
554 2.48322017143025e-07
555 2.364787269251646e-07
556 2.3013711274759713e-07
557 2.457420416409255e-07
558 2.2296170973719581e-07
559 2.4126819019712917e-07
560 2.3018590297325802e-07
561 2.452649326076149e-07
562 2.385523350489449e-07
563 2.3271220322497486e-07
564 2.446971096434048e-07
565 2.497267529613393e-07
566 2.2976212556857282e-07
567 2.3519678751952997e-07
568 2.4325590216472465e-07
569 2.3537612598613345e-07
570 2.4192200134052174e-07
571 2.3324993188391365e-07
572 2.4838624999195755e-07
573 2.477250587503379e-07
574 2.5278016719765746e-07
575 2.3799181606786706e-07
576 2.3629436953787995e-07
577 2.438735346085277e-07
578 2.4568048775234793e-07
579 2.4189822539582335e-07
580 2.3120135947021942e-07
581 2.3190086574715044e-07
582 2.4504767982019787e-07
583 2.414449440996025e-07
584 2.536522311612701e-07
585 2.5310554650949763e-07
586 2.453763828604685e-07
587 2.2691299586955544e-07
588 2.491458798668872e-07
589 2.5728571908817267e-07
590 2.4901683402355725e-07
591 2.357344253250551e-07
592 2.3403042804087323e-07
593 2.4663590478455056e-07
594 2.374942253218416e-07
595 2.3826426517519786e-07
596 2.3671354257636838e-07
597 2.4459300833290084e-07
598 2.45972321006046e-07
599 2.337635383540214e-07
600 2.3473262643832685e-07
601 2.3405593551094374e-07
602 2.4581909050327055e-07
603 2.34272114607843e-07
604 2.388912773214999e-07
605 2.4467734092054766e-07
606 2.3680673661602364e-07
607 2.425659876528812e-07
608 2.445532587031058e-07
609 2.4475631910128186e-07
610 2.5153591168793864e-07
611 2.44545055401769e-07
612 2.419350670217364e-07
613 2.385884599111831e-07
614 2.388218614955827e-07
615 2.391707597029623e-07
616 2.384368157404793e-07
617 2.533953064119615e-07
618 2.460797963343923e-07
619 2.2879983506022954e-07
620 2.3008324412042913e-07
621 2.416124365350398e-07
622 2.2566207342461372e-07
623 2.430687972035896e-07
624 2.285710200147171e-07
625 2.357289965980536e-07
626 2.3769979561186088e-07
627 2.3321793855465216e-07
628 2.3863536026226033e-07
629 2.430026364307543e-07
630 2.3894995130986073e-07
631 2.3581655376084554e-07
632 2.467631854432721e-07
633 2.379448477034586e-07
634 2.3274323496809247e-07
635 2.41703868568542e-07
636 2.3602911079891124e-07
637 2.469601269443713e-07
638 2.4023797302442874e-07
639 2.4369362996410245e-07
640 2.4834735522425246e-07
641 2.334552934052817e-07
642 2.4377166692679065e-07
643 2.3788830090865464e-07
644 2.42048462022916e-07
645 2.379726862105315e-07
646 2.3245788979647945e-07
647 2.4435386350983726e-07
648 2.3609210856277998e-07
649 2.4458437595944144e-07
650 2.3622953759920612e-07
651 2.3824767505304927e-07
652 2.3391162541908946e-07
653 2.479156336516267e-07
654 2.301794187393818e-07
655 2.377031813111275e-07
656 2.539059675347012e-07
657 2.426296089789094e-07
658 2.1984373088688002e-07
659 2.442662648687459e-07
660 2.4550943837038745e-07
661 2.352194379047574e-07
662 2.2456745249045034e-07
663 2.436543824120778e-07
664 2.3632165634561757e-07
665 2.4607781719646544e-07
666 2.3799691831962434e-07
667 2.3364352431488737e-07
668 2.3219651859317534e-07
669 2.435869612557552e-07
670 2.228162014684414e-07
671 2.442422719892419e-07
672 2.3588034585510075e-07
673 2.4116200799244293e-07
674 2.534974614737061e-07
675 2.3545262464207855e-07
676 2.4623136669039277e-07
677 2.4759085373962867e-07
678 2.3382918262721773e-07
679 2.4421519167104785e-07
680 2.5304441776983566e-07
681 2.2754402121933525e-07
682 2.4256538200198403e-07
683 2.390210256650699e-07
684 2.3437812261819162e-07
685 2.3240441043054523e-07
686 2.390196216493105e-07
687 2.3478513122991663e-07
688 2.4685500081381586e-07
689 2.522560677081639e-07
690 2.3934568068253257e-07
691 2.2334958665218255e-07
692 2.489385802812622e-07
693 2.3244096769474002e-07
694 2.5283449276413517e-07
695 2.410136014038899e-07
696 2.499818443157712e-07
697 2.2737883200657789e-07
698 2.387669530677909e-07
699 2.396609012427712e-07
700 2.502900313554766e-07
701 2.4071572159726817e-07
702 2.2752759653969092e-07
703 2.4480676149535046e-07
704 2.3368598630360291e-07
705 2.41027733266487e-07
706 2.3427981820219376e-07
707 2.367541046539469e-07
708 2.4045675464419037e-07
709 2.346586701250874e-07
710 2.3203502542627252e-07
711 2.4241141294568195e-07
712 2.3904934504977946e-07
713 2.3107229703059032e-07
714 2.3694057611901377e-07
715 2.3577938294236348e-07
716 2.397799748355783e-07
717 2.340140705778565e-07
718 2.4116922066079514e-07
719 2.441600291482309e-07
720 2.415820646238151e-07
721 2.353035899356913e-07
722 2.5567554996037387e-07
723 2.4238009256028614e-07
724 2.3589207455492602e-07
725 2.3676857974694486e-07
726 2.395112230055843e-07
727 2.5276332299914305e-07
728 2.3085480663773235e-07
729 2.3450881687368457e-07
730 2.4054161512593314e-07
731 2.3309471199203394e-07
732 2.417999211982785e-07
733 2.3767615313193887e-07
734 2.2906651239329357e-07
735 2.43303883221725e-07
736 2.433177442303386e-07
737 2.407489779758609e-07
738 2.3359160160654907e-07
739 2.2362284641015677e-07
740 2.4308353337848813e-07
741 2.3473530235594974e-07
742 2.3852593563563436e-07
743 2.358968749546766e-07
744 2.2777172867969897e-07
745 2.2639896541794823e-07
746 2.391664132887698e-07
747 2.485562352472365e-07
748 2.4663500925970755e-07
749 2.3071152704797646e-07
750 2.3377845816150362e-07
751 2.292455888544511e-07
752 2.414317018916477e-07
753 2.387441534842037e-07
754 2.333686804927212e-07
755 2.392910583123397e-07
756 2.3113099716741317e-07
757 2.2763859993198905e-07
758 2.441397687341447e-07
759 2.3004327329143516e-07
760 2.3730541984606508e-07
761 2.398895434777581e-07
762 2.5211742805401513e-07
763 2.3813614913495828e-07
764 2.3373392576414594e-07
765 2.4616723143551247e-07
766 2.417075396136912e-07
767 2.3869901864116146e-07
768 2.5623111290486504e-07
769 2.3736439121968408e-07
770 2.469235289912888e-07
771 2.2646681879645427e-07
772 2.3812051383246843e-07
773 2.431800144071987e-07
774 2.3534271673538863e-07
775 2.247207516491579e-07
776 2.3225017391681409e-07
777 2.3775759240303297e-07
778 2.5449377266911984e-07
779 2.3184258608510407e-07
780 2.2711789815925396e-07
781 2.415693034230642e-07
782 2.397947016315429e-07
783 2.4620344155548173e-07
784 2.3668787920351782e-07
785 2.4929659985406484e-07
786 2.285018657242958e-07
787 2.5265681614282567e-07
788 2.4084154813933044e-07
789 2.3651203055270252e-07
790 2.3219917784121778e-07
791 2.4105153286875236e-07
792 2.4323329755374867e-07
793 2.418398973330353e-07
794 2.3985419724308236e-07
795 2.3200666069288198e-07
796 2.415796246515556e-07
797 2.3635833106540025e-07
798 2.2818095707907773e-07
799 2.2940175946083995e-07
800 2.4707156046451064e-07
801 2.4070090575083783e-07
802 2.2809538835890063e-07
803 2.3337334937820477e-07
804 2.4708770908946677e-07
805 2.3134085221157983e-07
806 2.3138481045043603e-07
807 2.4576579338926436e-07
808 2.5110984099740097e-07
809 2.3584941036964752e-07
810 2.429743134936282e-07
811 2.379939793534415e-07
812 2.3043992920277908e-07
813 2.4331721038777536e-07
814 2.337505910010075e-07
815 2.2786424631638957e-07
816 2.562449529134997e-07
817 2.3598717251566587e-07
818 2.3681172794400488e-07
819 2.3151965801028092e-07
820 2.3143436678061896e-07
821 2.2970400052833678e-07
822 2.4712752500381253e-07
823 2.5009332845433263e-07
824 2.303067644633323e-07
825 2.3371958722189438e-07
826 2.2827716349276278e-07
827 2.3066111836400508e-07
828 2.502316760730922e-07
829 2.2852953239167586e-07
830 2.4413171048624123e-07
831 2.3996983302168e-07
832 2.4495935061354505e-07
833 2.3614817086426397e-07
834 2.5628526702978423e-07
835 2.2550988423764143e-07
836 2.476359817540349e-07
837 2.3665700633786418e-07
838 2.5106442554546167e-07
839 2.3980883902425754e-07
840 2.1985306940662573e-07
841 2.404587316750218e-07
842 2.3304876419850598e-07
843 2.3351685446582025e-07
844 2.380609280116424e-07
845 2.3480785655975426e-07
846 2.411689027875386e-07
847 2.456174964385002e-07
848 2.497241893177567e-07
849 2.4799956635757815e-07
850 2.441653553731677e-07
851 2.389697896326195e-07
852 2.400909770569432e-07
853 2.2989362317502397e-07
854 2.3036661762234822e-07
855 2.3514712976310098e-07
856 2.233261627701232e-07
857 2.4056066977357663e-07
858 2.390904584642657e-07
859 2.4628512920447024e-07
860 2.4561682447372045e-07
861 2.42557207895863e-07
862 2.404288222478354e-07
863 2.2258622697265977e-07
864 2.447527466927409e-07
865 2.552109216437447e-07
866 2.3713078581214763e-07
867 2.5554309103798055e-07
868 2.31839855061128e-07
869 2.3894976382812335e-07
870 2.3577411939239935e-07
871 2.497462266872824e-07
872 2.424879190989457e-07
873 2.2734273186602446e-07
874 2.4091458688970394e-07
875 2.31913704360096e-07
876 2.3533587268947799e-07
877 2.388231635957528e-07
878 2.3149382616350314e-07
879 2.3437616846631502e-07
880 2.4347447192767627e-07
881 2.465404931381531e-07
882 2.3518110100289263e-07
883 2.2686841484061277e-07
884 2.316378653892299e-07
885 2.304632972680425e-07
886 2.438080925710204e-07
887 2.3474561365580025e-07
888 2.3651637873100817e-07
889 2.3660972951020124e-07
890 2.407533974145506e-07
891 2.4158274476798897e-07
892 2.4399743989849003e-07
893 2.291764548075783e-07
894 2.4481736831651056e-07
895 2.4127555622034596e-07
896 2.414432673829046e-07
897 2.4390656375791046e-07
898 2.3780113818898237e-07
899 2.541592628616859e-07
900 2.3551821842144987e-07
901 2.497573688934484e-07
902 2.378816948383894e-07
903 2.453322619110139e-07
904 2.5355093173576954e-07
905 2.2795599802638812e-07
906 2.369474415934724e-07
907 2.3792021422487971e-07
908 2.2713857450024103e-07
909 2.2761572443408302e-07
910 2.4980821491385195e-07
911 2.419948093456928e-07
912 2.2840418239626508e-07
913 2.4353031165234875e-07
914 2.3876250277050863e-07
915 2.4101544184785155e-07
916 2.2785454580657465e-07
917 2.388038434178298e-07
918 2.398352306771561e-07
919 2.3355867057559642e-07
920 2.3512976992344995e-07
921 2.43555086524814e-07
922 2.4351405161049335e-07
923 2.5175712889997995e-07
924 2.3323836369791373e-07
925 2.425106837439293e-07
926 2.410402859716245e-07
927 2.4445492417289215e-07
928 2.402061305898517e-07
929 2.504952773919355e-07
930 2.4098546686442773e-07
931 2.440886070432417e-07
932 2.4269932300883186e-07
933 2.424568848028548e-07
934 2.2670217060237163e-07
935 2.4207601481308286e-07
936 2.3890429348788824e-07
937 2.404965925467302e-07
938 2.293737424066654e-07
939 2.463670081686118e-07
940 2.45689651956873e-07
941 2.389172545224287e-07
942 2.4054475861133333e-07
943 2.3384337707733946e-07
944 2.2582587566480315e-07
945 2.3623822720174628e-07
946 2.3823680302604138e-07
947 2.3456724607312002e-07
948 2.2880885409261789e-07
949 2.4207424593972915e-07
950 2.494485034145292e-07
951 2.5064235017505416e-07
952 2.443973368962347e-07
953 2.4118536259033703e-07
954 2.410933017413692e-07
955 2.4104893475992593e-07
956 2.3638216871573096e-07
957 2.389818506735618e-07
958 2.4619082965157596e-07
959 2.442366025131594e-07
960 2.4459386791831166e-07
961 2.278234482167724e-07
962 2.322337024398022e-07
963 2.405967302611929e-07
964 2.283362134850053e-07
965 2.4092042426147496e-07
966 2.488029713422298e-07
967 2.399520921740824e-07
968 2.1999267684203439e-07
969 2.4564564435658817e-07
970 2.4401454665274116e-07
971 2.4012103189288024e-07
972 2.42156324994143e-07
973 2.4665883534912096e-07
974 2.5829891854293094e-07
975 2.396415281924078e-07
976 2.2393519523411776e-07
977 2.3551394127490457e-07
978 2.3996234244768927e-07
979 2.3808039162347577e-07
980 2.5102636959490237e-07
981 2.451596926217378e-07
982 2.2169622308239372e-07
983 2.3454258655460617e-07
984 2.425455505836565e-07
985 2.2808482481534641e-07
986 2.370428223617728e-07
987 2.563350277252191e-07
988 2.3541356127813459e-07
989 2.331398246216397e-07
990 2.3294909644901225e-07
991 2.345908926838171e-07
992 2.466233356729872e-07
993 2.3754678181750168e-07
994 2.326611499422525e-07
995 2.469926452749746e-07
996 2.4562259580699724e-07
997 2.2681610116260352e-07
998 2.3676259630176597e-07
999 2.3376223909274626e-07
