0 6.063077627226469e-07
1 3.533502422357185e-07
2 7.547841903172531e-07
3 5.878333468979218e-07
4 4.362887306235769e-07
5 4.5983272248512746e-07
6 4.2285781444719054e-07
7 5.88402606689521e-07
8 4.795328181088356e-07
9 4.574900884796208e-07
10 3.232925340568562e-07
11 4.032662848910843e-07
12 3.33533240155781e-07
13 5.146056035688435e-07
14 4.2265107945160127e-07
15 4.748074650584552e-07
16 5.378632666747368e-07
17 5.298868818207268e-07
18 5.371472581589621e-07
19 2.9594064094973784e-07
20 4.044850271143587e-07
21 4.0144540855669605e-07
22 4.4512686113769025e-07
23 3.91692382642088e-07
24 4.734138966929619e-07
25 5.273530352569153e-07
26 5.218248896357324e-07
27 3.444118012538038e-07
28 5.200996502060699e-07
29 5.071649160012087e-07
30 4.334483649718827e-07
31 4.758740786584882e-07
32 5.796848830998853e-07
33 4.802852399740837e-07
34 4.7523816357345403e-07
35 4.501631126427354e-07
36 4.591931552616e-07
37 4.112678913602758e-07
38 3.593052295241205e-07
39 4.76471376500433e-07
40 5.143767742122427e-07
41 4.265271823206663e-07
42 5.070373966681899e-07
43 4.0546656511101523e-07
44 4.915201966051198e-07
45 4.976766309182997e-07
46 5.230096913992532e-07
47 6.012975497885401e-07
48 3.927973088160917e-07
49 4.6822025289094886e-07
50 4.7124498847942204e-07
51 4.1853285157409966e-07
52 3.836990958553601e-07
53 4.101309807972428e-07
54 5.051360805189297e-07
55 3.134075322547151e-07
56 4.391594458720815e-07
57 4.769362053144727e-07
58 5.417986023641255e-07
59 4.717014359333595e-07
60 3.649653571339209e-07
61 2.609434412819691e-07
62 4.671793054308945e-07
63 4.708857143356125e-07
64 3.9837385328083614e-07
65 4.864659042226659e-07
66 4.965471282422981e-07
67 5.840254138348538e-07
68 4.170614085701784e-07
69 4.2936287234743514e-07
70 3.887588285474216e-07
71 4.520657428494827e-07
72 4.7208547379629306e-07
73 5.282649705753507e-07
74 5.012734875975907e-07
75 4.4854581695637563e-07
76 4.5599127562246303e-07
77 4.494632093432641e-07
78 5.082900873212005e-07
79 4.090353605502734e-07
80 3.6425710455815483e-07
81 4.610578234583026e-07
82 5.207775330646747e-07
83 4.273086519037856e-07
84 3.738010697422844e-07
85 5.727502725238086e-07
86 4.802199670344119e-07
87 3.0962950969270383e-07
88 4.734553669653163e-07
89 3.948539741203412e-07
90 3.677999011850925e-07
91 4.394685991528352e-07
92 3.406133902241181e-07
93 4.503955909389179e-07
94 4.740297655170591e-07
95 5.497403757521047e-07
96 4.18910196407288e-07
97 5.13023924116646e-07
98 4.327053660629793e-07
99 5.139865554878191e-07
100 5.995474582586145e-07
101 3.4999885193944255e-07
102 5.30180136989844e-07
103 3.188698376619899e-07
104 4.6044360465208446e-07
105 4.2088785401034603e-07
106 5.413204538928819e-07
107 4.5597340138270333e-07
108 3.8993947938114733e-07
109 3.5585830854130817e-07
110 5.431970234827152e-07
111 3.755305065519275e-07
112 3.366832603812919e-07
113 5.293898244423509e-07
114 3.669561400921671e-07
115 4.938139914250882e-07
116 3.797603599963038e-07
117 2.789585484252927e-07
118 4.426792646759863e-07
119 3.8282459307478636e-07
120 4.47035849472593e-07
121 5.669247153086688e-07
122 5.778334868404281e-07
123 2.801030478525294e-07
124 4.281914253197792e-07
125 4.362907628424018e-07
126 4.433519578192701e-07
127 4.6203688781683163e-07
128 4.1469956543734787e-07
129 5.25041195715415e-07
130 4.7029700323158723e-07
131 4.7529505464365026e-07
132 4.380015580423539e-07
133 5.073665348211943e-07
134 5.07088207316075e-07
135 4.5737752373794357e-07
136 4.2958041613893896e-07
137 4.662060149296025e-07
138 4.921874140204471e-07
139 4.667710907575244e-07
140 4.803302186660936e-07
141 3.545489028317359e-07
142 2.3283063743780302e-07
143 4.24365963206758e-07
144 4.0674794799988134e-07
145 3.3121458804750085e-07
146 4.201170903388038e-07
147 3.509088154688935e-07
148 4.5232286272239085e-07
149 3.9985130509064554e-07
150 5.146046157190572e-07
151 5.1015193565687e-07
152 4.063274002594569e-07
153 3.833894167836367e-07
154 4.224092474479984e-07
155 5.276158314450493e-07
156 4.4746773939331967e-07
157 4.4228156967401497e-07
158 5.674004634221013e-07
159 3.903355249553007e-07
160 5.314814453333666e-07
161 4.36686572131583e-07
162 4.6798727928211086e-07
163 4.132070499832778e-07
164 4.1523530769227884e-07
165 3.3080253523388275e-07
166 3.4009464575446705e-07
167 4.3758860625508563e-07
168 4.2931638976663445e-07
169 4.4749047384183334e-07
170 5.444555981019519e-07
171 5.881154327854144e-07
172 4.304393371115048e-07
173 3.19124524105987e-07
174 5.286504798426507e-07
175 5.181660100584476e-07
176 5.623826723849673e-07
177 2.999557996575509e-07
178 4.2188839325349014e-07
179 3.661518510859457e-07
180 4.885589707099318e-07
181 5.674260566396162e-07
182 5.285373836101813e-07
183 5.793621834153183e-07
184 3.785950018948875e-07
185 5.062059957641078e-07
186 3.4273620506211574e-07
187 4.882873120569312e-07
188 4.759819449661181e-07
189 4.7042520602543845e-07
190 3.822680154277731e-07
191 4.790139777658321e-07
192 4.953449697130182e-07
193 4.5229698184534073e-07
194 5.106020653038999e-07
195 4.827082229768119e-07
196 3.2030421298009506e-07
197 3.8927168890473053e-07
198 4.0957539574242805e-07
199 5.13520103486674e-07
200 4.55073268326684e-07
201 4.137588306070515e-07
202 6.434382865764482e-07
203 4.461754908790235e-07
204 4.988071739444404e-07
205 4.258678651709091e-07
206 4.2872250577498837e-07
207 3.9123794626596397e-07
208 4.985645948893814e-07
209 5.918986458785551e-07
210 3.08403539227135e-07
211 5.693158961981013e-07
212 4.86567786986429e-07
213 4.743186248565564e-07
214 4.1228242900464074e-07
215 3.746103755933334e-07
216 4.834537355812577e-07
217 4.171179446890428e-07
218 4.728813861723428e-07
219 5.701686705349441e-07
220 4.779881135548255e-07
221 4.3681855062033246e-07
222 4.903326555214706e-07
223 4.7378160139254644e-07
224 5.04293852755295e-07
225 4.813767480780321e-07
226 4.735940746296856e-07
227 3.890653518052529e-07
228 4.783035186639722e-07
229 4.8559163001849e-07
230 5.08699916051843e-07
231 5.627222845087393e-07
232 4.7164304715251955e-07
233 5.294019267674991e-07
234 4.4845377750793894e-07
235 4.266489167000674e-07
236 4.6303581157948546e-07
237 4.963769789753407e-07
238 4.0522518254217994e-07
239 4.7373768565216516e-07
240 4.707338521808986e-07
241 4.633248741078102e-07
242 3.9286784464144483e-07
243 4.402207390223813e-07
244 4.662775553324079e-07
245 4.285845480010117e-07
246 5.590332862093467e-07
247 3.3414928620469786e-07
248 3.704029523508208e-07
249 3.4898414962546793e-07
250 5.421950869775487e-07
251 4.526697266926877e-07
252 5.096122348155357e-07
253 5.060865455002538e-07
254 5.052978541564951e-07
255 4.778998820219063e-07
256 4.4027603459558786e-07
257 3.4555852500988707e-07
258 4.93331342069479e-07
259 5.008729630908041e-07
260 4.390256345803897e-07
261 4.652438583047391e-07
262 4.842255403681924e-07
263 3.9075260935576254e-07
264 4.942204270280846e-07
265 4.339553093339716e-07
266 4.90432052128495e-07
267 4.110721953010323e-07
268 4.356443286231086e-07
269 3.4208616031154206e-07
270 4.80889206312496e-07
271 5.168756654538876e-07
272 4.132847721660765e-07
273 5.259219412355118e-07
274 4.449998778984294e-07
275 5.787419675525765e-07
276 4.631540609882836e-07
277 5.094949975240754e-07
278 4.7457882730251653e-07
279 5.226133520795969e-07
280 4.2275297883475563e-07
281 3.896182640315985e-07
282 4.931941388155087e-07
283 3.526917282402894e-07
284 4.230819777728735e-07
285 5.341172981814748e-07
286 3.7929363345237674e-07
287 3.6567698045618577e-07
288 4.126838420269931e-07
289 5.267885945416771e-07
290 4.5262854339256627e-07
291 4.812178894193004e-07
292 4.2802842229030905e-07
293 3.136341730872035e-07
294 4.214388140072943e-07
295 4.5939351804477055e-07
296 4.4432108871518674e-07
297 4.04670342417207e-07
298 4.7585010531160693e-07
299 4.753541928358311e-07
300 3.8671178488669237e-07
301 4.368401811210849e-07
302 4.624657777753261e-07
303 3.805474977117357e-07
304 4.957765946192432e-07
305 4.955027519609788e-07
306 4.816006961984825e-07
307 4.685166947756244e-07
308 5.177475827704354e-07
309 5.54438143040461e-07
310 4.825385890991643e-07
311 4.768348614234944e-07
312 4.921118349088006e-07
313 3.4051810463475377e-07
314 4.0874939400854204e-07
315 4.977841907330046e-07
316 3.7151647544947555e-07
317 3.6737153249391485e-07
318 4.4915500222238803e-07
319 5.008217853179423e-07
320 5.102958510392102e-07
321 5.069611221330404e-07
322 3.7425491423771084e-07
323 4.610983872485811e-07
324 4.36517321689888e-07
325 4.3296759552520384e-07
326 4.7407649623731255e-07
327 4.854941667559347e-07
328 3.7854927199325435e-07
329 3.6940441170946127e-07
330 5.590469748853628e-07
331 3.494556879465376e-07
332 4.5725050706584165e-07
333 4.3613754856606115e-07
334 5.152964631303566e-07
335 5.349632329475957e-07
336 4.632295388121412e-07
337 3.9634698619077246e-07
338 5.603526152958192e-07
339 4.3833299151772023e-07
340 4.2603995318111805e-07
341 5.167336794676763e-07
342 5.072675618218551e-07
343 5.284710507529866e-07
344 4.082130789311632e-07
345 5.518854828922369e-07
346 5.390698620905579e-07
347 5.012433352003893e-07
348 3.8018606656571694e-07
349 4.3173808763840335e-07
350 5.258228860467007e-07
351 4.4863296554741e-07
352 4.7367269355529654e-07
353 4.0148003366004315e-07
354 4.609697631869346e-07
355 5.304811194909041e-07
356 4.429926121947128e-07
357 4.82439193493365e-07
358 3.16822638512164e-07
359 2.755224413662213e-07
360 4.982325479221413e-07
361 4.855343846248964e-07
362 4.627225861127408e-07
363 3.5775891240238233e-07
364 5.592432935598315e-07
365 4.056320878240476e-07
366 4.088403018537122e-07
367 4.273474774431019e-07
368 3.6980105102393486e-07
369 4.741088492744907e-07
370 3.35172276540155e-07
371 4.927534065831479e-07
372 4.1404424114961413e-07
373 4.045672526947037e-07
374 6.122545180757934e-07
375 4.862514564980704e-07
376 4.384275017964806e-07
377 4.066214949558584e-07
378 5.834427634946919e-07
379 3.643552977240355e-07
380 5.766643372716499e-07
381 4.3740164276730037e-07
382 3.880548210772832e-07
383 4.816492289447887e-07
384 3.8159858093830616e-07
385 3.48679220410597e-07
386 4.879520225863625e-07
387 4.0823945579082415e-07
388 4.759336140582681e-07
389 4.6126102067035107e-07
390 4.1505781133898196e-07
391 4.922576963269635e-07
392 4.257550286324303e-07
393 4.117901245127857e-07
394 3.2920594139367954e-07
395 4.464804432502508e-07
396 5.717652640007469e-07
397 4.2845181962117525e-07
398 4.679596862190152e-07
399 4.644762159271933e-07
400 4.772982746863043e-07
401 4.928014124564073e-07
402 4.424370085933414e-07
403 3.868760538712011e-07
404 5.084127982004665e-07
405 4.850822978810318e-07
406 3.9316686266764134e-07
407 5.515497268384362e-07
408 3.740535847701918e-07
409 5.368829473389735e-07
410 4.2761344464402896e-07
411 4.371057584280297e-07
412 4.442194645214806e-07
413 4.817069525452854e-07
414 4.642264934088215e-07
415 5.623030090321747e-07
416 3.975840591928293e-07
417 3.820595916804262e-07
418 4.592974277088505e-07
419 3.8821444364314256e-07
420 2.7342119128147366e-07
421 4.3843344187852916e-07
422 4.123989669429133e-07
423 4.534632571817466e-07
424 3.254393288930932e-07
425 4.468771468869085e-07
426 3.905860388408576e-07
427 4.339849515056498e-07
428 4.587053411032924e-07
429 4.158119232471041e-07
430 5.172901618020159e-07
431 4.54445581000265e-07
432 4.445963109656034e-07
433 4.3141885190045584e-07
434 5.316679219881712e-07
435 3.442314619010283e-07
436 3.6693795885548393e-07
437 3.8972297899514733e-07
438 5.407782136807511e-07
439 5.037049900469579e-07
440 4.501607406071802e-07
441 4.068146831053626e-07
442 5.258592826191462e-07
443 5.66610389349376e-07
444 4.354457352534195e-07
445 4.5507458545626967e-07
446 4.5208946534636007e-07
447 4.7407549490130175e-07
448 5.004978225174588e-07
449 4.6263161530866356e-07
450 4.484759685552144e-07
451 3.950302353666475e-07
452 4.499047853167575e-07
453 3.4864239071704777e-07
454 4.4974027550443977e-07
455 4.844673359816904e-07
456 4.2282740495873556e-07
457 4.880097965181894e-07
458 5.280296078957605e-07
459 4.093893762411459e-07
460 4.798886446861117e-07
461 4.031457908777716e-07
462 4.675791901187114e-07
463 5.586505149343722e-07
464 5.391752903414398e-07
465 5.103993186688971e-07
466 4.280822463693563e-07
467 3.5089474483237503e-07
468 4.1252569620055957e-07
469 5.513715348005973e-07
470 3.655257827910812e-07
471 4.908248381487605e-07
472 5.352149298674033e-07
473 3.4395898095832066e-07
474 4.7235366469292395e-07
475 3.748748412347974e-07
476 4.4854177529248503e-07
477 5.798260402664045e-07
478 4.747685430628085e-07
479 4.859411127146966e-07
480 3.785713994323529e-07
481 3.8537629793217213e-07
482 4.530668949444105e-07
483 4.4493627801681467e-07
484 4.3788789109732756e-07
485 4.3403344282771617e-07
486 5.475077278343185e-07
487 5.92587210769522e-07
488 4.4473134452317116e-07
489 5.044516773782482e-07
490 4.0923132118156177e-07
491 4.708406597070723e-07
492 4.062473140432006e-07
493 4.601069193514426e-07
494 3.178722507282197e-07
495 3.778750266728142e-07
496 4.966065684853172e-07
497 6.46663795836438e-07
498 4.5879548503579973e-07
499 4.036876233744453e-07
500 4.80369503372465e-07
501 4.2343615434941317e-07
502 4.262023379411821e-07
503 4.6652421626090295e-07
504 4.564935863968919e-07
505 4.514761890013885e-07
506 4.40529877644306e-07
507 4.385999933819898e-07
508 4.624192809937509e-07
509 4.0427385868783557e-07
510 4.2815512025129416e-07
511 5.045621441775152e-07
512 4.171348020370596e-07
513 3.2613258482302764e-07
514 4.610964396873325e-07
515 5.571244536531341e-07
516 5.563502566403908e-07
517 4.0002517264136935e-07
518 4.636218719346864e-07
519 3.566620715380245e-07
520 4.800008722532552e-07
521 4.922872272432166e-07
522 4.529383552692211e-07
523 3.6461822450564734e-07
524 4.63521659573139e-07
525 3.992185240822086e-07
526 4.281285451760605e-07
527 4.2782168733169456e-07
528 3.5085883096086284e-07
529 3.800729474708673e-07
530 5.694925130120345e-07
531 5.022088812709477e-07
532 4.328133596050186e-07
533 4.758168431278089e-07
534 5.436721155959682e-07
535 4.5365225345419464e-07
536 3.363999543373926e-07
537 4.023331332162991e-07
538 4.25441466330191e-07
539 5.294885180518349e-07
540 3.6560201411688154e-07
541 4.4616198389277645e-07
542 4.832512376866463e-07
543 4.467305483853603e-07
544 5.15571939298517e-07
545 4.02567754870233e-07
546 4.507014195705455e-07
547 4.957066505813125e-07
548 4.29035432142749e-07
549 5.327453530037776e-07
550 4.949362959568957e-07
551 4.7535523690053384e-07
552 4.7120948334649203e-07
553 5.036377976169581e-07
554 3.7493683229338176e-07
555 4.993199021261048e-07
556 5.006943380773923e-07
557 3.847493917526265e-07
558 5.820673534605452e-07
559 4.2967662635478124e-07
560 5.155772382794353e-07
561 4.3668468644967e-07
562 4.2869717681882886e-07
563 5.313032493365953e-07
564 4.185107472043429e-07
565 3.0630032445621014e-07
566 5.340043802604776e-07
567 5.328282616912194e-07
568 4.067550623666955e-07
569 4.6142569315987627e-07
570 4.2949361582394595e-07
571 5.717968226286671e-07
572 4.3075523464500886e-07
573 3.88159208277988e-07
574 3.7938081994729545e-07
575 4.6667423912300105e-07
576 5.02889478886194e-07
577 4.1242887001113427e-07
578 4.117446164092584e-07
579 4.6985958986593136e-07
580 5.040893364910363e-07
581 4.945044275459188e-07
582 3.9765865351721914e-07
583 4.6260651274896833e-07
584 3.2644909037649015e-07
585 3.5655026458259705e-07
586 4.025246273727778e-07
587 5.557146089516219e-07
588 4.5106047836381283e-07
589 3.2186663032669776e-07
590 3.8941953895400915e-07
591 4.3029187472396694e-07
592 4.2565144285141904e-07
593 3.784070839558585e-07
594 4.934532662190724e-07
595 4.6081687577154115e-07
596 4.7144788099624965e-07
597 3.5206226838234756e-07
598 3.8548953701510287e-07
599 5.163332999975615e-07
600 4.84302227020391e-07
601 5.069759040951104e-07
602 4.4043205657146007e-07
603 5.142029505918927e-07
604 4.954733957063245e-07
605 3.6745203588618206e-07
606 4.790489840447772e-07
607 4.445084295492079e-07
608 3.732386010418728e-07
609 4.226545570529473e-07
610 3.435129400059208e-07
611 4.409818979847089e-07
612 4.435591500217095e-07
613 4.418508544541856e-07
614 4.5031054998504267e-07
615 4.3537023621430153e-07
616 5.332703510029095e-07
617 4.0885977385302025e-07
618 4.035429035786712e-07
619 5.18642849484817e-07
620 5.127651059769021e-07
621 4.247497732231749e-07
622 5.839933200956135e-07
623 4.322495509874056e-07
624 4.815033363908181e-07
625 4.4982796875623476e-07
626 4.6578972476618984e-07
627 4.4898955092166704e-07
628 4.926408556355808e-07
629 4.5600107613167185e-07
630 4.6693055659217383e-07
631 4.4896764730018034e-07
632 3.868588487810285e-07
633 5.058503130682103e-07
634 5.325245388056448e-07
635 4.265921965110325e-07
636 4.4033254953361557e-07
637 4.3661558751785486e-07
638 4.845889105988174e-07
639 4.550824567142939e-07
640 3.679114091962703e-07
641 4.006097615326989e-07
642 4.4089256374420077e-07
643 4.789844552843616e-07
644 3.8782911570289305e-07
645 4.417147129108986e-07
646 5.103272484123792e-07
647 3.9119261083483434e-07
648 4.197629663941263e-07
649 4.771062187325188e-07
650 5.42579899014327e-07
651 3.9275209534877603e-07
652 5.069109267567262e-07
653 2.9959608091427506e-07
654 4.943610499791836e-07
655 4.973162410637313e-07
656 4.305139418618319e-07
657 4.362852202303556e-07
658 5.988303874198934e-07
659 4.113490414680655e-07
660 4.0075670029348965e-07
661 4.5377018920366856e-07
662 5.418022403161227e-07
663 3.9426497764762703e-07
664 4.6017206783274615e-07
665 3.9732678474818294e-07
666 4.2541448875998313e-07
667 5.020311077855769e-07
668 4.873454220483932e-07
669 4.324558203234157e-07
670 5.254546608722815e-07
671 4.7467315568079967e-07
672 4.363800212929246e-07
673 4.156585498872388e-07
674 3.525522659647555e-07
675 5.141917111902563e-07
676 3.2821444807902954e-07
677 3.721978134636985e-07
678 4.851163120530144e-07
679 4.431154525075023e-07
680 3.6028914624985474e-07
681 5.449645038444118e-07
682 4.79951951428045e-07
683 4.164044275078582e-07
684 5.185518723706731e-07
685 5.749435494621913e-07
686 4.6939720247695136e-07
687 5.038134493836074e-07
688 3.6764155631735165e-07
689 3.7041553342026244e-07
690 4.4176761721462793e-07
691 5.903879075718029e-07
692 3.6961665274070234e-07
693 5.387876955286241e-07
694 3.50064129219073e-07
695 4.2607623819135186e-07
696 4.25093115213112e-07
697 5.077592312497217e-07
698 4.871321869869677e-07
699 4.265971736052801e-07
700 4.5598726539824347e-07
701 3.863725945333801e-07
702 5.354258098983932e-07
703 4.599877570226709e-07
704 4.90200647558571e-07
705 4.219898762317437e-07
706 5.036574475565856e-07
707 4.4407318197558606e-07
708 3.9152707789718815e-07
709 4.996871686334881e-07
710 4.848982922927643e-07
711 4.525087056582998e-07
712 5.083328898969059e-07
713 5.911203565331994e-07
714 4.7246442109566457e-07
715 4.902802306178829e-07
716 4.191515158748175e-07
717 4.95185847335762e-07
718 4.334450650475863e-07
719 3.5013047710312934e-07
720 3.921893512607814e-07
721 5.056832173169962e-07
722 3.734858689317875e-07
723 3.9443259764301745e-07
724 5.182948375100012e-07
725 4.7582563617599205e-07
726 4.4742689928105226e-07
727 3.9577748716108137e-07
728 5.124154475119527e-07
729 5.331659413218968e-07
730 5.14312054419105e-07
731 4.1159460460333497e-07
732 3.934806776064003e-07
733 4.957277610526608e-07
734 5.355309918778346e-07
735 3.4408457345966214e-07
736 4.1402437776282283e-07
737 4.011577170254602e-07
738 4.661105122201015e-07
739 5.425179147875977e-07
740 4.4763323269473633e-07
741 4.3662526995598945e-07
742 4.323611761492236e-07
743 4.5083332786007595e-07
744 5.025546757630505e-07
745 5.935693245719683e-07
746 4.5754555644970037e-07
747 3.5942784496678805e-07
748 4.160311006718565e-07
749 5.92629272006536e-07
750 5.065169234512659e-07
751 5.242649432067399e-07
752 4.897380567694629e-07
753 4.5698927800168903e-07
754 4.847052111619354e-07
755 4.6405856845344785e-07
756 4.930278387538175e-07
757 5.237491810244369e-07
758 4.294019421884617e-07
759 5.102179181486994e-07
760 4.931446618319895e-07
761 4.134115820739702e-07
762 4.0789581968627675e-07
763 4.918752799124206e-07
764 5.218659975725091e-07
765 3.348872718086106e-07
766 4.43303805244689e-07
767 4.447158125550967e-07
768 3.8206183288645354e-07
769 4.813550007246468e-07
770 4.0941400651663095e-07
771 5.403174865773935e-07
772 4.6188566146562116e-07
773 4.0846764670218845e-07
774 4.642129534406901e-07
775 5.120340411607264e-07
776 4.821170619906387e-07
777 4.159588442383464e-07
778 3.4053436397656445e-07
779 4.815367946605553e-07
780 5.142526255407493e-07
781 3.8939530326221947e-07
782 4.3095656907347776e-07
783 4.043532340797511e-07
784 4.769240018651612e-07
785 3.8564405851118725e-07
786 5.631754520637821e-07
787 3.689264559930171e-07
788 3.896312821432488e-07
789 4.6945309801952165e-07
790 4.646172370301616e-07
791 4.6291371094483345e-07
792 4.4999129020063075e-07
793 4.760688188970664e-07
794 4.400898597308188e-07
795 5.03794022026105e-07
796 4.6125557324214763e-07
797 4.543139122406082e-07
798 5.921512868119032e-07
799 5.52086646944713e-07
800 3.972780907860491e-07
801 4.407786945713569e-07
802 6.164257025659101e-07
803 4.56121446850742e-07
804 3.6673456825953783e-07
805 5.056952346335055e-07
806 4.884216436796592e-07
807 4.1198741151798564e-07
808 3.5900642985850034e-07
809 5.029616483951873e-07
810 4.5156975478250526e-07
811 5.270115593893879e-07
812 4.054881809193361e-07
813 4.584873933754929e-07
814 5.022241425369376e-07
815 5.061855957119915e-07
816 3.496014979395874e-07
817 4.969950274265333e-07
818 5.22553476695126e-07
819 4.6665138220303406e-07
820 4.945728533350672e-07
821 4.960569117037175e-07
822 4.402494556561855e-07
823 2.8778827676356516e-07
824 4.953003482264813e-07
825 5.284421627811389e-07
826 5.820758804917075e-07
827 5.067925117355272e-07
828 4.0709508606003113e-07
829 4.946302186011155e-07
830 4.5171110050280117e-07
831 4.1064712019674555e-07
832 3.9996736337142767e-07
833 4.975947664516736e-07
834 3.358151398762682e-07
835 5.351036647539559e-07
836 3.933225696546309e-07
837 4.882850782703856e-07
838 3.3699101038366946e-07
839 4.0489464649085076e-07
840 6.353010430748259e-07
841 4.1740398842084507e-07
842 5.346333296839534e-07
843 5.039415504043951e-07
844 4.443429474025219e-07
845 4.648270331309208e-07
846 4.3604470480169985e-07
847 4.350017284671938e-07
848 4.1361194852381786e-07
849 3.7695254848920237e-07
850 3.715336273213291e-07
851 4.0655895134692576e-07
852 5.087677798220525e-07
853 5.175881650420177e-07
854 5.406792914219123e-07
855 5.149592078975233e-07
856 6.247447482751396e-07
857 4.340459459190455e-07
858 4.3585629448166543e-07
859 4.2684400505319944e-07
860 4.5350976562741306e-07
861 4.235928354998124e-07
862 3.750251799928032e-07
863 5.634590782791037e-07
864 4.139811344117189e-07
865 2.8835245032281215e-07
866 4.674318014273431e-07
867 3.2695010508487313e-07
868 5.589224447272791e-07
869 4.1974786847680404e-07
870 4.5817150266947486e-07
871 3.68451671061347e-07
872 4.490095221636831e-07
873 5.586923824112505e-07
874 5.124541261162702e-07
875 5.167589700516441e-07
876 5.041662041963494e-07
877 4.044163544756232e-07
878 5.225046131580397e-07
879 5.071547120924218e-07
880 3.916534200168039e-07
881 3.7688814724619445e-07
882 5.159428941173893e-07
883 5.456637614798353e-07
884 4.827826493764103e-07
885 5.760902964800763e-07
886 4.041733080389787e-07
887 4.6899854692642767e-07
888 4.7380073635522184e-07
889 5.122556620000962e-07
890 4.646077658288584e-07
891 4.926130540163594e-07
892 3.851272489212344e-07
893 5.256191670269398e-07
894 3.9640008915358505e-07
895 4.983400400252003e-07
896 3.405555980315211e-07
897 4.139982829920771e-07
898 4.3685948088291313e-07
899 2.9501929470889033e-07
900 4.993106150936248e-07
901 3.929553391891286e-07
902 4.840174448066323e-07
903 3.188671910436636e-07
904 3.733427526164647e-07
905 4.826585848305863e-07
906 5.025814828530322e-07
907 5.102813494491788e-07
908 5.094154749332742e-07
909 6.229656142589067e-07
910 3.574340241814505e-07
911 4.1406571365385926e-07
912 5.047451314578959e-07
913 3.6967046619866247e-07
914 4.668664009021022e-07
915 4.2750955813743055e-07
916 6.547872157503798e-07
917 4.5074052993175825e-07
918 4.6243195648095176e-07
919 4.6481843887426506e-07
920 4.827366657402424e-07
921 4.3913997350967276e-07
922 4.863991495749235e-07
923 3.1589521276165823e-07
924 5.041976120711314e-07
925 4.77513391981337e-07
926 4.2199899383644783e-07
927 4.101299473368267e-07
928 4.1479740428033846e-07
929 3.824285892071277e-07
930 4.1257252092292946e-07
931 4.4197917978836446e-07
932 4.491877050399039e-07
933 4.821384229856006e-07
934 5.616365155521229e-07
935 4.4775645360275974e-07
936 4.067918103880217e-07
937 4.790774867221307e-07
938 5.527276638228857e-07
939 3.955019540247934e-07
940 4.23890425461417e-07
941 4.425665569699701e-07
942 4.3581104457949586e-07
943 5.654511858596147e-07
944 5.871714723789473e-07
945 4.193738945399658e-07
946 4.574201513504799e-07
947 4.526158188942255e-07
948 4.95632693497318e-07
949 4.646526794117976e-07
950 3.906414661174941e-07
951 3.30722266195789e-07
952 3.655356885263595e-07
953 4.5653106013963005e-07
954 4.67230810964716e-07
955 4.952752474280028e-07
956 5.223480103832876e-07
957 4.410564147895376e-07
958 4.137741259120188e-07
959 4.910338372768303e-07
960 3.662648086573283e-07
961 5.637933328311346e-07
962 5.271769189008625e-07
963 5.190617079721979e-07
964 4.854282396876858e-07
965 4.075323373325658e-07
966 4.3280755711616284e-07
967 3.812454452545812e-07
968 5.994989530566804e-07
969 3.7521158952185803e-07
970 4.951447391130008e-07
971 4.7088307646463186e-07
972 4.5493441993698356e-07
973 3.6690900584757657e-07
974 3.3152124742234144e-07
975 5.48840750272566e-07
976 6.365352622016859e-07
977 5.304766432131481e-07
978 4.2720441116517473e-07
979 4.5932514629410296e-07
980 3.9596612629937564e-07
981 4.4742217260547155e-07
982 5.763369330258875e-07
983 4.943478010747501e-07
984 4.539865540273526e-07
985 4.921355893524919e-07
986 4.764226839521416e-07
987 2.950828557133473e-07
988 4.880007372990793e-07
989 4.921769848526065e-07
990 4.853040850150645e-07
991 5.022079753876076e-07
992 3.947263530520765e-07
993 4.900035329429424e-07
994 5.312864375784863e-07
995 4.5561116858297984e-07
996 3.566863357976354e-07
997 6.226649643354495e-07
998 5.035385854584691e-07
999 5.337656381019171e-07
