0 7.451660669655605e-07
1 3.2102918924594124e-07
2 9.16161636938937e-07
3 7.849216882234134e-07
4 4.579470169348082e-07
5 5.670519818649185e-07
6 4.474872534055721e-07
7 7.013705067886032e-07
8 6.134445753414713e-07
9 5.579231206418696e-07
10 3.4141276582437085e-07
11 5.454056615138144e-07
12 2.732189329846005e-07
13 6.767793179856856e-07
14 5.828930959138659e-07
15 5.417859302597144e-07
16 6.9232962806356e-07
17 5.642884749610342e-07
18 6.944538370159912e-07
19 2.8581315439357804e-07
20 4.6918557128349654e-07
21 4.968655978806166e-07
22 3.7459082007838827e-07
23 4.652731352543004e-07
24 5.64425936919907e-07
25 6.047753309864225e-07
26 6.22560332109184e-07
27 3.486073237483199e-07
28 6.101886533614286e-07
29 6.59484438826301e-07
30 5.148284432100085e-07
31 5.762330190254736e-07
32 7.918166859342422e-07
33 5.335874789981295e-07
34 5.629053092670329e-07
35 4.990483139248205e-07
36 6.081665315008512e-07
37 5.462686458793242e-07
38 4.150514829941833e-07
39 5.113206144156655e-07
40 6.37893268939888e-07
41 5.27784419693402e-07
42 7.276993069882922e-07
43 4.6743601864792606e-07
44 6.184998195713299e-07
45 6.500854094600114e-07
46 6.305081188627716e-07
47 7.493350577802736e-07
48 4.30823203792457e-07
49 6.331804995100063e-07
50 6.071093604308935e-07
51 5.156525863112093e-07
52 3.784455497529107e-07
53 4.596341076623963e-07
54 6.559655308468656e-07
55 2.680658340653555e-07
56 5.244437186478601e-07
57 6.461183432465629e-07
58 6.689887354053662e-07
59 6.417151334720788e-07
60 4.5403580201889357e-07
61 2.497842073297513e-07
62 6.17576696830146e-07
63 5.92440918733783e-07
64 5.187842764141316e-07
65 5.946776784012708e-07
66 6.643402319422275e-07
67 7.827845245834287e-07
68 4.80343739143276e-07
69 6.006167081140154e-07
70 4.7249678578652373e-07
71 5.574444948355332e-07
72 5.522988972226229e-07
73 6.107030598548606e-07
74 6.220268907231919e-07
75 5.73245794305626e-07
76 5.230882220877972e-07
77 5.671580756133214e-07
78 6.117608178845634e-07
79 5.408531867601559e-07
80 3.664386644814824e-07
81 5.987769925542299e-07
82 6.631793513235058e-07
83 4.75317194478816e-07
84 4.6012269985238383e-07
85 6.506522399169024e-07
86 5.888737553091954e-07
87 3.6326267891344945e-07
88 5.947431638404844e-07
89 5.02450443805196e-07
90 3.939101539870855e-07
91 5.202164724960735e-07
92 3.546669237912094e-07
93 5.607987783768042e-07
94 5.88320792357144e-07
95 6.846523391366166e-07
96 4.312871593322592e-07
97 6.405899612723683e-07
98 5.384009759321288e-07
99 6.1338514613361e-07
100 8.208681824963198e-07
101 4.4622455710864626e-07
102 6.65453043821026e-07
103 3.49317461990656e-07
104 5.144682355341737e-07
105 5.060744046032565e-07
106 6.64628648544159e-07
107 5.784546552495988e-07
108 4.954347571316573e-07
109 3.6046010168078387e-07
110 7.752194543875189e-07
111 4.457076604684448e-07
112 4.6157182365215414e-07
113 7.158655720222643e-07
114 3.848720000582497e-07
115 5.784314425951173e-07
116 5.036842133288301e-07
117 2.582618607651994e-07
118 4.936268811827115e-07
119 4.639765892958815e-07
120 5.570758429254886e-07
121 5.996012291281263e-07
122 7.109338685338907e-07
123 3.6290888144586414e-07
124 5.546422805426715e-07
125 5.623261975825042e-07
126 5.018293175212679e-07
127 5.13119941841038e-07
128 4.114791269628317e-07
129 7.101665745389516e-07
130 4.4199437584536074e-07
131 6.186281628295886e-07
132 5.756180974600955e-07
133 6.121851867897123e-07
134 6.971609926915045e-07
135 5.568550616630296e-07
136 4.987080167859121e-07
137 5.308314585533068e-07
138 6.491488633529516e-07
139 5.277310775426617e-07
140 6.253959481876259e-07
141 4.0665813333965504e-07
142 1.7677178535113262e-07
143 4.5736672965853076e-07
144 4.6241286346064953e-07
145 3.69087783783553e-07
146 5.09209444978919e-07
147 4.1323818786428643e-07
148 5.843019381578011e-07
149 4.961302121690829e-07
150 5.304269197284309e-07
151 6.415435893434804e-07
152 4.910211039259988e-07
153 4.1794981726720896e-07
154 5.390526968592815e-07
155 7.040092640771756e-07
156 5.367541575245456e-07
157 6.274809627237683e-07
158 6.80131569901211e-07
159 4.2925487514335144e-07
160 6.684995074741316e-07
161 5.851850395963588e-07
162 4.871267365441216e-07
163 5.030299103235307e-07
164 4.5530349179001595e-07
165 4.2829357043908273e-07
166 3.514407101294189e-07
167 5.604940395434442e-07
168 4.5308879061626914e-07
169 5.493066427247961e-07
170 6.604479794148179e-07
171 7.697478531805473e-07
172 5.272409341125118e-07
173 4.3321866178563875e-07
174 5.886628488457851e-07
175 6.267129770941003e-07
176 7.12996148808433e-07
177 3.477869244415811e-07
178 5.821931019275595e-07
179 4.00201602436898e-07
180 5.589681614873843e-07
181 6.49535475790934e-07
182 5.679674965493085e-07
183 7.025473205454256e-07
184 4.0268411063338803e-07
185 6.190207740215275e-07
186 3.943250110012269e-07
187 6.046492711092546e-07
188 5.703588955652877e-07
189 6.013929732755493e-07
190 4.914841689550173e-07
191 5.744459438069267e-07
192 6.897708126603553e-07
193 5.28398729021644e-07
194 5.508807000804904e-07
195 5.767403982063216e-07
196 4.0422557014822297e-07
197 4.4756454712220536e-07
198 4.6345304101933284e-07
199 6.854801420360736e-07
200 6.02578576524583e-07
201 4.867810068481188e-07
202 7.853755466147009e-07
203 4.997633999518398e-07
204 6.223554251299102e-07
205 4.6587630654175754e-07
206 5.081661681232746e-07
207 3.8443893822315086e-07
208 6.048061332882794e-07
209 7.140727836140947e-07
210 3.819111132357002e-07
211 6.552473457344722e-07
212 5.970732103465262e-07
213 5.790681654104807e-07
214 4.5972470087486724e-07
215 4.973192953957427e-07
216 5.212303006263085e-07
217 5.022704884873422e-07
218 5.712206029071619e-07
219 7.277950592096784e-07
220 5.669399685901088e-07
221 5.813225689745731e-07
222 6.113664274244518e-07
223 6.22592796107001e-07
224 5.9305603079042e-07
225 6.188308099675708e-07
226 5.95006017682488e-07
227 4.2079462280304323e-07
228 6.168919693885825e-07
229 5.88350952400906e-07
230 6.095013227152641e-07
231 6.864290721776393e-07
232 5.694286201493574e-07
233 6.426165730636045e-07
234 5.205244733674688e-07
235 4.5481682861818055e-07
236 4.36769669455814e-07
237 6.291592269834594e-07
238 4.347206819244447e-07
239 6.023561984163407e-07
240 5.770328313958194e-07
241 5.250569136713942e-07
242 3.8236489195827447e-07
243 4.914704060256389e-07
244 6.278622995511681e-07
245 5.035630654535091e-07
246 7.255316048025758e-07
247 3.835846263052555e-07
248 4.133780431651296e-07
249 3.8530157654511074e-07
250 6.735904251303125e-07
251 5.89053142258504e-07
252 6.187481716291664e-07
253 6.444878456116455e-07
254 6.328756271958531e-07
255 6.069078961485515e-07
256 6.486390313117863e-07
257 4.350361934721008e-07
258 5.711213977845438e-07
259 5.714192837515065e-07
260 5.781444227531586e-07
261 5.308815790885903e-07
262 6.088325734042025e-07
263 4.628817820629449e-07
264 6.684711480744477e-07
265 4.7007212432783987e-07
266 6.496886202994024e-07
267 5.056205032104222e-07
268 5.158189119367203e-07
269 3.3674852504222024e-07
270 5.559266624758621e-07
271 6.148294895489963e-07
272 5.623744670963881e-07
273 6.850652621754484e-07
274 6.156405946777346e-07
275 8.141141172842067e-07
276 5.456432524286133e-07
277 5.783705984909768e-07
278 5.723698759752908e-07
279 6.094698080054973e-07
280 5.066942392663177e-07
281 3.6165283090681225e-07
282 6.11835502750034e-07
283 4.327459489703147e-07
284 4.845527205439463e-07
285 6.979017150919052e-07
286 4.3755481886332e-07
287 4.826979344548496e-07
288 5.182537742350256e-07
289 6.841451543138289e-07
290 5.589718511928341e-07
291 5.31568249858674e-07
292 4.266990186226281e-07
293 3.369622095594674e-07
294 6.550513069255893e-07
295 5.003627077911634e-07
296 5.057300532685898e-07
297 4.0257985326592535e-07
298 5.594124042659003e-07
299 5.849497566189852e-07
300 4.138098497248234e-07
301 4.602396184154511e-07
302 5.260388395578056e-07
303 3.725151786334168e-07
304 7.233836464454474e-07
305 5.748239594122221e-07
306 6.307342201576121e-07
307 4.705871818382127e-07
308 6.059765448250562e-07
309 7.191192772436436e-07
310 5.826842249008542e-07
311 5.35376534157619e-07
312 5.686594515958107e-07
313 3.0598405663688443e-07
314 4.903780136881901e-07
315 6.252802541895224e-07
316 3.39058325541721e-07
317 4.73802724192063e-07
318 5.895251620199737e-07
319 6.360412593277524e-07
320 6.210467172883116e-07
321 6.701118613011607e-07
322 4.0468636515228583e-07
323 5.485079337646155e-07
324 4.851076634406011e-07
325 5.277819441540666e-07
326 5.63372723686583e-07
327 5.646323943251978e-07
328 4.7153784131731517e-07
329 3.2444264241246625e-07
330 6.391253613995543e-07
331 3.90287530497351e-07
332 5.281439848363752e-07
333 5.095613964330962e-07
334 7.319535081415897e-07
335 6.817590817943956e-07
336 6.040716850055564e-07
337 5.09942093770083e-07
338 6.836110661782722e-07
339 4.687802655695147e-07
340 5.082741161500624e-07
341 6.648493095424843e-07
342 5.332817896005856e-07
343 6.843284933598215e-07
344 4.739669292201959e-07
345 6.722677744819312e-07
346 6.113324837623701e-07
347 5.649468803252323e-07
348 4.938237009783658e-07
349 4.684130987121032e-07
350 7.272889234866778e-07
351 6.227719353072883e-07
352 5.092627885712438e-07
353 4.847243582596261e-07
354 5.099341767529091e-07
355 7.167990268187568e-07
356 5.241238589888253e-07
357 6.557617811783266e-07
358 1.9780805261943276e-07
359 2.9510353203019883e-07
360 4.941603686040489e-07
361 5.691407879546955e-07
362 5.606760076780356e-07
363 4.225112985929071e-07
364 6.592628745052181e-07
365 5.076940141264169e-07
366 4.841201822022454e-07
367 4.821267816802568e-07
368 4.386561628415399e-07
369 6.054175293792684e-07
370 4.4472827455913997e-07
371 5.741464545890003e-07
372 5.609813074284471e-07
373 4.554237873495349e-07
374 7.773747479026503e-07
375 5.912471929588732e-07
376 5.604911061286617e-07
377 4.74658934059633e-07
378 7.045017071966614e-07
379 3.937457435332911e-07
380 7.578246977787306e-07
381 4.807987720361751e-07
382 4.242547493577276e-07
383 6.426628981892493e-07
384 4.020817254761406e-07
385 4.568550069664156e-07
386 7.003846427813613e-07
387 4.856317558900689e-07
388 6.194327262856636e-07
389 5.221904620025052e-07
390 4.475297175252121e-07
391 5.713688224972057e-07
392 4.5153142297463723e-07
393 5.180058437102765e-07
394 3.244028182146298e-07
395 5.814430975732819e-07
396 7.810235590371107e-07
397 4.623343938856125e-07
398 6.58486483194418e-07
399 5.192573254320569e-07
400 5.662682448690033e-07
401 6.304973054941439e-07
402 4.989218082860397e-07
403 4.2380584805719787e-07
404 6.426367080431374e-07
405 5.767185278085307e-07
406 3.3599122579292234e-07
407 5.7398332196667e-07
408 4.912609776207453e-07
409 6.770004344981743e-07
410 5.459259342142418e-07
411 5.490829765095603e-07
412 4.874497423609483e-07
413 5.795129286615422e-07
414 5.568699822355378e-07
415 8.08698056518419e-07
416 5.357928229718291e-07
417 5.025980423687322e-07
418 6.439852312612331e-07
419 4.3490819366103465e-07
420 3.0867236386036707e-07
421 5.077094579422483e-07
422 4.2970488283899896e-07
423 6.144731514230861e-07
424 3.7986943597854385e-07
425 5.779449781576512e-07
426 4.679303111055213e-07
427 5.182443566699602e-07
428 5.018511829413154e-07
429 3.994347969335311e-07
430 6.773408688694038e-07
431 5.409819066988533e-07
432 5.094450504898458e-07
433 4.871952298653519e-07
434 6.320118652796007e-07
435 4.3272987493231493e-07
436 4.851194213258442e-07
437 4.4998889303805743e-07
438 6.249572039461584e-07
439 6.590291030983435e-07
440 5.048137591430701e-07
441 4.767569435761942e-07
442 6.709985887079594e-07
443 7.111392988943861e-07
444 5.260019445358838e-07
445 6.063312848806461e-07
446 5.801884293910711e-07
447 5.149350707587828e-07
448 6.524714770043811e-07
449 4.885828354661195e-07
450 4.676634323022046e-07
451 4.914459572312854e-07
452 5.115875306568686e-07
453 4.313025534082423e-07
454 5.041367600568737e-07
455 5.673128323368001e-07
456 4.795949657387915e-07
457 5.719965404033236e-07
458 7.200550099549754e-07
459 4.764868938113052e-07
460 5.934869431874223e-07
461 4.576322545651532e-07
462 6.011827500984014e-07
463 7.338638954501618e-07
464 6.791571334358712e-07
465 6.100226154432264e-07
466 5.192309263708523e-07
467 3.518631792295595e-07
468 5.03935194251856e-07
469 6.591868080198159e-07
470 4.23131027827626e-07
471 5.505405467036475e-07
472 6.30323507009729e-07
473 3.039534849050177e-07
474 5.162878648024592e-07
475 4.4267501000371344e-07
476 5.225464596441212e-07
477 7.468855269122579e-07
478 5.535238165854112e-07
479 6.545177535727411e-07
480 4.3402210241344437e-07
481 4.179067408106842e-07
482 5.025542384492224e-07
483 5.571320067042366e-07
484 6.033353173550113e-07
485 4.696484989463323e-07
486 6.76447972044897e-07
487 7.558937020526031e-07
488 4.965464741161388e-07
489 4.953093444669372e-07
490 4.928415797944719e-07
491 5.294352931863451e-07
492 5.111701381264536e-07
493 5.418903063765494e-07
494 3.24023299687981e-07
495 4.133619371866588e-07
496 6.204195454328636e-07
497 8.462120297944236e-07
498 5.057875718703911e-07
499 4.253417163849698e-07
500 6.074331764040616e-07
501 4.882998769749768e-07
502 4.6164135182688095e-07
503 6.034289574546933e-07
504 4.965779248568811e-07
505 4.992237326360296e-07
506 4.5070452613369784e-07
507 6.126206862770554e-07
508 5.337461660171597e-07
509 5.226312086509266e-07
510 5.141926487011893e-07
511 5.796979668284467e-07
512 3.999807130475109e-07
513 2.8285042860284567e-07
514 5.205017815280738e-07
515 6.756627259641715e-07
516 7.340059299566918e-07
517 4.651856569569525e-07
518 4.802632029852311e-07
519 4.17531473541359e-07
520 5.430709998988309e-07
521 5.643260084077802e-07
522 5.253731557477286e-07
523 4.4984894856064297e-07
524 5.92828189109188e-07
525 4.3060869525997886e-07
526 5.94296653017868e-07
527 4.943031458669116e-07
528 4.18617600108262e-07
529 4.346291726308871e-07
530 7.568469806786727e-07
531 6.206685316380117e-07
532 4.804168165934167e-07
533 5.572935979810936e-07
534 7.554544031018702e-07
535 5.239672227042574e-07
536 3.202627446888314e-07
537 4.1609027948695e-07
538 4.775178001238649e-07
539 5.7353721661849e-07
540 2.996423112586119e-07
541 5.045837515365576e-07
542 4.937245127449042e-07
543 5.564799785740309e-07
544 5.708483590348917e-07
545 4.694429333239796e-07
546 5.806478245932147e-07
547 5.69121250630916e-07
548 4.2245551271394524e-07
549 6.947071753081441e-07
550 6.671350057812819e-07
551 5.372426233345097e-07
552 5.209847921788435e-07
553 4.954918886495233e-07
554 4.23616649698677e-07
555 6.281453458287719e-07
556 5.965990629934639e-07
557 3.824074167307063e-07
558 7.803078873395865e-07
559 5.521419795304739e-07
560 6.786314679476905e-07
561 5.207339701859095e-07
562 5.202653859569171e-07
563 6.294025240657399e-07
564 4.84400237667638e-07
565 3.503618670030884e-07
566 6.835282786955088e-07
567 7.096070249516878e-07
568 5.199267829413792e-07
569 4.85055152076334e-07
570 5.490257967684224e-07
571 7.269353295160855e-07
572 5.234173737261424e-07
573 5.39802404723531e-07
574 4.768868379172267e-07
575 5.429237091300756e-07
576 6.349344883200762e-07
577 4.461943251487409e-07
578 4.67083189247297e-07
579 5.409182982945843e-07
580 6.17820175440746e-07
581 6.57394614580153e-07
582 3.6170207607929025e-07
583 5.155706126273885e-07
584 3.0541265325069663e-07
585 3.9763332575412644e-07
586 5.084955915355505e-07
587 7.006376896808572e-07
588 5.879136627104532e-07
589 3.1373401372526735e-07
590 4.900668986687876e-07
591 5.273836686337247e-07
592 4.6312227903728416e-07
593 4.1405010697428487e-07
594 6.583113908601005e-07
595 6.067466107446116e-07
596 5.239831752668319e-07
597 3.991951516924908e-07
598 3.843631437278591e-07
599 7.152950097581015e-07
600 6.024868506825052e-07
601 5.796437604018728e-07
602 5.51844700643716e-07
603 6.31103406427208e-07
604 6.09409824760338e-07
605 4.0330694970151155e-07
606 5.863708391985737e-07
607 4.591726789084424e-07
608 3.887023710739123e-07
609 5.301441799464338e-07
610 3.520397003548796e-07
611 5.31701183579518e-07
612 5.538595838481431e-07
613 5.265035497840319e-07
614 4.96737144894817e-07
615 4.919600272293758e-07
616 7.164396218544654e-07
617 4.357557082347434e-07
618 4.727684711035165e-07
619 5.946501344861304e-07
620 5.917164338035942e-07
621 5.313868529952983e-07
622 7.262964766167728e-07
623 5.264117251481912e-07
624 5.631257897800255e-07
625 5.444488899724572e-07
626 5.707881515916564e-07
627 5.078932546062381e-07
628 6.281723079959711e-07
629 5.056717668724719e-07
630 6.156889664480343e-07
631 4.969277542935982e-07
632 4.81816666691199e-07
633 5.854247225413911e-07
634 6.257108720010111e-07
635 5.737809059108083e-07
636 5.102960772607483e-07
637 4.5036345415178195e-07
638 6.224015924776142e-07
639 5.72406431773026e-07
640 4.584716235161525e-07
641 4.4335571726245744e-07
642 5.895299008557629e-07
643 6.527951505768775e-07
644 4.4496505773540725e-07
645 4.656217708386619e-07
646 6.039416464372497e-07
647 4.017344881194703e-07
648 5.213584140633298e-07
649 6.161738352184791e-07
650 6.778249195999495e-07
651 4.645879298692202e-07
652 6.422303431777292e-07
653 3.328293662767437e-07
654 5.887750077462021e-07
655 5.867987432815292e-07
656 5.663163091320788e-07
657 4.4397556778605393e-07
658 8.072636052876303e-07
659 4.4655619061024573e-07
660 4.2939236876433656e-07
661 5.153987668997847e-07
662 6.520741980904033e-07
663 5.373528517113983e-07
664 5.330578277016643e-07
665 4.0703669819780026e-07
666 4.838139175121727e-07
667 7.010215621533052e-07
668 5.412963893017605e-07
669 5.708858605414284e-07
670 6.619766444972556e-07
671 5.670797329804781e-07
672 4.981604552952456e-07
673 4.6200891642324614e-07
674 3.804239852891113e-07
675 6.69780069363175e-07
676 3.4489253934604606e-07
677 4.6442411579930796e-07
678 5.708367357255134e-07
679 5.321331014113081e-07
680 4.0752604777085065e-07
681 6.249002970037892e-07
682 5.588561447813506e-07
683 5.271542986875138e-07
684 5.686758770900052e-07
685 8.057999395879309e-07
686 5.125490533317816e-07
687 6.123892919088041e-07
688 3.129501125788633e-07
689 3.7202816899228867e-07
690 5.43492051733805e-07
691 7.197162675461338e-07
692 3.9166250902266745e-07
693 6.557167195658405e-07
694 4.0753178700908964e-07
695 5.000811781082261e-07
696 5.053950644644285e-07
697 5.650454295405702e-07
698 6.327279099136518e-07
699 5.145920567035644e-07
700 4.928212947900202e-07
701 4.282014867851434e-07
702 6.087653359976971e-07
703 5.403483057016487e-07
704 6.93123619367766e-07
705 4.7349103318134025e-07
706 5.930932044306051e-07
707 5.466863485536425e-07
708 4.451363149380027e-07
709 6.041112521291143e-07
710 5.616279286351301e-07
711 5.506846774340354e-07
712 6.264899489485048e-07
713 7.656818563385419e-07
714 5.232560785980554e-07
715 5.432577658102905e-07
716 4.809780854413754e-07
717 5.600308532227321e-07
718 5.886910180100857e-07
719 3.4578590460641137e-07
720 4.2571076018818533e-07
721 5.723876924857784e-07
722 4.618689070524878e-07
723 4.4234410040829553e-07
724 6.553417824217654e-07
725 6.108765358408929e-07
726 5.795947444620866e-07
727 4.812571194785065e-07
728 6.124952866741347e-07
729 6.541399646242682e-07
730 5.460303284803826e-07
731 4.094175439190236e-07
732 4.3778730852552956e-07
733 5.80519797212695e-07
734 6.004231740758834e-07
735 4.283005516890371e-07
736 4.998815143644852e-07
737 5.188939155282311e-07
738 5.315495726170183e-07
739 6.393425362112171e-07
740 5.009621449927083e-07
741 4.621028188686075e-07
742 4.769162651656107e-07
743 5.108414103220225e-07
744 5.909031706885753e-07
745 7.615585516262023e-07
746 5.678184540070182e-07
747 3.7867260458554854e-07
748 5.00764877248682e-07
749 7.445671293220803e-07
750 5.337070270235193e-07
751 6.713318215844483e-07
752 5.332682534337609e-07
753 4.957985817385226e-07
754 4.856230879131103e-07
755 5.686102706352373e-07
756 6.914889397854833e-07
757 6.890107363405963e-07
758 5.031975992944486e-07
759 6.632453498749528e-07
760 6.825824171697854e-07
761 4.4176067881755274e-07
762 5.265282637222358e-07
763 5.891176387814034e-07
764 6.5496892834738e-07
765 4.007755356810665e-07
766 5.322094943141196e-07
767 6.079379876082244e-07
768 4.1050275389525e-07
769 6.049393379270315e-07
770 5.186200623661687e-07
771 6.465073527636473e-07
772 5.473690422614553e-07
773 4.264741166231542e-07
774 5.723279536126502e-07
775 6.364480282971795e-07
776 6.536694622730767e-07
777 4.95854696332257e-07
778 3.7081612445297866e-07
779 5.51714171921002e-07
780 7.121815152431503e-07
781 3.870238678536511e-07
782 5.576890726257679e-07
783 4.979598118985341e-07
784 6.074169831172234e-07
785 5.48515730882102e-07
786 6.735387798735966e-07
787 3.578461354264898e-07
788 4.896975046027912e-07
789 5.803593828865366e-07
790 5.763723840800808e-07
791 5.831047923313682e-07
792 5.937765148069358e-07
793 5.223061224400557e-07
794 4.344157590560276e-07
795 6.230741538490315e-07
796 4.716751897844595e-07
797 5.082704349752063e-07
798 7.567768257040119e-07
799 6.891499152422238e-07
800 4.584141406484674e-07
801 5.609763393873846e-07
802 7.863127931630467e-07
803 4.702671528967815e-07
804 4.4381023863766585e-07
805 6.55513357847692e-07
806 6.052548311348605e-07
807 5.4507146954224e-07
808 3.6882752482068214e-07
809 6.049517207233024e-07
810 5.725523997612242e-07
811 6.829245997321989e-07
812 4.654848067887806e-07
813 5.656944135704928e-07
814 5.264497736319451e-07
815 6.426443663382831e-07
816 4.2511249127238685e-07
817 5.597478553409602e-07
818 6.452708156536273e-07
819 5.275979134220294e-07
820 5.535778875365129e-07
821 5.386160765281262e-07
822 5.027788232830736e-07
823 2.736068898075544e-07
824 5.512981945910914e-07
825 6.705322942448937e-07
826 7.715116077360744e-07
827 5.986150403324345e-07
828 4.5522549011611644e-07
829 6.210204135716785e-07
830 5.605489447303684e-07
831 5.905139188768098e-07
832 5.797510384218723e-07
833 5.828379052583205e-07
834 4.025728914653424e-07
835 6.551410026527447e-07
836 4.0080006195263995e-07
837 6.035713218472959e-07
838 4.099004082404114e-07
839 4.67155942014976e-07
840 7.645281817183302e-07
841 4.913748123820609e-07
842 6.473798497863345e-07
843 5.795793846361476e-07
844 4.897917345866855e-07
845 5.849797862277733e-07
846 6.35886650707851e-07
847 5.315261014616239e-07
848 5.189579441794128e-07
849 4.0763252487086713e-07
850 3.684631354705007e-07
851 5.046956306991401e-07
852 6.639789953482436e-07
853 6.429021149181712e-07
854 6.342901772142704e-07
855 6.169841084598775e-07
856 7.758240264001803e-07
857 5.125207241635454e-07
858 4.782218121664209e-07
859 4.143333430526852e-07
860 5.667224578988309e-07
861 4.7215985552137823e-07
862 4.06366184924431e-07
863 6.334234855785751e-07
864 4.854156701647739e-07
865 2.7852323156477727e-07
866 5.824358204604478e-07
867 3.651242418255634e-07
868 7.657149088080178e-07
869 4.842536609612259e-07
870 5.894915666672784e-07
871 4.001014841944088e-07
872 5.205063190895189e-07
873 6.900600509695224e-07
874 7.36188654607007e-07
875 5.398116415490266e-07
876 6.465452718641456e-07
877 4.759035494124175e-07
878 6.787723938909425e-07
879 6.126247108497002e-07
880 4.472904177745264e-07
881 5.148756266763972e-07
882 6.975495668126198e-07
883 5.8124310599104e-07
884 5.626451618488476e-07
885 7.57536915131727e-07
886 4.4321034779652564e-07
887 5.954707661008415e-07
888 5.140415991961848e-07
889 6.667303651122771e-07
890 4.920835005857858e-07
891 5.490218684243497e-07
892 4.5138200161142646e-07
893 6.476782340592095e-07
894 4.343042684397322e-07
895 6.260921328362635e-07
896 3.2403544019090975e-07
897 4.4393265684148274e-07
898 5.266006779747507e-07
899 2.610717853328035e-07
900 6.447042764607143e-07
901 5.472328226641478e-07
902 6.571604401301223e-07
903 2.6903543815101904e-07
904 4.993506529806646e-07
905 6.456549641770342e-07
906 6.32388798483011e-07
907 5.96486225161286e-07
908 6.709365329917777e-07
909 7.836428466455772e-07
910 4.298346910300344e-07
911 5.38553705597083e-07
912 6.333550707757009e-07
913 4.580637143435687e-07
914 6.618594205062328e-07
915 5.576415380042271e-07
916 7.842216606230874e-07
917 5.657624316039565e-07
918 5.36160682028625e-07
919 5.954663908913133e-07
920 6.323862839182109e-07
921 5.600097814111185e-07
922 5.276470047751811e-07
923 3.2858881826395993e-07
924 6.647906417539196e-07
925 5.718275553149425e-07
926 4.839020248569197e-07
927 5.660243770621073e-07
928 4.967182863833266e-07
929 3.694895624690732e-07
930 4.867634793315163e-07
931 5.495879036241392e-07
932 5.38250211383782e-07
933 5.825919218274747e-07
934 6.581620808359389e-07
935 5.769855298987914e-07
936 5.239336767038867e-07
937 5.675934737419271e-07
938 6.844106899847997e-07
939 4.280945428766923e-07
940 6.300805657869001e-07
941 5.51850658432915e-07
942 6.104373543759145e-07
943 6.573038774920548e-07
944 7.22494753834505e-07
945 4.140774264703645e-07
946 5.406019622355705e-07
947 5.312987567172815e-07
948 6.846124954559478e-07
949 5.866846186614543e-07
950 4.5358815034755756e-07
951 3.006098655001673e-07
952 4.5711328219840327e-07
953 5.462406307048357e-07
954 4.930660000281282e-07
955 5.398252400701101e-07
956 6.69319979227111e-07
957 4.938085794770373e-07
958 4.5363825913803605e-07
959 6.059361348264095e-07
960 4.006676626512866e-07
961 6.494239624778712e-07
962 7.037102253911949e-07
963 6.767227409368701e-07
964 5.3367009056789e-07
965 5.163391571483466e-07
966 3.8545051449020524e-07
967 4.5919862813250066e-07
968 7.998528009503437e-07
969 4.4451892689291305e-07
970 5.884766907455405e-07
971 5.823185034613345e-07
972 5.564906274426601e-07
973 3.8235557835427343e-07
974 3.122696847214936e-07
975 6.678042975743967e-07
976 7.936255274207888e-07
977 6.742251707154019e-07
978 5.2154263488562e-07
979 5.559969665606263e-07
980 3.714687459024431e-07
981 5.980412222654707e-07
982 7.307589458858717e-07
983 5.782331983571573e-07
984 5.367029526442738e-07
985 5.889231410206695e-07
986 6.006845773415442e-07
987 2.68863236474016e-07
988 5.624141082209748e-07
989 5.848032035502929e-07
990 6.441064414715307e-07
991 5.725467942504878e-07
992 4.340741433981632e-07
993 5.665298765138491e-07
994 6.990708467779692e-07
995 5.931327342074262e-07
996 3.7364367498333076e-07
997 7.366638427098796e-07
998 6.166162199910632e-07
999 6.541524379078929e-07
