0 4.976361525421005e-07
1 3.0551687102589473e-07
2 4.561214561517942e-07
3 6.476183515624206e-07
4 3.8391555137675583e-07
5 5.007899386842928e-07
6 4.748831902592794e-07
7 4.055050047667613e-07
8 6.009129235449873e-07
9 5.401351784794737e-07
10 4.772162538352879e-07
11 6.395161465155584e-07
12 1.950736008003401e-07
13 6.33107460580542e-07
14 6.60849169402387e-07
15 4.620039189693228e-07
16 5.63717627278328e-07
17 4.113960044166931e-07
18 6.149110575949634e-07
19 3.6647908256248413e-07
20 4.1484210162375985e-07
21 6.068285387342037e-07
22 2.2299241062247744e-07
23 5.307232178963146e-07
24 4.800174128426639e-07
25 4.4267708626080495e-07
26 5.447753498843684e-07
27 4.258612057814387e-07
28 4.805964557535463e-07
29 5.98631964900428e-07
30 5.638061339620475e-07
31 5.475033840260066e-07
32 7.547979106572191e-07
33 4.864164462298849e-07
34 4.3998415353148536e-07
35 4.951339858443571e-07
36 6.774770167547713e-07
37 5.633832680320534e-07
38 4.921220855082365e-07
39 3.389614349456805e-07
40 6.305988920401958e-07
41 4.6557456041752195e-07
42 7.038613444683878e-07
43 5.299197538196154e-07
44 6.019623859817104e-07
45 6.464906040758057e-07
46 4.4866394711656726e-07
47 5.594578248892839e-07
48 3.841353526706289e-07
49 6.753863849927956e-07
50 6.716978719309079e-07
51 6.161855780603514e-07
52 3.9232345085916667e-07
53 4.5613873543704345e-07
54 6.068469016717576e-07
55 3.3576630659349316e-07
56 5.272775058103726e-07
57 6.837938638451822e-07
58 5.280837326325062e-07
59 6.33494503188326e-07
60 5.957416902168544e-07
61 4.333825234489987e-07
62 6.17116340969203e-07
63 5.693978967782906e-07
64 5.195204614932495e-07
65 5.474320483644853e-07
66 6.616137119401531e-07
67 6.064798329889943e-07
68 4.783043621874587e-07
69 7.661390395964643e-07
70 5.365741906868722e-07
71 6.158956083210338e-07
72 4.359938685514193e-07
73 4.075405023184177e-07
74 5.227052353331658e-07
75 6.539144300739274e-07
76 4.890491749563516e-07
77 5.63147790009619e-07
78 5.625774109191677e-07
79 6.666837617966177e-07
80 3.6967169068821484e-07
81 5.030599672976292e-07
82 6.2709781216076e-07
83 4.6542446383673264e-07
84 5.040313833634759e-07
85 4.153522326596629e-07
86 5.204349737020871e-07
87 5.564786104824747e-07
88 5.672802310670347e-07
89 5.436672621938921e-07
90 4.421364406431544e-07
91 4.6604206015624393e-07
92 4.6925005657581516e-07
93 5.73492193875418e-07
94 5.647071173186243e-07
95 5.543674924428887e-07
96 3.0014625253483265e-07
97 5.911531112548481e-07
98 5.735670265404451e-07
99 5.13620339935583e-07
100 6.565704778324308e-07
101 5.726067900695978e-07
102 6.383883880252698e-07
103 4.2826963895424134e-07
104 4.1715852836400703e-07
105 5.019822485880252e-07
106 5.435532700632942e-07
107 4.9710544377191e-07
108 6.095495609049904e-07
109 4.445354990942735e-07
110 7.403819398666314e-07
111 5.492991901599658e-07
112 6.552019697761458e-07
113 7.241576057360114e-07
114 4.3908522435142887e-07
115 4.862653173905209e-07
116 6.793076999023362e-07
117 4.2063194277737257e-07
118 4.088036972859288e-07
119 5.188355047398408e-07
120 6.304065244353533e-07
121 3.586718899686174e-07
122 5.693173141971379e-07
123 6.214876974757575e-07
124 5.921538929243376e-07
125 6.516769165177874e-07
126 4.798077247129111e-07
127 4.0257892047502433e-07
128 3.5380384883297854e-07
129 7.111786792836343e-07
130 2.625165862947818e-07
131 6.407205842460286e-07
132 6.734878040011705e-07
133 4.6583085961372543e-07
134 7.439274605742542e-07
135 6.282420806095392e-07
136 4.742189555692758e-07
137 4.136071676279365e-07
138 6.813937551210431e-07
139 5.159341511386801e-07
140 5.866119958258844e-07
141 5.168348398068004e-07
142 3.305032061178453e-07
143 4.772235606253958e-07
144 4.773201406201786e-07
145 5.192945919153788e-07
146 4.900546622122116e-07
147 5.131280039061505e-07
148 5.615923713956682e-07
149 4.988260034093102e-07
150 2.904258016369088e-07
151 5.99026324187737e-07
152 4.727681614365104e-07
153 4.529651155801332e-07
154 6.514997851016523e-07
155 5.943064502511925e-07
156 5.60941508495989e-07
157 6.410370911744502e-07
158 4.877378916185586e-07
159 4.6333334406417843e-07
160 5.925858960428437e-07
161 6.69124341221624e-07
162 2.833391632194586e-07
163 5.162665855959213e-07
164 4.566450184916663e-07
165 5.556020642499977e-07
166 4.0465215575297417e-07
167 5.994689047160199e-07
168 4.1058810288765095e-07
169 6.100040987106214e-07
170 5.866533213823632e-07
171 6.131468393307353e-07
172 4.949380937731575e-07
173 6.112257238464363e-07
174 3.256371585858518e-07
175 5.774445457987452e-07
176 5.775570066667059e-07
177 5.966437164827324e-07
178 7.050636773539485e-07
179 4.456618457122744e-07
180 4.2192252061063737e-07
181 4.2174317002980595e-07
182 4.1949630463301345e-07
183 4.805309468438853e-07
184 4.18816703247252e-07
185 5.257905029868304e-07
186 5.407326352877655e-07
187 5.295117671048916e-07
188 5.260299938104333e-07
189 6.84636421044297e-07
190 6.069104867659743e-07
191 4.805446812471163e-07
192 7.431567638396664e-07
193 5.385424525133336e-07
194 3.390867091701056e-07
195 4.68462618403212e-07
196 5.648138432151789e-07
197 4.264602086798137e-07
198 3.491473486048155e-07
199 7.179625928935231e-07
200 6.804463739748054e-07
201 5.236538333503511e-07
202 5.457696294383907e-07
203 4.86684915472262e-07
204 4.887023439641778e-07
205 4.5353759627304646e-07
206 5.172846686791626e-07
207 3.2485397105722306e-07
208 4.948965063783256e-07
209 5.34251384486937e-07
210 5.194572727230453e-07
211 4.794706934509748e-07
212 5.332367196540609e-07
213 5.460552131361816e-07
214 4.828843371307328e-07
215 6.520757533630591e-07
216 3.2886093036913154e-07
217 4.5094427928659847e-07
218 4.940059149039949e-07
219 5.875609318933014e-07
220 5.31812959294446e-07
221 5.516726539948531e-07
222 5.801191693168135e-07
223 6.332449252977944e-07
224 4.7341160370137716e-07
225 6.308602988873467e-07
226 5.093727999297356e-07
227 4.550567051811899e-07
228 5.028740472049177e-07
229 5.007723627200807e-07
230 5.331488453983338e-07
231 5.731479783772433e-07
232 5.305418773165396e-07
233 5.542024376543601e-07
234 4.771773304780296e-07
235 3.253371640629058e-07
236 2.648512801068206e-07
237 5.817636707244207e-07
238 3.8572802889242676e-07
239 5.784724377246881e-07
240 5.579671329223831e-07
241 4.687856748304491e-07
242 3.7456365665656453e-07
243 4.5156264876858295e-07
244 7.246372007789908e-07
245 4.797474781982938e-07
246 6.285378096036462e-07
247 4.398773636979582e-07
248 4.6964539902326155e-07
249 4.810178850326702e-07
250 5.476325551308752e-07
251 5.454469221922765e-07
252 5.630650791748341e-07
253 6.163974913127745e-07
254 5.302347019469995e-07
255 5.409917212183818e-07
256 8.422157809135187e-07
257 5.66204401363843e-07
258 4.887992070015722e-07
259 4.09645755637797e-07
260 6.796054407972485e-07
261 4.964978002480336e-07
262 5.464486328944854e-07
263 5.249826337519429e-07
264 6.416336774052317e-07
265 3.6462504645077366e-07
266 6.871732765020302e-07
267 5.485979131266787e-07
268 4.826709783651012e-07
269 4.432472746937039e-07
270 4.7550464344413066e-07
271 4.628042687481824e-07
272 6.634579710934583e-07
273 6.367609254703535e-07
274 6.421142789256933e-07
275 7.724208050318747e-07
276 4.731880870727493e-07
277 4.988710453223655e-07
278 4.930613581038906e-07
279 5.176135626774684e-07
280 5.023604326889506e-07
281 3.413993147512229e-07
282 6.502282311827742e-07
283 5.674862707377585e-07
284 4.129625685530403e-07
285 6.190100776103151e-07
286 4.5545208949071607e-07
287 6.260836636954179e-07
288 5.94494134342522e-07
289 5.848297826684737e-07
290 5.715083634173217e-07
291 4.2731463088289187e-07
292 3.3208266960918375e-07
293 4.563060146454624e-07
294 7.606119042643494e-07
295 3.7331748759116843e-07
296 4.5766421164617334e-07
297 3.5953380402554125e-07
298 4.5396424190602864e-07
299 5.373962618442178e-07
300 4.1254165622228224e-07
301 3.6018411290521466e-07
302 5.318751535740697e-07
303 3.8582560773912747e-07
304 7.597718890624314e-07
305 4.932971188505791e-07
306 5.449889802020865e-07
307 3.9413141934277815e-07
308 4.805136007181951e-07
309 6.588425403153774e-07
310 5.801896103866531e-07
311 3.9208104890524687e-07
312 4.859899775256984e-07
313 3.617535658718078e-07
314 5.120418326262491e-07
315 5.308765924427917e-07
316 3.4064932519924413e-07
317 5.820505208459514e-07
318 6.847843356876194e-07
319 6.341714195012225e-07
320 5.136600378279674e-07
321 5.986916816370112e-07
322 4.066976558632274e-07
323 5.101267957455855e-07
324 4.1641251406011633e-07
325 4.813806538288659e-07
326 4.5910042642217434e-07
327 5.243504751180079e-07
328 5.693191045296175e-07
329 3.0878337602049535e-07
330 4.384248868464305e-07
331 3.93592190735117e-07
332 4.380529037424521e-07
333 5.431065308205012e-07
334 6.735477048919642e-07
335 5.500594272674774e-07
336 6.407127635080475e-07
337 6.11309871793394e-07
338 5.227168954545452e-07
339 4.338402660781631e-07
340 4.3882867930866166e-07
341 5.425678640557136e-07
342 4.206190410622893e-07
343 5.111253610049556e-07
344 4.788224585668298e-07
345 5.527143561516703e-07
346 5.316499715459373e-07
347 4.351392095831216e-07
348 5.867266738225863e-07
349 4.986594036893297e-07
350 6.488657187675693e-07
351 5.80727081115844e-07
352 4.3900252939377886e-07
353 5.320166325506916e-07
354 4.5581189098258514e-07
355 6.835700445032744e-07
356 5.129736131761751e-07
357 7.136702995929064e-07
358 1.261158681390146e-07
359 4.387801863402847e-07
360 3.4683930967278894e-07
361 4.858029494074929e-07
362 5.883234241271249e-07
363 5.551744756194344e-07
364 5.254738963871569e-07
365 5.151864058209767e-07
366 4.6884121386657354e-07
367 5.25954798861851e-07
368 5.389427879440386e-07
369 6.12949298192446e-07
370 6.561420038051155e-07
371 4.253255540571975e-07
372 6.971729173923413e-07
373 4.706878386532298e-07
374 5.55587442111656e-07
375 5.258010257335306e-07
376 5.26284389533204e-07
377 5.200682408116935e-07
378 5.494966238234784e-07
379 5.730675208446162e-07
380 5.77236864713682e-07
381 4.1804058407883564e-07
382 4.634733952249302e-07
383 5.973797875931385e-07
384 3.8527468921071996e-07
385 5.495279620621973e-07
386 6.923260533306798e-07
387 4.832662916746214e-07
388 5.160867959499904e-07
389 5.243705727947386e-07
390 4.7079567338060005e-07
391 4.5253120274015037e-07
392 3.5115515212315644e-07
393 6.165307248381064e-07
394 4.334535704965092e-07
395 6.247612838447151e-07
396 6.752886060168633e-07
397 4.4910166637784655e-07
398 6.761623979191477e-07
399 5.029136819116053e-07
400 4.673686504418915e-07
401 6.525823055200158e-07
402 4.846967754070301e-07
403 4.6145827413417297e-07
404 5.681409182519623e-07
405 5.206768108591932e-07
406 2.7715842061999404e-07
407 3.3720185622771325e-07
408 6.585412493574971e-07
409 6.141027614547715e-07
410 6.512966358073443e-07
411 5.676789255649634e-07
412 4.246110986918653e-07
413 5.171478750967647e-07
414 6.677830240643091e-07
415 7.554799252464501e-07
416 6.502389617825252e-07
417 5.914121919041842e-07
418 7.733219244441006e-07
419 5.172740629498925e-07
420 4.92018068130607e-07
421 5.086936244212267e-07
422 3.558676144462333e-07
423 7.05138597004352e-07
424 5.19845718987521e-07
425 6.531650815388244e-07
426 4.96897404048072e-07
427 5.530578657599873e-07
428 4.146345393134929e-07
429 3.673641179622569e-07
430 5.915862885273921e-07
431 4.99836643799741e-07
432 4.3644119145867966e-07
433 4.958401911369198e-07
434 4.808568653695482e-07
435 6.201359276345855e-07
436 6.150322357083044e-07
437 4.6893170589351133e-07
438 3.945005539119037e-07
439 6.350533280329933e-07
440 4.4718638035917487e-07
441 4.886695519827105e-07
442 5.459831037016548e-07
443 5.767303884810411e-07
444 5.1083626736502e-07
445 6.401830124407103e-07
446 6.250368199629492e-07
447 4.744153295954913e-07
448 5.585052000930918e-07
449 3.651519253335431e-07
450 4.012437075739565e-07
451 5.435103720697342e-07
452 4.771096929248082e-07
453 5.682707384036257e-07
454 3.954861979767747e-07
455 4.805524089570654e-07
456 4.873971258799871e-07
457 5.120288797414842e-07
458 7.532652312154342e-07
459 4.543909854097288e-07
460 4.6636098580860616e-07
461 4.7676153207009805e-07
462 6.423015399138691e-07
463 6.322282925287206e-07
464 6.845756374015825e-07
465 5.475178387721306e-07
466 5.156711320186861e-07
467 4.247335168240766e-07
468 5.293663656275905e-07
469 4.583296875296439e-07
470 4.743558972380368e-07
471 4.2755190510400666e-07
472 4.7611880225406e-07
473 2.536584344923925e-07
474 4.7087269813281776e-07
475 4.6827164035675743e-07
476 4.603861304945273e-07
477 4.6533177075416564e-07
478 5.072060685978716e-07
479 6.532282528904926e-07
480 5.031122006607452e-07
481 4.478620295176803e-07
482 4.1334561284679546e-07
483 5.84217465604528e-07
484 6.364610790054481e-07
485 4.658189659950062e-07
486 6.105017510326352e-07
487 4.880195945252666e-07
488 4.544921971462383e-07
489 2.498125941828191e-07
490 6.148226685910135e-07
491 4.6266316759338574e-07
492 6.347473729969399e-07
493 4.669837551250512e-07
494 4.182734428563261e-07
495 4.570841434224121e-07
496 6.252582072530475e-07
497 6.097361636628381e-07
498 3.906220169586872e-07
499 3.537981765776048e-07
500 5.179067024217902e-07
501 4.809195237987976e-07
502 4.437102312933741e-07
503 6.261223628169827e-07
504 3.76801604228235e-07
505 4.023706478510647e-07
506 3.3806052544207025e-07
507 6.355362767309053e-07
508 3.993984199844204e-07
509 5.549886648401253e-07
510 5.691319860817827e-07
511 4.641346066888577e-07
512 3.518781065859852e-07
513 3.9588307184617426e-07
514 4.807489664884267e-07
515 5.188269313179297e-07
516 6.87019550524214e-07
517 5.857083056314035e-07
518 4.29639148093773e-07
519 5.07041587660963e-07
520 5.164919160556702e-07
521 4.6018990333511425e-07
522 5.030600092216046e-07
523 5.08762163141233e-07
524 5.849506922208523e-07
525 4.321915369529042e-07
526 5.946253868955617e-07
527 4.6946172993509186e-07
528 5.969728352659205e-07
529 4.3886329500933387e-07
530 6.531027440720355e-07
531 5.137362605833996e-07
532 4.2905063903976034e-07
533 4.904268925488762e-07
534 7.415956841653072e-07
535 5.09032749901329e-07
536 4.0784191016566495e-07
537 4.1507954172253817e-07
538 4.772218627520793e-07
539 3.480027721436391e-07
540 3.5053821089283676e-07
541 4.850120603495525e-07
542 2.8895599157291755e-07
543 5.403614144700039e-07
544 4.0665927745506764e-07
545 5.305869683304211e-07
546 6.014913338507319e-07
547 4.3376895878822385e-07
548 3.6501763687283015e-07
549 5.940679996809831e-07
550 6.280742363503308e-07
551 4.4266533912572067e-07
552 4.5673658703561986e-07
553 2.985722018305756e-07
554 4.838816768180312e-07
555 5.467636272471865e-07
556 5.303181001124634e-07
557 3.7505106407524083e-07
558 7.340454406046919e-07
559 6.38773672402236e-07
560 7.061369441409195e-07
561 5.993291826675108e-07
562 5.041879017455474e-07
563 5.418314734648811e-07
564 5.103386696699205e-07
565 5.171934368526269e-07
566 5.893992347948319e-07
567 5.963002750106809e-07
568 6.437881622934922e-07
569 4.718591797557569e-07
570 5.81372416652511e-07
571 5.658820616075923e-07
572 5.496456696743124e-07
573 6.892444674670705e-07
574 5.832092033820517e-07
575 4.2859131908716665e-07
576 5.89859536791101e-07
577 3.878875475128405e-07
578 4.598101170374019e-07
579 4.443573154886547e-07
580 5.414058260528481e-07
581 7.213821306014886e-07
582 3.101977422926608e-07
583 4.493463164754151e-07
584 3.69536183691128e-07
585 4.0538867360707885e-07
586 6.031012297129738e-07
587 5.613551008996727e-07
588 5.733667564359815e-07
589 3.569366399885605e-07
590 5.697173424475908e-07
591 5.632482601988728e-07
592 4.554617530122075e-07
593 4.108939254737788e-07
594 6.42300160467229e-07
595 6.826294734904196e-07
596 4.364632563801949e-07
597 5.888079793015125e-07
598 3.9570771598732724e-07
599 7.271027992111922e-07
600 5.378057687501457e-07
601 3.863196244026665e-07
602 5.073279420033359e-07
603 5.258879039203103e-07
604 4.5983732893478446e-07
605 5.041294015483466e-07
606 5.483249975007242e-07
607 3.965149446025397e-07
608 4.4746465561689167e-07
609 5.385095597902697e-07
610 4.309134561304263e-07
611 5.744884065908735e-07
612 5.563628327755976e-07
613 4.885481912301641e-07
614 3.9896951722686615e-07
615 4.423457113595886e-07
616 6.419176422227352e-07
617 3.8441544216214464e-07
618 4.691374044946894e-07
619 4.800967286823633e-07
620 5.171750671854567e-07
621 6.006934680954527e-07
622 5.579992998375468e-07
623 5.249069662789013e-07
624 5.065582370644436e-07
625 6.158428893880869e-07
626 5.205390395228689e-07
627 5.009453520115996e-07
628 6.035982177459355e-07
629 4.235585415166884e-07
630 6.81135620942619e-07
631 3.743092442736908e-07
632 6.074630728472558e-07
633 3.8749809236014015e-07
634 5.005730571761188e-07
635 6.358302290905769e-07
636 4.897103306727156e-07
637 3.6682874585485764e-07
638 6.050790951942808e-07
639 5.685197440182212e-07
640 5.084025291582295e-07
641 5.366015398564849e-07
642 6.782175965971986e-07
643 6.678804949083956e-07
644 5.106546768172941e-07
645 3.965852911608805e-07
646 4.817819238052949e-07
647 4.0853606035955334e-07
648 6.03509547526519e-07
649 5.27138439992974e-07
650 5.046362338504704e-07
651 4.907397801603945e-07
652 5.218589765504801e-07
653 5.411242490972116e-07
654 5.03305560348449e-07
655 5.01052928006665e-07
656 5.409780427637614e-07
657 3.1889513832919456e-07
658 6.858111407983283e-07
659 3.892545618655565e-07
660 4.134110141775911e-07
661 5.260731887138342e-07
662 4.888662311392336e-07
663 6.858423775062439e-07
664 4.954669760141064e-07
665 4.2496794649569537e-07
666 5.670778627952946e-07
667 7.683357727592903e-07
668 4.783405191988079e-07
669 6.589634507897813e-07
670 6.16700251427622e-07
671 5.291210188779646e-07
672 4.472827503055573e-07
673 4.170487459649493e-07
674 4.5369206692195387e-07
675 6.519522822364002e-07
676 4.964021420336032e-07
677 5.838465292112078e-07
678 4.779447084669101e-07
679 4.824494474825308e-07
680 4.723489550816761e-07
681 4.0038471805991504e-07
682 5.055385705757791e-07
683 6.126974650000901e-07
684 4.323826899314914e-07
685 6.756900584678874e-07
686 4.2609689727927434e-07
687 5.630127529912225e-07
688 2.9479158442522905e-07
689 3.6129642256088317e-07
690 5.919373549712792e-07
691 5.637107681047814e-07
692 4.2462088658459576e-07
693 4.6827544306095704e-07
694 4.215598943401383e-07
695 5.17468949341877e-07
696 4.804688641256601e-07
697 4.5244301722922753e-07
698 6.478074752784508e-07
699 5.476095383078415e-07
700 3.853196092926505e-07
701 4.4612586195654145e-07
702 5.021816407286959e-07
703 4.393517558403917e-07
704 7.897168180299221e-07
705 4.7076051426208377e-07
706 4.19692252267778e-07
707 5.260832014972676e-07
708 5.121715027074184e-07
709 5.172460102235685e-07
710 4.946248833690335e-07
711 5.652936272147219e-07
712 5.464211836667508e-07
713 6.735447465814202e-07
714 4.6757894570024944e-07
715 4.0317978961918555e-07
716 4.693663163640383e-07
717 4.667243271450584e-07
718 6.832208740270776e-07
719 4.3701848747804215e-07
720 4.229856079591468e-07
721 3.9320099659578197e-07
722 4.83661462822329e-07
723 4.912844942673197e-07
724 5.992105755472867e-07
725 6.511846254559517e-07
726 6.395788181853227e-07
727 5.067761873961731e-07
728 4.853151617284416e-07
729 5.417532507648068e-07
730 3.203289024652278e-07
731 4.3024292917893307e-07
732 4.4172833307311854e-07
733 4.350385720904318e-07
734 3.836990383099844e-07
735 6.002529344518871e-07
736 5.821169544809999e-07
737 6.731212818906497e-07
738 5.034275502767495e-07
739 4.6258237943109673e-07
740 4.0793813378167127e-07
741 4.4610517027110874e-07
742 4.667524717185283e-07
743 5.348229469871271e-07
744 4.924182578139983e-07
745 5.895035636357017e-07
746 5.637104710498923e-07
747 4.105441558002289e-07
748 5.594825016813229e-07
749 5.45723794525816e-07
750 3.5700027900785204e-07
751 5.91096909219976e-07
752 4.0114672665912806e-07
753 4.6172723220531497e-07
754 2.8571377674494316e-07
755 5.572351664172807e-07
756 7.727717511681571e-07
757 6.78914931314188e-07
758 5.609753160656384e-07
759 6.820665724791896e-07
760 6.860387637536753e-07
761 4.894938382451401e-07
762 6.217841271619447e-07
763 4.890792306300171e-07
764 5.305815227225089e-07
765 5.309723005362293e-07
766 5.218748527458548e-07
767 6.970269358641593e-07
768 4.262286852805041e-07
769 5.093172244970319e-07
770 5.43506277347115e-07
771 5.17565453940206e-07
772 5.734011972641766e-07
773 3.8936780175523804e-07
774 6.115836072652153e-07
775 6.49599852080837e-07
776 6.870026950842139e-07
777 6.106267013518758e-07
778 4.2218749289448337e-07
779 5.404726653287821e-07
780 7.437465893825109e-07
781 4.364251291718879e-07
782 5.968707366422929e-07
783 5.515007182076189e-07
784 5.816553922781064e-07
785 7.002643652241375e-07
786 4.61477231129624e-07
787 2.8752705176436987e-07
788 5.875458349916359e-07
789 4.886648452701343e-07
790 6.133539076314976e-07
791 6.191977050726947e-07
792 5.87130666446983e-07
793 3.7659874213101023e-07
794 3.375718576182193e-07
795 5.583795057842002e-07
796 3.51864474978449e-07
797 4.668992994674793e-07
798 6.315922945146649e-07
799 5.7581246940117e-07
800 4.752921923709159e-07
801 6.044308854184902e-07
802 5.226828696239174e-07
803 3.738719898985129e-07
804 5.440724155953713e-07
805 5.94503501842309e-07
806 5.86544238696555e-07
807 6.115613760451357e-07
808 3.645667662403721e-07
809 4.6874754479050175e-07
810 5.85972061927173e-07
811 5.41440644725297e-07
812 5.447974642531219e-07
813 5.833511231587287e-07
814 3.5065848070786187e-07
815 5.802152081956234e-07
816 5.142193365922435e-07
817 4.60386519023527e-07
818 4.788489877482447e-07
819 4.6803714637885833e-07
820 4.380794506225212e-07
821 4.6101454371199693e-07
822 4.0009609615369314e-07
823 3.806681303017845e-07
824 4.2988868395329946e-07
825 6.725809109855946e-07
826 6.415860191777145e-07
827 5.292152085414488e-07
828 4.2019006877709125e-07
829 5.744789187155386e-07
830 5.44700939630365e-07
831 7.684849978202919e-07
832 7.324644715466246e-07
833 4.902433614332845e-07
834 5.614624918972455e-07
835 5.968517443529935e-07
836 3.7248254269675164e-07
837 5.234953280846428e-07
838 5.360290411111678e-07
839 5.187106981740337e-07
840 6.162186650033154e-07
841 5.904222536350357e-07
842 5.437794621793591e-07
843 4.781465504858207e-07
844 4.2377031259437965e-07
845 5.559492267237379e-07
846 7.368106545668808e-07
847 5.197355858598341e-07
848 5.560226975879568e-07
849 4.6580316177492724e-07
850 3.267024217646243e-07
851 5.924283489156181e-07
852 6.398479374247607e-07
853 5.727184496217791e-07
854 4.6089060447837765e-07
855 5.064927883126011e-07
856 5.500080810570119e-07
857 5.392437137553229e-07
858 4.201902937577681e-07
859 3.067874442432416e-07
860 5.365184191703281e-07
861 4.796512002354482e-07
862 5.217667945727469e-07
863 4.6365772578645634e-07
864 4.613239610079212e-07
865 3.996264700839052e-07
866 6.229485579385466e-07
867 4.795167748596101e-07
868 7.173153725011643e-07
869 4.741918267617984e-07
870 6.434908828767267e-07
871 4.6328556883340316e-07
872 4.540049674318375e-07
873 6.176213883238611e-07
874 7.620680525435885e-07
875 4.425856589990518e-07
876 5.367869888563161e-07
877 5.695773028971572e-07
878 5.690143141575256e-07
879 5.97545510762204e-07
880 5.033734879316398e-07
881 6.96123320080119e-07
882 6.79367850575074e-07
883 4.327637819528333e-07
884 4.820457161514882e-07
885 5.820061766847402e-07
886 4.388064944000276e-07
887 6.247641929751541e-07
888 4.5074681113837496e-07
889 6.630701901433782e-07
890 3.134092582392024e-07
891 3.537108246749374e-07
892 5.36942411755289e-07
893 5.328231878735138e-07
894 4.877969841676265e-07
895 5.193505622551109e-07
896 3.806758749228214e-07
897 4.4766124045396506e-07
898 5.694240164660107e-07
899 4.0719484992323986e-07
900 5.974916509099446e-07
901 6.171333891700193e-07
902 7.284269619089606e-07
903 3.4177857000488307e-07
904 6.505416664531484e-07
905 6.833744531232164e-07
906 6.001647484741647e-07
907 4.617139160944031e-07
908 6.446594299394464e-07
909 5.801043521442305e-07
910 4.82470396832608e-07
911 6.013431809851965e-07
912 6.387018304188164e-07
913 6.824277914875556e-07
914 7.245836603523759e-07
915 5.731800716357702e-07
916 4.837849717106702e-07
917 5.753139842908973e-07
918 4.9492166552098e-07
919 5.763559686159844e-07
920 6.641049184692706e-07
921 5.97968701779502e-07
922 4.3142667025171096e-07
923 5.14775780324186e-07
924 6.05000232017241e-07
925 4.778621967040584e-07
926 4.6389544553109083e-07
927 7.123975211730732e-07
928 5.373660121775259e-07
929 3.111997120753881e-07
930 5.352260302875638e-07
931 5.201036082756297e-07
932 5.540679293704597e-07
933 4.4048541041976694e-07
934 4.825833366489486e-07
935 6.028397716600583e-07
936 6.994660137978961e-07
937 4.679471532739651e-07
938 5.289330103131718e-07
939 4.4058780267691694e-07
940 7.487286690975443e-07
941 5.353987068725763e-07
942 7.268303034709182e-07
943 4.376931360661158e-07
944 5.633478128549551e-07
945 4.37230622942217e-07
946 4.867430841927104e-07
947 4.381347842459763e-07
948 7.344234936960234e-07
949 5.655501738886994e-07
950 5.11937434899315e-07
951 4.1388848937677077e-07
952 5.321744911134061e-07
953 5.011365051137908e-07
954 3.596630806503264e-07
955 3.586695656505454e-07
956 5.833921132454003e-07
957 5.171360246237407e-07
958 4.769820446367842e-07
959 4.463236025483238e-07
960 4.640005483668942e-07
961 5.211091556307058e-07
962 6.419817069140249e-07
963 5.787381880027236e-07
964 5.019809562750082e-07
965 4.87860861029661e-07
966 2.727456041185653e-07
967 6.138328001740218e-07
968 7.285826683313851e-07
969 4.992470097518892e-07
970 3.956933313686945e-07
971 5.227277712469568e-07
972 5.388073549947163e-07
973 4.039592424096494e-07
974 3.084528502377083e-07
975 5.097488684924863e-07
976 5.27030712788961e-07
977 5.977144482901194e-07
978 5.980363252119928e-07
979 5.186425781148171e-07
980 2.933502797245776e-07
981 6.709590364509921e-07
982 5.861723143687082e-07
983 4.609767028826393e-07
984 4.251570198693757e-07
985 5.88997581520516e-07
986 5.307383243585223e-07
987 4.372820135977628e-07
988 4.262112355952116e-07
989 5.00829990388576e-07
990 6.643365812279235e-07
991 4.040391863335057e-07
992 3.694505795901616e-07
993 5.063142696794951e-07
994 6.636807662261875e-07
995 5.817960854163324e-07
996 4.997618153352955e-07
997 4.86765414352308e-07
998 5.481187303753616e-07
999 5.474298330413976e-07
