0 2.3029359687346766e-07
1 3.623969702792159e-07
2 1.5006179001920752e-07
3 2.3067774605575888e-07
4 3.277704665525253e-07
5 2.9262192780233733e-07
6 3.165067295665706e-07
7 2.4460527210049164e-07
8 2.5203925508171986e-07
9 2.9721949732460546e-07
10 3.6973672322808326e-07
11 3.1361905501701227e-07
12 3.810936907557451e-07
13 2.523447071635379e-07
14 3.032756027813284e-07
15 2.9938933120148875e-07
16 2.365089515852365e-07
17 3.045070089488356e-07
18 2.416561027013488e-07
19 3.9228550285100205e-07
20 3.3812185630750554e-07
21 3.207669799135683e-07
22 3.4445777134538654e-07
23 3.2464929982228157e-07
24 2.948357128540841e-07
25 2.9291427211438574e-07
26 2.7494698083433334e-07
27 3.724634003497661e-07
28 2.7346059517556923e-07
29 2.621217055752926e-07
30 3.326672866981355e-07
31 2.8845133702072954e-07
32 2.2055819685448033e-07
33 3.133514698917823e-07
34 2.916548866855912e-07
35 3.2831155582375085e-07
36 2.925598192073393e-07
37 2.973575567292265e-07
38 3.56560285415975e-07
39 2.988757361679909e-07
40 2.861206780230477e-07
41 3.0741423490603205e-07
42 2.3827104354473083e-07
43 3.274885443206326e-07
44 2.862085550488839e-07
45 2.8011591853336644e-07
46 2.6662654925167676e-07
47 2.2588976007101508e-07
48 3.4703965934279614e-07
49 2.6007854192738534e-07
50 2.7599791446855135e-07
51 3.108047650317702e-07
52 3.7995336983193003e-07
53 3.28249480479424e-07
54 2.7273984402964193e-07
55 4.077332257539048e-07
56 3.174339575620113e-07
57 2.742546590133025e-07
58 2.625188716147335e-07
59 2.7424859495300094e-07
60 3.4007294291849445e-07
61 3.9614614636888857e-07
62 2.680173771447065e-07
63 2.8503521835174195e-07
64 3.0291396773081176e-07
65 2.849818313530664e-07
66 2.5712329946103555e-07
67 2.1260905143946748e-07
68 3.205025091673039e-07
69 3.032586627842781e-07
70 3.3748148438237705e-07
71 3.17375930198185e-07
72 2.900100589495938e-07
73 2.8072462102168025e-07
74 2.6706569585937027e-07
75 2.92125832769131e-07
76 3.220353317589672e-07
77 2.9812666572228205e-07
78 2.821301401155553e-07
79 2.9870839136085593e-07
80 3.652216266056417e-07
81 2.817848787044901e-07
82 2.728166893084173e-07
83 3.3180780089882284e-07
84 3.2387334106862745e-07
85 2.708471103265348e-07
86 2.950996271524324e-07
87 3.6400567660290225e-07
88 2.939297245029504e-07
89 3.140366162152774e-07
90 3.4732796623502317e-07
91 2.908962170288048e-07
92 3.6039157519600656e-07
93 3.0041942584697505e-07
94 2.9366318501175624e-07
95 2.4363817172423325e-07
96 3.2778377978634704e-07
97 2.881365379876123e-07
98 3.139097951075631e-07
99 2.8180663154246665e-07
100 1.873439342777722e-07
101 3.4296858736944847e-07
102 2.754731545610338e-07
103 3.471042451071305e-07
104 3.1925217360334014e-07
105 2.932345570159381e-07
106 2.4221043999629524e-07
107 2.901136738110616e-07
108 3.223849563620507e-07
109 3.8919958253862834e-07
110 2.256805986655816e-07
111 3.354594743860142e-07
112 3.418739280537246e-07
113 2.355716300693114e-07
114 3.6654071683335887e-07
115 3.0439247905482885e-07
116 3.237855422336128e-07
117 4.0236447330544764e-07
118 3.0509135678353166e-07
119 3.4233586720783523e-07
120 2.8825209568988534e-07
121 2.6871647701134597e-07
122 2.3718065199933523e-07
123 3.699865108402672e-07
124 3.030831561471194e-07
125 2.9582847003501547e-07
126 3.239662468699222e-07
127 3.1117504125141856e-07
128 3.4324177004571157e-07
129 2.638320259838719e-07
130 3.435364451006242e-07
131 2.846712654418619e-07
132 2.9513273429742417e-07
133 2.654249384566196e-07
134 2.593751163031602e-07
135 3.0230895378862476e-07
136 3.103321622410568e-07
137 3.0302365153894116e-07
138 2.7353864564336335e-07
139 3.010376803234979e-07
140 2.754520919474876e-07
141 3.6694893977973375e-07
142 4.143156523070613e-07
143 3.3768931753603253e-07
144 3.3868941700749304e-07
145 3.7808166048365755e-07
146 3.0721310385305317e-07
147 3.517337278318504e-07
148 2.958254253487148e-07
149 3.271743705032349e-07
150 3.1521001280684496e-07
151 2.7327506946472974e-07
152 3.0151383333750376e-07
153 3.6037969430299375e-07
154 3.1608521597154475e-07
155 2.5153015824676036e-07
156 2.9397968616633833e-07
157 2.7908990936127457e-07
158 2.4022307927632043e-07
159 3.3574897881857044e-07
160 2.6053298488189295e-07
161 3.0885439913675944e-07
162 3.1767084237479286e-07
163 2.9287592777709456e-07
164 3.1782895592475066e-07
165 3.2957608231696147e-07
166 3.691450903672498e-07
167 2.9359240613504523e-07
168 3.225714989490487e-07
169 3.001886014277978e-07
170 2.603013036159795e-07
171 2.143036009398836e-07
172 3.184521755907569e-07
173 3.3384041538395914e-07
174 2.5586976240450997e-07
175 2.702562263127048e-07
176 2.5700163940504057e-07
177 3.8092352960535787e-07
178 2.868534925144039e-07
179 3.4970269834622435e-07
180 2.8819247094373484e-07
181 2.47583246307088e-07
182 2.9177587064410565e-07
183 2.431470610367265e-07
184 3.433287396218653e-07
185 2.7825893684720236e-07
186 3.591260385605661e-07
187 2.828220175029167e-07
188 2.848609596188675e-07
189 2.894215155004433e-07
190 3.2443688642203966e-07
191 2.7727745032170583e-07
192 2.430267949032363e-07
193 3.1303789298165325e-07
194 2.894185746496222e-07
195 2.861012863563008e-07
196 3.5720848264893625e-07
197 3.231675339018408e-07
198 3.1965673887260563e-07
199 2.5771295622850903e-07
200 2.634630182497082e-07
201 3.229120149827184e-07
202 2.2970653109393662e-07
203 3.273655917308715e-07
204 2.7149138615870285e-07
205 3.3319792014002843e-07
206 3.1981878427566147e-07
207 3.7535327163799246e-07
208 2.8207200971319864e-07
209 2.44587097970399e-07
210 3.481560813015811e-07
211 2.784761786591856e-07
212 2.720212659304026e-07
213 2.956648906740623e-07
214 3.3300085428638666e-07
215 3.248142220195177e-07
216 2.7449311690231873e-07
217 3.0369566652292897e-07
218 2.7985788812980037e-07
219 2.5162287856296757e-07
220 2.9814018699647596e-07
221 3.0129478571117465e-07
222 2.9031915867667486e-07
223 2.668799461429559e-07
224 2.7243045130237256e-07
225 2.711384514051597e-07
226 2.5841784494683214e-07
227 3.242099232715885e-07
228 2.530184851234826e-07
229 2.9575531439378757e-07
230 2.5452547294657703e-07
231 2.5181600956072714e-07
232 2.849835202187767e-07
233 2.882770724700156e-07
234 3.246095713117152e-07
235 3.090069267039461e-07
236 3.4326789946598965e-07
237 2.6894882909106e-07
238 3.2918506285945175e-07
239 2.9095894300552486e-07
240 2.9886829395729644e-07
241 3.119097512829173e-07
242 3.377826816797573e-07
243 3.305548242912085e-07
244 2.9636999170787546e-07
245 3.0425767802022264e-07
246 2.2440621426205695e-07
247 3.376597265785857e-07
248 3.359876516055609e-07
249 3.594863899481053e-07
250 2.621909758218823e-07
251 2.836599174717551e-07
252 2.8430142606832126e-07
253 2.632349071695602e-07
254 2.717289404735887e-07
255 2.828687895660635e-07
256 2.705931096174342e-07
257 3.417262580806116e-07
258 3.039984293985964e-07
259 2.922584504146629e-07
260 3.060650122420552e-07
261 3.165077595029735e-07
262 2.5892493621266234e-07
263 3.2389351074429653e-07
264 2.635275314498048e-07
265 3.343985922761628e-07
266 2.86440192405739e-07
267 3.1697739705203493e-07
268 2.9822150407084307e-07
269 3.8576961889902524e-07
270 2.899305185160635e-07
271 2.7696473393015656e-07
272 3.122044724788243e-07
273 2.6571501135514745e-07
274 2.761040654011671e-07
275 2.2988757230793018e-07
276 3.0101718318599735e-07
277 3.0556480090881546e-07
278 2.823834898495519e-07
279 2.768582470421362e-07
280 3.0587612397746136e-07
281 3.643548063727313e-07
282 2.736346765405014e-07
283 3.519816447355272e-07
284 3.2350540874930004e-07
285 2.445788789160105e-07
286 3.453316018388534e-07
287 3.357938838353298e-07
288 3.205169351998954e-07
289 2.373673014951056e-07
290 2.789806788467737e-07
291 3.0141728969317806e-07
292 3.5448266548006997e-07
293 3.707864849415873e-07
294 2.62507083448718e-07
295 3.285555124730263e-07
296 3.0297628003075887e-07
297 3.352344084055257e-07
298 2.8984550528882025e-07
299 2.892673422449151e-07
300 3.6393601574321107e-07
301 3.0804753941150235e-07
302 3.1168713242295355e-07
303 3.550732816593997e-07
304 2.3341497300350792e-07
305 2.80893513007923e-07
306 2.510715077417369e-07
307 3.470612151861939e-07
308 2.8152810722898257e-07
309 2.5251674324598205e-07
310 3.0052239635185225e-07
311 2.887286577968687e-07
312 2.811945686301096e-07
313 4.0242620312265823e-07
314 3.0085185555576304e-07
315 2.563332282424406e-07
316 3.652770537622914e-07
317 3.197281674110201e-07
318 3.0118285829711697e-07
319 2.7218374534133927e-07
320 2.748903344581826e-07
321 2.5779797054010583e-07
322 3.437125744096096e-07
323 3.065038516102203e-07
324 3.1306792940923416e-07
325 2.8371463519697806e-07
326 2.881331050351364e-07
327 2.786415051123561e-07
328 3.221035429455822e-07
329 3.687781808852879e-07
330 2.49830949564167e-07
331 3.628702355697971e-07
332 3.1044149521687536e-07
333 3.099029970882484e-07
334 2.3766852532696928e-07
335 2.578979105420833e-07
336 2.791721443595081e-07
337 3.239434969784655e-07
338 2.50161617658052e-07
339 3.098773193428988e-07
340 3.0200289905050986e-07
341 2.7106730771141406e-07
342 3.0809255515580187e-07
343 2.5909942225282425e-07
344 3.2206898919142856e-07
345 2.492171018020659e-07
346 2.7966205790829344e-07
347 2.925604067709847e-07
348 3.227894712332499e-07
349 3.492988548266314e-07
350 2.3331849325009613e-07
351 2.7891728012429117e-07
352 3.267499777410776e-07
353 3.2737971359108614e-07
354 3.0962807854518584e-07
355 2.4024820758767295e-07
356 3.041150085289218e-07
357 2.7212772757909816e-07
358 4.0259529031385036e-07
359 3.9564347205116996e-07
360 3.0308121643551433e-07
361 2.78720282902048e-07
362 3.110225241745087e-07
363 3.5094585083305556e-07
364 2.7429297049628855e-07
365 3.182415689965934e-07
366 3.1874375853046146e-07
367 3.3868742878695715e-07
368 3.4954586903492963e-07
369 2.8455590249205654e-07
370 3.6849469658782713e-07
371 2.9121446025746975e-07
372 2.9985213331492715e-07
373 3.400687993970051e-07
374 2.286729237005497e-07
375 2.849302082111938e-07
376 2.9151777962910317e-07
377 3.371209499389899e-07
378 2.548145646367318e-07
379 3.439667998843504e-07
380 2.1963457725980644e-07
381 3.264590237045823e-07
382 3.5118749890072635e-07
383 2.7169589603000775e-07
384 3.5108537292157624e-07
385 3.316448183093219e-07
386 2.3372103299294765e-07
387 3.1948711330924095e-07
388 2.7704222191528793e-07
389 3.163070056224848e-07
390 3.4662686541748606e-07
391 2.802024013835744e-07
392 3.4000931741617793e-07
393 3.3634206892746364e-07
394 4.002528467358122e-07
395 3.086851349196437e-07
396 2.185483155953855e-07
397 3.356306630453619e-07
398 2.6389574459477647e-07
399 3.1303050823603344e-07
400 2.8890654009964946e-07
401 2.820001320022116e-07
402 2.927898160780966e-07
403 3.475190493116021e-07
404 2.753153926103814e-07
405 3.0364984748291807e-07
406 3.899382638076417e-07
407 2.844912084658248e-07
408 3.327708568724511e-07
409 2.5785205724392034e-07
410 3.1268852751218614e-07
411 2.931317834647106e-07
412 3.132552969899203e-07
413 2.8331239511653725e-07
414 2.978016506955884e-07
415 2.1143119916546785e-07
416 3.201156891070155e-07
417 3.229025598935332e-07
418 2.873441013707817e-07
419 3.5113778597759314e-07
420 3.727961898732638e-07
421 3.1136966092959044e-07
422 3.4330341645590613e-07
423 2.9596687139535184e-07
424 3.628714915678435e-07
425 3.1959567066178403e-07
426 3.120493188169335e-07
427 3.1852228126382497e-07
428 3.2738266848692547e-07
429 3.567234993879036e-07
430 2.667972128388693e-07
431 2.919962202822933e-07
432 2.945006935448926e-07
433 3.203820884486009e-07
434 2.5747779962621406e-07
435 3.525786020723447e-07
436 3.2301034210835696e-07
437 3.4189136522761917e-07
438 2.6960391169548084e-07
439 2.4377443581956204e-07
440 3.101040019034285e-07
441 3.1414551429084255e-07
442 2.628639016190215e-07
443 2.431906820488598e-07
444 2.935699486900934e-07
445 2.8710672895946024e-07
446 2.9504982829596035e-07
447 3.3554647994141523e-07
448 2.724492849252334e-07
449 3.313036862214901e-07
450 3.405818521147358e-07
451 3.140389210218555e-07
452 3.1813794038050245e-07
453 3.336257921400935e-07
454 3.081554034258036e-07
455 3.0163401821357274e-07
456 3.1550825547508677e-07
457 2.9391328066509657e-07
458 2.472547158955909e-07
459 3.183965545709772e-07
460 2.693972414016731e-07
461 3.36849855511754e-07
462 2.9935198446847094e-07
463 2.2627904834240957e-07
464 2.6970761920695147e-07
465 2.9496384803310853e-07
466 3.0952262871014394e-07
467 3.6231166559696433e-07
468 3.020884695903927e-07
469 2.6128366024162087e-07
470 3.402126471706528e-07
471 2.973177054484881e-07
472 2.879243849403726e-07
473 3.7361927982302127e-07
474 3.1199161247920656e-07
475 3.2236876446381016e-07
476 3.054094681194227e-07
477 2.2984813575875575e-07
478 3.0974003746250317e-07
479 2.607419181936089e-07
480 3.4025898789477547e-07
481 3.4560002257856903e-07
482 3.1436709949987463e-07
483 2.955553559320956e-07
484 2.711347429798778e-07
485 3.366353186531723e-07
486 2.533189872907333e-07
487 2.1652571106533427e-07
488 3.2133863683337234e-07
489 3.0973028200393825e-07
490 3.2815391448385216e-07
491 3.0667726651273554e-07
492 3.1633693130234123e-07
493 3.0541450525754774e-07
494 3.615544915752196e-07
495 3.3870173216319505e-07
496 2.8792859297777903e-07
497 1.8793909489216162e-07
498 3.196677791808193e-07
499 3.3311479410231615e-07
500 2.6918195207724567e-07
501 3.266138600118045e-07
502 3.333337540853211e-07
503 2.899837835812595e-07
504 3.0991451392309927e-07
505 3.1079257339002903e-07
506 3.2239576519977014e-07
507 2.6138363305663376e-07
508 3.0249386339451453e-07
509 3.0142521974770493e-07
510 3.3238189584558485e-07
511 2.898241894895826e-07
512 3.387298252863031e-07
513 3.84664639858927e-07
514 3.1163904653129155e-07
515 2.580439578377747e-07
516 2.3312334311275508e-07
517 3.3667994650721517e-07
518 3.163541818638953e-07
519 3.4911443049080933e-07
520 3.0412801210627383e-07
521 2.837752440161326e-07
522 3.1512343616859265e-07
523 3.22182061628447e-07
524 3.009931674263128e-07
525 3.410713242292437e-07
526 2.747991860305773e-07
527 3.060433406584438e-07
528 3.536387075313676e-07
529 3.3973631766887956e-07
530 2.5493291802537834e-07
531 2.7492013894085233e-07
532 3.072274032311689e-07
533 2.9800394901142057e-07
534 2.3319909658906972e-07
535 3.0623825375041374e-07
536 3.741270282602883e-07
537 3.4818020261002056e-07
538 3.3577269191861196e-07
539 2.965723500011518e-07
540 4.007957699055176e-07
541 3.1126846498068966e-07
542 3.214457252071848e-07
543 2.9794452727648674e-07
544 3.0227624362281767e-07
545 3.2179152232784626e-07
546 2.803117619733624e-07
547 2.884288370355198e-07
548 3.5333032537915594e-07
549 2.46722855303556e-07
550 2.817542521339283e-07
551 2.933198624794754e-07
552 2.9681618259476536e-07
553 3.034632312619035e-07
554 3.6101672087123776e-07
555 2.527231951635182e-07
556 2.7107188084321775e-07
557 3.552492270976313e-07
558 2.1669611648581974e-07
559 3.0146435340726844e-07
560 2.852666755402378e-07
561 3.105855026253905e-07
562 3.130534444490643e-07
563 2.747667888376914e-07
564 3.3917838656688285e-07
565 3.8584924948868333e-07
566 2.497883248622483e-07
567 2.589392996961484e-07
568 3.315023441424035e-07
569 3.1265896475569066e-07
570 3.008467201108462e-07
571 2.4116483622614365e-07
572 3.1660991015003883e-07
573 3.0361640082066717e-07
574 3.4304252310992336e-07
575 3.031839029761546e-07
576 2.8185743225126614e-07
577 3.384147388791341e-07
578 3.4615868489002724e-07
579 2.8714131143864767e-07
580 2.5688689433560073e-07
581 2.610831244662646e-07
582 3.6855803876774965e-07
583 3.096187421973784e-07
584 3.691318976504738e-07
585 3.397425299397467e-07
586 3.177654947894452e-07
587 2.5679399843068095e-07
588 2.7877657730089584e-07
589 3.6288741882374774e-07
590 3.2560117069730406e-07
591 3.01570965070986e-07
592 3.218178926535804e-07
593 3.5034389738380026e-07
594 2.716361195850378e-07
595 2.8478640771358946e-07
596 3.231135771256548e-07
597 3.630305597698036e-07
598 3.451859048382165e-07
599 2.5493102263382445e-07
600 2.802471911975978e-07
601 2.805777774200284e-07
602 3.0024752673445224e-07
603 2.7072239494900267e-07
604 2.586651622767891e-07
605 3.54636037380197e-07
606 2.730703154135339e-07
607 3.290764135768602e-07
608 3.687543375817207e-07
609 3.011388641289765e-07
610 3.6135910933375756e-07
611 3.106973123313824e-07
612 3.180406994102718e-07
613 3.030463757778603e-07
614 3.0302312868238604e-07
615 2.999678495226425e-07
616 2.3722850964332076e-07
617 3.3573976711531397e-07
618 3.3156838380160065e-07
619 2.8077370791100066e-07
620 2.761538597810833e-07
621 3.161974043072627e-07
622 2.299056400128458e-07
623 3.0220105534887647e-07
624 3.022370349655983e-07
625 3.296695869621809e-07
626 3.0358603007759354e-07
627 3.0794576142266047e-07
628 2.8950498819111576e-07
629 3.226731527880958e-07
630 2.716790895473056e-07
631 3.1929321998232727e-07
632 3.2645263435065347e-07
633 2.651649831747845e-07
634 2.6698576116273463e-07
635 2.971087826246955e-07
636 3.18562792213441e-07
637 3.0396994149462646e-07
638 2.8250672251422854e-07
639 2.7040438829153786e-07
640 3.232500991849782e-07
641 3.4245464726352076e-07
642 3.081333135886382e-07
643 2.5738514713420684e-07
644 3.2297274067780357e-07
645 3.247559966326592e-07
646 2.7119312501020933e-07
647 3.4238253425331214e-07
648 3.0075522078199413e-07
649 2.729151956614491e-07
650 2.663646629055736e-07
651 3.25822593162282e-07
652 2.439202682354592e-07
653 3.938966301384995e-07
654 2.9816057666504574e-07
655 2.7978189110932115e-07
656 2.7660756931161623e-07
657 3.2802222551659636e-07
658 2.1137534924140216e-07
659 3.1092368815953703e-07
660 3.434659630795423e-07
661 3.0636735663284987e-07
662 2.7406387883791077e-07
663 3.135448611579196e-07
664 2.933656623801584e-07
665 3.6481097682694497e-07
666 3.2647907649665717e-07
667 2.567522500980205e-07
668 3.113678523779948e-07
669 2.9742127678899504e-07
670 2.516528342684449e-07
671 3.208295531204959e-07
672 3.086660998015823e-07
673 3.499271935781681e-07
674 3.517854755813475e-07
675 2.683340300995089e-07
676 3.617539238362389e-07
677 3.275793987851532e-07
678 2.7652274049611067e-07
679 2.869254186252027e-07
680 3.5263776443960936e-07
681 2.777257413086601e-07
682 2.980703308760175e-07
683 3.177422454500888e-07
684 3.111084310143154e-07
685 2.1570827871536977e-07
686 3.2088064050103e-07
687 2.8945880897847776e-07
688 3.752864323879483e-07
689 3.5610837647517237e-07
690 3.085628149593126e-07
691 2.470048881023337e-07
692 3.4042875388401564e-07
693 2.469869356094529e-07
694 3.432999931809411e-07
695 3.146814667761159e-07
696 3.1066340332348973e-07
697 2.8729213920209084e-07
698 2.603379158507455e-07
699 3.22703118057592e-07
700 3.2117822985015045e-07
701 3.336409634994191e-07
702 2.76893030803299e-07
703 2.9857417807774007e-07
704 2.433010920737556e-07
705 3.116022534297827e-07
706 2.779509763307618e-07
707 3.0362432442625157e-07
708 3.4229801869466876e-07
709 2.8220667442253073e-07
710 2.955019945438638e-07
711 2.906714482515274e-07
712 2.7941025598028543e-07
713 2.4543330881522387e-07
714 3.107507587476148e-07
715 2.980372673727845e-07
716 3.174472966192784e-07
717 3.1094855532259823e-07
718 3.038716937040543e-07
719 3.721685507585429e-07
720 3.408979932944551e-07
721 2.797732593096943e-07
722 3.2464017058227666e-07
723 3.3286457575479477e-07
724 2.716932901653423e-07
725 2.872063080506178e-07
726 2.927926410352044e-07
727 3.2430987410678776e-07
728 2.757152885777174e-07
729 2.536732319959136e-07
730 3.0394960884079733e-07
731 3.383031377989217e-07
732 3.550496606993328e-07
733 2.8946960790494037e-07
734 2.638269972402904e-07
735 3.3908995189298505e-07
736 3.326883737403815e-07
737 3.0397905632397593e-07
738 3.1885433961941364e-07
739 2.555956063237592e-07
740 3.040225824971455e-07
741 3.3505394796932624e-07
742 3.259297697685224e-07
743 3.3060206976174234e-07
744 2.7411723401882017e-07
745 2.423423630493736e-07
746 2.9992121067311564e-07
747 3.69749898060166e-07
748 3.1393829111284635e-07
749 2.196387494772605e-07
750 3.057283600841467e-07
751 2.6917526953356355e-07
752 3.0349228601529e-07
753 3.2170083301032124e-07
754 3.131988767365375e-07
755 2.921222024692319e-07
756 2.589587165242136e-07
757 2.4995049124493696e-07
758 3.3778429704164837e-07
759 2.813081090092159e-07
760 2.7167460567597446e-07
761 3.5632324627177637e-07
762 3.2644340357717155e-07
763 2.7940263241265814e-07
764 2.811470555603296e-07
765 3.6259623155339496e-07
766 3.14177552655782e-07
767 2.865742515552365e-07
768 3.4275538955238024e-07
769 2.880566043201274e-07
770 3.114269067564813e-07
771 2.5669328090537847e-07
772 3.169053884903223e-07
773 3.361572351847547e-07
774 2.897027074118166e-07
775 2.8159977543088504e-07
776 2.5411013978105355e-07
777 3.3951911595473565e-07
778 3.627659332340819e-07
779 3.089809689410465e-07
780 2.5100872381430057e-07
781 3.538829029312479e-07
782 2.9799097540980293e-07
783 3.281800712312315e-07
784 2.810942360036994e-07
785 3.0588459236112156e-07
786 2.4969474741486326e-07
787 3.5234392634108237e-07
788 3.321256603949101e-07
789 2.8155820668572107e-07
790 2.90521501267148e-07
791 2.7763591754312743e-07
792 2.9038532181617285e-07
793 3.136868737038755e-07
794 3.40677628045464e-07
795 2.7589150392354164e-07
796 3.2966583861698066e-07
797 3.2867949776886645e-07
798 2.515946891311089e-07
799 2.3757282854507138e-07
800 3.2767388825241263e-07
801 3.135424613580822e-07
802 2.0270873008086475e-07
803 3.26980168395798e-07
804 3.3271535735030506e-07
805 2.7533830494431433e-07
806 2.9027553865760593e-07
807 2.9946091654088877e-07
808 3.663823419830355e-07
809 2.794226576371172e-07
810 3.0099469454812167e-07
811 2.425707358283725e-07
812 3.289936895614661e-07
813 3.015902704882325e-07
814 2.9405776773319085e-07
815 2.7070173732244264e-07
816 3.3488031067260314e-07
817 2.968875592398048e-07
818 2.621005665901439e-07
819 3.179347139579777e-07
820 2.928119139001027e-07
821 2.967152474913552e-07
822 3.1260840673759034e-07
823 3.995604861564159e-07
824 3.030467342826065e-07
825 2.5942531345983087e-07
826 2.2342544193625155e-07
827 2.650780352200753e-07
828 3.3089264440181674e-07
829 2.794997115252139e-07
830 2.8274943862011535e-07
831 2.950078834588711e-07
832 3.026788980196823e-07
833 2.8656720700210084e-07
834 3.596311706292687e-07
835 2.723197719594186e-07
836 3.4367856350820346e-07
837 2.692525615076772e-07
838 3.4825127420724485e-07
839 3.310324034151695e-07
840 2.280135259913647e-07
841 3.38542901488643e-07
842 2.7607189719353703e-07
843 2.922754713663156e-07
844 3.2807045122267405e-07
845 2.7808467807475065e-07
846 2.74755843861433e-07
847 2.975477807986821e-07
848 3.094455066898695e-07
849 3.501757249819389e-07
850 3.669804077772832e-07
851 3.193477028043585e-07
852 2.6942009719220625e-07
853 2.713170443478485e-07
854 2.6326048829346003e-07
855 2.8120201506650427e-07
856 2.1702829071593548e-07
857 3.00869955795589e-07
858 3.2474731650073803e-07
859 3.500947811797686e-07
860 3.1292800455489456e-07
861 3.3132789526556746e-07
862 3.7121210254536185e-07
863 2.8979401686167276e-07
864 3.175456157931512e-07
865 3.800686752410434e-07
866 3.166687431950122e-07
867 3.7387281295286324e-07
868 2.2814199952390846e-07
869 3.1485583395190656e-07
870 2.9394606703989063e-07
871 3.4638714792131604e-07
872 3.144708003601863e-07
873 2.567376102027828e-07
874 2.1940279197028125e-07
875 3.106952071820972e-07
876 2.555832568884517e-07
877 3.2163199150135205e-07
878 2.5359910615045696e-07
879 2.848567782609748e-07
880 3.307404381570729e-07
881 3.155372494120644e-07
882 2.4942879619374296e-07
883 2.833690003138335e-07
884 2.7030073523876503e-07
885 2.416177762540849e-07
886 3.363287115562027e-07
887 2.8871803359695094e-07
888 3.169351757217877e-07
889 2.669124146526886e-07
890 3.0608426465106135e-07
891 2.90029569261185e-07
892 3.462214512760694e-07
893 2.658461786225306e-07
894 3.4268389304151995e-07
895 2.6780504618305154e-07
896 3.7780648322456047e-07
897 3.3016377609589167e-07
898 3.154570373271565e-07
899 4.006305846441459e-07
900 2.6501665006567136e-07
901 3.0877841747121006e-07
902 2.9124598876183384e-07
903 3.9739283764971885e-07
904 3.2636239496360567e-07
905 2.772089689639767e-07
906 2.654546380062061e-07
907 2.5482230384885554e-07
908 2.576824536721293e-07
909 2.191673104263334e-07
910 3.3508238474552534e-07
911 3.1509854848056614e-07
912 2.858410145266888e-07
913 3.3572835474443234e-07
914 2.6452869490948937e-07
915 2.8373996841843747e-07
916 2.0767144291643387e-07
917 2.8573758819425774e-07
918 3.1072344313237205e-07
919 2.774638974116762e-07
920 2.6659219778247843e-07
921 2.9564757456805763e-07
922 3.053665711777793e-07
923 3.884433583369991e-07
924 2.512831601237082e-07
925 2.8447249956868693e-07
926 3.1800933779394934e-07
927 2.8832175229149043e-07
928 3.236848636757741e-07
929 3.513408972297385e-07
930 3.134174569184412e-07
931 2.9630792133230607e-07
932 3.118698665191483e-07
933 2.7390486647748757e-07
934 2.529971763643558e-07
935 3.0469846431520495e-07
936 3.2187576422306095e-07
937 2.7140347608374685e-07
938 2.8283954093492414e-07
939 3.2678073366089807e-07
940 2.835965181252567e-07
941 2.8281447667006216e-07
942 2.892155378943947e-07
943 2.6515354690155557e-07
944 2.2848845937336585e-07
945 3.477547923546098e-07
946 3.246504909284618e-07
947 2.990234592900236e-07
948 2.7086860169374634e-07
949 2.9412681898520414e-07
950 3.378878840856331e-07
951 3.910086033439388e-07
952 3.317147939525394e-07
953 2.97147595910758e-07
954 3.1976124602928523e-07
955 3.0198121387046533e-07
956 2.571873201327221e-07
957 3.0326049715842934e-07
958 3.330763909091248e-07
959 2.7740312883600024e-07
960 3.583311753342673e-07
961 2.623070330919301e-07
962 2.394287662120974e-07
963 2.7044106382266516e-07
964 3.113387441301679e-07
965 3.133599208760392e-07
966 3.469239165853023e-07
967 3.327481630593876e-07
968 2.2457408491218783e-07
969 3.512853524500669e-07
970 2.6980209136932247e-07
971 2.8510131971176565e-07
972 3.0560347670172163e-07
973 3.749779036121035e-07
974 3.7737674804128896e-07
975 2.799906569119783e-07
976 2.0485582090373585e-07
977 2.606749988461359e-07
978 3.115460784471321e-07
979 2.7899802592497997e-07
980 3.436945311817756e-07
981 2.8885529118815235e-07
982 2.3486220093480204e-07
983 3.055120168341496e-07
984 3.101759232167785e-07
985 3.0412082011616814e-07
986 2.5976396518944085e-07
987 3.9801772197704833e-07
988 2.9607735316069027e-07
989 2.762686058618832e-07
990 2.693487740552719e-07
991 2.849757089122739e-07
992 3.466551809139805e-07
993 2.921943694926834e-07
994 2.5689682877047844e-07
995 2.6491791906158087e-07
996 3.661565626907855e-07
997 2.3516786244137948e-07
998 2.918962787828979e-07
999 2.615530813690028e-07
