0 2.583880599661626e-06
1 2.4823651763877793e-06
2 2.440434710304207e-06
3 2.2637148416492346e-06
4 1.8607351998599463e-06
5 2.899068288425918e-06
6 2.433758873208215e-06
7 2.450138151387314e-06
8 2.6288252833681993e-06
9 2.311573419558097e-06
10 2.2898604854798124e-06
11 2.279133878867653e-06
12 3.0014967962065687e-06
13 2.5421688211420977e-06
14 2.7197641192495407e-06
15 2.5994304495852056e-06
16 2.3423817749523174e-06
17 2.5358001551161805e-06
18 2.727832743221058e-06
19 2.6747666266533267e-06
20 2.4620332123160387e-06
21 2.660160205395913e-06
22 2.614281857498323e-06
23 2.096649695250514e-06
24 2.517437170314921e-06
25 2.770158738591814e-06
26 3.1484981825623528e-06
27 2.3694723141974227e-06
28 2.6188752494223848e-06
29 2.2871088611233237e-06
30 1.943561837579329e-06
31 2.6008839660132053e-06
32 2.515223050208158e-06
33 2.397726716597548e-06
34 2.9927518982372765e-06
35 2.6608327831407506e-06
36 2.310643010381121e-06
37 2.2860724160075135e-06
38 2.6405730393637603e-06
39 2.8628786486336766e-06
40 2.5994426142284493e-06
41 2.7532300044725755e-06
42 2.55308827698627e-06
43 2.7724859462515465e-06
44 2.2666575450829142e-06
45 3.0561163318768607e-06
46 2.426584171969782e-06
47 2.4479872961260904e-06
48 3.0149750547718082e-06
49 2.298911388584724e-06
50 2.7544833076973937e-06
51 2.7115057051069104e-06
52 1.9756790615433375e-06
53 2.6627493915818994e-06
54 2.8587110290862757e-06
55 1.8860316250527906e-06
56 3.026291405132099e-06
57 2.823768225956254e-06
58 2.8910026802842015e-06
59 2.739639019976882e-06
60 2.5758604131465245e-06
61 1.9856768957390215e-06
62 2.41975244700428e-06
63 2.050185677615412e-06
64 2.602058562904376e-06
65 2.652620441468475e-06
66 2.530921422638468e-06
67 2.4292824469574486e-06
68 2.6946768484799273e-06
69 2.578309183453476e-06
70 2.8658407463264104e-06
71 2.999520532645735e-06
72 2.5582448847961967e-06
73 3.1265994472863772e-06
74 2.5736890783798735e-06
75 2.810101146196682e-06
76 2.373191736573955e-06
77 2.6065449331518567e-06
78 3.0081673869742424e-06
79 2.6834557067079707e-06
80 2.4208219901572717e-06
81 2.8663548395790474e-06
82 2.749998951822299e-06
83 2.387844945981235e-06
84 3.167851908478532e-06
85 3.2447616041354947e-06
86 2.70365188710382e-06
87 2.917631339891644e-06
88 2.5821195375236e-06
89 2.4648878939461256e-06
90 2.3329390162201127e-06
91 2.373905716194416e-06
92 2.415020588621473e-06
93 3.3106382899809086e-06
94 2.045263904451444e-06
95 2.748271767550636e-06
96 2.5588388255002438e-06
97 2.996022692056376e-06
98 2.836311730225953e-06
99 2.368316601123531e-06
100 2.3184945863437624e-06
101 3.017159119756794e-06
102 2.407880352738988e-06
103 2.368587299996974e-06
104 2.793699281996073e-06
105 2.1824472166789056e-06
106 2.463675169560508e-06
107 2.7772071706824636e-06
108 2.42461128799134e-06
109 2.3501969536742973e-06
110 2.3753075882620567e-06
111 2.2356173146323585e-06
112 2.404135809604253e-06
113 2.1963418877694757e-06
114 2.629985747923962e-06
115 2.83696497611649e-06
116 2.3404368416743744e-06
117 2.4116334423609875e-06
118 2.1956966225324536e-06
119 2.7336285447753762e-06
120 2.040314671935225e-06
121 2.932383332935924e-06
122 2.7676851727878484e-06
123 2.462526525770427e-06
124 2.63244509535031e-06
125 2.7342753446971875e-06
126 2.933944066381079e-06
127 2.4647289351919003e-06
128 2.602029197508457e-06
129 2.6076612483800807e-06
130 3.1337230249379978e-06
131 2.835290809585848e-06
132 2.2761343558238834e-06
133 2.7495785435962444e-06
134 2.8932392147060814e-06
135 2.302011287407709e-06
136 2.6817385180750067e-06
137 2.866444542200819e-06
138 2.7989011368221775e-06
139 1.783403881128784e-06
140 2.306385541344529e-06
141 2.50427359713528e-06
142 2.7443180609645033e-06
143 2.8096054037944504e-06
144 2.19690356386594e-06
145 3.070301380349466e-06
146 2.5014090192586268e-06
147 2.768396105301122e-06
148 2.664956774599057e-06
149 2.9446809760744766e-06
150 2.6629065206284966e-06
151 2.486671034951281e-06
152 2.6609843705891477e-06
153 2.5616115534816666e-06
154 2.4324118149830856e-06
155 2.5388317299780024e-06
156 2.2404304977752534e-06
157 2.7151213564638196e-06
158 2.6900231153131474e-06
159 2.280882540896689e-06
160 2.3368409159629114e-06
161 2.724195051026938e-06
162 2.5568617733278976e-06
163 2.7733410302280485e-06
164 2.47169475363783e-06
165 2.168610486559187e-06
166 2.5375856677487753e-06
167 3.239491750058687e-06
168 2.807716907663002e-06
169 2.834538232762718e-06
170 2.8766922596078625e-06
171 2.4467050701709463e-06
172 2.466922527379961e-06
173 2.7847162905101754e-06
174 2.840022014725836e-06
175 2.3353532571080148e-06
176 2.478380019352121e-06
177 2.832202567567048e-06
178 2.55271806768996e-06
179 2.796692090712808e-06
180 2.8240919123001136e-06
181 2.5301861537350484e-06
182 2.4355955924726593e-06
183 2.6874591385862894e-06
184 2.7301992497799944e-06
185 2.6829916092065443e-06
186 2.9577198363127343e-06
187 2.8533517427678122e-06
188 2.264869968766153e-06
189 2.760728696305527e-06
190 2.8381726121893533e-06
191 2.6173930677942845e-06
192 2.6665837619785364e-06
193 2.8595201998821857e-06
194 2.6299174979415727e-06
195 2.7457530688011996e-06
196 2.4829661769681776e-06
197 2.238800394070819e-06
198 2.9275081260790375e-06
199 2.6467648035314832e-06
200 3.0164525794604343e-06
201 3.0565634964019267e-06
202 2.500617311822071e-06
203 2.82442736146747e-06
204 2.610011765964323e-06
205 2.94879143246018e-06
206 2.7211540151650626e-06
207 2.176958748755523e-06
208 2.232876428474292e-06
209 2.4271179536512246e-06
210 3.218924256245256e-06
211 2.903722377130849e-06
212 2.888988420970865e-06
213 2.5581541971812186e-06
214 2.4006115504282557e-06
215 2.999409164409446e-06
216 2.693665803928889e-06
217 2.3097030100026552e-06
218 2.3208752492935113e-06
219 2.4935844816940394e-06
220 2.5539802334915334e-06
221 2.767518574337791e-06
222 2.838814567708755e-06
223 2.896768390586599e-06
224 2.6182132173810274e-06
225 2.43416372332591e-06
226 2.784755122125778e-06
227 3.01163282199955e-06
228 2.196512796191224e-06
229 2.3636708278299797e-06
230 2.435044238732265e-06
231 2.537021008088025e-06
232 2.5718149349312224e-06
233 2.478218431078881e-06
234 3.006800693941845e-06
235 2.8511337853273835e-06
236 2.73298341121244e-06
237 2.3085681765252515e-06
238 2.542552021340357e-06
239 2.9646789456848028e-06
240 2.932280732284765e-06
241 2.750843830314214e-06
242 2.3111095715451918e-06
243 2.684768475747064e-06
244 2.685181873087645e-06
245 1.9689365648554457e-06
246 2.620221233158112e-06
247 2.603646440335005e-06
248 2.890099846492699e-06
249 2.775565160999773e-06
250 2.95850747541443e-06
251 2.595709697115188e-06
252 2.719193225215855e-06
253 3.0285931513591758e-06
254 2.8520823433020894e-06
255 2.7363415907156622e-06
256 2.4142463147860057e-06
257 2.23718556290193e-06
258 2.674983722691057e-06
259 2.917198046282267e-06
260 3.082774589396698e-06
261 2.5851793882059463e-06
262 2.6485527819276756e-06
263 2.2285671686545537e-06
264 2.6622913310693456e-06
265 2.826374111883984e-06
266 2.3680787618676613e-06
267 2.6877044821707856e-06
268 2.8208058486654488e-06
269 2.7096819621023932e-06
270 2.7581927042681388e-06
271 2.4801821822571685e-06
272 2.9392656667722354e-06
273 2.5099421569523042e-06
274 2.5522007549490893e-06
275 2.2165012956972504e-06
276 2.8220612425446967e-06
277 2.6625855096360146e-06
278 2.6717975982138817e-06
279 2.6229487929137473e-06
280 3.386334713258314e-06
281 2.581899877584295e-06
282 2.5351589444908357e-06
283 3.1121979703160603e-06
284 2.3129903749172276e-06
285 2.2546059567299285e-06
286 2.8328354101159945e-06
287 2.6676443134569135e-06
288 1.6559483784414554e-06
289 2.7392050785222136e-06
290 2.5378136101135555e-06
291 3.0948989745516074e-06
292 2.1344653471378477e-06
293 2.402003925001574e-06
294 2.5048818843760312e-06
295 2.5899606011970303e-06
296 2.552958958205276e-06
297 2.1762324127660916e-06
298 3.033172607574617e-06
299 2.814532684808783e-06
300 2.2757588341685336e-06
301 2.856059611279645e-06
302 3.054153727674047e-06
303 3.0427129786374164e-06
304 2.9863275375763343e-06
305 2.4652309336466372e-06
306 2.9729476134301036e-06
307 2.1372986485360554e-06
308 2.4119916362897256e-06
309 2.946041705013812e-06
310 2.3526125981227155e-06
311 2.3153172780570285e-06
312 2.6501565217534703e-06
313 2.7087077472291722e-06
314 2.2634877104310615e-06
315 2.933906198237689e-06
316 2.413763347424209e-06
317 2.6977924152856927e-06
318 3.087622110967366e-06
319 2.2181946599449097e-06
320 1.9978975839260516e-06
321 2.441291295362604e-06
322 2.7527288888475595e-06
323 2.760763882018728e-06
324 2.604738222513861e-06
325 2.695608483405067e-06
326 2.7906142458249448e-06
327 2.1619194507879092e-06
328 2.2672679232819803e-06
329 2.548790301043592e-06
330 2.9102887365289794e-06
331 1.8424435558775575e-06
332 2.700931466029071e-06
333 2.498550399138911e-06
334 2.3215095053670526e-06
335 2.889373730453775e-06
336 2.594013103324478e-06
337 2.3107156959000865e-06
338 2.5794084068607994e-06
339 2.390916378941383e-06
340 2.767163111157842e-06
341 2.7858844119450467e-06
342 2.090488980835223e-06
343 2.893694451199104e-06
344 2.2076721853534646e-06
345 2.5782953615282207e-06
346 2.906899397199536e-06
347 2.4931970468504175e-06
348 2.36952255172912e-06
349 2.6864583320860777e-06
350 2.5860709551688686e-06
351 2.8103086029825558e-06
352 2.897137523431476e-06
353 2.7168709768488544e-06
354 2.512463700737172e-06
355 3.0271168137618093e-06
356 2.532423634680999e-06
357 2.829763214205181e-06
358 2.53522049131055e-06
359 2.4324885017801734e-06
360 2.9562871372967247e-06
361 2.4070023055777677e-06
362 2.454381611039755e-06
363 2.872499197899697e-06
364 2.6810702538678916e-06
365 2.364661033758544e-06
366 3.3872189515081844e-06
367 2.2531979198734693e-06
368 2.618629477267651e-06
369 2.3363386661245166e-06
370 2.4593478149466973e-06
371 3.1778093347374807e-06
372 2.2790566513208877e-06
373 2.87587248375463e-06
374 2.3947287175003043e-06
375 2.6881127794317916e-06
376 2.6859276822049945e-06
377 2.589963906623661e-06
378 3.300930717316119e-06
379 2.363390885225708e-06
380 2.9742344071659446e-06
381 2.63898459345994e-06
382 2.9909179310209073e-06
383 2.826488509198686e-06
384 3.0011396395703037e-06
385 2.2343405589172616e-06
386 2.4351774249925725e-06
387 2.678419675655493e-06
388 2.3300849484391395e-06
389 2.240680287377761e-06
390 2.9724784008915817e-06
391 2.092477098049753e-06
392 2.4344206441103276e-06
393 1.8631397280259015e-06
394 3.149341114963987e-06
395 2.4915182110119308e-06
396 2.39981106210649e-06
397 2.0561024029011225e-06
398 2.7885195445160576e-06
399 3.3324323291639135e-06
400 2.8821650855747762e-06
401 2.803886715430075e-06
402 2.7697247621926773e-06
403 2.534542973092023e-06
404 2.782386575401393e-06
405 2.5538413749573378e-06
406 2.963867311794131e-06
407 2.9912837182452974e-06
408 3.128481228817263e-06
409 2.4259098159714566e-06
410 1.969394090373144e-06
411 2.831680497448387e-06
412 2.9162864301021725e-06
413 2.787856610218492e-06
414 2.3693448573834394e-06
415 3.0737317157457615e-06
416 3.3111792301873556e-06
417 2.6617801580576354e-06
418 2.762168377847401e-06
419 2.4464714137894455e-06
420 2.821180400215303e-06
421 2.889933213914451e-06
422 2.8754903137868205e-06
423 2.2852648338652494e-06
424 1.9111761087892227e-06
425 2.9082955584068587e-06
426 2.7280336452389534e-06
427 3.1801614974536256e-06
428 2.454412392444824e-06
429 2.904917563657826e-06
430 2.6453161303841283e-06
431 2.5694158625067536e-06
432 2.468435630629146e-06
433 2.93161632953893e-06
434 2.5739067313313707e-06
435 2.5689750719824906e-06
436 2.5403138242155028e-06
437 2.8077679327242163e-06
438 2.832321735602995e-06
439 3.325295849897138e-06
440 2.6565432252746266e-06
441 2.4756304550837695e-06
442 2.8553279644875863e-06
443 2.5272302399039542e-06
444 2.448110988387278e-06
445 2.9115050197168144e-06
446 2.656637017433475e-06
447 2.895053136984661e-06
448 2.6422957660005427e-06
449 2.800199588666788e-06
450 2.204356924806359e-06
451 2.849866075569065e-06
452 1.6773203468754733e-06
453 2.228493253767644e-06
454 2.7975251238524096e-06
455 2.389186650622973e-06
456 2.677942010775583e-06
457 2.7422478981176568e-06
458 2.3955867291163353e-06
459 2.5071660718331155e-06
460 2.7923759294934043e-06
461 2.3817106567693877e-06
462 3.2497907764947577e-06
463 2.5348611139334324e-06
464 2.8374476667314062e-06
465 2.288420285302338e-06
466 2.384811414299816e-06
467 2.55782603744442e-06
468 3.1470250130777412e-06
469 2.4802080582256252e-06
470 2.346276266329822e-06
471 2.5599259136963417e-06
472 2.9005524676928538e-06
473 2.3333035604738836e-06
474 2.31241852552739e-06
475 2.780728223176715e-06
476 2.5639963805100107e-06
477 2.774782412061935e-06
478 2.4920621427521677e-06
479 2.6141023372614994e-06
480 2.9064293767736626e-06
481 2.3176717665728972e-06
482 2.368045945730371e-06
483 2.697922950993341e-06
484 2.2410021818166613e-06
485 3.0614690540671134e-06
486 2.320545449033489e-06
487 2.6263117371224304e-06
488 1.960858202450537e-06
489 2.8357509242744428e-06
490 2.799765434025851e-06
491 2.7500166961561505e-06
492 2.222073416839885e-06
493 2.8770098571873715e-06
494 3.0135343888083966e-06
495 2.7750337952056414e-06
496 2.9086242770966023e-06
497 2.6361548441916496e-06
498 2.607205453418883e-06
499 2.779823639677942e-06
500 2.2815090639751052e-06
501 2.7082396069137267e-06
502 2.445468987901221e-06
503 2.309186629261818e-06
504 2.7821874548626283e-06
505 2.0126137546183596e-06
506 3.303930138021618e-06
507 2.5293931743689022e-06
508 2.5391779736524667e-06
509 2.4117800579538594e-06
510 3.0129139936667706e-06
511 2.0737938422763854e-06
512 2.4006770025589417e-06
513 3.2594095446894623e-06
514 2.498790152560528e-06
515 2.6334467102957465e-06
516 2.026089716433171e-06
517 2.6244785061762644e-06
518 2.0009988755882163e-06
519 2.647577340202435e-06
520 2.394547865571304e-06
521 2.3410420637470254e-06
522 2.642845973021452e-06
523 2.698671313267071e-06
524 2.7770123591393465e-06
525 2.772314242023614e-06
526 2.612596750244591e-06
527 2.5770295043014357e-06
528 1.8540555895337975e-06
529 2.119828055998187e-06
530 2.379891957929896e-06
531 2.9680819019137045e-06
532 2.6507562486081567e-06
533 2.9265069869397716e-06
534 2.694718440776635e-06
535 2.2504948178259825e-06
536 2.694225948958591e-06
537 2.7221584784275394e-06
538 2.7193465306781388e-06
539 2.3721079562901916e-06
540 2.782768847362871e-06
541 2.8036901649368475e-06
542 2.449892170975836e-06
543 2.2519225905055135e-06
544 2.751155315544148e-06
545 2.5060309957943006e-06
546 2.0492870805767623e-06
547 2.752968699123621e-06
548 2.3282505539353254e-06
549 2.1356358480650737e-06
550 2.502539558686517e-06
551 2.9506429895509608e-06
552 2.6153023824387696e-06
553 2.6267703536174103e-06
554 2.305097783395034e-06
555 3.0541523282700568e-06
556 2.474876677013669e-06
557 2.8623347039786414e-06
558 3.0386552752678436e-06
559 2.7130385744170312e-06
560 2.6604125740076547e-06
561 2.633408391865922e-06
562 2.6428013823763525e-06
563 2.8211859543905096e-06
564 2.5498699866478926e-06
565 3.0777271054143716e-06
566 2.8188665539995255e-06
567 2.6999222953003315e-06
568 3.2593130728080405e-06
569 3.0099614754605302e-06
570 2.3074555169526104e-06
571 2.6481279451669127e-06
572 2.4539805713722236e-06
573 2.221244237968624e-06
574 3.186768720765059e-06
575 1.8653556062628609e-06
576 2.142592512445103e-06
577 2.502735174071193e-06
578 2.6246693155165357e-06
579 2.521754646235312e-06
580 2.381528863295291e-06
581 2.9877601113643286e-06
582 2.045675443485234e-06
583 2.252890688670168e-06
584 3.115298058105726e-06
585 2.7716290732945593e-06
586 3.0804526944387373e-06
587 2.938737714037893e-06
588 2.564963699199756e-06
589 2.26181531188379e-06
590 2.181579301834025e-06
591 2.9080140846302613e-06
592 2.9596962536026378e-06
593 2.2911555135991835e-06
594 2.6119099213442137e-06
595 2.721086289942658e-06
596 2.725082692197763e-06
597 2.7410047088276984e-06
598 3.113269276786742e-06
599 3.024777845043509e-06
600 2.627020886938294e-06
601 3.068751870786815e-06
602 2.6511841909580516e-06
603 2.4407449295068425e-06
604 3.0923925122373253e-06
605 2.363168889565512e-06
606 2.7214406157545225e-06
607 2.3227125188193702e-06
608 1.9550264443158917e-06
609 2.3926855422218712e-06
610 2.929759443366285e-06
611 2.4167871090499745e-06
612 2.8425279142249136e-06
613 2.6738470988101113e-06
614 2.1849336428620783e-06
615 2.656460148574343e-06
616 2.217846692620415e-06
617 2.7074602599538326e-06
618 2.834838698115734e-06
619 2.8567190126824744e-06
620 3.4717107000802267e-06
621 2.858083601450675e-06
622 2.8961448866002144e-06
623 2.6958522935593267e-06
624 2.2587999642495623e-06
625 2.9135095078717193e-06
626 2.8062845688931595e-06
627 3.1659481997654184e-06
628 2.865241279092024e-06
629 2.7675978511190042e-06
630 3.164928858187653e-06
631 2.648327068590998e-06
632 2.7483395105522252e-06
633 3.026577845712516e-06
634 3.3582022809688893e-06
635 2.2485346794433407e-06
636 2.4651796925992264e-06
637 2.1904853325484193e-06
638 2.6545521534066105e-06
639 2.7897091518518144e-06
640 2.3609155491127372e-06
641 2.386372064532969e-06
642 2.7808964166314906e-06
643 2.4985563656049104e-06
644 2.9002326258084085e-06
645 2.418419325740874e-06
646 2.403805147346098e-06
647 2.4173696588413237e-06
648 2.8418057412993334e-06
649 2.880216245720079e-06
650 2.5564394793978924e-06
651 2.7101610920576434e-06
652 2.1967107776800553e-06
653 2.764051085473214e-06
654 3.0433287484470007e-06
655 2.6986656968638065e-06
656 3.0290427563787023e-06
657 2.8430122230720445e-06
658 2.2811569009615787e-06
659 2.6431723858946125e-06
660 2.0696800829133533e-06
661 2.5128006288820023e-06
662 2.450970722372608e-06
663 2.69068682961386e-06
664 2.7426885708262652e-06
665 2.5046016134594874e-06
666 2.740745583768707e-06
667 2.6766834511365145e-06
668 2.739360809831522e-06
669 2.2708078711960917e-06
670 2.9849568950754052e-06
671 2.9876762782400664e-06
672 2.598648050276016e-06
673 2.3258886601362664e-06
674 3.1718563239465086e-06
675 2.5461471839315607e-06
676 2.6033266598862213e-06
677 2.825405982115678e-06
678 2.72234237569327e-06
679 2.4455170307978405e-06
680 2.6821791371063924e-06
681 2.5710579188398906e-06
682 2.2265802269757646e-06
683 3.0270645829068134e-06
684 2.531957122262144e-06
685 2.2641586304606893e-06
686 2.685061227855863e-06
687 2.6770098874295346e-06
688 2.7626825548489856e-06
689 2.3631100410433666e-06
690 2.748256248797365e-06
691 2.626442248744359e-06
692 2.4940703738184722e-06
693 2.698197494729088e-06
694 1.977557860731537e-06
695 2.7211397475335206e-06
696 2.0632832890994773e-06
697 2.1699214008523196e-06
698 2.4890002899382655e-06
699 2.2687081220698806e-06
700 2.8463813686576276e-06
701 2.5263468254927476e-06
702 2.3217795383416614e-06
703 2.6201120260712655e-06
704 2.601485437891392e-06
705 2.6000664238004374e-06
706 3.0116671092262394e-06
707 2.6535833775319808e-06
708 2.593823351851675e-06
709 2.685258881658634e-06
710 3.051165957222499e-06
711 2.685853900055121e-06
712 2.11056197969895e-06
713 2.355394099520332e-06
714 2.87774742399431e-06
715 2.5803489746491475e-06
716 3.2954942818310384e-06
717 2.54657481567963e-06
718 2.2633425086885163e-06
719 2.5044653958196944e-06
720 2.5302274540840424e-06
721 2.7784150088933192e-06
722 2.5506575102179266e-06
723 2.6472800442213044e-06
724 2.2604301492867473e-06
725 2.887997371952281e-06
726 2.0542834132080083e-06
727 2.2007941720673753e-06
728 2.4377940522851056e-06
729 2.4029416643529187e-06
730 2.3930045129285604e-06
731 2.036739310420837e-06
732 2.746152317978313e-06
733 2.784760376256263e-06
734 3.1639853155651657e-06
735 2.6683332806459697e-06
736 2.5149858968581114e-06
737 2.836834420705081e-06
738 2.5098279923425363e-06
739 2.1711097286070833e-06
740 2.8253832593427434e-06
741 1.9908024586527836e-06
742 2.798931891061739e-06
743 2.44686409385143e-06
744 2.3051136288343483e-06
745 2.2321283243851633e-06
746 2.3477040902825734e-06
747 1.9512923623723132e-06
748 2.7705052444786134e-06
749 2.7310088672255592e-06
750 2.18184589004879e-06
751 2.4158200253379707e-06
752 2.2435636553136355e-06
753 2.2068282818682572e-06
754 2.4707074085115784e-06
755 2.3170319128561175e-06
756 2.633094437087994e-06
757 2.0441208882455854e-06
758 3.178615238288788e-06
759 2.4410681937157144e-06
760 2.93479678473711e-06
761 2.3184586108314445e-06
762 2.476268526887514e-06
763 2.944446897570251e-06
764 2.9930946862904313e-06
765 3.030180224827442e-06
766 2.921209812795167e-06
767 2.680557310244751e-06
768 2.4998695349109147e-06
769 2.044233258801738e-06
770 2.845689787054778e-06
771 3.0358176843314143e-06
772 2.3134102294085027e-06
773 2.508576989719245e-06
774 2.979756510075416e-06
775 2.8846997953652994e-06
776 2.47812785888187e-06
777 2.8765203988326143e-06
778 2.3853024804204163e-06
779 2.1113699838778902e-06
780 2.351578188394825e-06
781 2.700852478511861e-06
782 2.4540251358752793e-06
783 2.4849497873190743e-06
784 2.3319926562831224e-06
785 2.637851369226542e-06
786 2.635283385479993e-06
787 2.6202301312200618e-06
788 2.7439934327002424e-06
789 2.7901142860996955e-06
790 3.041797661892467e-06
791 2.3682038452431043e-06
792 2.628997167225588e-06
793 2.382525971807338e-06
794 3.023948017211745e-06
795 3.037814693672287e-06
796 2.4902535292697897e-06
797 2.88476334249859e-06
798 2.8091110464810744e-06
799 2.6616347654445355e-06
800 2.46178120714162e-06
801 2.6051649995859675e-06
802 2.8978136825854072e-06
803 2.438446809351763e-06
804 2.7740226432964345e-06
805 2.928988462603944e-06
806 3.214643576901318e-06
807 2.3937918706013013e-06
808 2.315104716635316e-06
809 2.7384064718669033e-06
810 2.451154920059449e-06
811 2.7079666498250937e-06
812 2.586152752380256e-06
813 2.555577633841202e-06
814 2.5431771023751333e-06
815 3.0677657987644687e-06
816 2.5106116364659228e-06
817 3.064436269482642e-06
818 2.2035082437427442e-06
819 2.590759270307647e-06
820 2.4527611440501606e-06
821 2.4911968700736303e-06
822 2.73104073581729e-06
823 2.460921854916215e-06
824 2.8420166562664235e-06
825 3.171343816972781e-06
826 2.3217620079735486e-06
827 2.6185538638589937e-06
828 2.1253810995701495e-06
829 2.066843564055699e-06
830 2.6469740206924757e-06
831 2.832274545881514e-06
832 2.2466032033865423e-06
833 3.079449086163371e-06
834 2.157391644340361e-06
835 2.7041145062554333e-06
836 1.9468495439113685e-06
837 3.0071504539348626e-06
838 2.464918413120629e-06
839 3.116199576265899e-06
840 3.058047200555076e-06
841 3.0261089695372907e-06
842 3.3723281059564896e-06
843 2.907081438903234e-06
844 2.708700410931724e-06
845 2.490657073156279e-06
846 3.0587229071002555e-06
847 2.5690887633214766e-06
848 2.0680999707309905e-06
849 2.180084079160394e-06
850 3.7941680286149693e-06
851 2.733100669116521e-06
852 2.8611069732647874e-06
853 2.4287107481565945e-06
854 2.669216689285029e-06
855 2.01785030330113e-06
856 2.4413782639101306e-06
857 2.518204675276298e-06
858 2.5428342107275664e-06
859 2.4439973914358393e-06
860 2.6554417155230884e-06
861 3.0324317170505566e-06
862 2.873881495847632e-06
863 2.887017434654287e-06
864 1.97716366823691e-06
865 2.962213876355749e-06
866 2.474413504122367e-06
867 2.4671509067288527e-06
868 2.9542789170376158e-06
869 3.0565935924504197e-06
870 2.4829840534691e-06
871 2.200499138344439e-06
872 3.3035446298933976e-06
873 2.6174155817678424e-06
874 2.0446456471325386e-06
875 2.6246102928819213e-06
876 1.7907824159136488e-06
877 3.1955403391446635e-06
878 2.991648169379461e-06
879 2.529814271432848e-06
880 2.7695395708988943e-06
881 2.2914341906136567e-06
882 2.803717160388998e-06
883 2.843834257298597e-06
884 2.470549766066907e-06
885 3.0780960439435214e-06
886 2.5462800799398516e-06
887 2.4821026837459595e-06
888 2.5700481780949723e-06
889 2.37525601431229e-06
890 2.51851405034577e-06
891 2.892407792597796e-06
892 2.4415085505406236e-06
893 2.4033967612352026e-06
894 2.695958419622684e-06
895 2.342868881680301e-06
896 2.808701181060484e-06
897 2.620558955729561e-06
898 2.8525206521839664e-06
899 2.5169684510882395e-06
900 2.9400404472382836e-06
901 2.4382715138516954e-06
902 2.0444935893428747e-06
903 2.7613185984587624e-06
904 2.970339566173052e-06
905 2.236934573855241e-06
906 2.6921529001485286e-06
907 2.692270695045982e-06
908 2.5984615117513974e-06
909 2.1436395849582925e-06
910 2.758821775134832e-06
911 2.1163214690961376e-06
912 2.5552861549142356e-06
913 2.9561194554059413e-06
914 3.0726132766437157e-06
915 2.922886691926279e-06
916 2.653125294897133e-06
917 3.14453188156075e-06
918 2.9800713783242207e-06
919 3.256280087510841e-06
920 2.776330051613926e-06
921 2.113666189886019e-06
922 2.8736773325081525e-06
923 2.6628350579894905e-06
924 2.4381737153474477e-06
925 2.3783739959434924e-06
926 2.7228013730234723e-06
927 2.789736157844412e-06
928 2.2889938137476975e-06
929 2.2691998927769645e-06
930 2.3849372670004587e-06
931 3.064885472469466e-06
932 2.7336105898932913e-06
933 2.378846502670778e-06
934 2.453077762451926e-06
935 2.5639543092780908e-06
936 2.7622594142819313e-06
937 2.885371654903132e-06
938 2.2879199588751705e-06
939 2.766205694917252e-06
940 2.3776419782698972e-06
941 2.3450341790716577e-06
942 2.311136719770966e-06
943 2.7359045935229234e-06
944 2.813342033250597e-06
945 3.022027503277841e-06
946 2.8853571410177375e-06
947 2.3676855778037863e-06
948 2.506956673818765e-06
949 2.835844608003862e-06
950 2.769869902795888e-06
951 2.8819310430052795e-06
952 2.443052163929689e-06
953 2.178492777765829e-06
954 2.8445461641176705e-06
955 2.292284134662579e-06
956 2.556744949579509e-06
957 2.647443205058822e-06
958 2.439306593125417e-06
959 2.5661352819745168e-06
960 2.9814500568656967e-06
961 2.7492269302144555e-06
962 2.8370638592694744e-06
963 2.47306066619285e-06
964 2.616798512443857e-06
965 2.2380471403434417e-06
966 2.6922316573746856e-06
967 2.8958213622729467e-06
968 2.3797491432637368e-06
969 2.625639883235155e-06
970 2.942776043616909e-06
971 2.234157984591573e-06
972 2.425687964272288e-06
973 1.7794378082616114e-06
974 2.9224245221244397e-06
975 2.586068958465885e-06
976 2.862337461100512e-06
977 2.801851629277036e-06
978 2.5661271279543157e-06
979 2.6588439180813585e-06
980 2.356373097672354e-06
981 2.594818820367121e-06
982 2.7528611692422743e-06
983 3.0428163550120927e-06
984 2.4534046268446313e-06
985 2.6234364963319183e-06
986 2.0193567540480193e-06
987 2.7523403768891045e-06
988 1.7420811816325928e-06
989 2.7950714145890055e-06
990 2.8299206715868455e-06
991 2.804065294887979e-06
992 2.735172676170853e-06
993 3.1297976597720334e-06
994 2.4571257911206533e-06
995 2.494652545103718e-06
996 2.6491173761185657e-06
997 2.708529477408414e-06
998 2.73451003634663e-06
999 2.5869600451035406e-06
